Polarization,Loss
0.0061116718975604,8.673977008719979e-07
0.0045798930889809,2.4453707426373087e-07
0.0026802779096925,3.879242025864012e-06
0.0085049091698128,7.41427860562821e-06
0.0102366443248562,3.8185530188088834e-05
0.0069534137733921,1.8442347692817196e-05
0.0089985025070345,2.160670912116856e-05
0.005375181312569,4.581320490912792e-07
0.0145673204064367,6.564908843258144e-05
0.0090185547518124,8.635390239850728e-06
0.0160761682415585,6.991635572909099e-05
0.0187131827075446,7.784906791290116e-06
0.0183154125877018,0.00010984691895854284
0.0150772951824052,3.5501655413582e-05
0.0196276556058782,6.984624078913838e-05
0.0081856231706252,1.1834593691007616e-05
0.007333325865408,7.346954021300085e-06
0.0196571036621741,9.625399052180279e-05
0.0105023216198093,3.7854085954539005e-05
0.0143685648320675,3.16136960211679e-05
0.0084790705184691,5.808790642506418e-06
0.0023751124816942,4.2942587061349845e-07
0.0024654430952343,9.464573281001439e-07
0.0089741721828455,1.576957493551011e-05
0.0019171600612106,1.3753236343283512e-06
0.0176235481113482,0.00010946112652623331
0.0166317356167585,0.0001387752668367333
0.0191887265756515,6.933450193961699e-07
0.0110398800844105,3.68271581760236e-05
0.0184857263428932,0.00011797886266063096
0.0139072397616927,7.580183349951095e-05
0.0103804194799228,3.074879770572849e-05
0.0097746411432012,3.4436314902014174e-05
0.0147540528432035,3.9764034695254096e-05
0.00534497155713,3.1633195703136867e-06
0.0095449959198442,3.7692815857340925e-05
0.0023765335690083,1.0761997118516881e-06
0.0011022880005223,3.0258047442632864e-06
0.0166911775195998,3.509154522049568e-05
0.0099630818440557,3.2848950030338257e-06
0.0188704321364983,3.9325210232882034e-05
0.0092538491991581,5.199124304560798e-05
0.0012157920602574,1.4214962073625885e-06
0.0189769461141113,1.566377054416478e-05
0.0183469646296691,1.2176474871216156e-05
0.0126512975716903,6.661613937301565e-05
0.019438106657925,6.896443736605491e-06
1.97213176187816e-06,1.3971148839287299e-05
0.0020715452802604,7.713773503051753e-07
0.0187385209124191,9.928469405459204e-05
0.0131968922236047,7.38797989159658e-05
0.0186647090713439,1.6409300422613962e-05
0.009239216429215,2.2217859368948925e-05
0.0012066489269041,5.197242682287303e-06
0.0038498542099012,2.692857113765789e-06
0.0137936424141059,4.879246446706699e-05
0.0011988312240886,5.192248867888074e-06
0.0003719884227159,5.5855243948549895e-06
0.0181714071864008,7.984007834920055e-05
0.012394473464219,9.435299604991763e-06
0.0011500082353203,1.313524378384943e-05
0.0100512856189724,1.4710342184172195e-05
0.0153229714550284,5.079492682299361e-06
0.0189496577063584,0.00014323413593772457
0.0019802034092296,2.9498188760749e-06
0.0066480443555756,4.3576259790352145e-06
0.0117788621430113,4.4010588196120574e-05
0.0157302395611481,4.95893992729384e-05
0.0027364446009214,2.6756011111226874e-07
0.002214617665919,4.201798007495045e-06
0.0045740588580954,5.514395727353855e-07
0.0153524033568346,4.570281116971264e-05
0.0118257028504433,9.929066649125261e-06
0.0141250229554246,1.5377507416329195e-05
0.0171483483888347,4.129601254443642e-05
0.0198277301516562,7.085720423226078e-06
0.0109662779305819,1.852772274445749e-05
0.0158336390768815,5.684570363500466e-05
0.0133817782495308,2.116337252759716e-05
0.0034616128439873,7.755333531733659e-07
0.0130899038114885,2.629216349889079e-05
0.0087523236837656,1.0550339213945077e-05
0.0143578005755027,4.6530843615403374e-05
0.0013474090900674,6.8377848615280785e-06
0.0063667210788219,1.6462245091775347e-07
0.0113410009669871,5.430798177657103e-05
0.0049522405356172,5.878311624208557e-06
0.0078423578669678,1.66005414789937e-05
0.0033989459562374,6.2749517458843336e-06
0.0057225540104794,1.2519535792596098e-06
0.0014806918100371,3.602039110716394e-07
0.0111331827272804,1.740045196361669e-05
0.0020800547469315,1.75910983566025e-06
0.0001049337677205,1.1257639877900472e-05
0.0039043921189583,3.821881543620037e-07
0.0122170954061105,3.783597932822589e-05
0.0153802377424826,9.48558380996658e-05
0.01986573514497,0.00011807621069775323
0.0058499075116387,2.359051160335331e-06
0.0082697489228081,5.432586740796491e-06
0.0009215642320458,2.846972995780397e-06
0.0170268247335599,3.849711114564279e-05
0.0080303109838123,1.1590098508035236e-05
0.0074072011480472,1.873321897137312e-05
0.013176244121726,3.130149670615686e-05
0.0167728470442597,4.547580199943618e-05
0.0103513555885185,1.751344468917168e-05
0.0141525688856951,5.192043034543509e-05
0.0107376500992,8.055394878242518e-06
0.0141050609267591,5.582720635229249e-05
0.0197251058596582,0.00019964629801927098
0.002672323426527,3.764253444403478e-07
0.0190474478809266,0.0001278479252146063
0.0112269746615908,4.855400678769441e-05
0.015734941611448,0.00010623238536247512
0.0150242695060828,4.234966080159822e-05
0.018870866927498,1.0977131712308529e-05
0.0111109967257901,4.5367221862976673e-07
0.0099887004915193,1.0918659305430246e-05
0.0147648361923425,1.4731445197812143e-05
0.0054810272908441,4.233032958019441e-06
0.0087541849590904,2.8261378318862775e-05
0.0149471732745729,5.358741005261431e-05
0.0108667978152413,4.019777460564148e-05
0.0026806936962503,4.210846900545766e-08
0.0131452441472694,3.668638254032612e-05
0.0083838921803054,1.0247981693413494e-05
0.0064836293229198,1.1030084262267556e-07
0.0097971695003048,1.8069537411328884e-05
0.0079490251474261,1.4098844480085432e-05
0.0015131514870399,7.017543288623062e-06
0.0024289816796376,4.9602099337533985e-08
0.0039863331366547,1.0769190114703582e-07
0.0146849900568495,3.930381177456142e-05
0.0185707305078823,9.405909520291248e-05
0.0151913013974041,8.386313956349448e-05
0.0080422982020005,1.714083221280127e-05
0.0128203381883401,3.154465751537488e-05
0.0081687250461061,9.83248011498023e-06
0.0179961821590203,6.778144586754514e-05
0.0128589396355952,5.9939459488232886e-05
0.0064602835097697,4.631335264587581e-06
2.691278689002097e-06,7.352275461339243e-06
0.0159677382363926,8.540092099713652e-05
0.0069548133759455,7.746436850464296e-06
0.0103237483805781,3.220548827564546e-05
0.0010989051338914,4.758981087988658e-06
0.0178375081134964,8.184117452070898e-06
0.006892416859221,6.171313546225698e-06
0.0076909056221422,3.128969503603963e-07
0.0082898140310183,1.0199185947066928e-05
0.0085142506332204,1.1863132179362561e-05
0.0017827929041959,3.7813689889013172e-06
0.0013092148304617,3.0776599783102615e-06
0.0183668802493381,9.893896595574099e-05
0.0184873879310485,5.572917173823397e-05
0.0140928070008291,3.410399055647112e-05
0.0173809060080131,7.144370065683024e-05
0.0196446587436496,0.00013539954870264937
0.0135403693769721,1.9489057073327207e-05
0.0031043859658541,1.0464334460565447e-07
0.0082872974865226,9.96344728264819e-06
0.0042861841274978,4.376758099414501e-08
0.0127722726408133,3.8138177003768244e-05
0.0105494978185333,1.7976223441939303e-05
0.0169666980866581,9.41585278871521e-05
0.010852808704453,2.0734521010236512e-05
0.0145035851530532,4.274125404503274e-05
0.0185661942895008,8.230989500214812e-05
0.0123227735646081,2.096542479392956e-05
0.0026098329811394,2.0719828037525488e-06
0.0009915390493288,2.287038028638822e-06
0.0123285266151329,2.058890311072641e-05
0.01002630151775,3.650811816014493e-05
0.0198262731667938,0.00012134935833944147
0.0116972845827704,2.363626777766789e-05
0.0142103386380595,4.622504300440512e-05
0.0166487192595885,8.707480397899541e-05
0.0116435028271088,1.0573326817845939e-05
0.0198210705770699,6.913498461110945e-05
0.0002169864905563,7.281684700141414e-06
0.0187430957328466,8.55510587684647e-05
0.003420111997838,2.659636337989053e-06
0.0149605914540245,5.144298640035536e-05
0.0014270035714255,9.642414358898173e-06
0.0159715795965668,9.410691778639984e-05
0.0080979125076228,1.1612884763100456e-05
0.0052550569157529,1.6026469364020706e-06
0.0112371077153347,5.773427658694718e-05
0.006352617880473,9.264430125998813e-06
0.0051263852790034,2.604782484469672e-06
0.0062695513394873,7.3067571287915945e-09
0.0141137528037619,4.056127831980537e-05
0.0135024537716006,4.621832391874647e-05
0.0070279706250217,1.695960896729605e-05
0.0120533803608256,2.003373153206376e-05
0.0095781369827422,1.3894257120733048e-05
0.0055898741189507,7.868286583471194e-06
0.0180473274613386,0.00014661085399274022
0.0112770198429066,4.9222298623507904e-05
0.0199242834297031,0.00013881449828985487
0.01205802938349,2.9527990534539066e-05
0.0057541260436149,1.6471013064378654e-07
0.0108274910872735,3.971616719406583e-05
0.0089822268658112,2.282551711285451e-05
0.0130477273281114,2.7232935019646062e-05
0.0159833675070785,3.0525075488995626e-05
0.0124253337577598,3.6159746901475486e-05
0.011480347487534,4.034890004721015e-05
0.0173540929252065,3.017353553219625e-05
0.0099969240782729,1.0606610488339693e-05
0.0075315698767784,1.4321773364026087e-05
0.0133944831850086,1.6188713961632567e-05
0.0119669505463852,1.0421930372627921e-05
0.0108939085958804,4.861225517759538e-05
0.0026528806207729,1.4391587602042836e-11
0.0103113854250373,2.917923908334557e-05
0.0194588229154732,4.2266493473227096e-05
0.0053202975119424,2.486897711732789e-06
0.0060385114192807,6.154894497521951e-06
0.0112047524544829,5.0353544515170174e-05
0.0023066067252281,1.0573054498330042e-06
0.0078026166529786,8.12405694932697e-09
0.0195445055343211,4.83452984331762e-05
0.0034705627034775,1.3594025868888814e-06
0.0133519284519537,2.5853406542138625e-05
0.0050919305029416,6.27072930391232e-08
0.0160199103517234,7.706024170481283e-05
0.0158777448557643,6.747799508986941e-05
0.0042805433292465,2.0086725885920956e-08
0.0128902299739319,5.5166886684275347e-05
0.0144096218897034,4.833850152924897e-05
0.0095128540678631,8.732840664994281e-06
0.0189442671300177,6.286430056402254e-05
0.0131909402149917,1.1466247267436115e-05
0.0062978143945672,6.753632984608623e-06
0.0106275489539523,3.2247195813627674e-05
0.0122375669779753,2.4101393388924217e-05
0.0191772496268686,1.6474905879871087e-05
0.0150118299719235,4.646638063911472e-05
0.010699830423273,2.3049671987448738e-05
0.017576076963479,3.4073199168269466e-05
0.0062886696388649,7.15575013167528e-07
0.0158006718964893,8.192501829370551e-05
0.0169674856392577,3.261824876443883e-05
0.0091054358466713,1.5221521066833853e-05
0.0195511384779725,0.00014022206586710397
0.0075970484962094,1.6806674172886006e-05
0.0101273221165997,2.924264676542055e-05
0.0074422541971697,1.687068448349534e-05
0.0062525444738808,1.842604967621555e-08
0.0195784297180559,0.00010785186151116763
0.0160708921892158,5.885569453717367e-05
0.0050417587994455,2.814281625749617e-06
0.0103229075069887,3.124502056114365e-05
0.0179028627538056,4.4999967286175535e-05
0.0181420642947006,7.24792253653473e-05
0.0074137573604375,4.535034421281915e-07
0.0053597183569285,7.063193343820167e-07
0.0126746271132058,3.2592018109252036e-05
0.0062443402630345,9.522779115211639e-09
0.0017367015359449,1.3734817220891404e-05
0.0169193780655389,9.300041685920919e-05
0.0037839190494268,1.300283678035855e-07
0.0140966701766144,5.961091763495853e-05
0.0085651591444326,5.393886058798601e-06
0.0070120396479049,5.129062804072004e-06
0.0007836784110889,1.890036053936904e-05
0.0011733124717016,2.8779276221029726e-06
0.0197553080792027,0.00011868930290391702
0.0122535563920548,5.389695069196838e-05
0.0190787084415344,7.409743280434054e-05
0.0091007540604369,1.2175434936142528e-05
0.0192663545823445,0.0001269028491877288
0.0189621678110199,8.26116853099134e-05
0.0031015849028437,8.9207130653856e-07
0.0017260657238126,5.269474964749058e-06
0.0123361104790469,3.0432573673235353e-05
0.0058916845135655,8.156498884407744e-06
0.0018043450332655,6.283113672311113e-06
0.0009567159508875,4.2818660981376785e-06
0.013839645323615,4.321407516084631e-05
0.0192116060716838,4.895962651863658e-08
0.0035014628862493,2.342631389050305e-09
0.0129149826778791,2.5854174137179835e-05
0.0085803290608353,7.100669955960828e-06
0.0139208365021127,4.7581386086506736e-05
0.006705751484755,9.58095855555204e-06
0.0053777599098665,1.1907319853665878e-06
0.0049429583211769,6.002591196597643e-07
0.0125677546080003,4.862041085847382e-05
0.0092135803596299,1.601382966225368e-05
0.006095422824727,1.2547747799093616e-07
0.006289352370931,6.756451576858444e-06
0.0007635844434858,2.760645403462967e-06
0.0095297981165809,3.434419239185713e-05
0.0110965110946303,4.751210307422261e-05
0.017778223902578,8.981491108391293e-05
0.0043929887835276,2.085332370016448e-11
0.0004214618341421,3.1193982625503745e-06
0.0178175840936974,5.196760554907912e-05
0.0133805711211988,3.709347286244074e-05
0.0186867629564136,4.677273127133167e-05
0.009203994831309,1.6840589692025263e-05
0.0178644156145558,5.464700146909873e-05
0.0159205783244224,9.65839396404287e-05
0.0162594067712307,0.00010937879467475915
0.0099977047275122,2.669345138761588e-07
0.0045911574024748,6.356328884615941e-07
0.004495519748844,8.61640366140398e-08
0.0013154724703145,1.756636468623407e-06
0.0037484024499444,4.361289062869971e-08
0.0148818979201864,2.1176324024279032e-05
0.0172443299923622,8.990418000890241e-05
0.0039165516765936,5.377684485623072e-07
0.0028751342455079,3.15830607189263e-07
0.0191473771936756,0.00012057787643176697
0.0011415289201787,3.141700196922284e-06
0.0029472305911008,1.8111592276486323e-07
0.0085915692405377,1.1510500757386742e-05
0.0108622451621943,5.5883359853004996e-08
0.0123193283821889,2.22567708341511e-05
0.0026732644277634,3.1476813889940373e-09
0.0009239328792217,7.3676795163928314e-06
0.0149053953296683,5.744172217320915e-05
0.0066043129970829,6.4076868840483915e-09
0.0110361947833308,2.2524827349611767e-05
0.006931644824135,7.774082626591953e-06
0.0198508212509915,8.309322818082966e-06
0.0115160578596221,5.435548481028978e-05
0.00383868520936,5.365916165635465e-08
0.0127318089227909,2.9198449250763578e-05
0.0042175908115092,2.5141923827030537e-07
0.0141652982822183,4.25320444319728e-05
0.0025277810969677,2.0365566142176206e-06
0.0146179994453693,4.5455028774740455e-05
0.0008228061845433,4.862233910268189e-06
0.0006870143063904,1.1815788291188386e-05
0.0117873357075609,3.9749374379300566e-05
0.0053192749262737,4.160412233293616e-06
0.0019101654785249,2.5126062850615222e-06
0.0130573144985022,8.793619154522603e-05
0.0110573490229615,2.6248165879060687e-05
0.0174828621537685,4.2496685232347976e-05
0.0157607834121109,0.00010441207036292152
0.0181377570586943,2.683450051177581e-05
0.0178445846256526,2.9854129512112654e-08
0.0133251829437928,1.7480906420836116e-05
0.0178451164406559,3.54243255376508e-05
0.0073195093691814,4.854713436252378e-06
0.019055035780298,9.653897851783549e-05
0.0061454148587089,9.964992399398144e-06
0.0110630503958906,3.869025101331895e-05
0.0126732548473008,2.213426883385182e-05
0.0030235043753702,5.741281496359835e-10
0.0118675265948046,2.1630544243294743e-05
0.0176178943479702,4.05658614297723e-05
0.0182208505044584,4.737878241311387e-05
0.0110900166824911,2.9751458104634447e-05
0.0075691998576625,6.866036807893917e-06
0.0114699951169437,3.7954714746711886e-05
0.009518280139354,4.696054272168664e-06
0.0009034022529229,2.435494029914334e-05
0.0018557500053622,6.523132205343606e-07
0.0062936085821474,8.451261014945735e-06
0.0016384354626622,3.4574576133879904e-06
0.0187712571631374,8.314672095355633e-05
0.0011969714482518,6.790932627652383e-06
0.0094028226097681,2.4339161374484757e-05
0.0071917040323919,3.964190156869858e-06
0.0176197422816479,8.276728484791273e-05
0.0004286827176453,8.77088231902293e-06
0.0053988306555959,7.146207553061862e-07
0.0144023763889712,4.889994304518513e-05
0.0072309475218013,3.147746106487856e-06
0.0086340760956695,1.2384902287390304e-05
0.0145961333251216,6.535123540639424e-05
0.0070891375472944,1.2150121401351742e-05
0.00839533163304,4.912756435892235e-06
0.0120507968617934,4.5371904043881825e-05
0.0191391536001029,0.00015509671152769646
0.0002121442934768,2.080884420390341e-06
0.0081782469083114,1.3272658818951294e-05
0.009541745748424,1.3015449600760567e-05
0.0077101950407837,1.2632014546696017e-05
0.0154209075432022,8.01476099977423e-05
0.0167942914293753,0.00011717487590306378
0.0003377040524409,7.549029396709436e-06
0.0026671826398382,2.4066956898585087e-06
0.0196426814073446,6.207297326102461e-07
0.0182537257037038,0.00014484074034741863
0.0128074013568188,5.2250292906879906e-05
0.0148864602732641,9.579020495104205e-05
0.0058494998145503,2.7769970854197065e-07
0.0195914866676754,0.00014706508967675408
0.0015693177952981,5.01855305555297e-06
0.0048663058595002,2.680046270441478e-08
0.0141207743271538,4.652070502042628e-05
0.0054909648853673,1.667605621694813e-06
0.0130376610001577,5.771065586433103e-05
0.0062726474991049,4.703367033906473e-06
0.0075286321928087,1.1078057322925176e-05
0.0127650898546791,1.9886635219730615e-05
0.006653468955683,1.14131115508967e-05
0.0152823617474318,8.853969425808025e-05
0.0013680884283486,1.953817929134879e-06
0.0072786081663798,5.03882541734063e-06
0.0029826262803712,9.218347374951096e-07
0.0027263488474531,3.83120865542387e-06
0.0024705702904168,9.884558226464612e-07
0.0139508874113233,3.721438783441719e-05
0.0064649389454434,8.148169179815751e-06
0.0163441775559662,3.892911619384736e-05
0.0009626023264021,2.2634755472918142e-06
0.0122431404753703,4.423815005638482e-05
0.0107863480268541,2.2797354701458088e-05
0.015762973124658,9.486425549933392e-05
0.0154717906906858,8.631920204246515e-05
0.0199962807928685,5.893794527090685e-05
0.0131596392102636,6.150158168136241e-05
0.0008337642245564,5.76632662269924e-06
0.011392725638958,1.5129261972785492e-05
0.0020468720226671,8.467680978507774e-06
0.0128986117908135,4.913161015692771e-05
0.0166523480072369,0.00010133352133445182
0.0050318930949409,2.498739445388114e-06
0.0087274010930607,1.9865444732968107e-05
0.0028678178246083,9.46253794082071e-07
0.0128686594721503,2.5790552506183978e-05
0.0121040919185598,3.998693858941892e-05
0.0074423345135694,1.6220939213934226e-05
0.0081501260913341,1.7259427984947597e-05
0.0060004987619528,4.267491644657947e-06
0.0055410463910676,9.41876249072148e-07
0.009189331897626,1.2514616504545801e-05
0.0185982917138785,3.4791319295136833e-07
0.0052262221405833,4.80127834793186e-06
0.0069458949970406,4.630594786909517e-08
0.0197604421833009,0.00015164858564254671
0.0056579190780593,1.784182555538652e-06
0.0164710421696487,0.00010925386936800747
0.0049213658253158,3.2662978400870925e-06
0.0045392707761112,7.645937095354259e-07
0.0142208112400604,6.806578472347696e-05
7.943238888057147e-05,6.8080969514086465e-06
0.0029885018024293,1.5010731426803446e-06
0.0125463880349457,3.927097076237045e-05
0.009466330800428,2.665197636084647e-10
0.01511770793585,7.560486539427838e-05
0.0011094655764805,9.804130626903164e-06
0.0059550388825774,4.041739049025263e-06
0.0113836737999687,4.2031165857644524e-05
0.000422267665634,6.674676980288794e-06
0.0099701255586976,1.7102402537423245e-05
0.0023691733869061,3.141306569268249e-07
0.015028573258008,6.856742812147925e-05
0.0078244355154251,5.418067272034841e-06
0.0148533323678611,5.3263527612654705e-05
0.0186635453187008,0.0001277387427581349
0.002283393440153,1.395677621262685e-06
0.0081564058723653,1.7765356139062238e-05
0.0195672347782779,7.865524791130935e-05
0.0002561198739772,6.891203635508655e-06
0.016037632275317,2.8426868465207167e-05
0.0060577840425088,1.0940503504573466e-05
0.0183221096438742,9.773577206606416e-05
0.0094663744015196,3.299795302455573e-05
0.0112683070839833,4.382684431228585e-05
0.0055326916552276,4.786413080500051e-06
0.0041681997671105,5.201287358183483e-07
0.0153848362230034,6.946015479973251e-05
0.016388887307767,8.010978402273356e-05
0.0010137539291825,1.4616133770475988e-05
0.0160205470076667,5.4951218940419366e-05
0.0066151192757991,3.005118424290047e-06
0.0141170430138353,5.665976414818519e-05
0.0024261441651888,2.7176970045154064e-06
0.0161152050249201,5.724389090007754e-05
0.0094312377685805,1.312740997765772e-05
0.0145119965466705,3.173271348953439e-05
0.0064687349233859,1.5768786848704838e-06
0.0037671481829443,1.4786250986354768e-07
0.0190854874082164,0.00014218908440389482
0.0111325429143077,4.0255273443219104e-05
0.0131066225816037,2.1795676022374616e-05
0.0188315980031908,0.00013549942300184812
0.0146532758798654,6.502004686388327e-05
0.0178749851401563,0.00010210976424497731
0.0167399051579135,6.941912664518678e-05
0.0077024154311599,2.3791348155368863e-06
0.0029537861146982,5.886059605517945e-07
0.0072254472204845,7.198154492503931e-06
0.0098980811049477,2.3966768814892354e-06
0.0143564089265879,4.8629183948473266e-05
0.0054577076980341,1.3212994887333518e-06
0.0128701830966742,2.0219783333490427e-05
0.0180099093813323,7.327371058526497e-05
0.0030651731709293,1.0668233638970161e-07
0.0017932731889715,6.188805987213601e-07
0.0111881532911872,1.9650643615860125e-05
0.0142946776919177,6.507561756049555e-05
0.0107196451435591,5.988588094965409e-05
0.017111554056018,0.00011483105675400502
0.0062075171625451,3.0543029899925886e-06
0.0166291941745792,3.8053768504289065e-05
0.0051133147583393,1.4602164394634066e-07
0.0158017986631172,8.12166615941735e-06
0.0161380036076021,1.0662964141723285e-05
0.0152470516612987,4.2102399648504006e-05
0.0032854729042963,1.585092296483338e-07
0.0144999351574348,3.9189314127194424e-05
0.0192851001220871,6.956415616167174e-05
0.0142776788695824,7.867266180509144e-05
0.0060238437498025,4.428345240587986e-06
0.0089389720215386,2.14540945955496e-06
0.0168288179462254,5.694474263371837e-05
0.0082343971010798,4.8998916233369235e-06
0.016220113685916,9.016731415528912e-05
0.0022348929430623,5.010246007444988e-06
0.0153854926815493,5.339001976980354e-06
0.0113108504047812,1.3953306638936289e-05
0.0037524999525174,9.2742354720784e-08
0.0191492143342335,9.069111099583621e-05
0.0153817237565478,6.0550896071002644e-05
0.0066003072608068,5.8592006509293275e-06
0.010746594111411,2.0689584059121506e-05
0.012532004183157,3.177592511134943e-05
0.0110720380890184,2.5827792940997255e-05
0.0081756399179431,1.2923162278670178e-05
0.0084371403860766,9.539815333687055e-06
0.0053612274806045,1.8813092674349882e-06
0.0039161043017151,2.9071447743098405e-06
0.0162684612199192,8.796814192855568e-05
0.0043647613106138,1.3123639521812464e-07
0.0176037598999953,0.00012438413661909818
0.0134998665814649,2.975883076191192e-05
0.0135950898140271,4.487579687268146e-05
0.0028482793525084,9.147720446921911e-07
0.0145313817043594,5.223727136501149e-05
0.0187840771063508,2.552097746224027e-05
0.0043801170197452,3.200094705927868e-07
0.0153351625189066,6.355761823756423e-05
0.017636315506197,3.284474557635806e-05
0.0197669892412159,0.000184305552755632
0.0065471060564946,5.23454470765065e-06
0.0141467248177255,3.268832841884674e-05
0.003401936863488,7.080891642646552e-08
0.0119568046665934,4.141693980067125e-05
0.0182445851242206,0.0001060419717649603
0.0063875066004332,4.459081712419939e-06
0.007755917172286,1.0572149961607571e-05
0.0192363163296354,6.661313007246747e-05
0.0070649160894188,8.708836702160181e-06
0.0038304750150251,5.33796616578075e-08
0.0049729219439324,9.741728577661972e-07
0.019564383141108,4.8567216305059135e-05
0.0001140912629301,1.0591869806296859e-05
0.0088813911816049,2.4451959760123508e-05
0.0050792067327766,4.3296141667021555e-06
0.0113253021063683,2.164425450809197e-05
0.012464348078952,4.0387250739012254e-05
0.0047300810300399,2.7953356464495213e-06
0.018462434416268,0.0001194779374491753
0.0109448212910211,2.598759148396247e-05
0.0153009145929122,3.606692984110923e-05
0.0122860021291901,3.770212223906193e-05
0.0125832022614073,1.3286728381323639e-05
0.0176533388818334,3.843884495931076e-05
0.00278803629512,3.9712266594459243e-07
0.0119713906378918,2.0135068371848154e-05
0.0169216375065166,6.860158448109149e-05
0.0172860636122535,3.087667972839173e-05
0.0150834164147658,4.3401448473367424e-05
0.0077545980283529,1.3881994701606132e-05
0.0167774087689759,0.00010452395042707973
0.0152776131009658,6.137024576817811e-05
0.0136708189835772,5.866224945312069e-05
9.342858956006284e-05,1.4342388497524545e-05
0.0162417050119858,5.5455348306306144e-05
0.0167570183360685,9.890560899144998e-05
0.0143652120866949,5.4018148193463696e-05
0.0062693730470964,2.2617050255381803e-07
0.0100703140641727,2.0540678105814247e-05
0.0012853163690298,2.177978420431381e-06
0.0024732264470069,1.1421204873837338e-05
0.0026343986842017,5.650696337495453e-06
0.0108482978777017,3.7164531544210765e-05
0.0080690199275023,4.159278093346159e-06
0.0133912415984632,5.5074128324290145e-06
0.0153950233396027,6.994873506913977e-05
0.0064971447974131,5.515482573109189e-06
0.0132258618200994,2.0124707147693035e-05
0.0196122560377155,0.00010936644422991847
0.0155603998555064,0.00011321318947721441
0.0063108504449064,9.685723981386658e-07
0.0175185252449409,5.3951741463501714e-05
0.0184522974071979,0.00010888083903218982
0.011305122515196,2.1126832603245267e-05
0.0106812231657053,9.897396668416974e-06
0.0102892963199132,3.938547696045986e-05
0.0080541077501503,6.4854486604819835e-06
0.0098548268062667,1.015908078714343e-06
0.0020656924391866,2.73491163411234e-07
0.0166950034372856,7.612380528968547e-05
0.0115661992191086,4.377862151354764e-05
0.0062809811188127,5.071432130400677e-07
0.0045883397163827,1.8390039074932315e-07
0.0009697927560314,6.820315249853604e-07
0.0164835403364659,6.126522986447675e-05
0.01877996547409,0.00010024675027802738
0.0086069551342722,1.8758447305923488e-05
0.0133175644831413,4.3941639843725934e-05
0.0042836899946428,4.381885392163795e-07
0.0161645408007146,8.33783572840328e-05
0.0039878163540532,1.7208345590394523e-06
0.0070604420453015,8.393684775131724e-06
0.0194260701102416,7.202223080754705e-05
0.0189751172470601,0.0001230924215875712
0.0073149202924266,8.117538117371511e-06
0.0121646988028963,4.473675721659087e-05
0.0033654535082519,3.2933036314002723e-10
0.0030507383754098,2.265024201513902e-07
0.001507022714947,2.563461257066423e-06
0.0174844312163971,0.00013163829042152933
0.0143479838644836,4.524035835493632e-05
0.0175753810830007,0.00010840005446292533
0.0183988886262062,0.00013380810520375466
0.0150125421807533,0.00010119773829675929
0.0176647328354692,0.0001152866387097795
0.010258934191898,7.989937657809889e-07
0.0178719024030806,5.8877888484291584e-05
0.0116727079228723,2.6723516843715803e-05
0.0009083302314503,1.0176975976069495e-05
0.0042380859814662,9.605084622186526e-08
0.0171201447606483,5.6686938646111025e-05
0.0086555080674971,1.1980071894135209e-05
0.0168359982435853,4.20440129902644e-05
0.0051103497832704,1.4417882801055784e-07
0.0099160761763796,5.691188340534966e-06
0.0074927104764409,5.491736552659566e-06
0.0041001909440964,1.1604676550321547e-07
0.010798274641849,1.8538871546568254e-05
0.0061359970075215,1.1473966664856903e-09
0.0136400116063403,1.8734569522934435e-05
0.0009471680041501,8.330889367707374e-06
0.0022349844699925,1.6557648852658344e-06
0.0154834659759092,0.00011211835768112505
0.0093980428196972,2.0116850368372552e-05
0.0184761106822301,5.204302330257519e-06
0.0047254326526835,4.225720288623286e-07
0.003041423439558,3.0198823987731464e-08
0.0005489550825286,1.9285732378554942e-06
0.0081367101587316,2.040367340249172e-05
0.0037154091915339,2.0431995215691884e-06
0.0034589059140253,1.384126608291645e-06
0.0117619253773782,1.2288956267339216e-05
0.0190372903977662,0.00015155614217797044
0.0055232354959675,5.689433217003347e-07
0.0035660069303065,3.672786821328811e-09
0.0034501293938439,3.48356759542796e-07
0.0086087235863365,8.646948047997851e-07
0.0006122369363064,4.917016507967744e-06
0.0141212973901448,4.545567211470816e-05
0.0194433848474593,7.886626171424485e-05
0.0069583472096072,6.692889645585486e-07
0.0055422341363924,5.64171776537502e-06
0.008404766094063,2.365175948092275e-05
0.003687411810698,6.96308903124803e-07
0.009407103830269,7.28741474975578e-06
0.0083412036786708,6.588134060117538e-09
0.0190060612763789,4.774983627295992e-05
0.0101484680106994,1.4603934656796626e-05
0.0167843835348191,6.919024107467404e-05
0.0076281086763516,6.713904827470039e-06
0.0104130119801854,4.3321253328031554e-05
0.0014602847154616,6.307940628008723e-08
0.0086982009110339,3.683387908971728e-06
0.0166303366537605,6.594243752127163e-05
0.0083096784065366,1.2107484579744698e-05
0.0002560197686755,5.33897461112467e-06
0.0183673172923639,3.738167086343106e-05
0.0180842229885098,2.5145352229765595e-05
0.0031940555640576,6.727681355498292e-12
0.000451902656281,1.2012081470890226e-05
0.0100524688451786,2.741518439982979e-05
0.0185947226997084,5.546946280854046e-05
0.0118643453845912,2.0468778285821926e-05
3.639895423601214e-05,4.67022224430443e-06
0.0171837253913081,9.167058747686038e-05
0.0183487180525634,0.00010718015225100834
0.0033127692871484,7.956164094898346e-07
0.0045185202441001,1.9143283375247804e-07
0.0046142219716752,1.708404937275602e-06
0.0177540967560846,3.8632080513525316e-05
0.0124707203605823,1.5395255289491015e-05
0.0080733766064713,4.85078371748381e-06
0.0145952208204442,7.195561081023057e-05
0.0011091782104337,6.671396262984427e-06
0.0033123239147435,1.0644936416376977e-07
0.0177352655636416,0.00012306814892924052
0.0079828445581766,1.682216653566859e-05
0.0167046572129071,5.1405270490632314e-05
0.0181315560462622,6.201234222811529e-05
0.0098999986527065,5.895226793273729e-06
0.0193004248625641,0.00013212172109507478
0.0021819897877088,1.3725993892156982e-06
0.0040035339606092,6.258063992823844e-10
0.0124756335335525,3.2850169559734796e-05
0.007566948565253,1.6628661676204673e-05
0.0045628663349225,3.620287288257724e-08
0.0165525455874101,4.587068884525946e-06
0.0135780101969432,3.556261654742401e-05
0.0088711447300056,6.886301102297564e-07
0.0076943515108278,5.538549323707491e-07
0.0068825980935006,4.5151680653941686e-06
0.015383798756092,5.4323537992473485e-06
0.0066894224352401,6.133852696167765e-06
0.0192828762977584,0.0001234165821343561
0.014328933042305,4.817051531697047e-05
0.019412997585051,0.00012938901873745814
0.0006228286894033,7.152238035608799e-06
0.005977067735044,4.0175266659176627e-07
0.0050604814962488,3.2429690433777383e-06
7.28763640941299e-05,7.750467306738863e-06
0.0142364792293574,3.7917878849732846e-05
0.0036509986466019,1.7123840164794597e-07
0.0103532154033027,2.95504183526218e-05
0.0037918908506562,1.5307697042545574e-07
0.0112361597358135,1.5463090776722657e-05
0.0121612187770412,2.436180755693736e-05
0.0128025643271193,6.10058852718975e-05
0.0079058807658209,6.507966597614711e-06
0.017124768074337,2.232119504651783e-06
0.0165935850236872,4.9262483190668124e-05
0.0018141298891883,1.0514284431362496e-06
0.0116847868641931,9.122391718643186e-06
0.0174219534289338,6.602836438620845e-05
0.0003856739470783,4.847563387330314e-06
0.0110786706206444,1.4166747948060669e-05
0.0160784968970333,0.00010453540692405869
0.0152482360319378,6.105452303413976e-05
0.0163726761101684,9.516789494654792e-05
0.0067663903762168,6.678006477719632e-06
0.0090034414401395,1.5234777918351287e-05
0.003627853714099,2.9436696669899038e-08
0.0043049241705919,4.523555318885672e-07
0.0176215757957063,0.00014191731869290781
0.0159968988917894,3.414930097368422e-05
0.0140104827493636,4.49789755666869e-05
0.0075020790281945,1.9704610351588234e-08
0.0034741567890198,1.123373387488317e-06
0.0119819887317717,5.21812983973742e-05
0.0186607269295261,8.411222403008166e-05
0.0157218457193912,6.628984926140503e-05
0.010653238765363,1.3683203988384468e-05
0.004666125478212,5.782432847566565e-07
0.0066757054940803,1.2048911490569952e-05
0.0040963340991722,7.047793836209528e-07
0.007923888713661,2.969568655504854e-05
0.0105893490090894,1.120779316039255e-05
0.0167590802245714,8.466975280203917e-05
0.0174699402762296,9.738374184200369e-05
0.0138813690866254,4.874648572999396e-05
0.0054503170495903,2.7594352241009126e-06
0.016876002320816,8.964861321064458e-05
0.0039505395992257,1.0290635616529198e-08
0.0102666155599297,2.0897746012924616e-05
0.0073590783408829,3.4148090467885664e-06
0.0195280214597747,6.492913910914707e-05
0.0157245211020917,0.00010978536402452261
0.0184272910569835,5.1342923088226254e-06
0.017778160898722,0.00010073516640698538
0.0186599897569004,0.00017396787657070157
0.0196767435102597,6.31491906114743e-09
0.0127932911299039,2.3083937608149377e-05
0.0137418836738756,4.1088519668599944e-05
0.018041217181022,7.08038081354105e-05
0.0048651695662518,2.2026740903817678e-07
0.0177556132870255,8.915339171291593e-05
0.0020854227730317,7.560939521148104e-07
0.0117513798492107,4.147854451261012e-05
0.0142526493027142,4.234977129366472e-05
0.0199315223187371,8.244627091630747e-05
0.0046847741854744,2.441165069426947e-06
0.0019477758809916,2.5182114767513847e-06
0.0077499371426785,6.326414726658535e-06
0.0117484283236019,5.66005823003199e-05
0.0093723230505057,3.363241829801309e-05
0.0160752579507518,3.13353362089621e-06
0.0194628725488592,7.74359222266575e-05
0.0119969698570585,5.700856166147465e-05
0.0029328261197605,2.6147203337204618e-06
0.0046807047050263,5.719441201712983e-07
0.017797628251361,3.633320354310985e-05
0.001337765597152,1.1662039253027799e-05
0.0061698318196992,5.7863530237667255e-06
0.0076785723198876,9.490358507919578e-06
0.0165974130560539,7.19954176867397e-05
0.0168701200203685,5.4410840744780994e-05
0.0026374753575232,1.4077520550824653e-08
0.003228445984635,3.01452866932437e-07
0.0105991863096641,4.575491842085757e-06
0.0199122955750374,6.341553085299711e-05
0.0012109290577653,5.299118869889874e-06
0.0195388180488899,8.093772964786005e-05
0.0017519898618342,2.2645218810737043e-06
0.0151897042791857,5.065694156982251e-05
0.0169927158010957,0.00010306428891007605
0.0057925702070857,1.0043448135206774e-06
0.00463227968153,1.251470844748189e-06
0.0054387692419392,1.649054241401017e-06
0.0124715031566827,2.9338456690540168e-05
0.0198854404579401,3.262299486624739e-05
0.0186297353857007,0.0001390811033507833
0.0189782500888921,0.0001663642016378041
0.0191043185989069,6.345992371130755e-05
0.0103567864020199,3.3890130013562154e-05
0.0061596030228391,4.950158048427427e-06
0.0153507952666651,6.9655912596095e-05
0.0190356797722538,2.8847577165901235e-08
0.003869436418461,1.04507732572527e-06
0.0014740508831634,1.3279518953879478e-06
0.0098379405753906,1.2487804314035865e-05
4.7148019982385934e-05,5.689930785284086e-06
0.0079385088466475,9.92399166826088e-06
0.0170014614053254,6.015932965683506e-05
0.0139338123163263,3.447148215866219e-05
0.0144591219413477,0.00010945193384219156
0.0035891464506435,1.261471208838062e-06
0.0042129864298473,3.365571219951178e-08
0.0178500205558131,5.064924638293681e-07
0.0152090943789694,2.6365274125616323e-05
0.0141517974352815,1.64281950528562e-05
0.00629676274558,7.076768172513108e-06
0.0087070046525834,1.03969590811819e-05
0.0042492425586467,1.6096990296159916e-07
0.0183383721535868,5.689715229560702e-05
0.0002634806847388,2.6253615768132014e-06
0.0008920282184626,6.059405186406793e-06
0.0159300662337292,8.381867145774152e-05
0.0025719891764375,7.716664587209802e-07
0.0111304032124749,3.6742317203983574e-05
0.0018270352568947,5.610877862765539e-07
0.017811013110926,6.982307878260365e-05
0.0185601024564897,2.7961432095937612e-05
0.0032276724614059,1.2383585046687745e-07
0.0161148146252736,9.641240074536913e-06
0.0090100053160754,2.6550605659979138e-05
0.0081008914890823,1.1594469554256267e-05
0.0063011870220278,8.189667068135303e-06
0.0166371051092724,6.936738418824018e-05
0.0057023724112855,6.823737001057535e-07
0.004356354613266,1.9688038161932395e-06
0.0037734732830504,1.5163786039491106e-06
0.0043729368772221,1.5847316327938389e-06
0.0133358727588206,3.7956440217491204e-05
0.0177832388937048,3.3313839798536956e-05
0.0178024745833049,8.802945145295413e-05
0.0199401353394948,8.099687985378481e-05
0.0015100836878697,1.7477130449832118e-06
0.0178773899572751,2.9603366570680004e-05
0.0062296845898204,6.879459573818059e-07
0.0018348691002554,4.750707020613203e-07
0.0063912994108448,3.3393198863394818e-06
0.0079184260335338,1.3215457278635438e-05
0.0166363497763446,5.354261357983805e-05
0.0114450265799228,1.398330417454429e-05
0.0166009459885902,8.703307427723832e-05
0.0142865542820879,1.3461554858026214e-05
0.0064852845904777,6.087206708034688e-06
0.0184317201123212,6.919822332431524e-05
3.492278405565763e-06,1.1314387288436488e-05
0.0150393064977062,5.404479696765518e-05
0.0131574725727325,1.8163810025285242e-05
0.0094020574326474,2.188459930921984e-05
0.0142981208470181,4.7970643325489603e-05
0.0187161338888953,0.0001150354074351685
0.0164555487261993,5.305594314078992e-05
0.0157524560073751,7.628247545305673e-05
0.0039365198208459,4.3588939770478245e-07
0.0127691055894091,5.544065678943981e-05
0.0081376003068084,1.5172029050498685e-05
0.0106973210997818,2.749325029535388e-05
0.0150038739667324,5.393464439469581e-05
0.0150173259937249,3.365761634332753e-05
0.0122118180676684,4.6972488377195215e-05
0.0055021367729209,3.256036240247594e-06
0.0136435206017225,3.911660291214589e-05
0.0019487398645201,1.3011543503249095e-09
0.0088128096575335,6.468696771752952e-07
0.0065419021852524,4.2487892539619354e-08
0.008620450449194,1.621480406161931e-05
0.0083467870241506,1.8480359375372069e-06
0.0055971443439086,5.398359469991369e-06
0.016049609171665,8.764566936442315e-05
0.0101783359124052,4.4468300569411254e-05
0.0163307693558625,7.107685763797841e-05
3.523094517738912e-05,6.584597561881996e-06
0.0021121427151915,7.433616608072273e-06
0.0166364912577057,3.6360105574658015e-05
0.0129818968318271,5.238732966164949e-07
0.0031509647620699,5.186230331741932e-07
0.0107240183071324,1.2702435340625588e-05
0.0014110964841074,1.4690091227288847e-06
0.0137715786411269,4.5500721068424935e-05
0.0100681231546437,4.560502638882063e-05
0.0111353797712508,9.46306595926111e-06
0.0197485071491949,3.1405055098874046e-05
0.0062738416364463,1.0826282229401578e-06
0.0076585279693284,1.85061800529901e-05
0.0170367373079326,6.401981926996395e-06
0.0082280460390897,4.937585429251416e-06
0.0118670312690789,4.270785587776632e-05
0.019358454679308,0.00011216544958558047
0.0050110091261771,3.130021826502339e-06
6.310969969353985e-05,1.2781841654509535e-05
0.0109081170219656,3.831921399002163e-05
0.0179081705598073,5.362434225190529e-05
0.0126622582695315,6.569275067073527e-05
0.0071238667972633,1.0376189831756724e-05
0.0121973259501473,4.6660367631621994e-05
0.0055024768478083,1.4007286365839412e-06
0.014505373588808,4.309500904772855e-05
0.0160887611141183,5.605329567604085e-05
0.0142575777723385,4.2602886131064735e-05
0.0135702538577625,2.7897160992001344e-05
0.0177699372973192,0.0001109548848246729
0.0148057627305668,5.150945653632358e-06
0.0193747491097765,9.004775407402776e-05
0.0022042687203925,9.145420685371488e-07
0.0191780841899511,3.887423583369083e-05
0.0161278366956249,5.54242796336822e-05
0.0153243209108927,6.609177041553229e-05
0.0103123528586587,2.6121969768432864e-05
0.0120335634029821,3.7644958594729474e-05
0.0084371626493626,1.4764630568054179e-05
0.0137969856096062,4.771573510359163e-05
2.9499144674689505e-05,2.692530500021012e-06
0.0130985788010405,1.5716709613528298e-05
0.0129057533714083,2.908100366606044e-05
0.0197704415145062,0.00013863904382779136
0.0085776437248299,2.0195084839373692e-08
0.0107554657576875,1.1858391065598025e-05
0.0152887085907675,2.4960932536675667e-06
0.002770137003542,1.062638822902965e-06
0.0132470627601179,3.8428048587989086e-05
0.000992360172594,4.185420931613715e-06
3.252895284666435e-05,7.289583231098214e-06
0.0168226837274957,5.308826844234519e-05
0.0084131484702142,2.017831175256467e-05
0.0148706307431247,8.194615974112452e-05
0.0013683711438834,8.747399706840273e-06
0.0094874304058389,2.1944472666309554e-05
0.0187581099571387,6.355458637401856e-05
0.0008929153516581,4.822595553025624e-06
0.0034217988729158,6.696440461573094e-07
0.00320127518114,2.9000740654753443e-07
0.0145959385591145,8.935470555045369e-05
0.0185906272436664,8.113981325949514e-05
0.0076776434258408,1.5578157461093222e-05
0.0120856029961864,6.375546477486871e-05
0.004867066371538,1.5591192515139998e-06
0.0002886240387227,1.1103139705340433e-05
0.0099744891245445,2.3439280023231518e-05
0.0195718967823681,0.00012644875443910362
0.0089513579322584,1.7512364810194593e-05
0.0143243030622512,4.761015052556538e-05
0.0069811905425364,6.453343695300563e-06
0.0190631482832068,0.00010564607411447427
0.0029242862705034,1.8056301479944568e-06
0.0085115263633133,2.6000170424374123e-06
0.0142784346824735,5.715302702664747e-05
0.0002994802601283,1.060511688520911e-05
0.0062759815787428,3.0036612821632403e-06
0.0086653222127938,2.6643488641480265e-06
0.0197272818717671,0.00015662715264398423
0.0125750165655425,5.0857699890177055e-05
0.0078768453927307,8.919306756686837e-06
0.0178163847696836,0.00011616417182733239
0.0008928966716613,1.0566036026957593e-05
0.0078770394034091,6.500058886447763e-06
0.0066227298536383,2.655535017489973e-06
0.0053675199471771,2.738759710310931e-06
0.0180255653717897,0.00012748708072111297
0.004659172445617,2.356047395895229e-05
0.0091835523490463,1.2909393859894027e-05
0.0158554889249704,8.184833230106777e-05
0.0145895695373034,6.295639376076688e-05
0.0088282832537425,1.9518634180647255e-05
0.0092533779146243,3.656947062530281e-05
0.0011392317134457,1.2166968933525366e-06
0.0019503561960787,6.6660583593459095e-06
0.0018551066552756,1.8350565234160704e-06
0.0179173763007607,0.00011943944633278633
0.0003814730924043,2.639415696310604e-06
0.0176474850076759,8.422013273773586e-05
0.0062535182423352,5.532193425834412e-06
0.0002290077721001,4.403088828134288e-06
0.0034697051102342,2.1329109487723078e-07
0.0079956372579496,1.518706808365579e-05
0.0019222079905681,4.9696113070908505e-06
0.0153235028681182,8.082253513459445e-05
0.0067640270312712,5.4983682829705605e-06
0.0141526341793513,1.0036637888860984e-05
0.0128903005262413,4.4221703166243584e-05
0.0029587621926893,1.267936613216127e-07
0.0197509251289822,0.00010230617539876343
0.0135344913545535,2.1632998356831117e-05
0.0071175579183338,9.873412425335808e-06
0.006789529982578,1.076358527803165e-05
0.0057385647691743,2.800323460021872e-06
0.0147029391729051,6.0813582528590634e-05
0.012193417188384,3.5310824412094104e-06
0.0020068115026721,5.96305939807227e-08
0.0105500699399769,4.251742157971101e-05
0.0170889558290088,0.00011296657871694694
0.0022216394105211,8.160095396800906e-07
0.0004200897214379,6.2070912042092325e-06
0.0099886030142511,1.0552479992677862e-05
0.0123251761902298,1.62771209233335e-05
0.0020842532007113,3.026877762420719e-06
0.0020821722748259,6.795893020139757e-08
0.0105755254822528,3.9008602257790164e-05
0.005035021937202,5.1396310172266424e-09
0.0184850133225506,9.761223376542407e-06
0.0028553350381563,4.507490659067345e-06
0.0030683869373316,3.1870660934986785e-06
0.0014362975962758,5.36291080354437e-06
0.0108241364561082,3.3845213875578475e-08
0.0198568432537485,4.604223861085099e-05
0.0177606617535127,2.6367671020532735e-05
0.0125521690485214,6.13107727734433e-05
0.0070599316588058,4.416922514063356e-06
0.0085583742947921,1.0377628056032917e-05
0.006873068649057,2.929833636615314e-06
0.013761640690218,7.59618446405861e-05
0.0063757673947612,6.637540277334402e-06
0.0035356540579295,2.3833428827300984e-08
0.0126898800562018,4.4225390189108275e-05
0.0113025305493602,2.5445252679061425e-05
0.0072178233835711,2.7683333251324847e-06
0.0136838795569561,7.119624931558744e-05
0.014773106396432,4.282854011185255e-05
0.0139345370065069,6.701312881560632e-05
0.0128113107271022,4.559523724319841e-05
0.0114742250388388,1.752923616808392e-05
0.0121560023607084,3.236861441592702e-05
0.0061364276767913,1.5683133096931008e-07
0.0143962238541906,8.105368230635036e-05
0.0148165736923293,2.7342361758601963e-05
0.0072601152131346,2.2126684083387117e-06
0.0070098230771913,1.611413825826063e-06
0.002665196420077,1.6968108060714135e-07
0.0150700411553374,8.565281667067396e-05
0.001395573824409,2.5750793104167955e-06
0.0147691878765318,8.682103517905001e-05
0.010689313621202,1.8886296460146574e-05
0.0147572354259372,2.1151303868562476e-06
0.0108683820220351,1.8326866011832433e-05
0.0093448401766343,1.3119965821803367e-05
0.007104621592216,3.1610418609141935e-06
0.0181976676269989,0.00012064153798846332
0.01809586239123,4.3188038329648755e-05
0.0062762581268397,8.244281861241506e-06
0.0173445000658831,0.0001140675713920747
0.0181714519374998,3.6674188854673564e-06
0.0010645729624472,8.037986292839912e-06
0.0031794268512215,9.47794589480054e-08
0.0119988321485416,6.490048324155684e-05
0.0135041689717043,7.143403901165165e-05
0.0013503812739402,2.8820624495265017e-06
0.0158966548914611,7.690475574843959e-05
0.0171953758221307,7.605049275563945e-05
0.012824301394815,4.6521058061215657e-05
0.0198961318314496,0.00011808435125159411
0.0119165837010387,4.7175276456334816e-05
0.0136988153557581,7.953645326599344e-05
0.0118588997287199,4.535705672046505e-05
0.0003324290353653,3.117615428302461e-06
0.0169513096172487,0.00010975817213171322
0.0044815381815817,1.7837542350976897e-08
0.0036232783284086,3.209718634713649e-08
0.0059351122352985,4.694214888839121e-06
0.0008360586099739,3.5347345113922632e-06
0.0146994810271422,9.969933147922369e-05
0.003796125260753,3.896640844881697e-07
0.0182573975382688,8.164658983144475e-05
0.0190524077834088,0.00010168079259077891
0.0003145882418486,9.0889564070007e-06
0.0137840587742032,7.197636404461633e-05
0.0180331666195378,9.187197211525735e-05
0.0036463294789007,5.5654860366411894e-08
0.0027359214201117,3.2229139718239925e-08
0.0144170053679307,1.7927971411551022e-06
0.0094664732938904,2.7628055603244855e-06
0.0171584188000223,8.641800383424527e-05
0.0025886478770845,3.5337500225587213e-06
0.0121867037782554,2.065022295717276e-05
0.0175009748478327,5.1559225655366306e-05
0.0025754166671752,2.872869993042609e-09
0.00813512631226,1.666416668034252e-05
0.0142772725353387,7.670360697921334e-06
0.001721329839223,3.6968630458931804e-06
0.008708306678372,1.3517102721997178e-05
0.0150891888502218,9.711641729786693e-05
0.0105950945662087,4.1603802336510925e-05
0.0032397408658349,2.807811206052345e-07
0.0031381160853817,8.615257529586607e-09
0.0150916796685384,6.483122432144827e-05
0.0091192936657093,1.009810058491356e-05
0.0185664680565077,8.396857283534511e-05
0.009907097321611,3.419261834985257e-05
0.0195584072284402,3.634150146101827e-05
0.0064998730434538,6.286014057612952e-09
0.0023400818594566,7.841227865424554e-07
0.0126253086234191,4.334215478788779e-05
0.0095295219972255,6.675065739322525e-06
0.0059642955091764,7.1087110258299e-06
0.0140354589480922,6.565256124387787e-05
0.0092831179147712,8.599693151658062e-06
0.0112554356097125,4.2531749811377236e-05
0.0150082299752367,5.123695403279046e-05
0.0109778388146284,1.474831858516352e-05
0.0156781205678722,7.995787973153163e-05
0.0053309627837997,5.759400209097001e-06
0.0028200556111379,6.141931568847567e-06
0.012108134155453,6.0371540738759937e-05
0.0015821078778378,1.2884248323564676e-05
0.0181402568795074,0.0001308691687539061
0.0072686191646184,1.6471008043001163e-05
0.0017124775480675,3.3876361980504037e-06
0.007153315938726,1.0590172903009522e-05
0.0130663312804416,6.400748492382672e-05
0.0112447977612554,3.527281026326987e-05
0.0155811877071875,4.7021108477168447e-05
0.008775420864524,1.4314743385414067e-05
0.0178286983530162,8.936749579403476e-05
0.0087147619021742,1.2911489277392179e-05
0.0068701605110352,4.111547959042018e-06
0.012781893110017,1.287170943990641e-05
0.011366505082271,1.0348498494462743e-05
0.0068040655298097,1.577347121523211e-05
0.0170740382213662,0.00010214978909643152
0.0194669892580995,0.00011613264689167916
0.0105702315418313,3.7101072136649684e-06
0.002289906960062,2.1379895633439335e-06
0.0128232856699066,5.294062504561098e-05
0.0022172199724474,5.422017840595251e-06
0.0112251973165083,3.987933348454282e-05
0.0069811884412925,1.4406229711556555e-05
0.0155450202321606,5.5987056151761244e-05
0.0199084357705319,8.36544168364753e-05
0.0190353477916466,4.045521608228764e-05
0.0017122188397475,2.4427202316394317e-06
0.0105792391529697,3.199902583242595e-05
0.0090105759214957,1.2613212695003872e-05
0.0027091942156364,5.086103623441509e-07
0.0086649804362673,6.044490711813396e-06
0.0077191198878516,5.299734368987508e-06
0.0191843475739432,0.000139868198821986
0.0059274007593577,7.753401319933325e-06
0.0048909545251011,7.169974599779808e-07
0.0155333152784389,9.30744814628764e-05
0.0100969315963389,2.146740205711483e-05
0.0180272398888476,9.022517742191445e-05
0.002748328617341,4.6805185441551997e-07
0.0015277357949394,2.158943940916134e-06
0.0043626879102103,4.319185109816778e-06
0.0006955071181414,1.1205058931286399e-05
0.0085708874399988,1.2583574765281444e-05
0.0043394756904624,2.669008479107112e-06
0.0141205635382748,5.3095658941904126e-05
0.0122887244158393,6.881733774427504e-05
0.0002454190404456,1.384482553578654e-05
0.0135562109797332,7.734633829944693e-05
0.0100377367132541,2.1016954508898e-06
0.0018945829050536,7.069058325727164e-07
0.0040989773153246,8.186462181417827e-07
0.0153950062776954,3.6870083415554606e-05
0.008303520014465,1.1059899784840322e-05
0.0038725577911836,1.5625847530163846e-07
0.0015067882566619,2.8104391623544776e-06
0.0082384031733781,1.4528516168668885e-05
0.0176459431116622,7.224773838007031e-06
0.0189249450827995,0.00011763226607104126
0.0059976981227094,1.1079176741211083e-05
0.0006416400277631,2.0550572084900067e-05
0.0045127203921992,1.059585826869227e-06
0.0130905310492607,2.7145310954549502e-05
0.006056430018341,1.0927508514636604e-05
0.0184313381142306,9.65353133627398e-05
0.0036138618407724,2.8875146374730144e-07
0.0095243295735947,1.396006944372602e-05
0.0113946550954183,3.565625343224424e-05
0.0025572899139501,4.774436918046443e-07
0.0105924161033634,4.372588141582226e-05
0.0139840249295386,2.17986379295786e-05
0.0076849494108814,8.019241570984827e-06
0.0175593410535358,0.00010504490153317386
0.0106379802490308,2.2165678869266132e-05
0.0189509451975289,4.001657553265701e-05
0.006579252062813,1.477849897162569e-06
0.010052989692196,2.7626152403496652e-05
0.0123897923275347,7.99395682405725e-06
0.0101878144678981,2.9098095383513362e-05
0.0178688740827497,6.325823414878555e-05
0.0077555841187943,1.1864624039274194e-05
0.0022125023520734,3.5774711247222992e-06
0.0024495913248449,6.6148863627907614e-06
0.0004644576686726,7.628673364424663e-06
0.0080498466649414,1.5193096475468144e-05
0.003654862627451,9.93429752021643e-07
0.0013853594558321,7.2557882894127e-07
0.003688162164956,9.76965395559121e-08
0.0126294528524876,4.311507022083305e-05
0.0197853220949871,4.41224322113703e-05
0.0067588713382456,4.355309143802781e-06
0.0181837858097023,0.00010113423541080058
0.0036406498715577,1.6637804735289694e-06
0.0023986725080548,9.232639076632669e-07
0.0117383108868014,1.8586936015514704e-05
0.0080674779858403,6.9367396238771436e-06
0.018596155097451,5.3872394083053023e-05
0.0078121666226516,5.97300863147982e-06
0.0063841638272224,1.3664135041213975e-05
0.0020079878045531,1.6503747053608176e-07
0.0122799870540983,5.555053224734116e-05
0.0167886396572131,7.888472409103064e-05
0.0072482665314011,1.222322566041991e-05
0.0194184087235055,9.81495966046888e-05
0.0102656100997683,4.854649106882649e-05
0.0061311750238065,4.633932960368824e-06
0.0087193840868895,6.611528715060316e-06
0.0157519709363308,2.2580511401808766e-05
0.0078100801611582,4.6717193805228e-08
0.0198505843909592,3.143114169734372e-05
0.0071928228476508,9.078736444544998e-06
0.0030611829357013,1.7368116794264737e-05
0.0126828334871324,6.700042151211891e-05
0.015459246019516,4.92165117770708e-05
0.0125413067867691,4.174911471067319e-05
0.012748810483378,4.356944783618981e-05
0.006166396330027,3.4691005117262628e-06
0.0190936468793983,8.675330030439968e-05
0.0198255061973685,0.00015812023130309572
0.0026729063487479,1.325121688120632e-06
0.0186878708745015,9.657041689972495e-05
0.0163379915824919,7.380760726357805e-05
0.0025099484109485,2.967323266129219e-07
0.0190002769245915,0.00010691223999638279
0.0153853197223139,5.087077207128869e-05
0.0172108437953937,4.803233497259116e-05
0.0050842795047789,3.681863777440508e-08
0.0099072544237306,2.374221282730264e-05
0.0095869379681227,1.9510605801024028e-05
0.0065748677702122,1.1588294491838552e-05
0.0100291483941054,1.7624051730773595e-05
0.0019654593902078,8.118453329728953e-07
0.0181009727857621,8.478377924356382e-05
0.0023464894918061,2.2984624913923367e-07
0.005779490361025,9.557292630032937e-06
0.0004151725032044,5.056129936189418e-06
0.0161530821565335,5.5374814975219575e-05
0.0094283698959121,2.175679004988749e-05
0.0142456482371948,2.559867749964287e-05
0.0099384092914404,4.660427211623745e-06
0.0004863403297514,4.885234625064667e-06
0.0072762323383671,1.1834529602663254e-06
0.0137138938378863,6.807599789691922e-05
0.006366165020983,1.802993337611224e-06
0.0194425650089939,9.12978485847558e-05
0.008674969792771,2.6800562061985463e-05
0.0017589481275476,1.5305749914640951e-07
0.0185649118698094,4.610439529773011e-05
0.0058241996077088,3.5394335245530185e-07
0.0131983723176599,4.0323490983785394e-05
0.0119020667187823,5.129297514200676e-05
0.001648487483022,1.2592115414444337e-06
0.0046780775354311,1.563013377170259e-06
0.015528229485482,6.19238511766537e-05
0.0115031008499568,2.8499972650818095e-05
0.0177760755786964,4.85428722418969e-05
0.002917793624939,1.2388432995244379e-08
0.0079839400554412,6.407636125872554e-06
0.0196167829970024,0.00012911074245077202
0.0072430433821198,3.8859368691903225e-06
0.001882945769059,2.314580212883412e-06
0.0134699384377322,2.6765071019936725e-06
0.0159822877506798,0.00010099155813634074
0.0176981282450469,7.064458034200761e-05
0.0113971841876383,2.1264497097682687e-05
0.007628421200404,1.0402351589914394e-06
0.0025650990481161,8.590794250661477e-07
0.0011936785485542,1.1499733029829713e-05
0.0047738517337208,5.5116333601253556e-06
0.0071312347810929,3.319609127385591e-06
0.0187137273004729,5.5116942892552886e-05
0.0137938791992008,3.0383212562661236e-05
0.0033557261059264,2.2673460985546678e-07
0.0054118237987141,1.2736106143753929e-06
0.0133125945594623,3.466566191733979e-05
0.0077852927403535,6.115673248202261e-06
0.0083475708760103,6.1694430386110625e-06
0.0148125651141432,5.574164586889878e-05
0.0042201453657208,6.858668078860899e-07
0.0075369268594452,1.3326551869922298e-05
0.0076663965745528,2.6139996584927916e-06
0.0054907258110103,3.652059282470686e-08
0.0001138719197567,1.0620802389044996e-05
0.0072610704421252,1.1483480813292092e-06
0.0148047582554305,4.040608951715696e-05
0.0169479205113313,5.040430203214308e-05
0.0018788874849328,3.8508537324850984e-06
0.0167183245913127,7.942946617621623e-05
0.0127087274918381,6.627229554845639e-05
0.0055196588533703,6.046875294885965e-06
0.010782035338221,1.3481390706214391e-05
0.0119388688418979,3.218191395456097e-05
0.0004375463337211,2.705735917749288e-06
0.0126746571525952,6.122650344817818e-05
0.0101260724814264,3.158929385622959e-05
0.005095897420077,4.229698959218639e-07
0.0162098252242511,0.00013231528307650886
0.0128728651150324,6.037877168416828e-05
0.0033231536302466,6.532607313889095e-07
0.0105756992870624,3.0792070363505474e-05
0.0137755539684559,6.186229034415452e-05
0.0143912462463285,7.016612835419891e-05
0.0142294903266672,1.9503301636041166e-05
0.0098313529763551,1.979361759241049e-05
0.0141411433016464,6.696155235140768e-05
0.0172989754680663,1.7560222803015706e-05
0.0032353467118907,1.9015612333622987e-06
0.0123036744182329,1.2582778574178465e-05
0.0126019910110331,2.4585258192018786e-05
0.0119233663913931,1.429716067752272e-05
0.0004084918525938,2.7197667857272742e-06
0.015960419176905,7.401403970252457e-05
0.0025719722640124,1.5389756023246269e-06
0.0077313093122483,7.68052411576213e-06
0.0117720796390208,1.1405677211508508e-05
0.0143057448458645,4.582337249956068e-05
0.0181949461492068,0.00012466324981757668
0.0068650259510917,1.4910352833116481e-05
0.0121792660252051,3.556869699906154e-05
0.0028695331343775,7.024654458661625e-07
0.0074860904288742,7.10025658683854e-06
0.0046040762846708,1.2899465544191287e-06
0.0189702612398777,4.389841586777579e-05
4.964052547561826e-05,3.615822454324329e-06
0.0085301735884388,3.375951216562712e-06
0.0015872192309765,6.721105259268024e-06
0.0038331696708908,6.437177333433305e-08
0.0094559210315191,2.8070754584123707e-06
0.0184500021705368,7.1867779978136e-05
0.0026100674388753,3.1801935642894154e-07
0.0195264278300828,5.323786821306271e-06
0.0174065194959458,7.73710562952208e-05
0.0068815788320054,4.414556873214708e-06
0.0170231031754698,0.00011221518506254665
0.0001382836435996,6.645382441931117e-06
0.0129024178357101,1.733697027006863e-05
0.0005661938296787,4.189570339671217e-06
0.0155901577031957,6.246886550112431e-05
0.0024545756738654,1.8072891114785184e-06
0.0160456708692808,6.173053764100009e-05
0.017921559871962,8.770961306020866e-05
0.0148757602527283,6.437096180488597e-05
0.0053341175588062,3.4299247287045344e-06
0.0083173276309209,2.4682744366962693e-05
0.0146661071949522,4.278380890146937e-05
0.0183488413307909,5.863127794044586e-05
0.0104278741712255,3.339815567112882e-05
0.0159813931916784,8.542709388003587e-05
0.0088201371438239,1.4367231956031881e-05
0.011760705132325,2.49176259915123e-05
0.0028012595138393,5.506345469116876e-10
0.0007036174187607,5.18665858936926e-06
0.0182568008690287,5.737096529394135e-05
0.0034987474751797,6.345563769635743e-07
0.0196050845592753,0.0001580114447513623
0.0088658368735621,1.696237713292652e-05
0.0032052241523698,3.8701684710133745e-08
0.0068227226249901,2.9668565610079047e-06
0.0133420517046001,9.731772133175827e-05
0.0077741568884845,4.972937923272788e-06
0.0137447315655971,1.633419319712845e-05
0.012837952702431,4.367729956997748e-05
0.007338923507626,2.348634087236784e-06
0.0169646294325001,5.742650192229346e-05
0.0183092558747225,1.0610540581369378e-05
0.0152569656933734,3.7836063733911935e-05
0.0174713366638097,0.00010224866538456609
0.0161887026074837,3.351467379680667e-05
0.0153171069686542,5.028669546179681e-09
0.0030658510240097,6.791586809769292e-07
0.0045837376034058,6.902951718894015e-08
0.0018734682387301,2.7718616148518395e-08
0.0176767918833167,0.00013443845963077768
0.0130307433914283,2.0952244193752383e-05
0.01670822899964,9.861416432104006e-07
0.0079205916069435,1.1935647709563994e-05
0.0015541693270058,2.259024203135599e-06
0.0056108110414545,5.3622175704809285e-06
0.0079565826187735,2.287310139937577e-05
0.0110289963422885,1.2108644101028488e-05
0.0176711915610685,0.00011757131269156661
0.0127534250767106,3.7779740259307945e-05
0.0160642093855682,0.00011217354861815036
0.0080864349970938,8.552389751754993e-06
0.0124832016574293,5.4027850502376096e-05
0.0073690786546246,3.4962652077360166e-06
0.0184749798457001,0.00016185182127194096
0.0181569555684747,0.000136622616798516
0.0021599303530219,1.3278832629286675e-05
0.0007035691636475,4.725586161033272e-06
0.0112037611037363,2.741360106545337e-05
0.0143034788126191,3.5547461547244106e-05
0.0172449636791075,7.072026804114419e-05
0.0168681914475564,6.757485921658512e-05
0.001301392637954,2.7718045046029715e-06
0.0050503797580542,2.5598243329436034e-06
0.0026224434302934,1.0032434290945387e-05
0.0053658832159299,2.0920811970678225e-06
0.008646154452043,3.409267756176246e-06
0.0138829071561685,6.291490875589813e-05
0.0042207562606649,5.902151213899198e-08
0.0016776900170975,1.2507111846159095e-06
0.0164334632381044,1.8944098184641407e-05
0.0096644062815037,1.9439531697228117e-05
0.0106800231824282,1.9919930306917927e-05
0.0156191719096881,8.625057137859566e-05
0.0073100026970073,1.4103293805585965e-05
0.0137955834652013,5.274847127509325e-05
0.004079541744168,1.4596982295057081e-06
0.0125140748027579,2.6713877332356842e-05
0.0023165170888726,5.202105412540502e-06
0.0068341375386289,1.6860346440679142e-06
0.0047510158459571,2.046911409788778e-07
0.0046193859941484,1.306881837295686e-06
0.0050106959268765,1.2118678458310464e-06
0.0131241042812235,6.466611605817108e-05
0.0049378033169167,3.3940688703356747e-06
0.0161141158795081,2.1870484445408646e-05
0.0069289974345139,6.742154174264727e-06
0.0137209769744608,2.626572996490904e-05
0.012126508831118,1.280465974137348e-05
0.0146439863408185,9.478019737962111e-05
0.0045232145967391,7.1312358267392876e-06
0.0064802549368781,2.537712884903335e-06
0.0111238769296972,4.1013801678631345e-05
0.0037304427278747,1.8461869341939573e-07
0.0071706651465842,6.299020512664006e-06
0.0081432424439468,6.9339213814449025e-06
0.0179256750386224,6.520607297174014e-05
0.0168950037771016,4.9205302685456446e-05
0.0057918205518524,6.493368557256399e-06
0.0071570537947183,3.1242894166170267e-06
0.0189280217309033,0.00012693651571545427
0.0169784974826701,5.9921053688602525e-05
0.0194532217861749,9.559293472568688e-05
0.0188869433697124,0.0001512885242988956
0.0131528171181348,3.5580623503799936e-05
0.017721746319741,3.934110910667303e-05
0.0121989748921086,3.335544440306497e-05
0.0113167734877797,3.301127170499886e-05
0.0017406983678301,5.349926005770084e-06
0.0190400653601279,0.00012663845120067778
0.0050852453144005,2.7468856356047603e-06
0.0022259287279838,8.853483475267076e-06
0.0164472411127945,0.00011017075676037549
0.0142430438966656,5.9003862837164656e-05
0.0098390064350075,2.8785067057102604e-05
0.0032314653471782,1.3403525153980855e-06
0.0016219760600317,3.978487766763058e-06
0.0030335368064767,2.9654784007226526e-09
0.0123256531177738,3.7769664353272e-05
0.0093658057267898,1.651307996686007e-05
0.0170575498855935,2.1712904885610324e-06
0.0186534057524009,8.742136557763322e-05
0.0149973546277819,6.358746980731143e-06
0.0161607772644781,8.186774383813529e-05
0.0142955427007876,1.2891824512106674e-05
0.0011302402508591,8.023618602230728e-07
0.0057266683039308,1.152838037115183e-06
0.0118796416103766,4.389450561850613e-05
0.0064276871284058,1.4915981527129497e-05
0.0194040957167784,0.000138705322746649
0.0106223921377824,6.2495583246531525e-06
0.0110107337900647,2.1877756034468514e-05
0.0193409212395647,8.530487552266796e-05
0.0128582893125095,5.0274353146961584e-05
0.0170329744033379,8.239149731734643e-05
0.0150337837262243,5.461424433089289e-05
0.0180912504513304,0.00012806176855991336
0.0152653382783101,4.6786811511111675e-05
0.0117457212007755,9.328785203203375e-06
0.0005052940518917,6.973627808965794e-06
0.0038519170213385,3.207358762446424e-07
0.0153166400804249,7.44495614385466e-05
0.0093040088809046,7.474390973420556e-06
0.0128105712091308,8.895314979836619e-05
0.0062206792696673,9.87981627678765e-07
0.0043262182095224,2.3029147790455884e-07
0.0056386833723663,5.345903113205747e-07
0.001833632410332,4.4409823454700255e-06
0.0185142648066786,7.335183297886449e-07
0.0045162000221545,1.7487801240274845e-07
0.0149053116061323,2.131161944080368e-05
0.0016524575928525,2.3098674388920986e-07
0.0010500421463659,4.260123702541035e-06
0.0132701630888459,2.426854888741193e-05
0.0081585173463253,7.225986253605394e-06
0.0120221179035599,2.0742928746006627e-05
1.748354941255581e-05,8.3539737297131e-06
0.0173264256862852,1.2074958848749679e-05
0.0021908093342352,4.353768191982994e-06
0.0171055080112093,0.00010594039990661968
0.0068485413823393,1.3442991595586176e-06
0.0188076070188688,0.00011226096463071954
0.0039045461149103,2.794713258941507e-06
0.0126075108840871,5.1918257478780545e-05
0.0094026856293085,5.002393346440524e-07
0.0144430087778946,3.3970602018392767e-05
0.0096070109001445,1.732489877534235e-05
0.0133273646330762,4.131146609877202e-05
0.0040458188974227,7.369337940654419e-07
0.0161339986183354,6.677640754716038e-05
0.0025131598048045,1.0626711807860153e-07
0.008206471363599,2.682210902789844e-06
0.0126051928306718,4.5188917592272816e-05
0.0077679387327752,3.361984068240451e-06
0.0001832397753917,1.4042659001371067e-05
0.0013245938276134,4.087735448297016e-06
0.0118883237480585,4.287005910440119e-05
0.017582142626497,7.337055519074163e-05
0.011073965711416,1.1591131383691217e-05
0.0149014692416084,8.663638243141802e-05
0.0070862097298077,1.0540157907426932e-05
0.010548581106446,1.623924612222228e-05
0.0152133929625345,7.751730476191706e-07
0.0136220872013388,2.8845004151029827e-05
0.0065325208758411,6.494414788219646e-06
0.018745995573905,0.00012573534585639572
0.0129584062104097,4.096883444373843e-05
0.005509653590135,9.9991836468542e-07
0.0013296665540826,1.0434430056747637e-06
0.0040549150490151,8.643604584629538e-07
0.0038961499367701,4.213487302948547e-07
0.0062072203318961,2.082304447222696e-06
0.019275844134364,0.00014484895195427799
0.0150976648009294,7.649601281776374e-05
0.0174790354793386,9.805369667486637e-05
0.0171427733455367,5.987528176840835e-05
0.0114261147215298,3.337657785050571e-05
0.0027113004006786,1.0118957240709743e-05
0.0174522751615221,1.2770656782544003e-05
0.0101132356316188,3.6788428069517977e-06
0.0004557323841753,1.2462224529815291e-05
0.013043382748738,4.884316563786375e-05
0.0161825249484851,8.801422737188002e-05
0.0163828805566684,0.00010219312285457444
0.0162439075690256,4.766720141924192e-05
0.0001477716063339,6.123803851030937e-06
0.0029155322698302,1.9481842946341338e-08
0.0091522321284721,1.6950143974905225e-05
0.0125544345345019,2.2184095133800993e-05
0.0182019836328519,8.254122942243763e-05
0.0198281868318457,3.1240491079862047e-06
0.0045092332421164,6.516999105701006e-07
0.0006896539411191,7.649420815977053e-06
0.010139273856691,3.3817238311878964e-05
0.0114986310497782,3.1817470961592476e-05
0.004675749017835,2.296971854807043e-06
0.0140798186755674,1.7512678884403552e-05
0.0166501727579388,0.0001094363234815105
0.0046829605962593,1.6269749837547134e-06
0.0110216684858358,4.780043341692106e-05
0.0141628469536654,3.3220252398729586e-05
0.0183498489445923,7.80131157300782e-05
0.0015323614666678,1.1526865503717316e-05
0.0101344990062592,3.976423832967334e-05
0.0049263091231211,9.232506644876209e-07
0.0140061862674903,3.970738679663456e-05
0.0101586547852003,1.4189335233758646e-05
0.0064374647541439,4.675691121919246e-06
0.0019351833490525,3.2186360596761686e-06
0.0189756590595633,0.00010296677794756138
0.0075107437177267,4.394138572504659e-06
0.0128258122063683,6.058911383788193e-05
0.0044004818050766,8.32951500039382e-07
0.0040929316201992,6.040300217553865e-07
0.0048989413154685,1.2744095086925812e-06
0.0180104980226209,5.30218142842202e-05
0.0066916759809921,8.909692798521505e-06
0.00975010890926,3.7029038214551824e-05
0.0129137323599919,4.973852899752427e-05
0.0182422528887981,6.650712856943443e-05
0.0165247866230291,7.390717709499833e-05
0.0011509686535779,1.5425123142452072e-05
0.0192327931677388,0.00014597494227044876
0.0029410501439204,5.897286270571399e-06
0.0175721811741236,1.1850444840832615e-05
0.0039024595126998,1.574459824491282e-07
0.0038063711036122,5.58871941915935e-07
0.017608910864174,9.202137408718112e-05
0.0190290515459941,6.927407020484893e-05
0.0193292244667131,8.984970617292708e-06
0.0076956555718599,1.786852941272233e-05
0.0132095401132047,3.8629243695955924e-05
0.0070847333805969,3.269342275175473e-05
0.0199311405323401,4.4921831076068065e-06
0.0081991506175134,3.50510318595612e-06
0.005252715769837,3.193654336636418e-06
0.001521248005079,2.254502371754542e-06
0.0049421542936241,1.9006150914790347e-06
0.0177467505858482,8.21532504157507e-05
0.0176073441898911,7.390649392364174e-05
0.0081754428149931,2.1546135439235283e-06
0.0183647474402092,0.00011866625949749996
0.0132407364673577,5.40448330497187e-05
0.013394945317858,1.6508763544030335e-05
0.0084827362032762,1.4888441367489883e-05
0.0059891514209612,3.274010644346119e-06
0.0186660127593523,9.33548573984112e-05
0.0060407053942356,6.043044297187804e-06
0.0079572612328872,1.5558246834601707e-05
0.0151283701919992,4.212683802986096e-05
0.0045441305675172,5.445647250298903e-07
0.0073287497590184,1.353361733221079e-06
0.0183384866119357,3.856845322353693e-05
0.0081680495659782,1.603836845679444e-05
0.0074458475760824,8.489183155988498e-06
0.013608155061443,3.834278853536303e-05
0.0095961532907982,1.0177075787784762e-05
0.0154613907304233,1.9117060286472324e-05
0.0079981386968504,1.3329788307089736e-05
0.0169959234159122,6.467189249662332e-05
0.0127547680170497,1.9530020139017482e-05
0.0051777915173689,2.5537899866544895e-08
0.0056261432881498,4.009859305400295e-06
0.0186621030329532,5.0911356644790084e-05
0.0056954684966556,2.770335372384119e-06
0.007945838629614,1.3410214696176577e-05
0.006278140680793,6.682899713679104e-08
0.0080710062416289,7.28742801494714e-06
0.0137831483183646,2.715779376216349e-05
0.0017553937856541,1.973403539008303e-06
0.0025642431187191,1.927763870898672e-06
0.0179018583226406,0.00015162918731075227
0.0144612265930159,5.613472607654389e-05
0.005200527643015,3.2801311795231283e-06
0.0056821056821114,2.8955712786426383e-07
0.0051165240969681,8.636947031873704e-08
0.0011619799810267,9.588383986844773e-06
0.0008244722752609,1.2480363403493545e-05
0.001744851598298,1.0986352505074552e-06
0.0164892344558781,6.258249331656915e-05
0.009767388186287,4.668655540153673e-05
0.0086018838893873,2.783653846995957e-05
0.0108769932661743,9.335554678210901e-07
0.0188289579179552,0.0001245211942692781
0.0089867076780085,2.5314815213922675e-05
0.0120029443337347,3.925358371989868e-05
0.0025692278633071,1.6974409768368536e-05
0.0068741948057985,5.576171973782972e-08
0.0034533454400055,3.615658596720458e-07
0.0103196388732594,1.267542010275155e-05
0.0105545656461414,1.8032164381166386e-05
0.0188485589773261,0.00010388344068044782
0.0015107596934491,1.639587912851767e-05
0.008468782115115,1.789468179752321e-05
0.0147314641569266,5.6355032518118106e-05
0.0037366961085065,2.7526973961074864e-09
0.0182512235741455,5.752397947331394e-05
0.0007709170052348,1.1616276600661007e-05
0.0144366126139934,4.759391258855102e-05
0.0066090656764104,8.161296594149286e-07
0.0085753651566024,1.2287859422529391e-05
0.0139627965371992,2.960129229465213e-05
0.0048971500755475,8.789286828659293e-08
0.0126142529219757,2.029187861484394e-05
0.0162094174586584,6.424773080494752e-05
0.0119056770007666,2.9521628214031143e-05
0.0018891538071328,7.669640125017346e-10
0.0137694545072142,5.593981667505208e-05
0.0187897411332898,0.00011062729373726755
0.0198091396733317,0.00010751132858854234
0.0133718070016084,4.9175037378334304e-05
0.0179906259876905,4.820950485578964e-05
0.0160737887913255,4.942958553615903e-05
0.0126352557166065,5.521147763885689e-05
0.0082602363725603,2.9479163620733417e-06
0.0007381444846858,2.285751863341368e-06
0.0186434157707473,0.00010670703772420253
0.0097097466240483,1.9091652493314124e-05
0.01564716590638,5.964995603748832e-05
0.0153207978737237,6.521705242169248e-05
0.0110133523775362,2.2340910124809555e-05
0.0036349387279028,1.1691829140619543e-06
0.0167385579280304,7.183182524827373e-05
0.0133651213219051,7.824219031118473e-06
0.0196405510911074,0.00012665085298195486
0.0112895758368101,9.79222391382817e-06
0.0105229543046615,3.81167594860568e-05
0.008241684346604,2.2106867409783406e-05
0.0011461599539172,7.0398152582258275e-06
0.0128405971868779,5.520692175140899e-06
0.0056222599592784,5.369677439437503e-06
0.0004592064307834,5.402387711697588e-06
0.0136156032791344,2.8060757143371778e-05
0.0062781027729733,2.8809727978675963e-06
0.0096381179567202,2.1126109036495064e-05
0.004886895673796,1.0102730335355239e-06
0.0032059932481711,4.2244797260510327e-07
0.0139674827012923,3.0592922456745044e-05
0.003810568835893,2.882202562664247e-07
0.0143082819531568,4.07901255079085e-05
0.0109399962127195,2.422029231958265e-05
0.010551517949038,2.031693795649428e-05
0.0036699063536049,4.897155163330918e-07
0.0026597128056322,9.843947395104669e-07
0.0183720036780378,9.687078835908157e-05
2.145807356706664e-05,6.655470927537519e-06
0.0111189084255696,2.0151580594635537e-05
0.0115046076596283,8.020364143337972e-06
0.0073094008479039,6.175338246264696e-06
0.0039241591935512,7.157678562953252e-08
0.0016990867364449,2.429049620071104e-06
0.0094459031094193,1.0067565093148028e-05
0.0174950285579557,4.355525284275417e-05
0.0002522328965305,6.438521574700611e-06
0.0057886317761712,5.621224220592493e-07
0.0197567569306342,2.7991549405121546e-05
0.0166020610084572,5.061294395063054e-05
0.0130587924116426,7.115583648228927e-05
0.0064493476609268,1.2334253802248047e-05
0.0077488475840458,2.0120307940548888e-05
0.0181247199065729,4.21653641842559e-05
0.0035795069412123,1.0555794846285599e-07
0.0019742677008568,9.27317551556621e-06
0.0112533244133122,4.4648392336573545e-05
0.0188297299506341,0.00015995054854601125
0.0082557500686988,7.02140081169773e-06
0.0026182856292136,3.6631726910640997e-06
0.0144685258383703,5.7704435968824e-05
0.0025461346909838,1.0350857254490186e-06
0.0059302300814029,2.5242985372549233e-06
0.0116464651007494,2.600880191938073e-05
0.0060808903564656,3.473357436100441e-06
0.0099770891948086,2.3110163553099582e-05
0.0014995401041423,2.6646725059048054e-06
0.015352456214879,3.96824883847027e-05
0.0050626686465908,1.6640438081583305e-06
0.0036077666020697,1.2929800591058854e-06
0.0181950673148374,0.00013086170577332782
0.0024459413547025,6.99259074522074e-06
0.0028383847101968,1.7282456947382618e-06
0.0193765397582946,0.00011332931850904928
0.0092722802368418,2.1305348127047728e-05
0.0185714376910269,0.00010494946090940714
0.0137787249023055,9.982604537498007e-06
0.0193126795318237,7.864478133292435e-05
0.0113787854538928,2.50924746822501e-05
0.0105993724273872,4.0407733529239114e-05
0.0171353825386195,8.989364651532939e-05
0.0155059877016133,7.061494763653632e-05
0.0186960218586675,5.3975335851720584e-05
0.0138014936025729,6.328764393245322e-05
0.0117786271697051,3.931467523098463e-06
0.0001902289175379,4.138335803949759e-06
0.0024322606201524,4.7311133431701087e-07
0.019587638746189,6.15042416697247e-06
0.0143278704772681,5.493814272703917e-05
0.0124027220150924,1.5098279111559594e-05
0.005138908934197,4.867343245958567e-07
0.003057545524855,2.1703909816604982e-07
0.000997902286597,1.457157464470448e-06
0.0054846433301839,7.451142253112915e-07
0.0177502817736363,0.00012321313609467375
0.0021056575053626,5.403874384145174e-06
0.0183323938605045,8.26455376308552e-05
0.0133176762808308,1.6891442589566757e-05
0.0084105967863369,1.8399442562420577e-05
0.0191737302436482,0.0001330268481599196
0.0185073172492387,0.00013151414485254898
0.0087019569166784,2.43278616015863e-05
4.933796869420526e-05,7.5881253250839025e-06
0.005917725395645,1.2339292616358962e-05
0.0113934588909148,2.7185839323176934e-05
0.0147968722940762,3.7242023558272e-06
0.0022462076923101,5.2210730260356316e-09
0.0072101890495944,7.427140537032302e-06
0.0183169252118942,0.00019373067275730644
0.0107156535986562,1.1883313848648167e-05
0.0128117949062632,5.0362515458848026e-05
0.0011691445332313,1.652771257083243e-06
0.0191962494162804,0.00011478899694513338
0.011981789979478,1.959517895454859e-05
0.0143205653096675,3.599272456624647e-05
0.0189714476862877,0.00011756253502957186
0.0048470406051908,6.415376214056227e-07
0.011320561099369,3.694154757458804e-05
0.0127982121908926,7.942089824431798e-05
0.0087733990063653,2.6050741675535474e-05
0.0095319608128257,2.6170366864844532e-05
0.0066638918908095,2.0208050482279902e-06
0.011419015406217,2.907696852293299e-05
0.0069838096204211,5.896870252505642e-06
0.0001852938767559,5.082192952893358e-06
0.0003663231313823,7.101588744043127e-06
0.0057328295896048,4.925032769667062e-06
0.0057324199069302,2.395961361369251e-06
0.0117319246995003,1.8749872907633504e-05
0.0084681605261829,1.557117980579945e-05
0.0158602409801153,0.0001077922468837876
0.0138710373857449,2.7701833190485902e-05
0.0090484652425766,1.2288677882057746e-05
0.0039301914719784,7.762165569574686e-09
0.0133425380616828,1.3602246028337796e-05
0.0065813410403589,1.325563897358902e-06
0.0027883270328436,7.143891674179663e-08
0.0198053605456178,2.1247670720937742e-05
0.0056655222683988,3.265203158642843e-08
0.006038872167527,2.1795141054951414e-06
0.0070387008984213,7.39330225026827e-07
0.0080009481295636,1.0445553479103372e-05
0.0032183630135279,4.703902536107878e-06
0.0061268622780875,9.00766160458251e-06
0.0167251922440884,7.715123207589854e-05
0.0017733509257077,2.8723760268573265e-08
0.0186437176210803,7.531403362408646e-05
0.0165725750092335,6.418738982845046e-05
0.0111001053489893,2.4732857420446905e-05
0.0063448250231967,7.468630637317726e-07
0.0002672423252298,1.5170820654665258e-05
0.0163863632762821,2.2192926967603428e-06
0.0061519955953869,2.442133526894187e-06
0.0127614404199928,4.5038132669510704e-05
0.0132994440817009,7.930349362392931e-05
0.0126394271042083,2.3525107838666076e-05
0.0127456817630153,5.552925745215339e-05
0.0055555829107836,1.2053370106704518e-05
0.0125590593877282,4.479417091105372e-05
0.0165235465762084,6.994351018157201e-05
0.0169609880963065,8.369580575313739e-05
0.0082958430081847,1.2254764210303727e-05
0.0007205004542719,3.6199738819099862e-06
0.0087005880840483,1.1912048093806177e-05
0.0198305047503384,0.00013760270474753972
0.0026365180627311,1.687676861047459e-08
0.0005759132199145,8.552487395103322e-06
0.0025974948883648,2.4233188234513575e-05
0.0119045945554993,1.4156108117050165e-05
0.0186872254658603,7.968042640894889e-05
0.0006079270633705,7.609639349569672e-06
0.0043055983185175,2.0429068741648892e-07
0.0020830530702876,2.0386748327226316e-07
0.0098224970236637,2.10677656994153e-05
0.0183317473632793,8.702913541382505e-05
0.0058276201158745,7.165145625760466e-08
0.0185853948570567,0.00014317867254360584
0.0169609406413824,8.29810931849526e-05
0.0081585006089478,1.0420604614198084e-05
0.0192515955443424,2.0172629261053403e-05
0.0041422124870455,5.9153350956773946e-08
0.0095635403942017,3.489792059266764e-05
0.0194985556341704,0.00010056839905539836
0.0030947024233845,1.1608201279007393e-06
0.013241382422116,4.790327632433447e-05
0.0047012733940144,1.3168897809232407e-05
0.0095267048160472,4.6309223375915157e-05
0.0092284605584861,1.701050860758482e-05
0.0054300042607908,7.462469670014052e-07
0.0180461739958983,8.533835224204e-05
0.0074810987232244,3.086204267900244e-07
0.0089148684801141,2.0441679841794913e-05
0.0155518413595742,7.849636456935767e-05
0.0124931399060394,3.7260575310732246e-05
0.0077544873392522,1.698790000146646e-05
0.0140778009521599,2.6932616134914965e-05
0.009199166113599,1.132552956410584e-05
0.0199262033741669,2.4361481488050777e-06
0.007810452534813,2.6451143984145445e-06
0.0012273578005414,3.6130428970326773e-06
0.0179001539952227,8.84898383368739e-05
0.0118257723688451,5.58578639239191e-05
0.0156365693385753,0.00010911093654162784
0.0032068672748828,1.9760984368931983e-07
0.0045797963844858,2.1618528013502915e-06
0.0163170005387344,9.684997600688144e-05
0.0040872039426974,1.2971197338750798e-06
0.0079778132721234,2.9065231306942747e-06
0.0083425882378774,1.3378153745688303e-06
0.0005105019361142,3.6161162709182455e-06
0.0190393104052915,4.3274815596045994e-05
0.0042563372777845,1.4175253265416792e-06
0.0121104242586108,5.338477165392597e-06
0.0093280031420038,1.5288734177048447e-05
0.0116632015091631,1.5921834549167452e-05
0.0190671447128045,9.632553655516282e-05
0.0041989066939008,1.9758151420661192e-07
0.00279528337687,8.697339933161401e-07
0.0184390675609758,9.305416322462809e-05
0.0032299680406808,4.011244015485703e-09
0.001419531496055,1.5324974847354456e-05
0.0170686163879917,0.000107752542978631
0.011170282496469,4.073840826122548e-05
0.0149142225805584,7.807918016810695e-05
0.0171479366172309,0.00010411081433855563
0.0024200429889892,2.5969623526558525e-07
0.0086921084398402,7.001658560217254e-06
0.0109141251162458,1.6304478454822922e-05
0.0030321542033232,7.235888687046271e-07
0.0048215613227941,4.17365858425579e-08
0.0142900503723127,3.545078065726275e-05
0.0036783856565827,3.8919192138621575e-08
0.0059032535065007,2.488038961811181e-06
0.0142257015689029,7.75571550198087e-05
0.0096430933012815,9.911855670807838e-06
0.0014825925842003,4.076777066147137e-07
0.00269556646616,1.3061885104287737e-06
0.0152900306252592,9.666595787937354e-05
0.0009052073550473,1.2209123332341259e-05
0.0144815126595772,5.7901909338461924e-05
0.0047979461117324,5.64504888603575e-06
0.0193479134957966,0.00012788921839118524
0.0128390859227204,3.41615544851989e-05
0.0144173578952881,3.0223125626411368e-05
0.0182496364019898,8.729822762018292e-05
0.0030379684685607,9.149241385612613e-09
0.0026165465842016,1.992278125972924e-06
0.0070465091116866,2.14023753989923e-06
0.0109341686123594,4.376107725287331e-05
0.0196111829577354,0.0001277214421925987
0.0029073857924953,1.5278315620280975e-06
0.0176300518185877,0.00012678028162486219
0.0125811408495255,7.682349503919688e-05
0.018156217724911,6.342490216327253e-05
0.0168575241066149,9.467526939258585e-05
0.0109768246806944,4.4444021348217854e-05
0.019980613228893,8.247510915088546e-05
0.0070612594406195,9.040452382580675e-06
0.0135332579736007,2.6382964657319244e-05
0.0167809260320379,3.5699987601401177e-05
0.0146810699228065,2.5633610095114233e-05
0.0084307647028654,1.4547330242506215e-05
0.0140322658470093,2.735127303394364e-05
0.0085010883440944,1.214605816158064e-05
0.002008097031868,5.153580179243416e-08
0.009234424884058,8.341027236015923e-06
0.0194630430024198,0.00010474902399989254
0.0009000960334315,9.81367643228481e-06
0.0097414489613111,2.5401091968184007e-05
0.012973892756652,3.0202578564363403e-05
0.0129141499417497,5.086387937110984e-05
0.0037433431078796,3.971067577983367e-08
0.0075731792393483,4.909596942217127e-06
0.0154164782031764,7.329616143796243e-05
0.0033670413201001,1.6904709235133772e-06
0.0091075304054964,1.4548325856989717e-05
0.0047098333458179,1.3384560999014412e-07
0.0071991870437973,8.179254329682088e-06
0.0059043204354056,6.380005699093125e-10
0.0152694276374261,1.637563800568396e-05
0.0090936773174339,7.238100151222799e-06
0.0190737900377332,0.00010947340237818821
0.0027027173290427,1.4812767656693416e-07
0.0005529731624192,6.664060840382179e-06
0.0127469235905817,2.5019448553404966e-05
0.0115053524363515,2.5453078501289723e-05
0.0081575725144626,5.922069847982234e-06
0.0057490464242708,5.539992305048721e-06
0.0150710950789724,1.3310553786254983e-05
0.01483502932179,5.322050136889181e-05
0.0040451629280395,3.870128221166866e-08
0.0180932567006738,9.56435255210938e-05
0.0154846632636671,5.6096658497948463e-05
0.008966296847775,1.2488121408690142e-05
0.0090591683125246,1.0815527298991613e-05
0.0162546821909448,8.037817431315241e-05
0.0078118925753099,2.16350308279705e-05
0.0123949458439227,3.7715967146157025e-05
0.0084308070632897,1.0429152529846048e-05
0.0128551580234516,4.384736216218322e-05
0.0125152895222412,3.3109232417332644e-05
0.0054342755200785,3.852041635594548e-07
0.0008561827673943,7.0277747218369126e-06
0.0003485233812153,3.7828846931122743e-06
0.001013559792575,1.002801971247075e-05
0.0025369478791748,4.900418853278608e-08
0.0003133419239995,4.991666027288535e-06
0.006916511923587,1.1782746215336572e-06
0.0006003635621773,6.473051191786645e-06
0.0023619663452626,4.457152225403602e-09
0.0047259874182321,7.855961561270523e-07
0.0041530283222614,7.531597653989321e-07
0.0079851967639035,1.0749998395952527e-05
0.0053672844710237,2.3052304634398846e-07
0.0085790847671974,3.43657282694435e-06
0.0168345088435919,7.421974010556093e-05
0.0071996638794931,1.2415207527118835e-05
0.0138310514751841,7.277593402923503e-05
0.0146170162587607,5.195154684794583e-05
0.0019819592641855,7.78066369275415e-07
0.0064270665362148,6.156496395344636e-06
0.0165672317597634,0.00011775314713360807
0.0143633149215989,6.10939304819653e-05
0.0169335717217473,5.30759879489651e-05
0.0094839620059957,1.490699760766336e-06
0.0133652950090129,7.130179311556374e-05
0.0167978508335416,4.491889236575961e-05
0.0161368451985561,8.827716662673286e-05
0.0009131867299659,4.342570808844369e-06
0.0008642715899372,8.293332480130123e-06
0.0060097838516209,1.4399644294011175e-06
0.0133326113493952,2.4834130972156074e-05
0.0177251174509636,5.2270766253477863e-05
0.01722210325106,4.894755734999152e-05
0.0111475478941772,6.905047209816612e-06
0.0190564692905845,0.00017086477797777648
0.0159831330659548,1.3808661769069347e-05
0.0187547301050269,9.516554185912933e-05
0.0092255618220505,4.0367043900303845e-05
0.0165277786486331,1.2353167180276584e-05
0.0018555892407613,1.719808911171164e-06
0.0080658938328087,9.406488326025319e-06
0.010455534568536,3.314723203244601e-05
0.0174023037616921,0.00011916611421455833
0.0024893688619458,9.6988623456173e-07
0.0071275910737701,1.196584185039963e-05
0.0007155704784577,6.9213098391351745e-06
0.000836914545186,1.8335610730820718e-06
0.0067115691976194,1.192124923370581e-05
0.0129074603215391,2.423944106334715e-05
0.0018687697054932,2.435099767001021e-06
0.0153496335467961,2.8110743509943852e-05
0.008744687958183,1.8399459854134668e-05
0.0185396744428262,4.347581594817228e-05
0.0014483378063282,3.262825183260424e-07
0.0177586714723203,1.7763787414034782e-05
0.0124192293415831,3.9978308155838665e-05
0.0170395359308362,7.436940677906549e-05
0.0001262029908727,1.0022426468737537e-05
0.0051097744060963,7.823927202762153e-07
0.0177078438901371,2.491090052815313e-05
0.0124008897707415,4.907221737998463e-05
0.0065520173003466,6.197003905448425e-06
0.0084974913626269,1.7851149665153174e-05
0.0191262333842684,0.00011019682038312135
0.0053273447265366,2.8036142091605186e-07
0.0058354880106799,5.11895751088838e-06
0.007446673028086,2.4506968069579495e-06
0.0048548684305813,1.9254883704067596e-06
0.0100560239029023,3.238887736579558e-05
0.0160805687275661,3.4353421084972685e-05
0.0179044857441024,0.00013614148676735225
0.0066451736754861,9.793036460897407e-06
0.0105344575782224,1.4494167813649962e-05
0.0169350071716304,6.464951076310722e-05
0.0174940378031516,9.61418233442038e-05
0.0025173919746188,1.2431321991517405e-06
0.0148712877782052,2.440448384239523e-05
0.0075841843994727,2.461352363722574e-07
0.0170930964338714,8.101581116508109e-05
0.0074419010846612,1.529591860335525e-05
0.0098846843023493,3.049065423578799e-05
0.0081188226951267,5.9328297060537385e-06
0.0108322277118247,2.217363453903688e-05
0.0091741693583309,9.517097510788287e-06
0.0030415768541169,1.4858547664631614e-07
0.0078852956301994,2.835371342241221e-06
0.0009029345597093,5.824890122770727e-06
0.0075636902198727,2.081090761240189e-06
0.0045770257088469,2.3715703341325285e-06
0.0163710877256027,7.65129638601241e-05
0.0030650605136447,1.3488414778406418e-06
0.0153347274659991,6.153145353625389e-05
0.0107823725414653,5.215613896464748e-06
0.009461352416701,1.557057102176433e-05
0.0093929704741151,1.7233379187487063e-05
0.0096319859641624,8.821447464206917e-06
0.0083421284211382,8.706628769050094e-06
0.0147072879860015,3.3695396925809375e-05
0.0034326881933028,8.061882804370272e-09
0.0197365518791935,4.61725631653103e-05
0.0057032713965031,7.914665474500378e-07
0.0047672169102278,7.542055538097647e-07
0.0184785347586644,0.00013833154926151707
0.0011907868298589,7.956515642329147e-06
0.0018236737561886,3.142456484616109e-06
0.0102385220342497,7.490832286272619e-06
0.0004132616711467,2.1864857464320785e-05
0.0007334631819065,1.583781615815211e-05
0.01522951073746,6.957432534476438e-05
0.0056743379597921,9.661126683040138e-06
0.0067444854719616,2.49993739106947e-06
0.017496939802762,0.0001125830943495749
0.0182628237886294,0.00014231192893134786
0.0027326768551591,1.3127401265654894e-06
0.0073849064250894,1.0422069202694046e-05
0.0159196611293663,1.6055030155575226e-05
0.0154097751838338,6.544358331323858e-05
0.0100012986405544,1.1205166337805489e-05
0.0197953328182804,6.532533802859547e-05
0.0099612237998013,9.909011872981639e-06
0.0142166154447822,8.12700748050715e-05
0.0054137136660278,6.269753691516546e-06
0.001964267747672,3.3083499891040357e-06
0.006183069583888,2.061445158684422e-06
0.0013033468862638,6.272463285086879e-06
0.0036764943618428,2.6922526876644673e-06
0.0195603133786752,3.086280273248127e-05
0.0194675627782636,0.00011481147891304161
0.0094895175587271,3.3175172496626954e-05
0.0087805879565864,2.4073831528193796e-05
0.0024657734278737,1.5164715632850942e-06
0.0002886886794214,6.684798956011306e-06
0.0095020201583096,2.2110769374393655e-05
0.0074872292794758,9.107601085305125e-06
0.0148082119624682,6.885105235028433e-05
0.0118123339855408,2.439114674810212e-05
0.0182501063785012,4.939542798386374e-05
0.0045762596789137,6.468041657981348e-07
0.0154126676426657,5.414709263368181e-05
0.0045729935065295,1.981057617363022e-06
0.0035166611247441,4.438405291008714e-07
0.0140879720027442,2.5878543903136936e-07
0.0059042397225858,5.457967750501846e-07
0.0065864477518935,8.033563858970892e-06
0.0099733086994195,1.0855477592597735e-05
0.0166609082713204,6.818210620580461e-05
0.0198315292878467,0.00012428665808806016
0.0178053103231295,4.8671312472672895e-05
0.0157633919511262,3.545624255100168e-05
0.0093728410205493,2.3378780292755975e-05
0.0179729134027146,0.00014420539476093128
0.0132284876233301,7.63508841301573e-05
0.0101359027152717,1.3362438070465882e-05
0.0035449428035181,4.700715493118583e-08
0.0024002078503382,1.1391799938507497e-07
0.0130818681976363,1.3937818645205736e-05
0.002396787991639,2.488635239178319e-07
0.0063234254093845,8.845834285050889e-07
0.0177337887713855,0.00011959347063239562
0.0087361330238507,2.2777098964477674e-05
0.0092468269411368,2.9078730541360238e-06
0.0165633765511572,5.2180581425461866e-05
0.0042633845417635,1.4388633153203653e-06
0.0005473949223832,2.8693075989563777e-05
0.0043404196774255,1.2555200988366949e-06
0.0077378415923326,2.064507694294479e-06
0.0184309326531612,9.371470414866616e-05
0.0170357476179119,5.576624981537363e-05
0.0122970360527292,2.5916870890980005e-05
0.0129463713203665,3.70621239164148e-05
0.0140280150643499,3.7044267734126495e-05
0.0148613364591248,5.568693462481841e-05
0.002876691322076,1.798426852548631e-07
0.0135570426096623,4.525874296870705e-05
0.004998979249482,1.165317834052212e-06
0.0146977418867968,2.742411324050714e-05
0.0049538955554939,2.782308303618063e-08
0.0128497752407194,1.8723140425871113e-05
0.0111973307130453,2.060138660529475e-06
0.0057026527601368,2.4153897910771856e-09
0.0044900673322037,3.4756765944642e-07
0.0074248585412665,7.860442294166965e-06
0.0060349670408049,7.045823145726091e-06
0.0120247871072951,3.963139937693981e-05
0.0110295162837625,3.499747805587969e-05
0.0036994145708365,3.960534140881809e-06
0.0024476281875374,9.085738858387008e-07
0.0014281275220504,1.974976365655793e-06
0.0113423802295782,2.8342799968011803e-05
0.0001516428176483,8.066938319839444e-06
0.0089407103733087,1.8294851209347597e-05
0.0135860569766131,5.6633921241494315e-05
0.0130836306572395,4.565261813904681e-05
0.0101711787479181,3.721147589489182e-05
0.0102739737355082,3.105247064847826e-05
0.0156200879161986,7.01841924559e-05
0.0109645011442415,1.9910540577806715e-05
0.0154228289250451,4.7711958432278574e-05
0.0025806662697688,8.983326481733592e-09
0.0002605617522549,7.145916356675047e-06
0.0174348988257116,6.395927377510255e-05
0.0196566696501435,0.00011423230299565797
0.0142030322466247,3.987523913254564e-05
0.0151662839670525,7.26594985041664e-05
0.0068194645113209,1.2458415539665223e-05
0.0026076106762333,3.6179225250305258e-06
0.006503222118883,5.513958075478892e-06
0.0035105250377016,3.880865268832139e-08
0.008496499816031,1.9532019095921776e-05
0.0169282632162783,3.8976084126152903e-05
0.0194328704264027,0.00011221708684207449
0.0079334667071364,1.816242212605462e-05
0.0014391014827178,4.91464065236556e-06
0.0019710702645589,7.542079613212204e-07
0.0188119875296286,5.4967602040086774e-05
0.0122699989173592,4.771771687427517e-05
0.0045701386517704,1.75749427561363e-08
0.0137948123150966,3.247685250631597e-05
0.0174578334757938,5.974488994580932e-05
0.0175354479043224,0.00010225309008878874
0.0019914636414428,7.739852756596604e-06
0.000423919057515,6.196817835572131e-06
0.0044886057891799,9.621024669473148e-07
0.0114993226309546,1.5371670041174182e-05
0.0078711014572825,1.4947975541918554e-05
0.008680607109425,1.8767340194667302e-05
0.0111612920852898,1.4692211782731942e-05
0.0017751662121442,6.627738398511507e-06
0.0076329883130908,2.7920966395236698e-06
0.0067536374778789,1.4424682130991958e-06
0.0146704466540992,3.846942911113155e-05
0.0032413622395969,1.4824217144552866e-07
0.0123488617838475,3.339436931259411e-05
2.997310901855732e-05,4.62561896635908e-06
0.0170267038561492,7.964530635156308e-05
0.0144228092488055,1.5429785081927056e-06
0.0013631269539351,5.651931194547234e-06
0.0048903685337352,8.044524765871315e-07
0.0086023505162348,1.0896593455465981e-05
0.0091681790227505,9.69441056380175e-06
0.0144984950362989,5.91401876648147e-06
0.0136646304462585,2.5062289280248103e-05
0.0159986951844445,5.2602181746270196e-05
0.0055647610779052,5.952571359208152e-06
0.019555576461581,0.00011901288051451569
0.0196041019963482,0.00011308656480615206
0.0065617729711024,7.513295911305003e-07
0.019971163860289,0.0001552686073193844
0.0158727669866588,7.18598658587529e-05
0.0016588273654269,9.5677074543783e-06
0.0010838629751768,5.713696199404283e-06
0.0012664290906986,2.702916854448276e-06
0.0166438618486811,2.535595659497875e-05
0.0187991304966534,7.459082789985271e-05
0.0092191802013646,1.1851169412144822e-05
0.01173854286469,1.7448778710374228e-05
0.0088831827351433,2.6046505382090917e-05
0.0130753100745377,1.2743962265414926e-05
0.0131369854011601,3.151891556460193e-05
0.0074854605844198,1.4999519544055443e-05
0.0182875272364202,0.00010136888413752556
0.0027458871037492,2.055901674630029e-06
0.0076639105038072,2.53955325114588e-07
0.0045335885339533,8.079397603247387e-07
0.007521654504978,8.902284823255125e-07
0.0031302607810557,1.0959757495162039e-06
0.0003466824647621,6.1170649392692585e-06
0.0014148224615993,8.55551665804213e-06
0.0005257889340855,9.126996007696187e-06
0.0076855499952368,1.839372687234146e-06
0.0090594290640512,1.7931626245153616e-05
0.0184805253823527,6.118119969098892e-05
0.0191062532893755,8.778959373662381e-05
0.0199120192134566,4.145710171929066e-05
0.0008279518289056,2.4310189398373885e-06
0.0140378590129902,4.6422334505586584e-05
0.0060337368934085,8.877090835676468e-06
0.0068880917177311,6.81020659643209e-06
0.0052873655346311,1.40344915803122e-06
0.0199763953817339,0.00012999060914859544
0.0137629515150948,3.69240782769899e-05
0.0069003140042359,8.988991073820397e-06
0.0081383111791628,2.4864606247645338e-05
0.0159061903415219,4.2466705043903444e-05
0.0005861417055823,2.288790692193723e-06
0.0159034032180088,4.409947597323499e-05
0.0121825599912695,3.5202632324523084e-05
0.0017920459307266,4.760612618869806e-06
0.0129418673735799,5.762105540025775e-05
0.0068785921691643,8.93191108503555e-06
0.0012254028520975,8.780404850489366e-06
0.0016175269635768,4.270928115175139e-06
0.0189891907285998,2.3005872900393715e-05
0.0110558744453519,4.84260664438311e-05
0.0042380328356746,2.321792961789531e-07
0.012881513662132,2.9079304240005446e-05
0.0092103365216578,1.4703143929022937e-05
0.0038206555827058,2.030186463051798e-07
0.0120210983069745,2.384968041180013e-05
0.0019987243024469,9.631206345871008e-07
0.0181700968401854,3.509056904005741e-05
0.0159704806823472,9.035957900756135e-05
0.0078814052940475,2.345129672391774e-06
0.011327125561794,5.282533867109628e-05
0.0017091979668757,9.688411272489119e-06
0.0069418975575241,6.2873279621958e-06
0.0055100210113697,3.605879728678724e-07
0.019868879235935,9.210500720767269e-05
0.005290195590575,6.888900265421874e-07
0.0176554239904617,3.475470466535775e-05
0.0009979809445287,1.5043953991429318e-06
0.011212152354605,5.312510926112026e-07
0.0034741932437529,1.9623968616311114e-07
0.0053999887995536,5.6359143721633946e-08
0.0001924638733207,2.2906011020619036e-05
0.0003567492379092,6.129522991129374e-06
0.0091092494655897,6.6839248842098445e-06
0.0104287365599999,2.156533544044101e-05
0.0114364261876263,2.893903500495151e-05
0.0094213952727139,2.181048600699767e-05
0.0109819419667493,1.4833394140276259e-05
0.0174668858602725,5.7185001961936095e-05
0.0089047875378004,1.1227827618975704e-05
0.0184193683336784,0.00010154427333640077
0.0001912465445338,1.6933102215571434e-05
0.0050384216043172,2.016406251148491e-06
0.0072288848790937,2.820346873718254e-06
0.0061449090070213,9.529428692011629e-07
0.0041563197710193,5.25477544269494e-07
0.0114480719425182,8.504209427605868e-08
0.0016875947914446,2.2956533209064823e-06
0.0073087389712556,1.0383075851280508e-05
0.0004990038393229,4.419556707536955e-06
0.0069736134026089,1.9635825246579745e-05
0.0021636324225257,2.2625333755549315e-06
0.0072484500556945,9.814191329527745e-06
0.0182031113021117,7.898286338810688e-05
0.0063685189459802,4.159454639142239e-06
0.0173066555034034,1.2802043387391934e-05
0.0177217067200418,4.2912550616282886e-05
0.0099806983636477,1.1149890095272366e-05
0.013539987372259,3.5542073499943985e-05
0.0043496793286258,5.935280675707708e-08
0.0075060704140778,9.485805773830004e-06
0.0080784582149819,1.5804806386224172e-05
0.0109595815888737,1.716846782094786e-05
0.0010287475146034,3.7554427469497145e-07
0.0055340801857806,8.31089385135906e-06
0.0014269349904364,1.7003118803167829e-06
0.0150600626048591,6.039898443123316e-05
0.0109209154017228,2.0193410741800856e-05
0.0052541484987347,1.4860490777743537e-08
0.0011396444152492,3.0757498115708163e-06
0.0162839830728076,3.381871393124904e-07
0.0006156021346504,9.560854319001935e-06
0.0013924748357146,2.3252315982279076e-06
0.0055267977534255,1.2729652692801687e-06
0.0032020434086904,1.9730148748884595e-07
0.0149647777855212,2.392091108351803e-05
0.0006393532228696,6.952370334457949e-07
0.0181028143783044,2.851371605914247e-05
0.0038035965916701,1.092253474133012e-08
0.0051489728752518,2.517813800300825e-06
0.0133212254384563,6.061497358873969e-05
0.0063448393850325,7.430667017707431e-06
0.0103070165649047,3.5626513040677155e-05
0.0178114144238478,0.00014357409501955604
0.0129800331752652,3.341494345906241e-05
0.0114723551330576,3.851499394114176e-05
0.0143479186047262,3.0040609160428887e-05
0.0167940910845693,0.00011853498716746171
0.0085412788608195,2.207666481522331e-05
0.0080338411050008,6.443467258660012e-06
0.0155299313528355,5.6513627572362166e-05
0.0106269086751492,5.668424915723385e-06
0.0165602239604318,5.408154485677365e-05
0.0040598974039409,2.998531455245907e-06
0.0116968462692009,4.145243317708874e-05
0.0160198291042576,6.89674743400581e-05
0.0019632119308635,3.0452486965808357e-07
0.0071436599970431,1.9192237281032854e-06
0.0146776659511387,6.536338734808527e-05
0.0058954991082721,3.105142461047284e-06
0.0138698234413518,5.989597051177096e-05
0.0108518514262479,2.42718213728743e-05
0.0051268036951414,2.6824089429688706e-06
0.00846861617565,2.0764881485411983e-05
0.0044257870283247,4.038755607591737e-07
0.0068697419357735,1.946191019994963e-06
0.0049506802568585,2.789685028743569e-06
0.008039326147434,1.4917114349714989e-05
0.0135476662219156,3.0473391785411294e-05
0.0147831240603958,6.869531068363925e-05
0.0192053149960982,2.6544525018919966e-05
0.0045486758116749,3.5047286601481315e-06
0.0105838686419766,3.0011196823366354e-06
0.0153319101625452,4.549907784320499e-05
0.0011605248078516,9.85751006791942e-06
0.0036128256473381,1.5742770750959564e-06
0.0185079591191546,4.321524782698971e-05
0.0070550099596878,9.776015282871283e-06
0.0095034161074113,1.283906289171376e-05
0.0116047946219045,2.7801800654940276e-05
0.0114963774284682,2.5807088888745037e-05
0.016786811808102,7.19872368675063e-05
0.007690801134073,1.0211531779192593e-05
0.0009546807666253,4.016251976183915e-06
0.0099731989273862,1.2003636331590348e-05
0.009527609977507,1.1063409798584448e-05
0.0070535094538418,1.4268669566831169e-06
0.0105475276907695,4.12100102839554e-06
0.0085600372485313,1.1970016561958084e-05
0.0023843058257193,9.250925383915745e-06
0.0059115322486316,5.106467354448697e-07
0.0175631482698087,6.930852744182736e-05
0.0033168242726437,1.642166702198203e-09
0.0086251093671801,2.7401438988809517e-05
0.0020886699459616,2.9151143663843358e-06
0.0005456524441662,1.2167010277395876e-06
0.0143345579683898,8.157659945916168e-05
0.0168557676867064,7.515049316198175e-05
0.0138753084978035,5.5528590804340455e-05
0.0016238539929008,2.866664936429604e-06
0.0133084930024027,5.508972314349588e-05
0.0102004110911103,1.821223013169706e-05
0.0193037207490847,3.300169227100486e-05
0.0094424205032536,1.6975244155586366e-05
0.0178572548350205,1.825679591520656e-06
0.0109248995119043,2.671593300873495e-05
0.019478355791684,2.726560227723507e-05
4.38482475667179e-05,1.3267346311769794e-05
0.0077347090226918,1.5771507877513298e-05
0.0115784034743376,5.24202332188105e-05
0.0065101614473192,2.8586362939591133e-07
0.0153895939313117,5.685744688767264e-05
0.0030365292712994,1.8743133043419148e-08
0.0180722639230862,4.519917162150323e-05
0.0198361945927418,1.4117398525375129e-05
0.0126992995333925,2.823359265250375e-05
0.0050344864048401,1.810860220661787e-06
0.0197348775422343,5.7191587464381444e-05
0.0150504016172609,7.47525409625682e-05
0.0106096360615476,4.6844063263961775e-06
0.0030038623242834,2.2769867753124916e-06
0.0140400169483149,4.4287885431527825e-05
0.0042854396363884,6.40469842427617e-06
0.0157421225044329,3.5223900057107815e-05
0.0056164284699277,6.869270790172998e-07
0.0063405690460585,4.7721649973850245e-06
0.0045319299922231,1.582528909509351e-08
0.0071036262932198,3.238972024015247e-06
0.0002228815295144,6.596390465774443e-06
0.013909765773671,3.849166137964251e-05
0.0016859299962566,8.667492553650902e-06
0.0039558637797643,7.089459544174632e-07
0.0123445260938507,7.521004924908513e-06
0.0151312386221972,6.632837431881025e-05
0.0056961455784651,8.216750861934983e-08
0.0105704171998709,2.5335368207205046e-05
0.009160061727866,3.282983411652953e-05
0.0122422126816087,2.494398120643303e-05
0.0095714449135664,2.310361636026286e-05
0.0011738726200354,3.4881181026473622e-06
0.0026606375408314,2.6499140144022335e-06
0.0027971834509393,2.82765135581993e-06
0.0038030606883156,7.060669412709365e-08
0.0031524889009745,2.999756181795509e-06
0.001639401125854,2.3918594702648626e-06
0.0082272413579065,5.807630221617228e-06
0.0176489865412667,1.4239809920794132e-05
0.0027639808515258,4.639522219466557e-08
0.0115949444018152,7.69051780981385e-08
0.0057138968913942,1.4056998392811153e-06
0.0009041038698982,3.262331118973585e-06
0.0190862914505873,7.495965262998835e-05
0.0133679900191999,4.084766054182499e-05
0.0104718073712844,4.705478144095726e-05
0.0199129232608696,0.00010912180443514704
0.0149977034150638,7.7865245262149e-05
0.0143100490487152,3.183761628434011e-05
0.0144203665033718,2.902484070305845e-05
0.0166232747199742,9.623431889588795e-05
0.0092383222574476,8.401696205891105e-07
0.0039859010770417,1.9171810253747855e-06
0.0165097040153385,2.147649451831325e-05
0.014589550969122,7.867908236229007e-05
0.0030295541153935,8.920310949626926e-07
0.0082985125878271,2.0510789236864412e-05
0.0124649660450086,4.716183225377358e-05
0.007533793305079,4.7012864142567055e-08
0.0194513190563485,6.166774050003812e-05
0.0124297983363335,5.6647907836988074e-05
0.0028124451976836,4.5156025652704706e-07
0.0109888249824848,2.932783324218138e-05
0.0167947358791854,6.601073706105268e-05
0.0091201264466099,2.144126882650854e-05
0.0126440713921251,1.069674636321985e-07
0.0102307084366576,1.2929591356550258e-05
0.0109713167360347,1.176310599311013e-05
0.0083942498032785,1.062720378289553e-05
0.0104678759949109,6.291053323507137e-06
0.0158638747252375,6.31980470432772e-05
0.0045576438478756,9.343942788880959e-07
0.0013501604006347,1.3126494056789665e-06
0.0055061785824024,6.4222673695808105e-06
0.0110493753866506,9.856945769059951e-06
0.0181864912407213,9.67700861796582e-05
0.0062949699687473,7.098834160271823e-06
0.009559439271312,4.300267763236124e-06
0.0080766096387268,1.0228304311221805e-05
0.0118214107992463,6.431629223110487e-05
0.012465523279948,3.945663309600873e-05
0.0069780092040789,1.2685750517326451e-05
0.0145204672637951,7.228200892874301e-05
0.0111524112926488,2.8159332222749666e-05
0.0015095497301565,1.615067242370935e-05
0.0006090675935728,3.6264661280445318e-06
0.0054499231599419,1.461814023201304e-06
0.0114860255010201,5.326249152668313e-05
0.0005474744070092,2.052791550951421e-05
0.0073540045427338,1.5341238524291014e-05
0.0159057002306946,7.32335226806564e-05
0.0186567029176862,2.845914033040009e-07
0.0143724203468052,8.519626631967146e-05
0.0143950489975729,9.611537230476399e-05
0.0166306612111481,0.00012388664391743567
0.0125763052835482,2.398663187621247e-05
0.0112716942801933,4.2146162607587876e-05
0.0109213554091376,3.234340778601688e-05
0.0077203880328207,4.610898128622196e-06
0.0014888172581585,3.51828054462466e-06
0.0060870086399402,5.741803902461565e-06
0.0070679363112228,3.5513748581050927e-06
0.0033335048579573,4.287218044570543e-07
0.0100406187498497,1.77389491738603e-05
0.003576945119799,2.6465077035623436e-06
0.0027644990399818,7.840179393480285e-09
0.0109091519250449,3.786676428357464e-05
0.0126818105898565,3.582716066141518e-05
0.0005641412717543,1.3937786671365069e-05
0.0007897034732093,4.793854698566155e-06
0.0146018835549682,2.865275545230756e-05
0.007678839093861,1.5031649984824118e-05
0.0146896511859483,6.193868406573956e-05
0.01814572415106,4.292565934965234e-05
0.0110398964419518,2.440821872736226e-05
0.0071191235403002,2.837561181856942e-05
0.0068477721744343,1.1960238496942668e-05
0.0141415229336866,5.948102304983914e-05
0.0091309088471886,4.723532915709992e-06
0.0147873650605811,6.383852482054395e-05
0.0019083135084061,1.85726474667912e-06
0.0091957020695992,9.06991707305737e-06
0.0169227450194356,5.475991187690045e-05
0.0197926145594118,6.048994117974216e-05
0.0109914491203684,1.4906716506059085e-05
0.0112802047971915,4.5496696860278256e-05
0.0163888769483408,3.951133164022615e-05
0.0147421919492539,7.664656629609693e-05
0.01894237441764,0.00013340995650509512
0.0139764440787843,4.442871556855349e-05
0.0121792661645608,4.7155509625576396e-08
0.0151978512361766,6.327618409839225e-05
0.0135887708851609,6.068380729277564e-05
0.0079892711870215,8.046881344752525e-08
0.0167257840181044,6.619106142337797e-05
0.0126637241691833,6.631054349463507e-06
0.0065319791279144,6.466234307108313e-06
0.0170346563276688,8.006180591420318e-05
0.0174190877799963,8.181202983913235e-05
0.0081319845765988,9.605760936161245e-07
0.0180574973091944,0.00012219430251415663
0.0116865745457081,3.315299221534211e-05
0.0102034386265501,3.2721549161931885e-05
0.0053255853519048,2.971041884944279e-09
0.0106678741291973,3.9452970131905054e-05
0.0026587322885544,2.579638011975669e-07
0.0080450590148013,5.113816568364305e-06
0.0103926313245128,2.488025267017525e-05
0.0137448123410067,6.0473692670495446e-05
0.0097801282168186,1.754680584057809e-05
0.0101194349675383,2.1354683278887344e-05
0.0068812699508704,2.8133718030931223e-06
0.0111065362052435,5.974658503724537e-06
0.0180216642873798,0.00013669342941709754
0.0155032358419652,3.0754785365244474e-05
0.0065786952299929,1.2786621727212403e-05
0.0182737536008685,0.00010563359025418862
0.0094252361947736,2.2555516621716926e-05
0.0081566326715909,3.724736153833767e-06
0.004432872854027,1.7863083372559793e-05
0.0132686053030269,5.127455587946591e-05
0.0160496497441128,0.00011321840324044684
0.0047092469101432,1.6081474030285841e-07
0.0184393931126761,7.868414682209502e-05
0.0113483708085951,1.8722102885343397e-05
0.0086647385906497,6.222099254944937e-06
0.0110565907057842,2.1487896052089223e-05
0.0143675842869015,7.026732612011631e-05
0.0196078673625967,3.6982369545316215e-05
0.0088073695420557,1.6382641090174379e-06
0.003634794694617,3.092212444855462e-10
0.0067910205727761,8.80535402953084e-06
0.0057920158369877,3.36252149661731e-06
0.0017663511888687,5.059322703943928e-06
0.0023648283578957,8.072170778684016e-07
0.0095950767454283,1.589146514434055e-05
0.0082587531923796,1.3479724938170965e-05
0.0133331474243576,4.6267311237245845e-07
0.0091614464374277,2.0991431214349817e-05
0.0086050102802689,8.205944390891545e-06
0.0041282406677387,2.114320333824883e-07
0.0099963476061206,6.555852974959175e-06
0.0154485791287403,1.6748793453236636e-05
0.0021361830254167,1.1975572349726285e-06
0.017046330445353,5.74495090638044e-05
0.0107738186160485,1.7154640439229985e-05
0.000436090821271,5.9821781492424e-06
0.0001130114934369,1.0144216833668272e-05
0.0044316927350669,6.687999278130349e-07
0.0032938224424457,3.648621922250968e-06
0.0115833493109669,3.387182763534813e-05
0.0099146272344667,2.3925973200843313e-05
0.002793355076328,2.1885548718593112e-07
0.0162798954196345,1.9251564778043888e-05
0.0040461837314938,3.030914593064678e-06
0.0007112757345597,1.8584840905124147e-06
0.0124634268007323,6.899200366280702e-05
0.0162763671517342,9.076506368380914e-06
0.0150171430530218,6.268827631084707e-05
0.0044187486371511,3.5524864224782928e-06
0.0132474388332098,6.313387062204483e-05
0.0032748574002818,6.873493554312722e-07
0.0109438368439861,2.3862742974306525e-05
0.0072031055053172,2.308103237310036e-06
0.0132044298927908,2.7514673277067966e-05
0.0015017758951024,2.8986242364780285e-06
0.0047934900289392,8.844477052029356e-08
0.0020269009656098,2.845620855285011e-06
0.0091438656274648,1.199766867354857e-05
0.006429668493851,1.5865780816061363e-07
0.0167109639067692,4.988431615241907e-05
0.0175038616882605,3.546017059152829e-05
0.0035941280594252,1.1809485510312672e-06
0.0148273281114043,0.00010840460390994816
0.0033415265130493,4.947437504967699e-07
0.0004902225250032,1.0283945779998451e-05
0.0042938455739433,1.8036674286516232e-07
0.0086740068388048,6.368646541172099e-06
0.0077649972330783,6.261384695489428e-06
0.0154301512153591,6.51512633534986e-05
0.0043450939198418,4.737299612200096e-06
0.0055242127718789,5.350951160124543e-06
0.0100657260042448,2.7026640296001663e-05
0.01724421190769,0.00010474767531485286
0.0084533077283087,1.4186962974493921e-06
0.0121954913843067,2.3480708366734694e-05
0.0031150632141075,2.406283633977074e-06
0.0146567536627047,8.698983525022259e-05
0.0188100598754329,0.0001389325154065302
0.0113891692819937,2.706094382174885e-05
0.016307936162119,2.4228273927896448e-05
0.0156780787659791,4.1157543494223265e-05
1.162994010235785e-05,2.4438383223617362e-05
0.0072692826917064,7.343547348030845e-06
0.013661102223688,6.16326333155721e-05
0.0069647379163711,6.437975244391489e-06
0.0022038824255433,2.023512264295723e-06
0.0131314133436493,3.008939669490377e-05
0.0015452611951302,2.5627440607282063e-06
0.0046801226768086,5.82965630896824e-08
0.0010619059960789,4.699225985698167e-06
0.0049936603199388,4.58230768069344e-06
0.0137544684168295,6.762400107015779e-05
0.0038839125186978,3.5193835231353265e-07
0.0080453283602412,1.279955361043869e-05
0.0108606619505651,2.0618742831445282e-05
0.0047216953866988,3.0033519000956736e-06
0.0063061639629145,7.3377255624477436e-06
0.0003050033029271,7.70883600685495e-06
0.012114167829066,3.3728051646284356e-05
0.0141601814082904,4.897044282456047e-05
0.0154441359910407,3.5889798792884006e-05
0.0092709127980173,2.0760662745475725e-05
0.0145534239902022,3.1464871868140644e-08
0.0096804699913215,2.206218221267128e-05
0.0006192926326232,8.926363263113951e-06
0.0197830032800714,0.00012619753266882255
0.0076813053961944,1.9339900016769126e-05
0.0157926836840476,9.604426433820834e-05
0.0105048449099236,9.348680460643377e-06
0.0174012974606319,6.684004276205532e-05
0.0040859153818632,1.3418133286274457e-06
0.0036536514170626,1.8363189440981927e-08
0.0197602007836039,2.7129625662195324e-06
0.0089998645864944,3.095968976527146e-06
0.0027656252969838,1.593979233809378e-10
0.0030971577019276,4.553853398867768e-06
0.0099445603224571,7.705242902974024e-06
0.0109056639837505,1.4176971749985398e-05
0.0092448237112497,2.3362598619403742e-05
0.0061396472102544,4.7022117942644374e-07
0.0042785480013107,2.6955112869802594e-08
0.0016096275632437,2.8015604519075083e-06
0.0067611568382939,8.70521873925903e-06
0.0166342771764688,4.2551633392899856e-05
0.0043607207428287,2.5398841495941254e-07
0.0097593506532768,1.6202792721828797e-05
0.0004088459134011,2.6947036842939963e-06
0.0105086474423523,1.8419540143486573e-05
0.0158207748372076,6.995218865896646e-05
0.0005788323441012,5.439871770485987e-06
0.0060048755217964,1.3763514491647115e-06
0.013604333361924,5.036417026273669e-05
0.0188618794200902,0.00014615667525089
0.0072096663126787,6.502176508797209e-07
0.0159004171606501,9.613153874076373e-05
0.0118765005935217,6.199108798565087e-05
0.0192043968479838,0.00014972220629070376
0.0128844182990929,3.6095800201027645e-05
0.0101492400176339,1.875325057611382e-05
0.0157105940733999,4.721037049423425e-05
0.0002653321455365,7.076318570515354e-06
0.0004073050807828,6.272870602660533e-06
0.0035431963961515,4.9615127993656e-07
0.0157312013373923,3.820317917004885e-05
0.0076763575624002,7.1752637835642e-06
0.009434629062161,1.0441280803586335e-05
0.007548816593191,1.9495679595442085e-09
0.0118470053401116,3.409884922276981e-05
0.004488270209076,3.1232822469939334e-06
0.0130041597320169,3.8106645056143433e-06
0.0005545366289594,7.877338268649803e-06
0.0116959821021251,9.109506406178634e-06
0.0172596077253462,6.6557642465427e-05
0.0098457749492959,1.9015346136552594e-05
0.0140298633509478,7.738882691814392e-05
0.0059113077190007,8.299049613298243e-06
0.0141569926248893,2.0328806696082495e-05
0.0188219559952342,1.9225460033795864e-05
0.0160642127530149,5.635600305264447e-05
0.0175403509958719,6.697238941389041e-05
0.0191062117125383,8.679224242284572e-05
0.0008406340346348,4.5339357922265e-06
0.0193811974594642,3.154469868251003e-06
0.0166548447035606,9.758219953310335e-05
0.0137820309297538,7.346962213512386e-05
0.0006844048217186,5.1286459357377595e-06
0.0040201356748919,2.781266329630701e-09
0.0157673827115702,7.262946753187953e-05
0.0180003588118227,5.792194934150594e-05
0.0193187636337488,0.00015802339187109783
0.0063796847801009,8.025641706040575e-08
0.0068650849556941,4.501888774435167e-06
0.0029721418269939,2.0969557891180925e-06
7.878664812596803e-05,1.4819122266077239e-05
0.0193779944219168,0.00012673613942785524
0.0124250914598844,1.5251509371324468e-05
0.0176349499166992,9.535367471588419e-06
0.0136439427122465,1.6279644280061845e-05
0.016769514125674,7.247371461200685e-05
0.0150011650121833,2.412902897241091e-05
0.0019504602099401,7.617577833335348e-07
0.0185059421348502,0.00010667807834473883
0.0189079359339039,0.00011940156188847004
1.8377739012733763e-05,3.3175910703392124e-06
0.0052013692389574,5.200545232794701e-06
0.0183505924944325,8.266996789719852e-05
0.0150069172973488,7.259422324435149e-05
0.0041374077445176,5.62718375119593e-06
0.0195167019319001,0.00010329957386093455
0.0079555785663561,2.663780536301451e-06
0.0037175352373457,2.954311104322627e-07
0.0177529550884751,0.00013945204500650471
0.0163566290372953,7.01813915829804e-05
0.0181697702477247,0.00010392872695102882
0.0178194495482038,8.181381864988326e-05
0.003818139479343,7.833077578321273e-08
0.0143209497486947,7.615987564428289e-05
0.0074809581079475,1.2224507169015028e-07
0.019687427515829,0.0001487121143322419
0.0140291416776197,4.663515489581151e-06
0.0127019478776223,7.054595604026054e-05
0.0117443803664051,4.101164250601617e-05
0.0166436516847887,9.775837682064593e-05
0.00245568984398,6.154828413833436e-07
0.0128403962200045,3.40079619541599e-05
0.0128858572809178,7.201317255713998e-05
0.0010895979266203,6.478660280887751e-06
0.0024532707081314,7.570575990438438e-07
0.0136426714084846,2.647346111313272e-05
0.0036131494549647,2.998702615511384e-07
0.0030185025690162,5.55898725328107e-07
0.0149506536864151,4.076043086203957e-05
0.0128856462536749,2.2861546873807375e-05
0.0104416371154194,2.9443606986680288e-05
0.0051928074996077,2.617529438593207e-06
0.0085257068298676,1.3310108689299146e-08
0.0066493322288657,5.616180433363621e-06
0.0117421538896699,1.7138259797023284e-07
0.0072343631360033,8.587941351740221e-06
0.0182589732342883,9.862241493656433e-05
0.0151632344342143,5.378793114800114e-05
0.0110093755204172,1.534084785511695e-05
0.0067052995159251,4.5987100438197585e-10
0.0008557811146759,5.9862595610178494e-06
0.0167566461062695,2.6533823962779714e-05
0.0190096565716826,9.698058801113598e-05
0.000339185718394,4.157739493884071e-06
0.0102376379781503,1.4407573462070917e-05
0.019610546407427,6.17727211477408e-05
0.0184826757169517,0.0001500577789503299
0.0094952536977775,2.803084208219372e-05
0.0138418146855823,1.289422057250205e-05
0.0168112508232376,8.775106976254543e-05
0.003368949319632,2.2509960942647035e-06
0.0097008086525424,2.0622498334138406e-05
0.0017773506333546,3.864986134768317e-06
0.0179814089292132,9.52122408392289e-05
0.0161141167193954,5.4162379040925194e-05
0.0142562893924851,6.496563538233152e-05
0.011904037154418,2.9000926685046292e-05
0.0190062679893313,0.00012830209399885919
0.0028204182592267,2.3724951770929965e-06
0.0048585298435385,9.642462823847071e-08
0.0078190227578841,1.2874572465033712e-06
0.0055601688762397,2.4421783510279517e-06
0.0096142463250448,1.331286959616004e-05
0.0103423277596085,7.282922940720484e-06
0.0097534738699349,1.028912524124082e-05
0.0036030592959931,9.329803203892616e-07
0.0181801850478875,6.448945881112639e-05
0.0059890506129211,5.8692397878450256e-06
0.005629351197589,5.686232222041644e-07
0.0087983813085861,8.540161927214295e-07
0.0096981133861853,8.23191599560243e-07
0.0155801969380585,0.00011477458328080475
0.0080187014995751,2.177142409952373e-05
0.0017628447063514,1.1744199283873e-05
0.0057551015886732,7.534418944257002e-08
2.868675188141268e-06,1.1382696853224285e-05
0.0063579521676175,6.699418354413534e-06
0.0137889657991851,4.657574782305718e-05
0.0094089234926417,1.1976598180899106e-05
0.0043714615702208,1.2823838176330803e-06
0.0162913380045321,6.424433452507235e-05
0.0083084100487509,1.5211607248314604e-05
0.0128842945846316,2.7098315276381588e-05
0.0133789572007993,2.8870981385527442e-05
0.0028508060444588,9.259138565418193e-07
0.0056611357191846,6.254816484758134e-06
0.0094537787858278,5.269441339409414e-06
0.0131729866255845,2.094911108803251e-05
0.0023545833095529,6.50293750760187e-07
0.0151801826807126,6.092560101588544e-05
0.0077242240067697,4.560832447934439e-06
0.0094087488870883,1.1154408661737088e-05
0.0158628031417267,3.8838986341207674e-05
0.0137889961376139,4.018558290233509e-05
0.0033594914816868,4.66142693716373e-08
0.00229806460573,8.624721469938011e-08
0.0086234827038036,5.946793741446274e-06
0.0057678184340433,4.275747895074359e-06
0.0059245053792454,4.833786607874926e-07
0.0101448605755881,3.8259811673485105e-05
0.0081611199382194,2.9870235102030498e-06
0.0064203427120079,5.094438706945239e-06
0.0034308897560705,1.5359521203812953e-07
0.014385082431098,5.177971497574656e-05
0.0193273483793856,7.382495342191804e-05
0.0109745715420993,2.5860827063230317e-05
0.0040526570255328,9.489594117091934e-08
0.0118777060156688,1.9947545467060243e-05
0.0054225143368006,8.791000479475015e-07
0.0097089153593903,2.675936563188892e-05
0.0008825075577632,9.650916543612892e-06
0.0145249991395133,5.3625567780107885e-05
0.0143642645104337,2.8047762744998666e-05
0.0169578773440783,7.032571787946048e-05
0.0008976423089282,3.4661705206553695e-06
0.0159233353322776,4.467486962599973e-05
0.0056687152816347,7.356679539983751e-10
0.0115273914788041,6.035598441749559e-05
0.0020421427867878,5.099883658873028e-09
0.0030799935574502,2.9174643211369647e-07
0.0018246914951836,1.769597381583699e-05
0.0151072669938677,5.89008491332834e-05
0.0178222599726893,9.078716464674774e-05
0.001867659253751,4.7100333804107536e-06
0.0057553106726556,1.7233911546541932e-06
0.0121856331880702,1.7836413617782348e-05
0.0128278145734784,6.066744669017432e-05
0.0126241697535775,6.664642998580972e-05
0.0021563360686736,9.382553234731633e-07
0.0084694922977047,6.4361591909961835e-06
0.0093948232771167,4.874798181114265e-06
0.0126327062367315,2.576499161851885e-05
0.0027706432205704,7.446296404296867e-07
0.0196710362929816,0.00013870887132015424
0.0157841005894749,3.55455684043758e-05
0.0117911637754312,2.519732605688622e-05
0.0111917433952115,5.8725895642115504e-05
0.0089565556109489,1.8299378690828687e-06
0.0186217450209654,7.066109735865287e-05
0.0129909886052411,2.3314298958799327e-05
0.0004299685037259,6.109813858863599e-06
0.0190141677637939,8.876945616072599e-07
0.0014115580870865,2.9530012880779583e-06
0.0079044008639667,8.00405083179049e-06
0.0151595303676776,6.217495081363208e-05
0.0175628683409878,0.00010522427416164545
0.0106327082462459,3.7668364393985695e-05
0.0115220420867629,2.287478021366344e-05
0.0065561087268094,1.563825881330825e-05
0.0055398815258309,6.396202175633479e-06
0.0050521495200303,2.2322077174275305e-06
0.0153597619568364,6.50534641393357e-05
0.0192987144148997,3.475526093340408e-05
0.0107425800089388,4.2499000690560404e-06
0.0078477204280468,1.459201135735039e-05
0.0136379366452076,3.941194272162283e-05
0.006164701417515,1.8667560694568505e-06
0.0165096127043489,0.00010696446176320021
0.0078113767227098,7.134176215507415e-06
0.0040237796821538,2.577705870316366e-06
0.0019887446494044,2.171034461693643e-06
0.0027682303508425,8.694998757320644e-07
0.0051150560691329,1.2028856653710002e-06
0.0171071728632935,1.0239464500490805e-05
0.0122334639099343,8.014158128737418e-05
0.0103656883969881,2.4721713056006055e-05
0.0191940988189226,0.0001265306959418745
0.0004874462810533,1.269956474804549e-05
0.0134813710669946,1.743388231304544e-05
0.0065502423902344,8.980766776390676e-06
0.002341430022392,3.7534727391504733e-06
0.0023231378431991,1.6276684103191013e-06
0.0152721842111109,3.716893499986618e-05
0.0130904180682639,2.6933724906407844e-05
0.0192871005651448,3.767634993360037e-05
0.0098455802274978,2.3845247882186893e-07
0.0019120916104127,2.529455905435524e-06
0.0071451310787415,1.533972345608031e-05
0.001509991408362,4.585633164894029e-06
0.0147478334069517,8.605145676590935e-05
0.0169137212740979,6.693123068390141e-05
0.0053705489113975,6.366656270518623e-06
0.0178073651748328,6.698942166874878e-05
0.0055091060581204,2.0806343111748683e-06
0.0120857151029221,2.9794485461015523e-05
0.0125061434871434,9.632946867979225e-06
0.0109312942144517,3.8934808306492205e-05
0.0169418501703465,6.119747573672773e-05
0.0096664650959125,2.778180838257645e-05
0.0079746786295553,5.417906054567787e-06
0.0169857895577097,3.181555442445678e-05
0.0150726405726923,6.37724902918708e-05
0.0013197549858277,3.1883963733971074e-06
0.0175663740950062,4.5089138917160484e-05
0.0174565974678285,5.216659796459848e-05
0.0104737537286065,3.9554327784302e-05
0.0127244917367426,3.06386784689134e-05
0.0025530214822608,8.81613847896308e-07
0.0163114553095268,6.369229198835267e-05
0.0151192985007099,4.963240554415189e-05
0.0100240958608488,3.0222171366928937e-05
0.0073777834423616,1.8801763027726484e-05
0.0127133583849325,3.4119338682557744e-05
0.0163981331791742,7.888501959052996e-05
0.0141323431790833,2.2353866992546736e-05
0.0116877566254329,1.8358658273316742e-05
0.0159339872940776,7.34022238690252e-05
0.0064084910724989,6.9614037953469365e-06
0.0158472570190381,7.30527737448091e-05
0.0180140419813894,2.84557926451962e-05
0.014129795526093,1.376202870839286e-05
0.0154309362334338,4.1305753359491955e-05
0.000469633480207,8.928163870475437e-06
0.0162501878461349,1.596715475796433e-07
0.0067598660375191,1.5166572419688016e-06
0.0117008592485902,1.8596823561530668e-05
0.0129291750618734,1.8133866100592104e-05
0.0080567743284697,3.6198809787654367e-06
0.0178735394350024,9.731845910703999e-05
0.0017201247999941,5.540052437632136e-06
0.0133813190266757,4.528039564395496e-05
0.0111128437743047,3.5098036240995585e-05
0.0149217936636946,7.879022927477268e-05
0.0063287804275047,1.3502163834226007e-06
0.0030330677147253,2.273282272141327e-06
0.0068804259518828,7.4611905429228615e-06
5.930507287387865e-05,2.1775261279659313e-05
0.0074873734226855,6.198527145608018e-06
0.0031651928176929,2.902632864482648e-07
0.019131835036409,9.911707459642167e-05
0.0076217981526054,6.718848518710423e-06
0.0164818682013191,2.2496205850036943e-05
0.0016929289050523,4.676084426637126e-08
0.0020324668014828,6.467544387419951e-07
0.0172790989595109,8.706070066435679e-05
0.014777042219778,3.913824000671352e-05
0.0116275401403632,2.8296059959475883e-05
0.0189475827189741,0.00011549509935482372
0.0012580612266419,6.333705036800441e-06
0.0016219204865653,2.2698497515537012e-06
0.0085042684997228,1.1169892128896652e-05
0.0198305578734585,0.0001091571583438548
0.0020664830501706,4.01120073464896e-06
0.0056644169275338,6.728097118852947e-06
0.0008580410285546,7.498452525337829e-06
0.0001687021525392,4.989927791739319e-06
0.007895250320501,9.465111602545754e-06
0.0124800738793799,5.2636692007395765e-05
0.0129600217880759,2.8091789495953926e-05
0.0187279925578662,0.00014125774797204638
0.0021638683137707,3.7976019172884663e-06
0.0008958684362847,8.686695667962609e-06
0.0093732340296869,1.4429267935771748e-05
0.0013144034109245,1.3092000820748813e-05
0.0150627671705976,2.8669747701954624e-05
0.0062166751521516,4.4248227023835034e-06
0.0188776230888742,1.2811297403335904e-05
0.0090170516277286,2.916902662273333e-05
0.0013298281904151,3.537236038572279e-06
0.0111364754253009,1.6413387752674902e-05
0.0109912741645543,5.725032978854713e-05
0.0081826445710865,1.2131966534169785e-05
0.0020128774287011,1.705126619924451e-05
0.0088793027008045,8.988602578425472e-06
0.0093246662523512,2.7861745533767113e-05
0.0063236539656933,3.919362822091705e-08
0.0168327100226182,8.94205520283323e-05
0.0014036816890995,1.3490022813138703e-05
0.0047133718790186,3.995092022975698e-06
0.0161062571608076,8.244822963437618e-05
0.0059547611735664,7.185756367458498e-06
0.0128299624385345,2.470403283462931e-05
0.0068059051915212,3.1728845097489454e-06
0.0178580187942418,0.0001119788657499086
8.318383507742055e-05,1.2176648873515659e-05
0.0078852728563902,6.3979759726340085e-06
0.0172707201554516,6.907784918174517e-05
0.0024225667133217,9.161586151425005e-06
0.0002251496031147,6.885076190757582e-06
0.0102466256514552,2.5823056706450194e-05
0.0082896846121735,3.570966621661747e-06
0.0063446819306394,6.452653265438299e-06
0.0072180810497939,4.036854473869959e-06
0.0040839159030758,8.429697227249138e-07
0.0074330950900518,3.1789085499097023e-07
0.0184467652424344,1.8010864528254153e-05
0.0138494438091407,0.00011014620991617733
0.0036195503962891,1.577738874191852e-08
0.0183237785964021,6.259346817015149e-05
0.0078085720355509,9.069981399087824e-06
0.0166809725253007,5.86422820480297e-05
0.0048828731289259,4.556893362945391e-07
0.00274167186121,1.0972361424166048e-06
0.0016288957312392,6.573481707821186e-07
0.0118595283277603,4.8724289365301316e-05
0.015198473323668,6.751682230759252e-05
0.0037913614658736,6.119843969096733e-07
0.0028595850013689,2.0247205900715183e-07
0.0187356787347895,7.055119985452712e-05
0.0162113273694281,6.0098292134692786e-05
0.0136326199968548,4.008925914093636e-05
0.0049709672929948,1.9859063500470335e-06
0.00206395877615,6.311349719847705e-06
0.0160786263798428,0.00011372648370694696
0.002913610221135,1.047280774452644e-06
0.0190247301894937,8.686987696433807e-05
0.001410127411514,3.054779230956626e-07
0.0093668392580763,1.3156432731671874e-05
0.0006760732757938,3.860363693565976e-06
0.0087812364498425,1.2593293052108806e-05
0.0006166371643779,5.936784957155206e-06
0.0042340706820525,1.5118686962890646e-06
0.0005309842060884,6.780206523149255e-06
0.000113173212965,9.512475796179514e-06
0.0127759353632011,7.854734360173487e-05
0.015016697616978,6.102629139541985e-05
0.0122602380690644,4.0670153102452064e-05
0.0074622813651956,8.461135788901422e-06
0.0045674628699624,2.464545432736016e-07
0.0148135930692619,8.894832486357249e-05
0.0136473342545739,4.6377815658088976e-05
0.0104210648220976,5.078912667745525e-06
0.0072101082723531,5.581436695549736e-09
0.0041609941732678,1.6969158019847802e-06
0.0184792122455624,5.5006376222575624e-05
0.0004059717880064,9.421333318716642e-06
0.0074939200610662,7.51798337374672e-06
0.0103579515481593,6.28717403654365e-06
0.0023102946072584,6.460639369658711e-07
0.0040092791335894,6.377435834350722e-08
0.0094495041383328,1.560798622943441e-05
0.0178257152362687,3.4541868944889994e-05
0.0102676524815548,1.1827433772380132e-05
0.0175118175700955,6.749687313734062e-05
0.0072073121588966,9.150872568823868e-07
0.0077196960893944,1.3635576762693085e-05
0.0110081884170069,2.3813452031869134e-05
0.0178215545304225,0.00010209265244840829
0.0167985009022904,9.415804256679559e-05
0.0005574141326944,9.572752027052558e-06
0.0054873798785904,9.445683989490032e-06
0.0029709118573063,1.0565547636281089e-07
0.0041271788995416,6.016654355200463e-07
0.0124960670967361,1.9890032775857648e-05
0.0175848822076207,6.8869924504426e-05
0.0007756787289018,4.146098890279587e-06
0.0042475315334938,2.784655165697136e-07
0.0169709349164986,8.075349494677588e-05
0.0066222680665913,1.2255568462603653e-05
0.0050628032922087,3.3711231700272956e-08
0.0155295535826888,5.4969402652402646e-05
0.012990129596986,2.8300150082870075e-05
0.0174167756013096,5.0585876774467215e-05
0.0102389533289446,1.8095919382378278e-05
0.0039328807708742,1.1908759433083737e-07
0.0196506497180162,0.0001638093675963269
0.0134723833879197,3.165211713564926e-05
0.019867477237407,0.0001038752423286321
0.0192039431355988,6.530693720830289e-06
0.0142197395987209,7.168729140238449e-05
0.0105434310109432,2.538174931515772e-05
0.0065985165089295,5.196409672313167e-06
0.0037140747809825,1.447497162463653e-07
0.0192195354988164,1.322458441331456e-05
0.0106408793189189,3.2764971699549376e-05
0.0105090920005998,2.2040106409902115e-05
0.0075814999720303,1.3766939922743615e-05
0.0058338226574057,8.954813239196065e-08
0.0037251280498868,2.4704666245511862e-08
0.0125121552475805,3.745897625126506e-05
0.0176987888092459,5.947119566513967e-06
0.0037681695876371,2.2139316430916687e-06
0.0032556591447678,2.2280328878599093e-08
0.0003544619202146,6.7027550091866795e-06
0.0043382899386097,7.7029010396669e-07
2.0400650571124056e-05,1.0572934680029976e-05
0.0004350165924656,5.769838351170607e-06
0.0172288907519333,8.791439247109581e-05
0.0052534712323697,3.93353383688429e-06
0.0157447872660824,8.991083412681368e-05
0.0187319170882204,7.783758392704568e-05
0.0027534764357089,2.2756350952405312e-07
0.0104157828020814,1.5457908939118963e-05
0.0110543957717446,9.277710245874835e-06
0.003263012021162,5.829217803854031e-07
0.0173940944389641,6.514525686029902e-05
0.0022164122586541,4.612907897124057e-06
0.0079893960603692,5.603032021096582e-06
0.0123479759782307,2.1145486806741383e-05
0.0040826618238303,5.313423615842564e-06
0.0072665838394111,7.366079982907258e-06
0.0091856043230721,3.56906053445156e-05
0.0189232593043002,1.2663530927235327e-06
0.0005284861472334,2.536383930512837e-06
0.006642422930387,1.464766197001052e-05
0.0042862069187896,6.622151722889133e-07
0.0138083392576121,4.254518502317645e-05
0.0075210321605726,8.803637865048226e-07
0.0021962948105431,9.133546447863307e-07
0.0178616634058469,8.84479496312384e-05
0.0017821058386042,7.806955234924009e-06
0.010828599500695,3.0276094875922327e-05
0.0031673576706984,3.10523173165484e-07
0.0006258718643089,3.3804807313888654e-06
0.0036311091872319,1.1701383323948809e-08
0.0052594777495118,4.196259170485896e-06
0.0020514233211571,3.713693276161609e-06
0.006032230757315,1.3225918064003967e-06
0.017759672778472,3.07892850373416e-06
0.0177860946556258,7.191629252918562e-05
0.0075512747262742,7.907202632305103e-08
0.0090709317882961,2.449358327473955e-05
0.0073301027939364,5.864533317483114e-06
0.0078699128028109,2.7803141024284432e-06
0.0053245596806869,1.1903045857934979e-07
0.0042690831571649,2.2057881053059275e-07
0.0135154025983662,6.734085302245621e-05
0.0148701506249572,3.2281098262018224e-05
0.0058585899267144,1.14102938863319e-06
0.0138971015339805,2.552384691033403e-05
0.0167194886374814,5.5912278336962374e-05
0.0088389608629332,1.8469594672205032e-05
0.0014024136768827,2.4203470157513173e-06
0.0129317866649998,1.0541560543950621e-05
0.001617498211606,3.6092588045055312e-06
0.0063088794706919,8.294837458699232e-06
0.0092766575668404,1.8245370252333484e-05
0.0032695206668615,1.7856324186208846e-07
0.0116094237352469,1.8126972241014e-06
0.0019072477015198,5.110093855932591e-06
0.0090438279761153,1.3300897128732257e-05
0.0145884473056828,7.687888076900477e-05
0.0019241289409579,9.904724753552626e-07
0.0083323601580052,8.597214190047633e-06
0.0160373180281336,6.5937916545497e-05
0.0148621183202362,3.48419461122296e-05
0.0023464689488473,1.8759982989430614e-06
0.0051077075252388,2.4356212045305013e-06
0.0082657056591829,1.0150619262065381e-05
0.0096065395536743,1.9297241838720763e-05
0.0072893889581675,5.5196595931680294e-06
0.0164036184831691,5.949214388673043e-05
0.0149930470590294,4.571634188517983e-07
0.0107753219428427,6.508938380541261e-06
0.0051771716157764,7.688743754793798e-07
0.0047603006134538,1.6911594996889367e-06
0.0052071812056825,1.311271037170106e-06
0.0055241873534065,3.844191690507222e-06
0.0006078166872566,8.495239966729734e-06
0.0179711292569082,5.808361100132986e-05
0.0033277894756076,9.641209466342564e-06
0.0083327609904626,2.3771115259051736e-05
0.0008078387856469,1.4216228931498225e-05
0.015721510173336,0.00010871523065550716
0.0090640632448154,1.6582204869706416e-05
0.0149411743174902,4.627548881085454e-05
0.019874819016708,3.4982171849886284e-07
0.0166478598815425,6.517021168523626e-05
0.0004797259900386,1.7921782033406728e-05
0.0172217163507579,8.747747395243924e-05
0.0124434410966408,5.27160279393434e-06
0.0061064189273098,2.0101642690324727e-08
0.0068985861168423,3.9519817907651586e-06
0.0123333213043687,3.411677421786995e-05
0.0023527944552718,1.2156516963090306e-07
0.0153216444006033,9.349278865284105e-06
0.0072425089383796,1.5229034571178143e-07
0.0070874581474371,2.6493304999077122e-06
0.0002869658626644,8.332568987398971e-06
0.0163822239415743,2.1786121814941575e-05
0.0127371588207019,2.925629484957377e-05
0.0143911638942726,3.6541172007341436e-05
0.0019797408127721,6.805877860407455e-06
0.0091837506336902,2.0796793222524454e-05
0.015185060338808,6.43960772064766e-05
0.0095582027454102,1.8305149090803646e-05
0.0165908502591291,0.0001242565995341716
0.0006417633829738,1.0816402717217924e-05
0.0045900981735102,1.8329785315733365e-06
0.0111259983185144,7.6742924949893e-06
0.003242702945498,1.8435339720602898e-07
0.0065010834059431,1.3002399380974547e-07
0.0121945335842236,7.198946999954633e-05
0.0135912558068142,4.846107008043495e-05
0.0160586221267272,3.309450690649413e-05
0.0082641775689935,9.944801639123783e-06
0.0016029996515394,1.8227274464270467e-05
0.0176624350254629,6.985188865961573e-06
0.0009967903206101,8.863353202956667e-06
0.0112443381953841,3.0465041721727216e-05
0.0172695831100549,4.2135081853555146e-05
0.0057105223229108,9.301743167327286e-07
0.0024183880013503,4.0297233641022125e-07
0.0142343303900111,5.391119892192854e-05
0.0150608017386157,5.665808469340329e-05
0.010600560166519,2.3777620958196473e-05
0.0102434567272253,2.6041301758316543e-05
0.016770167402588,1.3290704539013965e-05
0.0178259184959512,7.792716162476151e-05
0.0188188087991011,0.0001057381336059167
0.0081608107043609,2.533197417400398e-05
0.0148941860701076,1.749279472109827e-05
0.019064328731901,1.5136709244128066e-06
0.0020827123786111,1.1774518298088068e-06
0.0015824895397737,7.37123887129035e-06
0.0040167315986871,1.0819015113722919e-08
0.018348247313766,8.231888907793731e-05
0.0156488916919738,7.025978254945198e-05
0.0013307578057727,2.6753947086258817e-06
0.0133438304583237,4.7128093724400765e-05
0.0077707093120325,1.0582455877364937e-07
0.0020673886168034,9.710180832481929e-07
0.0067496149412643,4.4162706033092455e-06
0.0095125308573549,1.5272094112022167e-05
0.0070544407040106,1.0026368623538995e-05
0.0040662448464288,2.68903779617242e-07
0.0133392216615084,3.381915873130486e-05
0.0004965031024391,1.9000937481593665e-06
0.0009386625421273,3.658193399975953e-06
0.0051459431835089,5.631819972050808e-06
0.0187996297221436,0.00010952469508454276
0.0024466832251065,6.285976606098429e-06
0.0052948472395028,3.865520398403306e-06
0.0115596862026691,1.1953644163510395e-05
0.0182891337500987,2.5023192628349927e-05
0.0048575167398356,3.713526013985021e-07
0.0054631121352479,4.2546287436068714e-09
0.0130659098321705,2.6066725214976834e-07
0.0170983854780005,6.517956753678895e-05
0.0164322090541706,5.526326767412733e-05
0.0107788530003468,9.253475892475188e-06
0.0083476586515216,5.843272271472772e-06
0.0176867204026954,9.993757733931271e-05
0.0117863992723103,2.5986380613361315e-05
0.0009305587812637,7.238579717618382e-06
0.0115056899358359,3.254484036536946e-06
0.005290943309801,1.0416428276350102e-06
0.0116919106968925,4.199116038805022e-05
0.0125367774580396,3.0088692517141912e-05
0.0160792476175872,5.9730402926712326e-05
0.014445796695121,6.211471580564755e-05
0.0189814598142824,0.00010665790251570105
0.0177416403486811,0.00012607297342622436
0.0033559533646596,6.759728255875898e-08
0.0096703329006254,2.0902496491494806e-05
0.0164486200555544,5.922947998862442e-05
0.0080517348120018,6.5278896677544485e-06
0.0112487503066271,7.741509044893954e-10
0.016739184081138,1.721666732040233e-05
0.0145519000974814,3.066150719834121e-05
0.0042866070541674,3.1340249786424615e-06
0.0079916124331459,1.0305132947489254e-05
0.0032944979175958,3.65660812531238e-07
0.009040368805837,6.36513645720637e-06
0.0064870040214084,4.0380532896796957e-07
0.0184832269659419,6.81566049321392e-05
0.0035714192786657,3.400652323274212e-07
0.0127131533315012,5.9187394123247575e-06
0.0090174913994038,1.873276945703104e-05
0.0068743130583557,8.263658176450207e-06
0.0086754960935011,7.704822349342735e-06
0.0068127688230383,1.3685062987961708e-05
0.0113752453864612,3.2496119259149867e-05
0.0066123846770912,1.103945972051903e-05
0.0191074766793688,0.00010374096711967234
0.0136184235095789,2.308465486124377e-05
0.0146198227039661,2.2058237423511333e-05
0.0033548003764207,5.205636545665501e-08
0.0103798930084372,7.429639317916465e-06
0.015519297281955,4.7820198538376026e-05
0.0094621228759046,1.0599911896342652e-05
0.012381169687421,4.933287550232152e-05
0.0166926754927474,0.0001266479010803342
0.0189874967020027,1.237948005662104e-05
0.0083298167690522,2.0041037825400632e-05
0.0018105335783216,4.733007055851651e-06
0.0027300841938649,1.0035783326110946e-05
0.0057742973243664,5.352427489305465e-08
0.0071330551658941,1.2208211598214112e-05
0.0090589569883344,1.8329454961438383e-05
0.000426304132008,7.929649850657806e-06
0.0035732254061007,3.358884170362793e-06
0.0142754216166292,6.136395084357993e-05
0.0160328143227133,4.623410912970904e-05
0.0192707913118748,7.440123460883772e-05
0.0098514601747452,1.8566612561789156e-05
0.0091458849831,1.3573481270158166e-05
0.0188939962937626,1.5341957452378852e-05
0.0036586081738189,2.7005379658477327e-10
0.001561034039868,1.4656377337360295e-06
0.0173665360705698,6.982408131336847e-05
0.0005847660797424,4.995160374794725e-06
0.0039486935963478,3.6524324879144083e-07
0.0083260826182564,1.1383387211443198e-05
0.0076238353414407,1.0536318924914534e-05
0.0014024492167663,1.1173243722070064e-05
0.0134756999637063,1.8131927961093505e-05
0.0020064833903613,8.959155429021677e-07
0.0149784716185917,6.342852320292356e-05
0.0003900514718345,7.4294904047349985e-06
0.0114543709206347,2.5124794296283008e-05
0.0133815069045008,6.034829466606626e-07
0.0046792436852273,2.349110071215443e-06
0.0116636006790904,1.9523233754226522e-05
0.0015039578951434,1.896878693080575e-06
0.0119753229175216,2.91270756900432e-05
0.0098125475586046,9.785550984701805e-06
0.0179709267674792,8.519337537852732e-05
0.0186324362627668,0.00011063625065559291
0.0090577708373116,8.135087074538299e-06
0.0060753738208455,5.5394645721097965e-06
0.0187632582493034,0.00011546703854733635
0.0034530941311213,4.424066014031786e-07
0.019035570052608,8.658172575002115e-05
0.0196260703527134,1.1691861897029176e-05
0.0182373632348011,0.00011668572874498914
0.01953759550525,7.633671695310372e-05
0.0086272115911585,5.108121528188037e-06
0.0101494877754316,2.830152316480109e-05
0.0016906694439405,5.001138354331001e-06
0.0026423286176458,1.7144064032757247e-07
0.0038892954704972,6.420856288057931e-07
0.0170088891747785,6.361647049715475e-05
0.0118159018622169,4.4593141769222024e-05
0.0013819168837447,5.7157981330172815e-06
0.0160101406357797,5.970125470651348e-05
0.005015190874608,3.0711129533399106e-07
0.0122239013933994,3.099673034857093e-05
0.0031045781713182,2.90398737476449e-06
0.008768110382346,1.3573588400088503e-05
0.0034570534669703,1.252486179512521e-06
0.0004189947517756,1.0838418202448823e-05
0.0117473720557956,1.444409177711062e-07
0.0043445720848567,1.6017123665671483e-06
0.0109749674316125,3.856589662673248e-05
0.009010190226725,1.6140087822123774e-05
0.0021367018795098,1.823079941773698e-06
0.0022902344034561,2.493741585977771e-06
0.0103806931148126,1.6380845171430372e-05
0.018835538850723,6.273934708837595e-05
0.0065898273776384,2.3178797428286176e-08
0.0108180926852245,2.888562204125032e-05
0.0072296314821557,5.486821817216198e-06
0.0081194675988124,4.383560941825488e-06
0.0072307522875407,9.5463268704541e-06
0.0006135024762522,5.795316544241322e-06
0.0198639419605873,0.0001776012706478527
0.0004443813943718,6.269569814522333e-06
0.0178161440663895,8.264657063613697e-05
0.0018658804228019,3.5417094271033832e-06
0.0176756185370436,7.90740505057378e-05
0.0089785268205405,1.93886194087813e-05
0.0186047630408891,8.688815356514573e-05
0.000812544762212,5.09594163626712e-06
0.0144165658249624,3.078814843846669e-05
0.0035987576717163,1.1177437502171917e-06
0.0044720971273883,1.1287066735651409e-07
0.0015764157674235,4.879452722669304e-06
0.0026290763670525,8.601330839686473e-07
0.003188373713995,6.905292029893653e-08
0.0132974261485798,5.9518156046620316e-05
0.0096282391837379,8.024298184065743e-06
0.0043118183803674,3.9979718008018306e-07
0.005511166106643,1.1491894801711549e-11
0.0082714985081263,1.468456465204876e-05
0.0042762416131526,7.129274107944932e-07
0.0014504196288051,1.5103896779332246e-06
0.0089125970976531,1.5397481628710425e-07
0.0062479695998033,8.669656428349204e-06
0.0118024404575856,1.7305502807379125e-05
0.0161942367940001,1.5842793809149498e-05
0.0136145495670723,3.324617526756504e-05
0.0105325061360716,3.003618484651152e-06
0.0043067256511176,6.295178241592554e-06
0.018121573260612,9.381092522543195e-05
0.0174476024061657,3.636468781887875e-05
0.0030131454680298,3.987003293272914e-07
0.0003361445163742,4.156152887005873e-06
0.0017114509391475,2.1951196850368532e-06
0.0093597153145881,3.4205856282646394e-05
0.0193371369633787,0.00011275092350153332
0.0005976153464651,2.7605818391987967e-06
0.0138238213768426,2.517409670862511e-05
0.0106439367741394,4.176786721766303e-05
0.000235290673495,3.2478394013093523e-06
0.0009886231509098,3.9652873015310045e-06
0.0183760125023214,9.178577748115357e-05
0.0011293981116708,5.1642476425331914e-06
0.018696249987126,0.00012786668343541427
0.0186505067330468,4.603551527812862e-05
0.0035647734335444,4.0654301364924764e-07
0.0008752472914541,3.0462891593003186e-06
0.00195259955752,3.1038017225922987e-06
0.0173335006562023,7.599028024908858e-05
0.0140552990557688,2.713936002397584e-05
0.0132425654208865,2.041536872070413e-05
0.0035620020658054,5.276001808355797e-07
0.007871267883402,7.319770713732244e-06
0.0084040576198828,1.914573102028856e-06
0.0135472110572161,1.893999878336897e-05
0.0154035797714425,4.743038285159894e-05
0.0026350754015254,1.2466348178784363e-06
0.0191907101805317,0.00011802121405920988
0.0042105858766362,2.8187093522685827e-07
0.0052898875099314,2.424101656933989e-06
0.016656993580083,2.0956980585651832e-05
0.004461441779385,1.0001859190046373e-06
0.0170858895516303,5.534649160515582e-05
0.0147330409713265,8.786618272332626e-05
0.0110661354088477,1.4951123348134198e-05
0.0124275652592484,3.5544376083189205e-05
0.0143100321673881,5.0509388076159255e-05
0.0107891562809409,3.28346951411282e-05
0.0073556169251532,2.447740477099069e-05
0.0059263520058623,4.765543326614581e-06
0.0101965296319283,1.6637822560415997e-05
0.0049271493551398,3.0720104740691417e-06
0.0077009795905288,1.5005486164010551e-05
0.0023680663780978,1.5044130306878318e-06
0.0080431333559069,1.8696378653373138e-06
0.0025238509978249,4.7278255078367606e-07
0.0114898039886539,4.523793073321678e-05
0.0022173443840061,1.1995198264605726e-07
0.0052740818333623,5.922028856045632e-06
0.0024099695706863,7.333392714429456e-06
0.01769271185463,8.41766510448854e-05
0.0004005333145434,4.825968455198527e-06
0.0027139174700139,4.939873043912439e-06
0.0112798111615508,2.439861674373243e-05
0.014747253758433,7.809183077652016e-05
0.0100956568388051,1.4606443444626714e-05
0.0064941136906576,3.4356141878302508e-06
0.0145674949357261,2.5324405127380753e-05
0.0141289854543459,7.471647847868952e-05
0.0193617058149868,8.303454924442694e-05
0.0196604193029649,7.437559265711241e-05
0.0108676709563763,2.3434912792721934e-05
0.0060883396496727,7.855612774965467e-08
0.0187344379822068,0.00012670276998317625
0.0119457322686605,3.4817419407874596e-05
0.0089303362959753,9.68975595803208e-06
0.0108271696269585,2.17148488818413e-05
0.0153236418992767,2.9417680171363337e-05
0.010768734394929,3.9325196093158435e-05
0.0049991244768699,1.8749158062122652e-06
0.0011366957294613,1.0031192116097332e-05
0.0176945518444521,2.4482951249724305e-05
0.0058574946133486,5.966699330035209e-06
0.017185680477832,4.637705238480362e-05
0.0124794597214778,4.5326449830847124e-05
0.0181145163280091,0.00010201646002236821
0.0101655607061796,2.752197280298918e-05
0.0065119574261365,4.008108088323035e-06
0.0111134818648907,1.6929493856783593e-05
0.0091034388511583,1.0274744358746262e-05
0.0163113062391819,3.9946195184449034e-05
0.012420329415937,3.0186753847325175e-05
0.0052929455323007,3.2435329523515886e-06
0.0079520423493951,1.959094978965345e-06
0.0134998072924486,2.4886624692583498e-05
0.0049779685429799,2.8692047689997673e-06
0.0140361692546123,5.2056174163828986e-05
0.0099292192299654,4.0474181699993666e-05
0.0084936023686309,4.6344584232841845e-06
0.0083338102272276,5.7686096039456635e-06
0.008960988945579,6.345787983174758e-07
0.0152425531628769,3.938573456728166e-05
0.0065714683270621,5.282268738832241e-06
0.0099179771833412,2.4964730726843957e-06
0.0068089275782104,1.5592665796133857e-06
0.0086715403402675,8.868655346206344e-06
0.0092898913293449,1.544094363222356e-05
0.0058608638591871,3.8172764782484334e-07
0.0042405588808671,4.951672211660592e-07
0.0078999475278169,5.4068650540868585e-06
0.0171301989065021,9.728701620721293e-05
0.0158368224226153,5.1735181341004814e-06
0.0090752626079836,3.102552059318832e-05
0.015125918105303,6.791288407644605e-05
0.0154548350821726,6.236063983071301e-05
0.0144770961444487,6.26078321939786e-05
0.0172296494112122,7.451198289918715e-05
0.0067653197141361,5.670309476614654e-06
0.0036019974627378,3.8650050703922346e-07
0.0183964463896926,3.706748256097904e-05
0.0136353560614104,2.232662805988651e-05
0.0119593149917563,3.862192748309676e-05
0.0123081026330295,3.245222135288366e-05
0.0089300883521509,9.017850470442287e-06
0.0023088049477736,7.432228851166182e-09
0.0077712581475942,2.8251016024853037e-06
0.0019166605617624,5.749570510378385e-07
0.0063509558374186,7.334711941941612e-06
0.0057418706876839,1.6926618068517086e-06
0.0151986571776879,6.960490063506854e-05
0.0082551858906818,1.4864002356954176e-05
0.0188567484980033,0.00015157163479770879
0.0069098472109238,4.649410607729618e-06
0.01864964510825,9.288230608846443e-05
0.0006074992216732,7.587528444428535e-06
0.0108313171033073,3.9432803315935125e-05
0.0053596783743132,2.2430649416110605e-06
0.0143176637734842,4.301639193887794e-05
0.007303890862927,1.546011495865533e-05
0.0028828411304438,1.8572637488901639e-07
0.0064603027060094,2.076037461409536e-06
0.0172923588392157,7.33613340548336e-05
0.0186910349538001,9.374715874585794e-05
0.0054267645397015,1.6095106084220373e-06
0.0180143333010839,8.072777837222835e-05
0.0178741687549238,5.024218004774221e-05
0.0004763888756204,2.579459524095127e-06
0.0023070208355437,9.167664672762538e-07
0.0118605231812813,2.6424064723956548e-05
0.0020143166984956,9.225287484766473e-07
0.0190661117089568,9.129326304774774e-05
0.0123530563765072,6.564206486662481e-05
0.0082175934060192,1.4759201065633736e-05
0.0083877376434385,2.958468173683684e-06
0.0168437163322637,5.3111336980881994e-05
0.0171624517361861,7.758058912673951e-05
0.0169749314214889,8.522887491772444e-05
0.0194051607784855,0.00013517682137846653
0.0172918354416282,0.00016297843185194443
0.0102548591037316,2.4734582791570578e-05
0.0150534045686268,5.112830727201981e-05
0.0073584565343688,5.3145702286538154e-09
0.0178082325538263,0.00012165407476381822
0.0083073107747052,2.3702858600815745e-05
0.0036876540524612,3.908904712338872e-06
0.0103517117585246,8.107169103489518e-06
0.0175333804891169,0.00010479423161480237
0.01264736898259,4.224056519921573e-05
0.0170748202864714,3.884584126963722e-05
0.0131984254750047,4.019472942441236e-05
0.0032373417962737,2.7224712271651028e-08
0.0173168391559414,1.531698945346298e-07
0.0118353960160714,4.400693414554779e-05
0.0005968872263987,1.4536708389723625e-06
0.001838144648982,5.24164377205572e-07
0.0064893472233377,2.329912608684102e-06
0.0071422895563731,3.384321954406962e-06
0.0022843493929069,1.4783731272162898e-08
0.0016971268657705,1.9345086387891434e-06
0.0103642183822976,7.5203729806299645e-06
0.0116733369542017,6.817173759875191e-05
0.0108378957400691,4.139532072089465e-06
0.0192391090096584,2.3006451036402688e-05
0.0009906513064931,1.7018588736266699e-06
0.0120673018887467,4.193656386278081e-05
0.012823816994924,2.6531078965110106e-05
0.006740626152866,4.551063410620805e-06
0.016907139699772,7.720121541041923e-05
0.0059458229809871,2.470720405828497e-06
0.0110539986162743,6.213986918293118e-06
0.0045087393190373,3.7020168699015852e-06
0.0024517248208062,5.352098286854361e-06
0.0050326256813776,2.306181183125411e-08
0.005062386882256,5.030399829716839e-06
0.0103965613348507,1.929752354411452e-05
0.0198107521628144,8.65574534736411e-05
0.0196449606714791,5.651362878237537e-05
0.0061535133630114,9.963132695845712e-06
0.0069162923630061,7.536145139468318e-06
0.0115583482938958,2.4307483084097972e-05
0.0144381337521456,6.594807280272098e-05
0.0097982018196489,2.2680245180174022e-06
0.0167743751884348,5.598387620074831e-05
0.0120028772927587,4.797813254768373e-05
0.0129751279473197,4.6316998741987755e-05
0.0035704197448757,2.082499486572918e-07
0.0036636853511739,1.164210612859807e-06
0.0088290303441123,7.533712759258664e-06
0.0015129639575874,1.7852394129248466e-06
0.0053109342838736,6.78875476313146e-07
0.0089538928241168,1.7024913120786054e-05
0.0130580115763415,2.7729904834070254e-05
0.003144969465254,1.698835963322632e-07
0.0092134628899271,1.5318149001088287e-05
0.0080583719867614,6.617843426276917e-06
0.007697615471282,5.297896289198289e-06
0.0178988198086262,8.57655413454676e-05
0.0090063887537441,4.271965165026321e-06
0.0142383872383482,4.493166277446715e-05
0.0187127965679583,6.69801766185656e-05
0.0190084694351086,6.306728328808905e-06
0.0195268030245978,4.757446387226753e-05
0.001863594314246,3.848522691591519e-06
0.0171062920788469,9.027917154919668e-05
0.0004766486796595,8.025352297637277e-06
0.0058966224859173,5.443337722498293e-06
0.0025327910648453,4.0031176505350957e-07
0.0083599229334655,1.0863400188090193e-05
0.0053695690820525,5.6324354320136705e-06
0.0024002428580186,1.2654501461036377e-06
0.0100227495626922,3.401685806673775e-05
0.0036031353538091,6.326687548413622e-07
0.007859595421156,2.550219014452536e-06
0.0096563056943148,3.300560296260042e-05
0.0189807377469486,2.4456199594708397e-05
0.0085434747259085,5.480230966151849e-06
0.0109475343586382,6.949272097809453e-06
0.0051501925165203,5.727163476886643e-07
0.0132112530426856,3.409644894164675e-05
0.014536133979914,3.563934682344334e-05
0.0138792072862911,4.770133023708804e-05
0.0137232473022785,2.4227948169701862e-05
0.0064264655733862,3.014811873291673e-06
0.0163654029073041,5.745698653049501e-05
0.0102765983097335,7.3144419097311725e-06
0.0117567111863978,2.2671911682161378e-05
0.0119070405996175,4.8980649152797585e-05
0.0038193720366857,1.7771675347492488e-08
0.0051984976251271,2.692527176102847e-06
0.012406438736441,2.3997923999122855e-05
0.0065234710172914,5.899312189686141e-07
0.0022824045528726,2.470100363784269e-06
0.0151812372799135,8.423939282452695e-05
0.0015169898183579,1.8985640762722915e-06
0.0122205425632757,3.197458693864537e-05
0.0058309553982,2.620108563553316e-07
0.0116182427758809,3.4741600565740894e-05
0.0194442663434447,2.0710789092924856e-06
0.0102005243310697,4.311030178630579e-05
0.0111056115058533,4.64969835490906e-05
0.0040534629840287,4.4483519567601185e-07
0.0077425019980908,5.87255285936451e-06
0.0074818668077635,1.3984848984571902e-06
0.005138707626243,4.5281687855451356e-07
0.0053147194988764,1.676695158546873e-08
0.0085178334833885,1.572361964683632e-05
0.0103588139300876,7.686632603047309e-06
0.0057959310365661,3.559335948559456e-06
0.0195895715484297,0.0001300225313227225
0.0008015429876631,9.270735664077185e-06
0.003838037464321,1.5397690705654865e-06
0.0151054126876628,2.911065003193733e-05
0.0124922912455292,5.7116957088406534e-05
0.019790258156857,0.00011533765184333184
0.006109333660417,8.548016773147756e-06
0.0063065801259464,8.070963896954987e-06
0.0088946004030661,2.862301023935195e-05
0.0047891595943643,1.7094275360119508e-08
0.0107917858592247,4.3302946663851204e-05
0.0144648889007439,3.5045414141339644e-05
0.0021789972043817,3.691500724376608e-07
0.0041627694648495,2.869053283097636e-07
0.0122293789324477,2.9773441834370276e-05
0.0001826191941115,1.0816089187559455e-05
0.0015406993266724,2.0503776889189073e-06
0.0139777459402933,5.828206316965745e-05
0.0023030835931577,9.882585569213215e-07
0.0031729757537412,2.8897833512899134e-07
0.0065429324009486,3.00932376825805e-06
0.0015559367911734,3.1869920358739205e-06
0.0046867670042755,8.423773581418904e-07
0.017607947819454,1.1524207115271968e-05
0.0001636371994115,5.055633532199574e-06
0.0086012586290246,2.9543780726095767e-06
0.014413345208282,5.6654577457344606e-05
0.0049996499603496,6.83666471315786e-06
0.0106106368901779,1.9914282111727126e-05
0.0029292598683205,2.8718923177395633e-07
0.0023037136934304,2.348261279310455e-06
0.0190269405530704,7.554844532116846e-09
0.0141552487787448,6.35635399166348e-05
0.0116275886667767,1.8203318448417584e-05
0.0085468175183937,2.933163069998495e-05
0.0024184413591042,3.8404442076817544e-06
0.0197575501373356,9.0696886593045e-05
0.0179823147546985,8.293372823939839e-05
0.0044497001584464,2.0678865905781216e-08
0.0072191027147405,1.4026052581879017e-06
0.0086829765650402,2.8698809976676847e-05
0.0075075573949988,4.963094321144325e-07
0.0092981476883927,1.7111949830702977e-05
0.0099959866697931,1.1670906938923166e-05
0.0086912843991926,2.2935814167844484e-05
0.0127388821862912,1.734949734868094e-05
0.0144893890617923,4.3194963861034105e-05
0.0114301323582998,2.7774600716278074e-05
0.0133728208395401,4.1763695628916496e-05
0.0126519432160262,3.692793707406858e-05
0.0073613511721083,1.2338027397042022e-05
0.0153676806671823,1.1260541423328043e-05
0.0124846553219861,5.3287331727834614e-05
0.0038790590687895,7.124745227807499e-07
0.0184848776751767,4.281883834579445e-05
0.0133773444340609,1.118132419443036e-05
0.0089518993807783,1.0105975929722553e-05
0.0160211612786977,5.245543552447968e-05
0.0187922694765305,2.5811578454491107e-06
0.0194813023058215,0.00013479619792163808
0.0122348341722073,2.154600775790995e-05
0.0115154748400446,3.128114308725075e-05
0.0182559393858066,2.3032954373397624e-05
0.018007873737214,3.273083435496929e-05
0.0158402951256305,8.536676486516134e-05
0.0149794799077847,6.392106290460405e-05
0.0156287433367802,3.1796036299900896e-05
0.0199956297651491,6.937064809605142e-05
0.0126130017718604,2.604866043071643e-05
0.0098470962855569,1.077636625691925e-09
0.0165129697519576,9.942430542109697e-05
0.0064548448310645,5.020340243079223e-06
0.0122489301476194,7.760347521449273e-05
0.0142272916392266,3.854608470550398e-05
0.0052465811722464,9.662771767198572e-08
0.0162695217518323,8.221784994799025e-05
0.0066174985201604,5.761453195162368e-06
0.005262425535632,4.0299681314084604e-07
0.0184233288800875,6.970222842072338e-05
0.0043559806747516,6.599552147911366e-07
0.0196157440939349,5.328935450148453e-05
0.0057304537600464,3.1704275120746046e-06
0.0187050784799241,0.00011551159556400505
0.0092773029137088,2.9484260768591905e-05
0.0168708154295597,0.00011869841646963908
0.0021747142241676,1.4841504334260027e-06
0.0144065042624597,8.051494255683209e-05
0.0018956333909522,5.2749091679104825e-06
0.0175719537131696,4.850225860426546e-05
0.0151108443669846,9.628677278031953e-05
0.0164647487370359,6.364147120821085e-05
0.0147534460625474,3.172277192377282e-05
0.0004565066030662,4.513341023067572e-06
0.0053228792691107,4.265264461137387e-06
0.0097906959584867,1.0294664056504461e-05
0.015831049634555,7.787879241547562e-05
0.0172253727193145,2.415893752557526e-05
2.980507094465734e-05,1.1622461581582076e-05
0.0124327040215789,1.9952288211868652e-05
0.0058194172485211,3.747445201959229e-06
0.0065999585683488,6.310757378576387e-06
0.0023650546714764,2.5435427651853337e-06
0.0050049217530484,2.665486532506517e-07
0.0085899959614047,2.0962570333701e-06
0.0136509463511359,4.261412627087686e-05
0.0154517692787812,6.357771953949802e-05
0.0117918605996327,2.777346439285993e-05
0.0025100290840881,2.2833774079891192e-07
0.0043747738419328,2.47915891449262e-08
0.0102704019863535,1.5997555304878126e-05
0.0136583415601799,7.417188564380209e-05
0.0119025136104741,1.701564536331468e-05
0.0134551547157054,4.9249935058241315e-05
0.0019911790857709,4.175451943961697e-06
0.0049234880065743,1.3143399000368732e-07
0.0080634788901768,1.2955470580141218e-05
0.0003135819580004,2.5228490222946484e-06
0.0188549988775421,0.00011525802978998913
0.0140752927584884,3.306028336470688e-05
0.0116504949394539,1.5091232895307404e-05
0.0088655935319171,6.7905582768060845e-06
0.0096545153711013,2.648539961414004e-05
0.0090151357602568,4.059211839242836e-06
0.0157352696591629,5.53961659886452e-05
0.0175128876066827,4.60268990231266e-06
0.0009197339751628,1.987260167669363e-06
0.0019416510945118,1.3087969766170342e-06
0.0140804152008548,7.372145746300524e-05
0.0184192088718198,0.00010733356815722308
0.0176357362039314,1.8696754589380498e-06
0.0032917394794687,4.1330362628764275e-07
0.0011239968543433,1.9663471004903638e-06
0.0105647481984603,2.5482565141524504e-05
0.0168582002194121,7.663394642569569e-05
0.0117264161264942,2.1394385536588788e-05
0.0141910879971959,6.995673116327959e-05
4.032527238582828e-05,7.890939003929622e-06
0.0145335014868237,4.841445458057707e-05
0.0060892962713525,5.917250392729292e-06
0.0176621303677809,7.413509857334735e-05
0.0032942375352364,1.5596516612129794e-06
0.0035590164339636,4.796011832196422e-07
0.0109679744605963,7.674050877862439e-06
0.0119582163447135,4.545905549257974e-05
0.018053838554054,8.209783707670432e-05
0.0134803327587457,5.215917579636717e-05
0.0037494101447137,2.195539446722421e-07
0.0184274541093964,4.2131581890923324e-05
0.0162374943131524,7.898514499211563e-05
0.0001674516000066,9.709220591054734e-06
0.0086048081673612,1.3114377928694123e-05
0.0088898710461283,2.3405788090703618e-05
0.0115629127685692,3.992268116716103e-05
0.0174649227827747,0.00010197859689040317
0.0028320620817899,1.457607000409477e-06
0.0199273349383867,4.301709417979012e-06
0.0114140186315828,1.1550882180581541e-05
0.0044475099356288,7.522547607109795e-07
0.0062766539093614,2.043263579827568e-06
0.0083509167764826,1.0820034451317887e-05
0.0085502525440617,4.284141185161142e-06
0.0154627143594984,5.0329310502204235e-05
0.0055343371986353,1.130771552701393e-06
0.0096247126028093,2.4893289976843553e-05
0.016880631344013,5.51401107597751e-05
0.0013226256671862,5.389023283394968e-06
0.001526747853617,5.505412280360153e-06
0.0022989976641533,1.831642075289004e-06
0.014479311968546,5.604305518954973e-05
0.0065031856420333,3.479998309781471e-06
0.0084708790978246,1.559264234557408e-05
0.0168877150015651,5.2409928394144825e-05
0.0074479318665734,2.5067947049224233e-06
0.0138439006886986,3.2033201113519165e-05
0.0185620472292961,0.0001249240919989701
0.0167014692551931,8.755036961397858e-05
0.0078159406204873,1.62056128346056e-05
0.0095734794466948,2.746858261470606e-05
0.0149069281215349,6.80014635087924e-05
0.0048228719406882,9.80801665889687e-08
0.0141632390246675,6.452369556247889e-05
0.0085188221043109,7.719583156960479e-06
0.0194335549039208,7.657912059862633e-05
0.011553908362037,3.865775615288953e-05
0.0070170667816637,5.240510414451783e-06
0.017728727966418,6.851472063176279e-05
0.0009193117239747,1.3228919264728564e-06
0.0193763441400847,3.009849982870895e-05
0.0146919390819422,1.614103138917244e-07
0.0166068544756797,5.793723360027544e-05
0.0025267406533925,7.890076027034685e-06
0.0063089131162813,5.5657155100994074e-06
0.0072370873101083,1.4215037645904006e-05
0.002557841009761,1.0772185074029788e-06
0.0153518009228678,4.700286873655098e-05
0.0164476702256289,8.726955884388059e-05
0.0139726661358333,6.863190454895804e-05
0.0061206419366359,2.6963847096118725e-06
0.0145299238353129,6.161351676082718e-05
0.0186144642105031,0.00011137570204816892
0.0078234519088779,1.4982855941023891e-05
0.0123336328977975,2.8017303315110922e-05
0.0025941629084423,2.1124525590792485e-06
0.0125279204915019,2.0470327593508027e-05
0.0093418611571732,8.038045982055442e-06
0.0138282729733398,5.2938827981535704e-05
0.0187584110697051,0.00011597721453345638
0.0018268044795345,2.8252729439109726e-06
0.0114643256926137,3.9457782949484114e-05
0.0021947094234857,6.421546452578482e-08
0.0125084517293361,3.579803801846546e-05
0.0124036869310628,3.6976789025577255e-08
0.011150502896683,6.535440506291578e-05
0.0147296086680302,4.495575047917026e-05
0.0054431730965842,3.3846358170528265e-06
0.0051890123421166,4.748999480770723e-06
0.0002312232706495,3.298420070782765e-06
0.0114197565957395,7.099581028669574e-06
0.0113077245305748,2.2358695057420082e-05
0.0125998099213273,2.1320824736016862e-05
0.0191948052435813,0.00012979581419544431
0.0045589328561166,1.3730103899186088e-06
0.0143026118530794,3.0025983910362254e-05
0.0015539388753574,6.595678286949886e-07
0.0091283101600093,5.854879626932966e-06
0.0161846080757729,5.4219948258114395e-05
0.0006428837178807,4.2036317609543e-06
0.0102355372747896,1.4220234106039776e-05
0.0093088116937362,2.4321461823486066e-05
0.0098784433867747,1.8953787673563838e-05
0.0035995196910686,1.9940205925362078e-07
0.0045293804107304,4.609105078011081e-06
0.0060452116559958,1.6806736337690373e-07
0.0196003882240781,9.114738577405434e-05
0.0049173139120805,6.840339376491613e-07
0.0121504557998095,4.4039293585230416e-05
0.0046166869478175,2.462777018949578e-07
0.0156203131161519,1.9962641402101827e-05
0.0151712703439693,4.031956568502074e-05
0.0035400579551001,2.0653697447797215e-06
0.0064142956916941,3.7387806971606386e-07
0.0046535148850685,1.1368197324295694e-06
0.0115854123791464,2.3609259200863803e-05
0.0103552809737215,1.619792193521126e-05
0.0038995493703365,2.6318856723702168e-06
0.0002206699549916,9.822632077040717e-06
0.0006457712507809,6.4096438776216335e-06
0.0152860351445789,5.114911553331125e-05
0.009991305446816,3.979695472393896e-05
0.0024468865269137,2.8375825922375916e-06
0.0141953492900399,4.472503908655141e-05
0.002596127240448,8.650952457006119e-07
0.0082793632227367,7.928233173257818e-06
0.0085036571640598,1.7193766407244376e-05
0.0108899582821403,4.646230467000867e-05
0.0064948237532444,4.012516527024821e-06
0.0171933521260335,8.766706957784027e-05
0.0009585041044954,3.0908052653316524e-06
0.0122948536728927,4.646387826712574e-05
0.0030982646143954,1.9629267505514503e-08
0.0008465991017028,6.555804684159245e-06
0.0009319582642286,8.187815574768561e-06
0.0041813082002554,1.7029530829004493e-06
0.0100198520812841,5.2373008183378205e-06
0.0010947794416972,6.548294858559277e-06
0.0185053561276881,9.017966697647196e-05
0.0049191008663176,2.679056981569812e-06
0.0027799029964034,2.953469033797086e-07
0.0094277792467648,2.827412977574538e-05
0.0003603108321574,1.9616425859664962e-05
0.0068685901587531,1.2928080998468187e-05
0.012407169559037,5.8601223835367935e-05
0.0031469732686697,1.9525545870541287e-08
0.0067495393418773,1.1194287068161376e-06
0.0072569402939632,8.38815643960987e-06
0.0057512557395864,6.964868622257055e-06
0.0117016338926109,1.1593516409101876e-05
0.0104471972517227,2.2456655631181302e-06
0.010864999027176,1.0725487134311162e-05
0.0192867937740416,0.00014363619257748742
0.0151598323882638,2.054073034899033e-05
0.004093490825125,3.0680422541768984e-06
0.0198664575129322,4.8796310050420124e-05
0.0043820843391971,4.478946469898239e-07
0.0078404762357882,2.0188578348695795e-05
0.0198435079678149,0.00013465610816021985
0.0057636952915042,6.737759456437115e-07
0.0126396724542194,3.4027897106628544e-05
0.0021686156212668,1.537090362507647e-05
0.0167141931724806,8.712395724149852e-05
0.0178849907274195,0.00012242364774621618
0.0018208045751391,2.3253386623869825e-06
0.0133996357536894,2.737070666457883e-05
0.0128778442767817,4.828046074797894e-05
0.0133766685225893,1.9192106794526655e-06
0.0084610969453884,1.5715090815310175e-05
0.0030275983091523,7.248130248524492e-07
0.015946320743772,4.705500790351455e-05
0.010789621436037,3.339115019711209e-05
0.003709872562694,3.422757734687814e-06
0.0058438806030453,5.0793383150254e-09
0.0168983524130616,0.00012693289916142978
0.008116109296262,9.087736777104387e-06
0.0154988650912815,7.733345438927905e-05
0.0168469019790569,8.745772173348987e-05
0.0037859952485934,1.3636483851709642e-07
0.0049809496614921,1.9741995904246956e-06
0.0122595699620174,6.1287288104447e-05
0.0058862280735923,3.3995867396351403e-06
0.0096433421489427,3.287296394604425e-05
0.0019318729372441,5.503602241574006e-07
0.0051389300317565,2.4041590075420412e-06
0.0036014342409863,9.758054281760296e-07
0.0091105672667193,4.254319637716648e-06
0.0056376133702007,8.839470065128094e-06
0.0011874880502314,2.2649499283274498e-06
0.0181356752219629,9.112000911218871e-05
0.0142211394592725,7.33765994475543e-05
0.0100113543286761,2.5042730909654027e-05
0.0044078505884076,4.5700936332460775e-07
0.0112924852482713,2.1493619560012027e-05
0.00624663524308,5.856874685667765e-06
0.0007528445555969,2.8212612246039916e-06
0.0193258736734643,0.00010573397282067746
0.0009880309756772,2.633208063977578e-06
0.0178247665813979,4.1281522159581186e-07
0.0192159684089248,0.00010463657271427992
0.0140280644258916,1.5258348752707591e-05
0.0093600311462155,2.5256940914787118e-05
0.0040532829094513,1.2253895304353778e-07
0.0069113244306224,1.0054206877453806e-06
0.012447709808835,2.6869226355071585e-05
0.0198252258795229,2.9880376302323013e-06
0.0128567326943461,4.091501609963404e-05
0.0090798338016732,5.602655681637669e-07
0.0170760946987216,8.340893298364169e-05
0.0054273425639963,6.237346284238186e-07
0.0084236358416488,3.756271624092119e-06
0.013446070329164,7.866927712244451e-05
0.0094672939869555,1.355456336981525e-05
0.0082413983097636,1.1250412278374579e-05
0.0048026585352128,2.4735401890936993e-08
0.0075476587854265,4.26801660412421e-06
0.0045191978795827,6.561714383704584e-07
0.0060616942084528,4.376622595654818e-06
0.0131443414793781,3.864803511394522e-05
0.0128448948698455,4.490573363900305e-05
0.0023900452169944,9.303936945568889e-06
0.019013211762471,9.587669327398664e-05
0.0034817032497614,1.3060915124628361e-08
0.001139012297956,1.4157749332822664e-06
0.0008345604993337,1.3839837133549574e-05
0.0063004377270676,5.731610890562782e-06
0.0037972538995803,7.972340230983275e-08
0.0181816727711148,0.0001008386419885571
0.0120833863047301,3.9442422311963983e-07
0.0080451310663245,1.9456259770098052e-05
0.0150046745383597,7.246646469511796e-06
0.0080747302512053,3.115553102301101e-08
0.010890752510055,3.355719895033808e-05
0.0018424728030158,8.46533958070197e-06
0.0182538460469009,6.144325994845348e-05
0.0187838929230868,2.236833782192411e-06
0.0119969772141224,1.4463021791232342e-05
0.006888708132299,8.539966853553778e-06
0.0070640126530134,4.3547979572862585e-06
0.0049544603933404,3.033650177519269e-08
0.005980595832422,3.919552882937808e-07
0.0074240679513291,7.644829057717014e-06
0.0075863244118982,1.0113189645663808e-05
0.0150853856134981,5.7517062655816006e-05
0.0013088908960688,7.38542731362269e-06
0.0035206344545847,2.9122111828025842e-08
0.0190194634822626,7.56215742830719e-05
0.0189507590833474,3.697403715246727e-05
0.0001579299209372,7.734972566349376e-06
0.0110943386718108,2.6077976532483455e-05
0.0138336648484811,5.5700668561317864e-05
0.010517724742338,1.1662273471683883e-05
0.0167055636642385,1.0627235994878546e-05
0.0160350778875363,3.808795382066996e-05
0.0096028283378055,2.75784520285822e-06
0.0034020822755882,1.1764366325628884e-08
0.0056929236820949,1.8642030723908707e-07
0.0174408553026192,6.633956292902065e-05
0.0145475621969133,1.9259496058103092e-05
0.0132398606857848,2.1443390234389834e-05
0.0098838799973263,2.3362944899078937e-05
0.0050750344920101,1.8698606421555056e-07
0.013936254193419,3.939067546956463e-05
0.0036790325004177,1.2496971770921272e-06
0.0054042889096047,1.9271966754665233e-07
0.0138139223957231,8.272709476573455e-05
0.0170928900317786,6.063959307944862e-05
0.0067926830896501,9.636435270367532e-06
0.019479388405241,2.7695921755483794e-05
0.0081897576071147,2.3211216237110468e-05
0.0076326386077947,9.012081416811513e-06
0.0053731598872973,5.738201448752658e-06
0.0014373058535674,5.144142464389774e-06
0.0157960549228546,6.136747579996111e-05
0.0140903255513567,4.15161348568937e-05
0.0111289403974075,1.7291862698876706e-05
0.0182347040909677,0.00012070442812637698
0.009634512384485,7.228921184166405e-06
0.0114823713379085,1.8899418220379992e-05
0.0092119869434365,8.30229406383647e-06
0.0114035012946988,3.9570236011296846e-05
0.0172648099490182,7.743658203796151e-05
0.0028326097311265,4.7409600794860163e-07
0.019754541519414,1.775455754972377e-05
0.0018691934256818,5.841750837178208e-07
0.0025825812368307,1.3521375712443748e-05
0.0158172554067892,7.262369703654796e-06
0.0080842875817094,6.761181477975233e-06
0.0196923543849999,0.00011556780443316968
0.0082705140308486,1.231751379289842e-07
0.0158939318609836,0.00010346694194285428
0.0174272504069038,9.921155470754382e-05
0.0113174640133797,3.33058533309317e-05
0.0197221868572868,1.8323605229692908e-05
0.0064028794834104,6.768466802812883e-06
0.0072783197251988,1.4574768479559112e-05
0.0031557466799981,7.338178241706333e-08
0.0107755827579387,3.048424582352782e-06
0.0147358399419725,6.419684743388063e-05
0.0107092641945305,1.0779244544115394e-05
0.0179674841833679,5.839155568701664e-05
0.019952074762114,3.8978409014311175e-05
0.0024884988222842,3.612020067383165e-07
0.0184076637195063,5.064529769064061e-05
0.0168227845039755,3.9511514371779916e-06
0.014322177533091,7.689995852406097e-05
0.0066387035568075,7.89439845860966e-06
0.0053734542996833,1.5365256302892177e-06
0.0152728790797381,6.0720020942403215e-05
0.0010799175837198,5.043805612921095e-06
0.0034210723716545,5.929405610829655e-10
0.0106817654880033,2.6253784553220934e-05
0.0123739687037097,4.8896065940438826e-05
0.0189946814092806,0.00010177575528266956
0.004877562240747,1.4125708121473423e-06
0.0069702635422396,2.128988557440152e-06
0.0045242477932051,5.753132845849882e-07
0.0016962626695194,1.0255843635157614e-06
0.0059341657888745,6.020073937823998e-07
0.01501627702116,4.9985992797077557e-05
0.0077282029401705,6.996826805346517e-07
0.013732813274013,3.643269814665844e-05
0.0173768910394186,9.37001340208114e-05
0.014395537230877,6.8495081929649555e-06
0.0130486893846166,3.160278449083434e-05
0.007020344001813,4.921075889256638e-06
0.0104712210150313,4.054657780085264e-06
0.0075267665022968,1.000908304464094e-05
0.0135727363239385,4.2134144693127285e-05
0.0043397470112455,3.4812933780456474e-07
0.0090469806362602,8.155663846495812e-08
0.0162851283376062,5.303028349141078e-05
0.0106432845624374,1.1072494005092677e-05
0.0148333601840993,5.788028833145712e-05
0.0093041123440226,3.1376812494088915e-05
0.0074934815880506,3.5905196758339684e-06
0.0057145743782274,3.062328299041476e-06
0.0100206717358712,3.337747193142666e-05
0.0069841035312566,7.995817291202677e-10
0.0056821722178541,5.9074353179003686e-06
0.0055528152968804,1.4155342930026368e-06
0.0151761498401035,3.330341707344279e-05
0.0081180408314753,8.075501465330291e-06
0.0016291182062499,1.3439030707658083e-06
0.0064536354649429,8.50747592923749e-06
0.0099992261339144,1.598236942179618e-05
0.0052543506503411,7.427650558434774e-08
0.0194283809210865,0.0001401396211370853
0.0174802511933191,0.0001356235571283323
0.0007408564155127,1.0967669528615717e-05
0.0172755710429172,6.856448993624021e-05
0.0091783234550026,1.2083833310994902e-05
0.0020108903484047,1.4864671427870724e-06
0.0108180819567912,3.399636306785099e-05
0.0154910833008304,6.550579129474496e-05
0.0056191994514779,2.569039709012082e-06
0.0072955609831989,2.5771729474358234e-08
0.0078804047288482,3.825728841627322e-06
0.0151429464127377,3.8399471106224773e-05
0.0023712695031318,4.67805902539382e-09
0.0002079406989297,4.263563482460541e-06
0.0174786829528828,9.755636934010575e-05
0.0080710804997644,4.946450988180758e-06
0.0104919363929707,1.3554154700262565e-05
0.0105369480666407,2.370451191346113e-05
0.0039236128937273,1.868294846773369e-07
0.0023774333425169,1.2240146900001393e-06
0.0189536633204605,0.00016112588047807616
0.0154368831816015,5.2563281628575134e-05
0.0064051990587543,4.5785927484032716e-07
0.0135914028487706,3.9968000461951896e-05
0.0171662424748987,0.00010452055149886435
0.0035084580140615,5.769399569594398e-07
0.0016137373672803,7.393124548344042e-07
0.0040346056757765,1.8142606481238478e-06
0.0033898690106374,9.708782380047211e-10
0.0036310340933503,6.710711342838751e-07
0.0141399685625481,5.4724225589206135e-05
0.0084466993156491,7.438410418755741e-06
0.0135245286056023,3.911446311003964e-05
0.0073504478426013,1.5398511342600512e-05
0.0125284069834768,3.2214686838687033e-05
0.0146912241341756,4.825031988947812e-05
0.0108541092019411,1.814914607971409e-05
0.0022455502077767,2.071022789268974e-06
0.010185779570267,1.8976161189342573e-05
0.0051625125507149,2.185557733835075e-06
0.002250224012901,8.947179524675588e-07
0.0199700888574178,8.117907293457108e-05
0.0033108363947696,4.217413093287227e-07
0.0072108466966611,6.234689711826951e-06
0.0011772861607211,4.338950655646999e-06
0.0078558698399872,1.3782130637035751e-05
0.0041244288772759,2.1713080995287353e-08
0.0141463078014682,3.714993237229154e-05
0.0093168896244877,4.643294194436977e-06
0.0124208735952622,2.3030257589808856e-05
0.0176604534156101,9.175510941414348e-05
0.0143760683055388,3.0147996877705954e-05
0.0020396778306411,3.0989712673714713e-06
0.0077458986003791,1.5296777107903818e-05
0.0134784989485559,4.683437655596378e-05
0.0159507183229749,4.693061377031708e-05
0.002305001168513,1.2550822639798543e-06
0.0093428810262569,3.95573803141686e-06
0.0191921284673804,0.00015101003899002156
0.0183643693417893,7.749930863563373e-07
0.0096328174650053,3.397746252345899e-05
0.0137771340916393,3.4965261665624154e-05
0.0140001837550854,7.220018910553857e-05
0.0086341117131555,6.320391033186148e-08
0.0149790793847379,1.7840056126623103e-05
0.002007438904546,2.4570265566157588e-06
0.0056715099603136,3.108133972494492e-07
0.0056960223701938,7.40296141085006e-06
0.0084554237599954,8.989013118239279e-08
0.0199967670072194,0.00013396289169229596
0.0089228062448589,5.379452299216251e-07
0.0184713186319535,0.0001091934744079352
0.0142779700924316,4.6107377812785476e-05
0.0131637733191768,2.8219772183994598e-05
0.0167623132969066,0.0001060004730434786
0.0161117209723863,4.546741530216969e-05
0.0180579609381182,0.00013162796530070582
0.0158679035078427,6.937463798314308e-05
0.0135697973704728,5.0192436730769546e-05
0.007668550956299,1.5539910077707207e-05
0.0114802296446589,2.3098482071166336e-05
0.0150772620491624,8.042521068562531e-05
0.0043995552863544,2.7108066600536617e-08
0.0030957420630726,1.3996973829559846e-07
0.0042350282007943,2.872843064675633e-07
0.0198568404377273,0.00015762497250797235
0.0007586709935415,3.333928757587905e-06
0.0160407641449905,2.2055475326985994e-05
0.0094181332708888,1.9266535859817526e-05
0.0042024885344868,1.8576784889545103e-06
0.0159067180490791,8.217154568396719e-05
0.0140438879084967,7.903268790155202e-05
0.0038126639161631,2.5920556434092267e-07
0.010685079880849,2.320367109121212e-05
0.0140345944408643,4.6083955576201974e-05
0.0114612955041248,2.0732873292462224e-05
0.0002808409403377,7.502231864912772e-06
0.0064900554352284,1.1078264686986335e-05
0.0114766850047465,2.732239723266131e-05
0.0085635371763246,2.9582128311956186e-05
0.0192898298453592,4.821194299842601e-05
0.004658151656451,1.6546513035412533e-06
0.005491224871513,9.47581931237765e-07
0.0013066326410254,7.652087867377474e-06
0.0085431325467949,1.111513981973958e-05
0.0105864329391647,1.2768773427660128e-05
0.004618992668,2.9317790903633058e-06
0.0123988026592204,1.476502113902728e-05
0.0191127971773878,0.00010812419924870331
0.0198384911910672,7.571098448435023e-05
0.0083601788423031,1.304821398457975e-05
0.0115881673423482,5.3869816305079435e-05
0.0037298162943365,1.7863638339294766e-07
0.0003024969275156,9.351616899896635e-06
0.0085816796530315,6.542387584504474e-09
0.0137174051246081,1.8894829244193554e-05
0.0118396282955589,4.276608551858028e-06
0.000587322665059,1.2812091729199623e-05
0.0020677361938293,1.143803000829457e-07
0.0124428109547322,5.9387998623248864e-05
0.0054124801842601,6.873265257769497e-06
0.0100982225687034,3.6428268004285333e-05
0.0017168125272572,5.425487743779732e-06
0.008062120245584,2.2539155406131146e-05
0.0160212185528075,9.822672500899123e-05
0.0132415460567454,8.11595760684032e-05
0.0159705894445033,2.66713983316171e-05
0.0166087143663366,6.289969518613007e-05
0.0055584085744605,1.3194229572573745e-06
0.0083017603583149,1.5979752107536716e-05
0.0156660667559329,5.658991497979032e-05
0.0121551517334791,2.3184704024004313e-05
0.0003375235776808,4.584133530240383e-06
0.0157330623187682,1.9580414495148723e-05
0.0127935133295233,1.3506009256544569e-05
0.0188758709329077,6.967387171889021e-05
0.0020818750901047,2.781713812609859e-06
0.0182179883144673,1.0232259806831898e-05
0.0053164264481247,1.1533794039919738e-06
0.0084736656900065,6.393458496244452e-06
5.972883771710347e-05,6.121743423020837e-06
0.0142913999902864,4.504305266622452e-05
0.0083163280153761,2.490487542647691e-05
0.0183585329205114,8.29505591664828e-05
0.0136925172466252,5.21461058413943e-05
0.0132020989319995,4.9388840498656875e-05
0.0144576858777812,3.5574492525961674e-05
0.0107193076463037,3.8808576141302206e-05
0.0012188902004925,8.703986187445932e-07
0.0144672462347867,4.8371402845901224e-05
0.0137823458156484,3.489740429305515e-05
0.0179420285682499,0.000104991237129052
0.0008508244082367,4.864486617778643e-06
0.0076931742041127,4.98170629292051e-07
0.0136521542860109,4.9853216827773894e-05
0.0178910333707441,8.599730132476555e-05
0.007671710517065,1.8516488171390832e-06
0.00777962127591,1.2811822701037356e-05
0.0020614158154862,3.1551535390479973e-07
0.0028600260393382,3.089331628173615e-08
0.0135073948556891,7.125945185903995e-05
0.0167983275482989,8.065238137984566e-05
0.0008543624060106,1.5494679836661537e-06
0.0099101334604393,6.510104525890522e-06
0.0054745374118823,2.3739357865518575e-07
0.0043869168981626,4.328617056776221e-07
0.0191679899162313,6.960279614728459e-05
0.0192288442242116,0.00011566421464629718
0.0124106811848108,2.9554575591364358e-05
0.0026707928111208,1.127754327744904e-07
0.0100444218440534,4.653302777193516e-06
0.0017379284543443,3.478257043472836e-07
0.0086104016669832,7.682797905198909e-06
0.0169189395993309,9.710237380670898e-05
0.0044841648570308,9.865373038259214e-07
0.0048040506388615,9.404425396605909e-07
0.0030165880509208,2.369027204054179e-06
0.0063767103569336,6.397604248347092e-06
0.0135326884805646,2.1221145617965215e-05
0.0110139903912708,1.3144653066201083e-05
0.0152821580028314,4.934378036564796e-05
0.0006858816797779,8.589055662107226e-06
0.0015210105658076,2.9848421926146816e-06
0.0094503671382997,2.291729800616295e-05
0.0151308291808139,6.0285156839759024e-05
0.002083416632104,9.90356886189015e-07
0.0161088162667921,4.7816697529626016e-05
0.0181444765898435,5.848968056983119e-05
0.0031534264746771,7.047326417214594e-07
0.016948183498419,7.66222362501797e-05
0.0034215843937836,8.566539856717158e-07
0.0171685951863686,0.00012369765437232543
0.012497385664691,3.571134088090179e-05
0.0157121437844232,7.65459414264859e-05
0.0132352945693921,2.4528630284298484e-05
0.0167902236265276,8.517966777956731e-05
0.0192902027225481,2.0027728885355527e-06
0.0132598664053316,1.9131550784042046e-06
0.0110312204792163,1.3914454894915076e-05
0.0197547002516988,1.0581047125774988e-06
0.000993103823898,4.725842374198082e-06
0.0098331206393767,1.1448610654812952e-05
0.0161299027668673,7.649850975167634e-06
0.0065127050875801,7.104054973301726e-06
0.0012528496337484,1.6275239643449088e-06
0.0047959395709749,1.3767222718501952e-07
0.0084939097406149,8.976870577148265e-06
0.0105211953344013,2.6020528083166658e-05
0.0119122419536177,2.0845704572056725e-05
0.0085202821859454,4.18307117859263e-06
0.0161461022830525,2.3529948706004236e-05
0.0016094806038724,7.349976866756148e-06
0.0163546937559218,7.058045708117736e-05
0.0087872085814907,2.4855971116451793e-06
0.0125512033769555,2.6692138824432704e-05
0.0089910142528698,2.125025286315024e-06
0.0049814593169902,1.3411029776325302e-06
0.017581743698244,6.650694107609032e-05
0.0024299627824388,8.71892369802638e-07
0.0127465846059567,3.162474061134695e-05
0.0085186008713526,2.335091634757372e-07
0.0070262411403835,4.315398112470708e-06
0.008827344975405,1.5083566046476641e-05
0.018303046594166,2.454028564631361e-05
0.00565862057232,1.4452662106763258e-09
0.0147064120125981,4.34246022190041e-05
0.0166506556174674,7.225553877595426e-05
0.0010206896607922,1.3461884273703836e-06
0.0113319415159348,2.0378045454943642e-05
0.0180311268632458,0.00011311412526585243
9.468810108557158e-05,1.757355659039619e-05
0.0149629312061286,8.9932095573628e-06
0.0056037065984518,4.2186965658958943e-07
0.0008255587477712,1.8364032811442578e-06
0.0161886823691994,7.894031608702216e-05
0.0003688505969943,4.133243535264639e-06
0.0162002375792676,9.155112183924448e-05
0.0174175997296801,6.49450633991483e-05
0.0072703418887514,6.785230279142665e-06
0.0061793536038203,1.1764746369748211e-05
0.0150175251287166,3.736958943156413e-05
0.017318965793534,4.813090941539159e-05
0.0192394859822752,2.4187208702051204e-06
0.0067998785231089,1.6107859847383402e-07
0.0016534199385698,2.0981092900014733e-06
0.016478663355897,7.560074772627313e-05
0.0026875443581752,3.702270389793936e-06
0.0085637483761628,1.5536093298570667e-05
0.0042504363231723,8.587572724365713e-07
0.011829414699617,1.7598090360429507e-05
0.0192944163708039,0.0001476460071163756
0.0091040886019313,1.6068502316713062e-05
0.0086583924440579,7.112812752273544e-06
0.0162484280407443,6.851347268683652e-05
0.007916504132414,2.051701186661616e-06
0.0019672333192308,2.730539079661594e-06
0.0072123537072268,5.758865535396325e-11
0.0098130374454248,2.3265357468809055e-05
0.0029659883927097,1.4571881214328317e-06
0.0007179495157559,7.615018937374137e-06
0.0087238976590531,8.268490447969424e-06
0.0089487703537839,2.428121230007145e-05
0.0017140413287618,1.6461633874512446e-06
0.0163375988688986,1.6768250356743315e-05
0.0146355871058627,9.636612934063399e-05
0.0005001952650747,4.096282782469071e-06
0.0156444002203066,6.447817008807145e-05
0.000183857000659,1.1567093072497667e-05
0.0096007013694305,2.5888731523266973e-05
0.0198530459293846,5.717528150200039e-05
0.002415330046395,7.566903719191158e-06
0.0097502737903562,2.1572508038714568e-05
0.0166295904275622,8.118659365291856e-05
0.0100457887430256,2.6532531328787902e-05
0.0023930023673038,2.6947487237053333e-06
0.0011787246848631,5.223886233708811e-06
0.0071575773053795,3.400963510108457e-06
0.016386521937774,7.569154897511628e-05
0.0004565874965705,7.743143469246007e-06
0.0172132922363894,0.0001233208873937071
0.0017336044779352,1.0832803921907915e-06
0.0090616597797294,3.6121914663420955e-06
0.0187155471612036,0.00016978339449035603
0.0152940928929141,2.176614201340142e-06
0.0183055578709055,0.00010180669220508976
0.0009480923794857,2.919372132358074e-06
0.0171662139221006,7.628648784515663e-06
0.0076550371670811,1.1162614788193113e-05
0.0176973618900195,4.589913312118815e-05
0.0159425806524692,8.845043861569053e-05
0.003558522456327,2.5762113075017343e-07
0.0002390105035593,7.101727199030944e-06
0.0054304805038455,1.5250763740617882e-06
0.015961379402143,6.43166236890746e-05
0.010666898809014,1.8667217858170732e-05
0.015922972429334,3.6969688793053234e-06
0.0128614519414557,4.214483598223381e-05
0.0182436176741339,8.765556435653676e-06
0.0097280608568551,3.5009315023800946e-05
0.017884516083122,0.00014881717815454974
0.0146304724681498,3.73793411060259e-05
0.0133741437509683,6.894891295197582e-05
0.008370111439035,2.791910267978141e-05
0.0024159308271938,1.3169754135939835e-06
0.0178399511017496,1.2945064868217274e-05
0.0152218371774657,5.358580956587811e-05
0.0187613782458617,9.537817304757889e-05
0.00505209588756,4.0747127124816345e-06
0.0042601030319567,8.60275248818617e-08
0.0141040716847263,5.682350500287942e-05
0.006437870712444,8.062732092516343e-08
0.0124779950817627,5.4566452857303115e-05
0.0104211854149148,1.2543571057762648e-05
0.0179788148487489,0.00011478533672467049
0.0156229285291198,1.2740401669994491e-05
0.0152285241041759,7.146524037483846e-05
0.0158864757594799,2.18174440406204e-05
0.0182722597508172,0.00016276694000857302
0.0184498076238455,0.00011162734699943238
0.0080465412185597,9.330601468125526e-06
0.0164657472336587,9.959574466234651e-05
0.0039576563661813,9.887015151067687e-10
0.0061224509766831,1.0748251552452499e-06
0.0113489328258819,1.6862895039069216e-05
0.0153712890580691,3.445042145421409e-05
0.0064232388910134,6.1408117280625e-06
0.0008879347352984,4.782039117123101e-06
0.011880444351472,4.886449610992418e-05
0.0174063113962867,5.053054440389242e-05
0.0081375248674065,1.1489233523148694e-05
0.0002368941281294,1.1422349264907504e-05
0.002321668386972,2.4434132301041686e-06
0.014393834901456,6.364090953792467e-05
0.002888713677288,2.3938885863532123e-08
0.0144037644115845,1.7159401682267407e-05
0.0077089329980476,4.819971222121096e-06
0.0012411625031286,3.2177704833399873e-06
0.0137194312189289,6.63907268798432e-05
0.00091178038347,3.459186782846863e-06
0.0121747240299621,2.6728285199047425e-05
0.0003327405889786,5.61670859109912e-06
0.0152122718538759,5.0951049156717664e-05
0.0065724276956122,9.96791663434686e-06
0.0050567128282805,5.2276345391660055e-06
0.0153906195368926,6.0353181349315525e-05
0.0013481847567865,8.920485007149986e-06
0.0075067285537319,1.9240324876862608e-07
0.0101639064183893,1.3921011979049472e-05
0.0124976597564748,1.4802613525612262e-05
0.0087951756361213,1.3907769110212665e-05
0.0095400287990741,2.2239114233217278e-05
0.0035885341154906,6.606218556958568e-07
0.0165919639847602,7.651926244550992e-05
0.0187701797747236,6.59028303664802e-05
0.0140668054768001,2.245264736909376e-05
0.0056954329980792,3.552233284243897e-06
0.0083919264504405,7.1176064357704374e-06
0.0123512802884362,4.394653868330034e-05
0.0026785741305773,1.9398561202018447e-07
0.0015205456504274,1.0904963328375668e-05
0.0132570152705438,4.495232709056495e-05
0.0052423883904175,3.50323073507054e-06
0.016170111487073,1.0373632643629184e-05
0.002617743024633,1.8392397103949538e-06
0.0051397901559465,1.8578053071211686e-06
0.0022115401632631,3.296104669654088e-06
0.0171300763827294,9.994924415470564e-05
0.003974294123246,3.057921992278838e-08
0.008073235583465,1.34337433868214e-05
0.0078154522804413,1.9494931663723003e-06
0.0142763691025942,5.070998161223131e-05
0.0049662029140283,9.285096750824718e-08
0.0017912926350653,1.257393519988831e-06
0.0109035230644167,4.3473751324883854e-05
0.0012072073812566,1.8105859648970015e-06
0.0136253177072754,5.517684041082913e-05
0.0123779238085591,6.211100026825589e-05
0.0068051052958217,8.550134384888913e-07
0.0119947355654317,2.231557210047047e-05
0.0145355735945827,6.295933925388087e-05
0.0153312644320223,1.1063212397969953e-09
0.0025818978310135,5.587103068081312e-06
0.0020591547368487,7.556477000413479e-06
0.0045688357204136,5.564037551502096e-08
0.0001777917744145,8.137478769678364e-06
0.0115830491488338,3.268359716564629e-05
0.0024634824853745,4.335062733655176e-06
0.0114422975118114,1.806537093193091e-05
0.014140712417599,8.39343613092368e-06
0.0031207511880912,6.997126044463924e-07
0.0034603469789688,7.403155382132794e-06
0.0123176884976805,6.451352495616168e-05
0.0027025481925671,6.9971771543313e-06
0.0051321513879548,1.1696569750581404e-06
0.0161319832462994,9.657051860106254e-05
0.0119536013474738,6.425720675579884e-06
0.0014914083819027,2.1022239806687043e-06
0.012070544780058,4.647544763577985e-05
0.013818900506476,5.261539851701679e-05
0.0010756264384606,4.317252430213093e-06
0.0161857203892559,1.532930112121328e-05
0.0005567800838022,6.227977948607088e-06
0.0049515356173417,2.1206636669271377e-06
0.0062745182930488,6.793748318236595e-06
0.0094842648689207,2.3388273294650023e-05
0.0108719315867762,1.2836078426237457e-05
0.0033991110743062,8.060111294243122e-09
0.0031686906462494,4.272852747056846e-06
0.003026451674524,2.753019525141418e-07
0.0005462534110423,1.4979942166532883e-05
0.0161042121943951,8.291420920956544e-05
0.0090514181507701,4.994066743866495e-06
0.0007680175339989,9.189431057503597e-06
0.0171872253919493,8.12458989136376e-05
0.0069276620860511,1.0959778478951176e-05
0.0073710031723179,1.1994629656889144e-05
0.0187282147106192,9.929428594788099e-05
0.0034481596382858,5.968666491692419e-07
0.0014221028016456,5.0459556752765985e-06
0.0175498389423987,8.875556305860351e-05
0.015690059409559,7.775495766636696e-05
0.0059026303663944,3.6615984991777714e-06
0.0115284128214531,4.23422726912672e-05
0.0066565093421462,4.9770055943370045e-06
0.0043695257215961,3.820899876938892e-06
0.0093859071623517,1.6373275025662557e-05
0.0041030137442258,2.7353052400861664e-07
0.0156676356117834,6.574519051924922e-05
0.0012891976535968,3.457177918384837e-06
0.0099978290641141,8.865223041020639e-06
1.4765369570490794e-05,6.47067491439808e-06
0.0031463074830586,1.1875710756033519e-07
0.0097169981932537,1.75837396870569e-05
0.0069713817926401,9.930962239698159e-06
0.0078829992251668,5.066487899727065e-06
0.0146687222801989,3.1953703870887394e-05
0.0051406991944128,5.057298687521459e-08
0.0077965544028429,9.684935337821062e-07
0.0111227119195772,3.411801527961863e-05
0.0194105733790035,9.465436990411891e-05
0.0097543204878864,1.8699663948228365e-05
0.0068341268390373,5.401884298364609e-06
0.0194801344309576,0.00010881699352512362
0.0177473289489381,9.647990153877822e-05
5.289756505769239e-05,4.1271214981688904e-06
0.0012089996265178,9.836365642005823e-07
0.0040935372562501,2.681602570801724e-08
0.0093211075403655,1.089185020031717e-05
0.015866479822871,9.509817479715089e-05
0.0197288386015303,3.9539126198079434e-05
0.0193023855339096,5.614227391299858e-05
0.0159132886430085,2.44432925106533e-05
0.0149670403019235,7.053168837929434e-05
0.0162644706522557,7.579397489019011e-05
0.0121733254189064,9.67292349624643e-11
0.01343407248274,3.342475298368312e-05
0.0086901425303477,3.221939868737604e-05
0.0010995315423887,6.4281904709414315e-06
0.0004233656899262,3.630968426930924e-06
0.0164175731312847,2.80851851530123e-05
0.0106900932726687,3.7698758839335136e-05
0.0073724996250573,3.3143175852833553e-06
0.0106218130428248,4.17991936302689e-05
0.0197046226229228,0.00014762994064110424
0.0041554826430124,2.4172903417748368e-08
0.0172359209540287,2.1192415613890908e-05
0.0136960660879548,0.00011573343565029565
0.0109891937298085,1.4967246293796558e-05
0.0150997649729866,8.297207250222162e-05
0.0084817081216213,2.4967271276359296e-05
0.009819853258274,4.935522337384831e-06
0.013612207888734,6.3017829595201e-06
0.0150955528289394,1.98239016834858e-05
0.0187106520013687,3.52713660735156e-05
0.0130465097975393,5.0123223345349466e-05
0.0129972937489358,4.8201077283978406e-05
0.0093529521782796,8.261296969576454e-06
0.0036966662618694,1.0609901863707904e-09
0.005271212244733,3.7813177555736758e-06
0.0018804532777959,1.0555244434091784e-05
0.0131597767261463,3.16218199081888e-05
0.0153168365884945,3.4245804834330646e-05
0.0010821899101224,5.2694937380289576e-06
0.0166969152557227,6.218240409373504e-05
0.0074491599718707,9.865442483007535e-06
0.0079965816614128,8.337100467902605e-06
0.0190022596426738,7.089101707604836e-05
0.0193815816679663,1.0591370684260477e-05
0.0191982027072894,7.258571615398973e-05
0.0072319882308848,6.400279942729785e-06
0.0129831211635334,5.7590228154729026e-05
0.0096683667606121,1.576331608464882e-05
0.007170377209225,1.1467967695751828e-07
0.0083287291928212,1.1415090559766454e-05
0.0148099585668502,5.263230871282377e-05
0.0196953216028549,6.650136630386405e-05
0.0132210561016484,6.25965914814383e-05
0.0021244171113984,2.2320428479391568e-06
0.0170782392847227,0.00012330882847507533
0.0086546260601686,2.0015026433624313e-05
0.0034298124792232,1.2488403226096104e-06
0.0003784900738702,1.3311252097905934e-05
0.0062761150124253,3.899374623427727e-06
0.0166759486111661,0.00010351018430413252
0.000803083784681,2.285809473826385e-06
0.0184256174789568,0.00010525003807672073
0.0080092331040607,1.6164855040149875e-05
0.0011704009489382,2.440002774819294e-06
0.0163164997571614,4.212826952075878e-05
0.0100266302373208,1.275531498876454e-05
0.0112781470811822,5.474897329185636e-05
0.0012389569907492,2.6816718396578334e-06
0.0057467156014011,8.227383803662125e-06
0.0064189678095809,9.173725922449271e-07
0.0044343722884652,3.583865017766863e-07
0.0175943059719807,2.5577988803253497e-06
0.0065844304989762,5.52538770982483e-06
0.0170529113741787,4.792471193307277e-05
0.0185847120478715,8.790380975308472e-05
0.0112385711975069,2.188449596283952e-05
0.0041969735103701,1.3503887874633156e-07
0.0032904687072608,3.6320894732195253e-06
0.0173439120590219,9.801426363795347e-05
0.0046038726576109,2.080930637705303e-06
0.0171232018073476,9.834742972234263e-05
0.0113352748256091,8.248887655408181e-06
0.0051220781747533,1.1816339435639402e-06
0.0196609459480412,0.00014063439381048346
0.010070515616703,2.8822305458470044e-05
0.0049121397079502,7.074188194045642e-07
0.0045976224671431,7.518616391156402e-08
0.0006602896503052,3.970864624880706e-06
0.0010850324636743,2.725809493572231e-06
0.0029439499686687,1.3102748111788078e-07
0.0152706395983406,2.598025718305064e-05
0.00818727522521,9.361746850204374e-06
0.0032355620094978,8.088237835511209e-07
0.0143942427050655,4.340489504073267e-05
0.0152886825101375,7.238697374417562e-05
0.0086833403169593,8.15142098936622e-07
0.0032709984511628,1.0243879912976904e-06
0.0167319237015947,3.382570245113574e-05
0.0101369326383974,2.0262653058296443e-05
0.0128129141543416,3.275073942136343e-05
0.005974871802176,9.867831328512663e-09
0.0101002588040816,2.987603608851311e-05
0.013938186244807,7.40074525038446e-05
0.0166523986595193,5.860437561295058e-05
0.0150896186477657,4.051819200102458e-05
0.0010405708133175,3.4463533085438987e-06
0.009594512986171,1.6984105738889804e-05
0.0014952390059079,8.311155573047541e-06
0.002581298043913,4.282566087795693e-09
0.0153469000557551,5.473681794495276e-05
0.0104013321730693,7.73188585378931e-06
0.0115536138617232,5.616265653410589e-06
0.0130232518163509,3.733720006495613e-05
0.0050327649911434,1.5436669185868918e-06
0.0018321462709808,5.06205081188067e-06
0.0037219939121953,3.2163982059967426e-06
0.0146404765004456,5.020191155538466e-05
0.0125961975326202,2.2837807869639937e-05
0.0104004625488677,2.1476744195852074e-05
0.0089593160435574,9.693517946517895e-06
0.0140982806598727,4.80625248955296e-05
0.0128649694862317,5.271328188909305e-05
0.0108296199501036,2.766283747896731e-05
0.0040537644560944,1.6712840596075157e-07
0.0182949839351299,0.00015343317635937732
0.008734047403683,4.995976508084301e-06
0.0039619199127241,6.389951690851715e-09
0.0198360002168821,2.6419935841333506e-05
0.0106025560902428,2.3535438845225344e-05
0.0102819033383815,4.038814805174559e-05
0.0163808783673514,3.4696772407174416e-05
0.0171966130947169,7.444174523879383e-05
0.0164177266707138,7.486837761458995e-05
0.00092816276478,6.204492617949029e-06
0.011863285870683,3.3093692500333196e-05
0.0093533931173317,9.940888756058368e-06
0.0155093414571648,6.963353137873259e-05
0.0037129359125279,2.406401338350376e-06
0.0098177764406622,3.849030827858075e-05
0.002758962432762,3.391933769361018e-06
0.0008357566470756,8.956548602273512e-06
0.0157500871131068,9.80376568354153e-05
0.0084034322495451,1.3509899961620985e-05
0.0093919955090142,4.754541022578956e-06
0.0146808275588437,8.141779931916147e-05
0.0117443194377238,2.0274979623732193e-05
0.0132369405064809,8.383402444428066e-05
0.0073338614270931,1.7180323470636684e-05
0.0032869099820273,9.228800895234794e-07
0.0072301103852512,9.704954874907558e-06
0.0155262898188124,7.541921995061254e-05
0.0113844370669356,2.3220542807037285e-05
0.0133301987197229,5.309172622334375e-05
0.0004531131577591,8.15925402671572e-06
0.0129437431463316,5.138139867842707e-05
0.0057338626759461,9.188228214259196e-06
0.0057916895306535,2.1063332477032864e-06
0.018531569567811,0.00015696417259295257
6.668502282876743e-05,1.1457332396502449e-05
0.0140449019201795,3.474598032248072e-05
0.0129335902301897,2.60681071920811e-05
0.0178336361527996,9.91552152483938e-05
0.0047351177025643,1.060546289746497e-07
0.007732505520488,1.4159034229599277e-05
0.008781653164952,2.448425921235251e-05
0.008768170096666,1.1589494131065103e-05
0.0194857543876501,2.5780801464005606e-05
0.019811589190058,0.00020541554325893436
0.0093203203478324,3.153192937707093e-05
0.0133888600433951,4.7653822359638895e-05
0.0011052912256,5.851372261164499e-06
0.0039688770759116,3.431373394659362e-07
0.0104945259824552,1.08460519899156e-05
0.0106654228947542,9.138352187682027e-06
0.0099092070180061,2.7631792115879688e-05
0.0127611670426692,3.4372731913911316e-05
0.003962510574685,1.5881706980982215e-07
0.0196031248068507,0.00017466401091230472
0.0073562433989491,5.405111675022314e-06
0.0022452168797232,1.9905747996690245e-06
0.014972854814031,8.520710828992417e-05
0.0069587865389028,4.266809318150348e-06
0.0138954324400392,7.045566504481023e-05
0.0020490265574076,6.3533039119479486e-06
0.0070090439484638,6.175711951017024e-06
0.0144187116138876,9.072398983385399e-05
0.0051943525398335,1.6724933759986076e-08
0.0102809917042994,2.9782082924624673e-05
0.0103861973100214,2.096760034748138e-05
0.0128750419686504,5.8478721627858534e-05
0.0146906542214081,7.720138462813793e-05
0.0043976796870674,8.780654643755132e-07
0.0161561939661254,7.355131102608869e-05
0.0038056146212303,7.646406139184718e-07
0.0062372303567374,1.268022411300741e-06
0.0132002706402481,4.9733184405927567e-05
0.001302077749625,6.142467370295791e-06
0.0149395089326246,8.905292576737087e-05
0.0008765438928013,3.1105266751510027e-06
0.0055531251982525,3.00101516293338e-06
0.0010965134656384,2.769693346044067e-06
0.0117435855138067,1.557567690148365e-05
0.0067172650261008,1.2784426751819517e-05
0.0170093262957014,8.691634095676816e-05
0.0070788847244938,6.419012257348005e-07
0.0107150241502914,1.0553434549995778e-05
0.0122629552071224,1.7154831298296468e-05
0.0085684873506265,4.2898913179066395e-06
0.0046265127465374,2.141598710116351e-06
0.0165293950407269,9.296630722903985e-05
0.011052373365094,1.3149944024638662e-05
0.0123535508912943,5.7644959789812445e-05
0.0163711531597343,5.0854985213379206e-05
0.0195483635041244,7.338355240118157e-05
0.0039096185503944,1.2843110389912834e-06
0.0056298347052191,3.813614080498426e-06
0.0005182262636287,1.2398495767240209e-05
0.004663127216443,1.0412951630939936e-06
0.0045641081303977,5.676297312250773e-07
0.019358328084837,0.0001001344213442493
0.006394592638397,3.738723863078861e-06
0.0003105043466471,5.063485518670768e-06
0.001178905004473,2.110388410720408e-06
0.009988049821137,1.6297647896853623e-05
0.0196645760469841,0.00011821702340021259
0.0132814411244701,6.788985227635764e-05
0.0023252051316623,1.4392162578063454e-06
0.0184892540747186,1.4629776597063258e-05
0.0076966395951393,5.803145416144423e-06
0.0015796238810153,9.386392048766868e-07
0.0139443719522892,8.983844002152848e-05
0.0065673274988307,4.67758052936561e-06
0.006672796706935,9.577926601532433e-06
0.0079904584181911,2.178101551704449e-05
0.0067991202058326,8.22550242264929e-06
0.018503927861973,5.0294604566442024e-05
0.0150861614539004,3.433207366502748e-05
0.0167352208010124,7.147876326874126e-05
0.0006011757979366,1.0207160759370382e-05
0.0068153991111138,6.061394483050591e-06
0.0104678743556677,1.823860640747378e-05
0.0005142730687926,2.3201196586679697e-06
0.0130931151295625,2.0695703764697083e-05
0.0096526849930886,2.2497923016411477e-05
0.0177181206756152,1.2999744859217937e-05
0.0142660574073007,8.454430728029174e-05
0.0074589866236345,4.43576213659184e-06
0.0137499886990907,5.723090249547211e-05
0.0147509473351278,6.236145304814747e-05
0.0144781772175463,5.333650068134584e-05
0.0165742781183675,3.678566487428947e-05
0.005591677415936,4.7816789303612374e-06
0.0173349405476343,8.083065638992404e-06
0.0057189246944626,5.805067361381797e-06
0.0194209547476972,0.00018244454768320562
0.0127160123849322,4.427913973786511e-05
0.0155905659507206,3.726484925833439e-05
0.0083062916069553,2.8614062055187497e-05
0.0199679682064451,8.030755163147726e-05
0.0035661663761804,1.8537087114354528e-07
0.0045408349334164,4.505266638607009e-06
0.010277104045155,9.582466932693688e-06
0.0164015952297358,9.090484974598676e-07
0.0161374590045465,3.688694632623439e-05
0.0129761039746837,3.4459852643093435e-05
0.006445807742727,2.593865207298444e-06
0.0003115430680322,5.181030424908272e-06
0.0031233701219684,1.0971629437235747e-05
0.0128339325720458,5.45224869215987e-05
7.301543922901832e-06,6.7405228461771495e-06
0.0009029122563391,7.554187968420402e-06
0.0075914300440867,6.3356442418773955e-06
0.0099991448674693,2.9908193747441033e-05
0.0017434828400736,1.1743901280875962e-06
0.0022577859148741,3.106620853603038e-06
0.0074825970722772,7.797957424959531e-07
0.0133487827790268,4.889061061773334e-05
0.01319060527492,7.231962528705108e-05
0.0132566217767768,3.744383674700943e-05
0.0126545577611813,2.9758013469194786e-05
0.0035107125891261,3.5107504517557777e-07
0.0195953447597192,3.119687514875551e-06
0.012376994641568,4.042937833135395e-05
0.0199094172805524,3.3912128231040773e-06
0.0046602065337662,2.280299456571396e-09
0.008049444176939,1.6035305976700416e-05
0.0071692215480432,7.427463023790933e-07
0.000218107544257,5.11684645844637e-06
0.0124227578258741,5.3930836785729826e-05
0.0123648499005937,4.160727838103615e-05
0.0126177488429132,6.064198256412621e-05
0.0057475701966906,8.325478525677588e-06
0.0174126475158194,4.60067530965424e-05
0.0142308511927202,5.2756529748309944e-05
0.0128183465579016,1.625225372543982e-05
0.0170526619312313,3.493268118508216e-05
0.005768848515546,1.279373787969446e-07
0.0071824271188187,2.1790804176890232e-06
0.0147957459737492,4.838744080662266e-05
0.0127463033207841,2.7443267163170162e-05
0.0085196682543751,1.1087850899559196e-05
0.0048772891759632,3.068465363266777e-06
0.0161045578689796,5.109600477404001e-05
0.0008411870328847,1.9770813807813268e-05
0.0119856711396164,4.303726607990575e-05
0.019672179608694,6.777283640268668e-05
0.0123387231618999,2.282145100287915e-06
0.0034977933784982,5.483560726686756e-07
0.0071286919255734,1.7303397305931864e-07
0.0098089469022709,1.2872914457113133e-05
0.0193954895926797,8.558501179062604e-05
0.0154438632994961,7.636911421192938e-05
0.0083807582166586,8.541907912631393e-06
0.0103192121063834,3.6741325702536027e-05
0.0173280561209911,1.6739114142241855e-05
0.0109591297747966,3.235788928558774e-05
0.0034965587759158,3.2967525793214724e-07
0.005850759409001,6.64119732071125e-06
0.0076367818889446,3.875235476586073e-06
0.0029664302993813,9.29610436611328e-07
0.007394012701881,2.23285115453714e-06
0.0192317486783222,0.00012340005205883393
0.0079013420936012,1.3752350000208969e-05
0.0151514901347998,4.199950888313363e-05
0.0044542658261243,1.8405918801084954e-06
0.0194934357506301,0.00010120527725418262
0.0043503211208477,8.635620680230748e-07
0.0033282392829996,1.9973088591164187e-06
0.0184393418679191,0.00013836614219355615
0.0101342127557683,1.7651599105860737e-05
0.0109513286539914,3.5319525971769906e-06
0.0059931125626102,2.279181668473745e-06
0.0122398905170543,1.4451068215918309e-05
0.003287897456575,2.6983969481164355e-06
0.0040409203940955,1.3540112545107944e-08
0.0159714197362687,7.724450688812077e-05
0.0135430085353033,5.0846163443513824e-05
0.0129627206762913,3.3359772214255536e-05
0.008418651646792,7.997749910974479e-06
0.0004496662271732,2.053321930012329e-06
0.0151671010384497,6.660106530773716e-05
0.0129573386580564,3.8910435768616875e-05
0.0130798023309136,3.565649330191814e-05
0.0165100447788437,0.00010073398273833873
0.0044110311089618,1.4316681174895749e-09
0.0046980215788364,3.77829707090579e-08
0.0013661931350379,2.5808409064162107e-06
0.0092765113485382,1.85535197194899e-05
0.0051028916494248,1.4165154486767959e-06
0.0086292936532757,1.5204555108825116e-05
0.002737737938494,5.887323199358543e-07
0.0021849150093703,6.387574971211867e-10
0.0007461677009102,8.043212786801633e-06
0.0026409954173419,7.956189298081008e-06
0.0050602125278384,3.5140427776615838e-06
0.0128531828918719,4.06322470538713e-05
0.0175961945504032,7.119739022056498e-06
0.0145449760701053,4.358284543384849e-05
0.0089263161156577,7.771174527424362e-06
0.0097622205585192,2.673940991100452e-05
0.002042297016697,1.5685798633129814e-06
0.0066985979492379,5.076287867177003e-06
0.0084263799004129,1.7421686300192127e-05
0.0077446960117906,6.610049584138824e-06
0.0106463667781832,7.920022950138245e-07
0.0155724639968904,0.00013003211275159753
0.0037396057225827,2.9741141288821066e-07
0.019323488573651,4.922634995802097e-05
0.0023513534779378,1.4824383664713544e-06
0.0138349990777848,9.354513792655822e-05
0.004094076521956,1.335656101103638e-07
0.001852189668319,4.117536710048319e-06
0.0065676904287397,2.8239308336601806e-06
0.0018286728517936,7.298481204806119e-07
0.009006659128551,1.7141126491864767e-05
0.0150486383256169,5.021597340942398e-05
0.0162393614109304,7.38685509102343e-05
0.0164424177737631,1.1444034054187007e-05
0.0073413635931114,1.0007422160106561e-05
0.0118547054290039,1.8657446427971682e-05
0.0103298846420906,4.1168111076182184e-05
0.0183272562125735,5.216328460462428e-05
0.000251649764536,6.9146926772904184e-06
0.014167490428952,4.505601863478275e-05
0.0152235068738742,3.2003074558804087e-06
0.0163391937582203,4.4372462286549774e-05
0.0088905588267288,1.7002290110159443e-06
0.0175135921257071,8.607927434536662e-05
0.0071922831299626,5.705247505684633e-06
0.0065148121164955,2.0187662232446113e-06
0.0036256404385128,2.4466757846811166e-06
0.0078725432818285,1.6992177234333816e-05
0.0175513824810884,0.0001599521117170676
0.0094996398550874,2.9582562396586077e-05
0.0137341301652447,2.509010132321495e-05
0.0186729330743635,0.00014177961695181244
0.0195879965926703,0.00010068079580905268
0.0013943898947891,1.3751716959431713e-06
0.0140789337544089,3.7735441914368465e-05
0.0192248605638443,7.291823915837056e-09
0.0008743377528763,2.9645489420376295e-06
0.0042115575435363,1.272297319676761e-06
0.0171105639818276,8.165458194978597e-05
0.0027298782347069,3.8732481794814146e-06
0.008840377566747,2.9579105409307035e-05
0.004337332817246,8.692909631175363e-09
0.0151363690516109,5.3886784481606186e-05
0.013308025008095,3.13601077673866e-05
0.0022341230949891,3.3108203511414007e-06
0.0193954375107479,2.9963357712244216e-05
0.0186510176746117,4.947315670797913e-05
0.0017812768588505,8.889518786303237e-06
0.0174082251332097,6.543417793807265e-05
0.0072382827215512,7.359653075850705e-06
0.0163363883277397,4.206483667265641e-05
0.0126890009833651,4.612391517581794e-05
0.0141776138182143,4.519202514886396e-05
0.0031462404529061,2.381103940270557e-07
0.0035647851128298,3.930192354147837e-07
0.0083355036891313,6.863128083448099e-06
0.0111674165400949,6.416015885692365e-05
0.0089674359386181,5.514867613787315e-06
0.0017979024445883,4.1143464187564966e-08
0.0117013310373064,1.9108425686959553e-05
0.0128966238954613,3.3491120948751606e-05
0.0058128046341891,6.6703738864620235e-06
0.0161438168394859,0.00012934961101892685
0.0045565705542172,3.1547874188484625e-07
0.0184593483797871,7.71318127074862e-05
0.0009733709236811,1.0535944455119885e-05
0.001758323117611,5.793611454487161e-07
0.0162427033377771,4.2190662063454596e-07
0.0095298289134735,2.36575279410527e-05
0.0135854358571406,3.875551037615352e-05
0.0033177871682795,1.9491607254914913e-06
0.0009536609666368,5.630136678410912e-06
0.0075583694069012,1.4367039274731867e-05
0.0073377407637217,1.3887177036587817e-05
0.0142026417162473,4.0167537547102124e-05
0.0045007200145004,4.062032540207572e-06
0.0047944241198383,4.221056820631604e-06
0.0017910476115488,3.4615327709142735e-07
0.0048751061554374,1.9021037570868992e-06
0.0001812216222689,7.602197073251311e-06
0.0163056766500007,6.628901044105477e-05
0.0188987228789067,8.573454170692067e-05
0.015477704471778,0.00011883625807327794
0.0173138829253994,0.00010307735731139643
0.019832529803354,3.7100579107086755e-05
0.0007401144612547,6.65876694431547e-06
0.0042920677300992,1.7630853402351485e-07
0.0143210232766371,6.444447439994632e-05
0.017444159516239,3.333375645940356e-05
0.0019786794197759,3.9037708716665754e-07
0.0178583202619336,6.684778512960953e-07
0.0184823621334242,6.844018858523296e-05
0.0084732957007429,6.6846753825330365e-06
0.0086731727150386,1.28698655562664e-05
0.0070495603325426,4.822142866869791e-06
0.0021761689250474,9.30578023019229e-06
0.0178483444746167,8.090604157907784e-05
0.0186072767498745,5.640434108638163e-05
0.0151115072692225,4.565758860762475e-05
0.0006922736760035,1.7016378582418229e-06
0.008028589336709,2.8831108299107287e-06
0.0021582249347389,2.07565681302076e-06
0.0193599891175145,0.00011251774490650686
0.0189505019469632,0.0001360682520934021
0.0114366394082637,8.665571147455964e-07
0.0007676866991937,8.414272690311225e-06
0.0078190517424678,1.6521194186478853e-06
0.0008175695355345,2.7657114667865543e-06
0.0132601834115108,8.300477620627202e-05
3.254199162499249e-05,1.0960503215838103e-05
0.0033892573784416,2.706182216287404e-09
0.0105173481126702,2.1055590236465678e-05
0.0115846065058173,1.848083582216858e-05
0.0152422143288136,7.169689421964679e-05
0.0133683439075783,4.7611797861663045e-05
0.0158754445864414,4.695397350851467e-05
0.0182005093922197,8.571800244983155e-05
0.0093361512360785,1.7278494921388275e-05
0.0141128006832622,3.461447994273506e-05
0.0039776023128825,2.244422895867884e-08
0.0001811228490365,8.954828629572614e-06
0.003260826926515,2.6791253090626763e-06
0.0019791849418833,1.5443655233967906e-06
0.0108741286218871,2.592985667001331e-05
0.0162151461295669,8.534754611119684e-05
0.0142148622330581,6.603696235364156e-05
0.0030212192836718,5.977393062064138e-06
0.0145317746382938,9.600033523561687e-05
0.0129204292567944,3.177170694324881e-05
0.0142453519463513,5.905718900427211e-05
0.0014615422554335,6.873982422298948e-06
0.0084951390051008,1.711576401788944e-05
0.0084321695487876,2.0232677540500553e-07
0.0113742656320763,3.2311023777948776e-05
0.0052313829644298,2.0196641879880385e-07
0.0154381808487987,8.423668413536763e-05
0.005381842758079,1.8015730503662603e-06
0.0067293645424603,6.5189350235741495e-06
0.0052912992025989,4.016313287824585e-06
0.01955626393302,0.0001233361159771438
0.0172378370678942,6.444872795533844e-05
0.0112368154781602,1.258492558584469e-05
0.0102681524846203,1.67030090443813e-05
0.0076168082467443,1.4578781849414927e-06
0.0010114069664881,3.854913381502073e-06
0.0027756035437529,2.77054512696582e-06
0.0091366059961421,2.0979999633547972e-05
0.0144558155076805,5.0655084685043004e-05
0.014103980055003,6.807806320751615e-05
0.001284742743987,9.395131567373623e-06
0.0141615578251812,4.1727728534653295e-05
0.0186961641139959,0.00012591349228262201
0.0070642368851624,1.4590534644244615e-05
0.0029570185772478,2.165454463694976e-06
0.0199086764796126,3.71269767239087e-06
0.010894318417309,3.7410529378439796e-05
0.0027146869380919,2.4676643284123575e-07
0.0130282497280289,7.057430614002366e-05
0.0034610935791007,2.404725916125783e-07
0.0039443394700391,6.252245541064066e-06
0.0099305151575016,4.6806549400588044e-05
0.0001736009882187,2.8009074752386366e-06
0.011903691343642,2.869861450920704e-05
0.0123648507037894,2.371087414829492e-05
0.0036925801795803,3.748936624092938e-10
0.0148112829833279,9.684797953667298e-05
0.0131395355671706,3.626123255822889e-05
0.0075755002095263,9.100973103941384e-06
0.0066008196985925,5.1192657569164525e-06
0.0132996249068472,1.1070729044516355e-05
0.0131759130054339,4.963679132026408e-05
0.0114827491440412,3.0479064493179037e-05
0.0103111125062102,2.2662088001217063e-05
0.0133447097067798,5.909094321431691e-05
0.0065550690054998,1.7126888996656692e-07
0.0010642890199,2.8340099947858157e-06
0.0123458085050759,6.587111327414017e-06
0.0051492407321639,2.182452683844792e-06
0.0058977139787868,4.840030332978355e-06
0.0059225469672307,5.645744482441542e-08
0.014921660671041,2.368080596740767e-05
0.0025899495724321,1.6742375250110593e-06
0.0076032086231798,2.5009097290719535e-05
0.0145037174737944,6.964343225516886e-05
0.0140026439018725,0.00010481897261968099
0.0129359249555863,2.8008294399914362e-05
0.0002311506096525,5.797121241497511e-06
0.0026288515415416,3.0406791015703416e-09
0.0186453450319007,0.00010147561839643978
0.014207223421881,3.558853632216464e-05
0.0158704336295341,6.98290656887302e-05
0.0066741510746137,9.909393207584026e-06
0.0125845721709189,3.36360341869938e-05
0.018159673889508,8.156387217243138e-05
0.0076970735651823,1.2908661447227549e-05
0.0085637422126259,3.7107781113785983e-06
0.0065645799184888,4.2491924112356694e-08
0.0179104717092074,3.211847426168036e-05
0.0135123573091393,3.966714055715319e-05
0.0027477711289642,1.4092743842001401e-08
0.0076216307037396,1.2671542878494652e-05
0.0181898423079698,0.00011374370306977736
0.0087311749647733,3.383548324484247e-06
0.0165858974325221,6.456486495883654e-05
0.0149239759775428,5.857111043972545e-05
0.005338964817957,5.884044343633381e-06
0.0091167176109697,3.290338832459304e-05
0.01171246116979,6.086044611762617e-06
0.0046306054425045,3.8189348101158096e-06
0.0101821326121043,5.9489882871587565e-06
0.0109721405207346,1.1812018507043254e-05
0.0042897078978169,5.930219348821751e-07
0.0065533183398501,7.706306219839423e-06
0.0144994442340521,7.711464200565813e-05
0.013851030593598,4.044118773804221e-05
0.0164679819830908,0.00010234391802056554
0.0051735363836241,9.68154166753687e-07
0.0122247348387662,1.5577707007706015e-05
0.0014345422293894,2.2914392709526128e-06
0.0161181399042056,0.00010638570944697153
0.000559392003979,1.0101326427143307e-06
0.0145801473099867,9.317841814967657e-06
0.0091205600742321,1.0606912684369417e-05
0.0180695141933362,8.731755077778897e-05
0.006862632460081,2.7488236430111505e-06
0.0095065351060019,1.0794330220114408e-05
0.0047432283142499,6.968045031935845e-10
0.0091600703315705,1.3876019319048616e-05
0.0008817015692436,2.54721733095232e-06
0.0149984521507044,2.685682322285631e-05
0.0102180234406999,4.246920611740885e-05
9.088086427432971e-05,1.1300115996005898e-05
0.0186591861910971,8.201710163592175e-05
0.0008683734601726,2.0091889206080017e-06
0.0189137821689524,0.00016734653500579698
0.0099325017488197,3.089091870464868e-05
0.0168429174411452,0.00012573291084390386
0.0174300871903908,3.4753424892209914e-05
0.0081366488824982,2.264314491892141e-05
0.0172526450884779,2.835741216952363e-05
0.007157186300342,9.58850959117845e-06
0.0159700802857986,6.629515476937489e-05
0.0163891956439726,6.586605740477868e-05
0.0014354932792765,4.217394860840932e-06
0.0050781923679979,1.4263990402020376e-06
0.0187738783336973,6.035056182555758e-05
0.0110091826706827,3.1488228151702176e-05
0.0072571457459495,4.405454302019182e-06
0.0156925940069539,3.981441462974919e-05
0.0125053735882969,2.0457633269375907e-05
0.0086322313779465,7.15700766054265e-06
0.012454447584634,5.506489229077058e-05
0.0001734096060854,1.7067260750580376e-05
0.0111637855818066,3.349785872461238e-05
0.0149165363052273,8.002955866344244e-05
0.0008494670844885,9.566653042269555e-06
0.0181314984897827,0.0001275945687928511
0.0093859293607725,2.0331299595674684e-05
0.0059794354591314,4.513914503218956e-06
0.0031435893361789,1.3576238401662163e-07
0.0184317960769846,4.187305750129503e-05
0.0102076324300457,6.5180052025679925e-06
0.0156443421716232,3.95102857782956e-06
0.0062213202351602,1.4272633169517218e-06
0.0144334414930308,7.530455219674198e-05
0.0028292044357889,2.8199658055328694e-07
0.0040613967895354,3.138090947667386e-07
0.003413740868278,8.753209766898981e-06
0.0073041141390177,6.5095181550464055e-06
0.0173607441984359,4.8330549789656604e-05
0.0167299517576215,1.6057559872765532e-05
9.79811987667678e-05,6.30112630674989e-06
0.0045624477645521,6.014358932725781e-08
0.0197036115234756,1.5887480415684368e-06
0.0151502666069488,5.5025584788616175e-05
0.0037028504828467,1.0290199899122719e-07
0.0011279627790184,3.462258301753945e-06
0.0134695200703215,3.16016222925377e-05
0.0043692606345956,7.852037219643203e-07
0.001532113790089,2.946699986605868e-06
0.0091933830260425,1.0293571144596838e-05
0.0075695823855133,3.798517077339596e-06
0.0199066759903294,0.00010435556467690121
0.0102341002990354,2.1853221650499687e-05
0.0081529027497434,9.851734762956433e-07
0.0011929278790957,8.439536045318182e-06
0.0034415338850002,8.485755383940425e-09
0.01860614030147,8.726955181900722e-05
0.0002589465609121,6.967366860856958e-06
0.0040848940903398,5.547644572998592e-07
0.0154566770227092,0.00012866973540419428
0.0076339603469424,5.232320013752529e-06
0.0137494090831705,2.658801671628686e-06
0.0077199500457914,3.6481404133227583e-06
0.0064329786771572,2.1890072836888979e-07
0.0126804002903211,4.4089215671551206e-05
0.0097641745707482,2.0797434181811853e-05
0.0184780979374071,6.0461427681148643e-05
0.0036820741251913,5.276602428947107e-07
0.0071260199751201,2.4919539742098572e-06
0.0154089384572853,0.00011426035212809473
0.0031943123879574,2.938174982838887e-06
0.007380286981297,1.601696021754604e-05
0.0080901942109309,1.3429331387028158e-05
0.0110587943492404,5.1774543031758235e-05
0.0028659922118893,1.326603008514245e-05
0.0187437688329468,2.2914142320969423e-05
0.0143261727144488,5.5155456744116984e-05
0.0182804444394761,6.751408712143517e-05
9.945665074760468e-05,6.362436488813452e-06
0.008569558485614,6.253156647039421e-06
0.0054733760139937,2.9083699039262764e-06
0.0051255489801518,9.48828898108637e-07
0.0157260733245856,4.1523819798536695e-05
0.0080091343828224,1.9515738428156765e-05
0.0126462974396231,4.08201952839602e-05
0.0117664916590337,6.416087144204844e-05
0.0044474485596971,1.9003679616864772e-07
0.0087342755399302,1.4977315141672975e-05
0.0070210637288861,9.004302121647257e-06
0.0140755552597192,4.425216155070991e-05
0.0162191377789601,0.00011521922272528275
0.0075534148292448,3.6236662962047997e-06
0.0012707728899589,3.855449020626516e-06
0.000351565585495,7.568226818042973e-06
0.0031516911312481,4.936817682605809e-08
0.010488759001997,4.9307854671321854e-05
0.0096535362776469,4.1173832583191484e-05
0.0033538387738608,1.9986259526459655e-06
0.0025567469519594,5.607394286958043e-07
0.0010199136527684,1.0409779756505778e-05
0.0047634241378962,3.889261825721721e-09
0.0069800508028197,6.14718635354332e-07
0.0133574999274825,2.16054594983608e-05
0.0062162361125145,6.330127543554966e-08
0.0156111823306833,5.8822265548532694e-05
0.0121853456500808,3.771868405045011e-05
0.0005115871016926,4.440222214365175e-06
0.0130996354228471,1.4981712549918554e-05
0.0102236769213247,1.732159307406364e-05
0.0125757274206237,1.2590045491002258e-05
0.0075651076073999,1.1131671971544435e-05
0.0100206411278099,1.429052208752198e-05
0.0079343607386725,2.0752921356831005e-06
0.0157562165057719,1.662653306082822e-05
0.0100486851129114,1.065220147650683e-05
0.0082295507645329,1.20018297219796e-05
0.0098952532012838,1.3647345358574553e-05
0.0160674439130246,1.6998117355794041e-06
0.0181901889456262,2.7806906099778736e-05
0.0173982180475675,7.45944750361521e-05
0.0020941629399958,1.0807297533282417e-05
0.0109468915600456,2.6177231062734207e-05
0.0183929191192492,0.00012022791479049402
0.0087839318864032,5.343660094587374e-06
0.0092364735371489,1.2013170726764052e-05
0.0104981470384941,4.147862267865342e-05
0.0146223756594826,4.630897818122203e-05
0.0151381775983674,6.261124864599061e-05
0.0039164001385558,2.9090358315707457e-06
0.0015296458074637,4.027036835745431e-06
0.0163242477024285,7.679555383623084e-05
0.0049364043251093,1.0422258872381765e-06
0.0153807172505508,6.721020338872484e-05
0.0015244846641626,2.4445583560750064e-06
0.0177024402760229,7.73417730011705e-05
0.0171461215884214,7.00541842202493e-05
0.0197470143762489,9.672077768695832e-06
0.0065411127939835,9.529848301780602e-07
0.01699128701706,4.143482983057791e-05
0.0049845615239579,3.026303035542523e-07
0.0017169457360754,2.9184937979205905e-06
0.0157220492634359,5.407314523422578e-05
0.0198033569111553,0.00011735991003566542
0.010926996501393,3.845970759532564e-06
0.0093811490831019,2.0553306823438894e-05
0.0147848529481264,2.8545025747571096e-05
0.0088720988491971,1.2388286006343312e-06
0.0037298070623102,1.7950249506944684e-07
0.0126070895834629,2.0293291810774e-05
0.0050733194368475,2.4002527413142875e-06
0.0103819521234238,3.1937503636597127e-06
0.0050069706876767,1.1260031566708318e-06
0.0014442456049884,1.3013569987096243e-06
0.0137645289838286,7.210086306291843e-05
0.0137130306357346,3.793276055432684e-05
0.0050166549536477,1.998058064528283e-07
0.0078201803556616,1.28415316075849e-05
0.018171348247545,0.00011217691467527414
0.0040536433952261,1.9457285343362383e-07
0.0096212463371437,2.2662519493402376e-07
0.0083439255399773,2.8292307746240744e-06
0.012740688188825,6.205537390166808e-05
0.0166465998869977,6.602560179609256e-05
0.0095938908055883,1.3733580826670852e-05
0.01374104063569,6.877344876158972e-05
0.0086263400974525,2.3382288219769388e-05
0.0185718113465335,0.00011270828295097105
0.0028172671957973,1.2891678765511605e-06
0.0157974386715716,5.051180841695048e-09
0.0089317652049118,9.308058615603764e-06
0.0101700928715086,7.154768973758812e-06
0.0027511204356051,1.366831328768589e-07
0.0126642497048334,6.845448692337696e-05
0.0068102326117415,6.18041322928948e-06
0.0159047769437946,6.855030953902635e-05
0.0158820023268614,0.00011344808587079348
0.0102892039076579,6.160922992455616e-07
0.0001592704080172,5.839421990533123e-06
0.0143866814610664,2.7093008082922938e-05
0.0121977346023106,1.3988584903412056e-05
0.0047375670254491,4.5928167595241065e-06
0.0049837338560693,1.1327854693546913e-07
0.0085417520170414,8.066076301757644e-07
0.0051548458735467,1.1302587588487981e-08
0.0009974690014875,8.299910772300468e-06
0.0048091333666685,6.216510724119281e-06
0.016981145627728,2.699320171734011e-06
0.0060844809581647,6.718897918014119e-06
0.002818264384875,7.920775135696872e-07
0.0149386468292108,3.903929598838416e-05
0.0048738571185436,4.2657360817586786e-07
0.0148558365284073,6.664783585071106e-05
0.003843356734185,1.1644876185300357e-06
0.0054044821851307,1.0944050795698648e-05
0.0062526713799713,8.155694766629763e-07
0.0052323802620518,1.7237061305014906e-06
0.0119153872390497,5.3038513475556144e-05
0.0068573531904351,1.2819497755331227e-06
0.0095923413113022,7.466207722842303e-06
0.0199781067076844,0.0001148207072015551
0.0079022973469325,1.1326998087447036e-05
0.0127407021805705,2.8921193794044963e-05
0.0016275367991573,3.3610564440754582e-06
0.016374486615618,9.531640900593733e-05
0.0190919772667469,2.0788468248449233e-05
0.0173596278939268,8.19481045607849e-05
0.0075034395553137,9.098936044871647e-06
0.0119510000026632,2.7597998666137762e-05
0.0120827152045483,4.8551046461982654e-05
0.0183572732415927,0.00010244623621102332
0.0068751194209481,1.0087486147618935e-05
0.011194757262034,1.4972256129279539e-05
0.0122885857872493,3.9312914961710975e-05
0.016749784281606,0.00011575436038940628
0.0053441828916355,3.4673081450863504e-06
0.0194001989303282,4.804424019969001e-05
0.0112247856788205,1.8450714930246078e-05
0.0158008411242933,8.866042381548085e-05
0.0063686088528651,7.48391781592785e-06
0.0060144310902677,7.507228621626032e-07
0.0139963921163225,4.031447545211263e-05
0.0052635551904149,6.534512618434605e-09
0.0153779261912141,4.80374562700147e-05
0.0007578690533401,5.935958600796963e-06
0.0143794606930883,7.330718783261994e-05
0.0002698998445029,1.0249612978680807e-05
0.015996851398686,9.326934316686323e-05
0.0036977863063584,2.3652996065050828e-07
0.0062869552162365,1.0457243795969454e-05
0.0093775402719148,2.1896494159457205e-05
0.0039852639794334,8.52077565858913e-07
0.0129143994470116,5.8998596071965014e-05
0.011762319301615,5.260029090291263e-05
0.0117461612923885,1.0930166700492679e-05
0.0044563767729774,1.9814442959280725e-06
0.0181998285307383,0.00010888407724332716
0.0118107281765047,3.037593675546291e-05
0.0001429016047959,1.0555313437605563e-05
0.0109622999289055,3.374939529525173e-05
0.0198667089719598,0.0001062561620612842
0.0124132657892573,3.565712548103858e-05
0.0161689556519363,6.538807331049077e-05
0.0122114036934401,5.803235327474452e-06
0.0005142864454242,1.830829375949896e-05
0.0134605649913538,2.1021450774369387e-05
0.0056575072676785,2.5837139965204025e-06
0.0110738205800018,4.297697785856798e-06
0.0055720432262475,2.57988214816096e-06
0.0056968400034268,9.825406341054168e-07
0.0095294288566388,5.135137348066154e-06
0.0198223447830985,7.866362812145324e-05
0.0137690794978957,2.740630820669906e-05
0.018734528699611,0.00010058006136852145
0.0117618358983064,1.620010612240292e-05
0.0016942000487193,5.54427963523319e-07
0.013077629771088,4.8261573650202004e-05
0.0103139451272079,2.2278003006582263e-05
0.0080164611752449,8.603952497880943e-06
1.3952847131624146e-05,5.570138678827306e-06
0.0090004730098017,1.9498131238466097e-05
0.0182668457114343,1.4614960423295365e-05
0.0136071956287941,5.659364167644316e-05
0.009395084018468,1.6667122999973364e-05
0.00448995736093,1.6942550486956449e-06
0.0135639033049378,3.64024983050692e-05
0.0060827002378894,1.0430784199806656e-05
0.0120203554575926,2.6416516485871513e-05
0.0172040414941125,8.736426869932885e-05
0.0015234737951389,3.0044984377914917e-06
0.0053273042448596,1.0828056849956523e-07
0.0015061783411261,6.1253659472933056e-06
0.0017482227856957,1.3469271102952618e-06
0.0029850686827321,1.3845974732845466e-06
0.0026365359236036,2.9977125112205197e-07
0.0023031527564097,4.555558043139399e-06
0.0005782514857733,7.289802708777272e-06
0.0173630765040418,0.00010078419993547095
0.0131728479281937,4.249685478978764e-05
0.0071677458581573,1.3764923005692228e-05
0.0103225589285367,1.4845160486748261e-05
0.0107171019530088,1.7009014643153707e-05
0.0146472428437739,4.314044622249231e-05
0.0183697202868781,6.985091557316071e-06
0.0111905402651726,2.7288150421779565e-05
0.0199551871559807,9.90955944675386e-05
0.0105405150804153,5.279373818413966e-05
0.016575923622054,2.281755593890302e-05
0.008856749574797,3.478480127830362e-06
0.0001776899314032,9.719957496712264e-06
0.0182623860435948,9.288334270087496e-05
0.0002080255880165,7.61911813959904e-06
0.0062488818948597,3.4121115590796286e-07
7.754256942925864e-05,6.291129409446024e-06
0.00209234544995,2.1302353670227268e-06
0.0069697208521373,5.858803097538116e-06
0.0156613342159346,5.5054081348647286e-05
0.0140496747035786,7.18261046468652e-05
0.004852849265603,4.8532879243272745e-06
0.0054023304064923,3.942652070107482e-06
0.0123379466317553,5.194289612885267e-05
0.0035847008898269,2.475003321377627e-06
0.0076632731682361,1.275293135929273e-05
0.0106300758968729,3.443580196714646e-05
0.0189159564282118,9.079574812290515e-05
0.0032492885448984,8.182820142208718e-07
0.0112372679544869,1.2678074104176903e-06
0.0087299458748511,4.059934999568442e-06
0.0020734085819462,7.729589553609997e-06
0.0198437325803819,6.123771436993581e-07
0.0007573929336464,7.3345801535391055e-06
0.0120468866348356,3.9671156807270985e-05
0.0132008394473604,3.5267232455891226e-05
0.0021856615276569,1.061811705116108e-05
0.0053627557028183,3.930804498579686e-06
0.0019529744639884,6.21820828376217e-06
0.0085156182664244,2.437573100632942e-05
0.0031257725136526,1.1152674586501884e-08
0.0194918971410054,1.2595846923880831e-05
0.0064879118060604,7.966440245426663e-06
0.0093947955795785,9.2543012347016e-06
0.0161068405203326,6.328919841581142e-05
0.0064495401982109,1.0544223846236086e-07
0.0040235189482284,1.3855160096760001e-06
0.0057984643992307,5.471530366638328e-06
0.0024265135817057,2.013632318066279e-06
0.0016399570402248,1.0893073686751847e-05
0.0121754992329036,2.2865442905820864e-05
0.011851443618521,9.04786947835702e-06
0.0143839601587695,1.3224467366367598e-05
0.0116464047696554,2.0444718069699682e-05
0.0163483203867091,6.403515307924206e-05
0.0011119261700333,4.6765680615462205e-06
0.0115903998205569,2.901175572657701e-05
0.0139834222611778,3.752043566149797e-05
0.0073957897376632,8.274249067960118e-06
0.0030813559008412,1.5797582695360815e-06
0.0089490925439972,1.4621560147100466e-05
0.0075112093497492,3.418802705035064e-06
0.0114035656102139,1.4531784266161903e-05
0.0019286134852509,3.766624772073278e-06
0.0186991945031623,6.787478810296285e-05
0.0014496800233083,2.4215320638890076e-06
0.0175380904758946,8.633931219512379e-05
0.0055541954329961,2.073760153816685e-06
0.0039357827232262,6.752025425127493e-07
0.0027569223602022,1.0252656344209096e-07
0.0151849807500228,2.159437245567399e-05
0.0023548479259967,2.305117757214648e-06
0.0160671658603068,2.1126003069784824e-05
0.0090019713649455,1.993832010789515e-05
0.0098531108293755,1.611119423669656e-05
0.0037487870786711,1.7469269732936283e-06
0.0064490413281079,5.276332773188355e-06
0.0174909176386504,9.918326673314568e-05
0.0098318421434065,1.0393611376346564e-05
0.0011699656933913,5.1075489805492755e-06
0.0054638719742938,1.0234366711527318e-07
0.0189908721806536,5.9326380010150355e-06
0.0072583451705253,1.6368645427287018e-05
0.0004152691401272,4.036379739742549e-06
0.0037338264136648,1.362357617598177e-05
0.0002400460363263,8.557024959499531e-06
0.0125222575815784,2.337207821226272e-05
0.0179488650745863,8.749768366822454e-05
0.0153291848501176,1.198914056920151e-06
0.0008986335755285,3.4567120693253084e-06
0.0157443405950911,9.964172965012702e-05
0.0018484671171451,7.638100838325346e-06
0.0079803988231847,1.805971942140661e-05
0.0016311958461896,3.0818383715544227e-06
0.0051312858461098,2.5337606341401104e-07
0.0150155034845147,8.138118167099556e-05
0.0137790909705905,3.788614420128075e-05
0.0088475308207448,5.47072606010325e-06
0.0137136997979418,3.072544891004466e-05
0.0152113411956261,6.940032550752335e-05
0.0173485242455148,7.208071644646571e-05
0.0078747724794496,7.174092635585137e-06
0.0084069316035986,2.290539889666394e-05
0.0109372669776826,4.111185004087964e-05
0.0065807848699627,2.370880184418455e-06
0.0152107533072607,2.0036948806670156e-05
0.0120598906549374,2.9403359276544214e-05
0.0007663335055325,4.2736260595011875e-06
0.0074270171976081,4.6879547067181514e-06
0.0104399761659888,3.0152054645911845e-05
0.0116743515309207,3.3061279249024844e-05
0.0059075891159788,3.495260805696302e-07
0.0049279605134901,2.5896009750696795e-06
0.0018698442860945,8.771404345874731e-07
0.0073346581797844,1.819232330171931e-05
0.0038240945440399,5.681079664572657e-07
0.0090680205748987,7.20236075785671e-06
0.0121673863774583,5.423974207524005e-05
0.0106996403571709,3.862286118682101e-05
0.0018697148695722,2.5714763776118873e-06
0.0171402728264494,3.7892691363723435e-05
0.0092371097757367,2.6523686673320794e-05
0.0109995537390449,1.9959769492388045e-05
0.0079940057553994,7.557618261279283e-06
0.0175414442796597,9.66460954043351e-08
0.0112122538081472,2.9830488720031147e-05
0.0071726965400281,1.0692864307643909e-06
0.017615595449879,8.825836303538366e-05
0.0096713668143615,1.2027265580580633e-05
0.0158848503830297,5.079893793686756e-05
0.0060844831297149,5.478704390487211e-06
0.0004652488708536,1.587374317349132e-05
0.0101630107002876,3.8059699787652104e-07
0.0125925604449258,3.1332751716165993e-06
0.0056262310798996,1.911216911168114e-06
0.0070771457607541,6.653262258366641e-06
0.0078973800278717,1.931573372728517e-05
0.0107559670897167,2.549957950913008e-05
0.0044543559913817,6.405148802608959e-08
0.0021368069788816,5.488140087096543e-07
0.0119332807169128,4.008426876547888e-05
0.0015811080874076,8.37992789497514e-06
0.0033419133554964,1.0010122646415276e-06
0.0044220977272008,8.619185536422293e-07
0.0001334006329848,9.773300960944674e-06
0.0011118033814061,3.1869500301579297e-06
0.0073011839012459,4.970328891008913e-08
0.0171361363810135,7.353516425660409e-05
0.0122154218472166,1.0450663251050205e-05
0.0057441216215712,7.5261480407731204e-06
0.0085260795645064,1.595085596935743e-05
0.0095943253143208,2.577542423111413e-05
0.0156371099713609,5.5622937282268526e-05
0.0019001818738314,2.489826529731305e-06
0.005902854972698,3.180768620105268e-08
0.0089512302638398,3.585993929084719e-05
0.0169263804727025,5.749121694382561e-05
0.0138931546696249,5.062255502513243e-06
0.0019892468395016,2.5224893038638866e-06
0.0042025721374479,3.238725872005935e-06
0.0173822433811006,9.480674910557648e-05
0.0096757870024684,1.935286004405213e-06
0.0132488295741953,5.922709512155742e-05
0.000173787860845,1.0729443930242212e-05
0.0001086583848119,1.4873882421779007e-05
0.0161226427633514,5.568306127463969e-05
0.0068293520112902,9.232697901460905e-06
0.0024108129483162,1.6487483505916108e-05
0.0055184480873024,2.699365091902248e-07
0.0099051730415743,2.7374719074994524e-05
0.0143770545115522,7.039937220091142e-05
0.0135877584800015,6.391877694277508e-05
0.0171697737038668,3.4310288797407025e-05
0.0007403692411611,4.776409534392917e-06
0.0159443735161997,8.652987669247073e-05
0.0143848949410715,1.3020539364907062e-05
0.0090082117361102,2.4837635862528287e-07
0.0079844916512266,1.6563242884942275e-05
0.0100334954916455,2.6781259369318503e-05
0.0084831845867526,3.0375396062304976e-06
0.0110412706505992,4.0242713769607165e-05
0.0042874364207759,5.882687472484059e-07
0.0018906823561525,3.301426842232348e-06
0.0138090883619496,5.672937986173811e-05
0.0086793965281657,1.5180339349119767e-05
0.019017007107492,4.899598592235335e-05
0.0142236380397127,2.272485530008251e-05
0.0145761338877293,5.3744199726967786e-05
0.0035633313290206,2.593269034779224e-06
0.0080490764052904,1.548606771889192e-05
0.018668788731811,8.432442891624761e-05
0.0183678180399666,0.00017100581262180484
0.0095712524540016,1.6769908269481396e-05
0.0183809592357562,1.3138765316892643e-06
0.009793859124072,2.836816295274435e-05
0.0005074536499029,6.364544128495849e-06
0.0023188971048153,2.060419758715869e-06
0.0058011782315804,1.4854020096202048e-05
0.0166203377476858,6.69838878538285e-05
0.0175261060999759,0.00012369131363782499
0.0116292332416354,2.2064597915812362e-05
0.0124173347685583,4.654312079284515e-05
0.0111221375835301,4.585292258889743e-05
0.0148225562586652,0.00010986740969188175
0.0084569919629978,4.913455313962394e-06
0.0029131861891561,6.735014597985597e-10
0.0011557476731144,4.9428628218151145e-06
0.0018321558560938,1.0199724841105504e-05
0.0096370275164172,1.2778011377484662e-05
0.0158230950435305,1.828696289619913e-05
0.0169937548007391,0.00010692120112080075
0.0023826807434096,3.962141903975308e-06
0.0103229771553201,3.641969524248402e-05
0.0158267918226919,6.76755275699651e-05
0.0188578316842266,9.972854281075768e-05
0.0024882018547326,7.939725086564377e-07
0.0019447374841431,1.3664038686410957e-06
0.0027281620362406,6.674092774146411e-07
0.0106875986085246,2.798254688185437e-05
0.0153214253998306,0.00010252175977285867
0.0042181887231672,1.9082468437180224e-07
0.0121156132074943,3.957991297440623e-05
0.0178395733234446,7.032771492498477e-05
0.006500062019133,8.988729927311058e-07
0.0135625281022074,2.5806770888822195e-05
0.0074476018521854,5.1996793875688456e-06
0.0039914434517102,4.149129966171255e-07
0.0021679576067518,1.3305022005145873e-06
0.0186186260953654,7.900977566555882e-05
0.0183074560264063,0.00011700591575845862
0.0044964800335641,2.465988006032619e-06
0.0070745294493913,6.919374866570485e-06
0.0130171254989024,4.156445190132521e-05
0.0073521062648494,3.172599089896349e-07
0.0080336537992855,5.222465807787101e-06
0.0024888528594389,1.5850068605858692e-06
0.0030373910214661,6.337831556243701e-07
0.0087595604705276,1.931900592458339e-05
0.0063362186616304,1.3675579900765528e-06
0.0034246347388125,4.754744510186362e-08
0.009730825922454,1.9291894820670125e-05
0.0007244690203651,3.878305864216287e-06
0.0151464403743026,8.363120443732236e-05
0.0134639901788473,8.012730868638022e-05
0.0077556849825939,3.9355781316948995e-06
0.0185298201016987,0.00011042445942113151
0.0199779630835811,8.346258580130146e-05
0.0036099793204694,2.355719012967976e-06
0.0145821390692237,4.760227632100987e-05
0.0016994083186228,2.8304555565947835e-06
0.0048950975210285,1.9618913989099643e-06
0.00559401601874,9.465336430988408e-06
0.0081979713945517,4.421918444146779e-06
0.0188781081473613,7.632211720692794e-05
0.0106125268049771,3.207681008215676e-05
0.016259168247963,4.822164197629331e-05
0.0183740907649728,3.203461963778416e-05
0.0149566704166358,3.066586832450552e-05
0.0044753551553538,9.6053603311511e-07
0.0172015402521293,1.2730357938960884e-05
0.003057057338216,3.523410924155215e-07
0.0049733091269527,5.267604250036733e-06
0.0119151919801312,3.102662755812571e-05
0.0017564610973159,2.6960728052699962e-06
0.0179176100785312,8.527973062464952e-05
0.0126990034996277,4.5535345029819294e-05
0.0013829178057846,1.176714121354106e-06
0.0022639375891513,2.9761853112911826e-06
0.0004432661918598,1.4609109971525364e-05
0.0140297718388266,4.147040277403559e-05
0.001368551398808,6.401990093390752e-06
0.0192277091228984,6.067131236729784e-05
0.0145429811527923,9.812018436239997e-05
0.0006389349679745,4.2877612976645324e-06
0.0174847525310427,7.923020668067209e-05
0.0098231069175823,1.7572106712068876e-05
0.0110407687263443,2.0549967375340768e-05
0.0191728976547415,8.318101948510785e-05
0.0179588590028843,9.808165257418695e-05
0.0079918387099607,1.0629953889846718e-05
0.0135828744336845,1.4217785696600467e-05
0.0003202596913397,7.139600778128825e-06
0.0146016952798455,5.806568059400086e-05
0.0040436094762698,1.6280079374041156e-08
0.0095618878275936,2.0410147121180082e-05
0.0054702089602863,6.803260941168178e-06
0.0075824195146942,4.60558983770207e-06
0.011264410389106,2.4099309163113104e-05
0.0184841163311417,0.00010503002851380888
0.0097622575492558,9.12786006795057e-06
0.0168608089019682,7.429265038798231e-05
0.0167124961820701,7.310924527394691e-05
0.0140656610404842,4.315208760744838e-06
0.0035677038825704,3.290249532569931e-06
0.01074248285606,1.0424172379668732e-05
0.0061779984761029,1.1724576087416515e-08
0.018398460297466,0.00010090012959324931
0.0138777965103326,3.868924451557691e-05
0.0088686552476135,1.902123700344179e-05
0.017007383504921,8.43338147036802e-05
0.0034178433307681,1.5866296203110153e-06
0.0134317062799677,1.383650299923056e-05
0.0131611340374216,9.072086176890492e-06
0.0051650703375459,1.88565506469341e-07
0.0169428807530684,6.196700637093759e-05
0.0082440714015001,1.07436236953372e-05
0.0130103628406075,4.5511260107900664e-05
0.0070711947028525,1.9434434562410973e-06
0.0119984560932843,4.0621853833481304e-05
0.0132896100136061,5.2516661590893957e-05
0.0051019282850718,2.2137237962756703e-06
0.0196477549279265,1.7623962775143884e-05
0.009544670818322,2.6307624434288162e-05
0.013982516961086,2.7649597761173306e-05
0.0056793185447867,5.09260211705966e-06
0.015441080772612,1.164108387855216e-05
0.0197526290409219,0.00010930724243216851
0.0011397473330061,5.019920848788107e-06
0.0093424354020896,1.587267364982844e-07
0.0162624263513248,0.00010220072604430157
0.0192276997596663,1.5801050487842536e-06
0.0103421463373798,5.156943514094132e-06
0.0098780225206059,2.3443016015013736e-05
0.0008792500294239,2.4382309482697332e-06
0.0020656309968881,7.497388315392642e-08
0.0029646557256859,6.583842883381419e-07
0.0097278758644992,7.1312301853360545e-06
0.0150034504097198,1.941536979453379e-05
0.0182795941136561,6.225064117177198e-05
0.0092346707970141,2.7127001178980624e-07
0.0105727267586153,1.5915697144296334e-05
0.0029955252818251,4.535254199450329e-06
0.0128510809136019,4.562586089342439e-05
0.0187633086810325,6.830422290015885e-05
0.0162308813626896,7.591959292135598e-05
0.000787799735486,9.585668914131644e-06
0.0023427803653005,2.306418530887193e-07
0.0177003016077391,0.00011786220749278582
0.0058895553874111,5.090964076460948e-07
0.0002927799746672,1.3821649341671867e-05
0.0108188477013713,2.814610436019679e-06
0.0116823817608845,8.113487022085797e-06
0.0143177063968307,7.592722949251839e-05
0.0092518600849233,2.0557720130254613e-06
0.0107895085755071,3.3366886358986613e-10
0.0059698659410516,4.750415882469306e-06
0.001050241810089,3.073218061427983e-06
0.0188337935506519,6.161032829682638e-05
0.0160311498695754,6.963430102408945e-05
0.0174248727486847,0.0001271657214222711
0.0053153789989504,2.907750500818917e-06
0.0035267945362653,2.0572483518241687e-10
0.0063949678404257,7.014246209148315e-06
0.0184300673986671,0.0001399421442802307
0.0005097947667873,1.1242716430552323e-05
0.0023971392780881,2.5807933148557006e-07
0.0069711270840093,2.1776448640461335e-06
0.0190514988450078,9.090007852874136e-05
0.0111761896612603,1.6593174263456606e-05
0.0078770959951279,1.09599659213676e-05
0.0031169743158399,4.882842019889217e-06
0.0117007404384076,5.994559683059059e-05
0.0001767882227979,5.040309130905955e-06
0.0158012684127334,5.787130503439323e-05
0.0052698645754858,5.3990985710667716e-09
0.0025208144297715,7.999737319067407e-07
0.0150465680384872,3.938014217028764e-05
0.0195178350702414,0.0001788931021671774
0.0068553612006456,1.9115182539257204e-08
0.0064216890882681,2.835261315451407e-07
0.0024556613798951,8.718947022978469e-07
0.0006265588950327,6.111682916776245e-06
0.001877131533592,3.041145782912803e-06
0.0192337874620142,0.00012545480391081758
0.0168299032803102,8.882818226191531e-05
0.0146913427330588,6.960878199561183e-05
0.0014649283992005,5.976257425746381e-06
0.0097563194396111,2.9171898966573252e-05
0.0025584801694876,1.1528969784839516e-07
0.0012562683372977,1.2146847153062191e-05
0.0036455327486587,2.7534740762690126e-07
0.0017814041681278,1.902141558040182e-06
0.00295903371009,3.7932754142919003e-07
0.0023104827493418,4.730065606580801e-08
0.0110193931679155,1.607065736047283e-05
0.0148334695465261,6.241577186825068e-05
0.007157144978184,9.368892469471991e-06
0.0151492879807838,3.443326098529495e-05
0.0052624621458575,1.5164102317074904e-06
0.0145414622410241,2.23216477587339e-05
0.0047663825111962,9.314773637866364e-07
0.0163529456825656,0.00014118158919255481
0.0123131318545917,3.173827497432378e-05
0.0041088147689599,3.919825435821566e-06
0.0119442372477105,2.8231682958297423e-05
0.0102171030134468,1.8428251168644596e-05
0.0100112284769556,4.007763702637511e-05
0.0075723502347762,9.463356275037347e-06
0.0039301687973498,2.1736886059210744e-07
0.0188449655964491,0.0001628035789547195
0.0141386057888447,3.4369189348903225e-05
0.0083172043107339,3.6841520261924955e-06
0.0196278123338973,2.460654822530296e-05
0.0155459068474297,5.535659620638466e-05
0.0113661324786395,1.5020304281292263e-05
0.0107258932267602,2.7395047990883414e-05
0.0107288543474363,2.3483054888712575e-05
0.019013277062468,1.6031169748189127e-05
0.010419156420735,2.92242390773958e-05
0.0010581985355421,8.718833230549252e-06
0.0037370613276086,7.032320152020297e-10
0.0033611092258872,4.2143980308177324e-08
0.0142857888894766,3.644762505414065e-05
0.010630909131857,2.4244501344683057e-05
0.0041303086564964,2.293380653527594e-06
0.0082088911462368,1.7187085421074334e-05
0.0171352708078945,8.20685477968394e-05
0.0006956556035011,8.190756844151191e-06
0.0088797592842703,1.6219884060158455e-05
0.0010330667245711,2.218569616170498e-06
0.0069652854380946,1.0012939638672466e-06
0.0072172885177105,1.4315196395747828e-06
0.010336411805175,1.4584495239095602e-05
0.0064279974065303,4.715381061670828e-06
0.0141227702445295,1.9966191697847722e-05
0.0014522095743568,1.234986559640803e-05
0.0146662059751888,7.561335165419289e-05
0.0158595731163283,3.226194935889962e-05
0.0077274819375159,6.58188511510221e-07
0.0063691427198905,9.317854349536947e-06
0.0050560383047891,3.334641796817035e-07
0.0163747285739573,6.881738498984704e-05
0.0055766995640201,3.6533370094638375e-07
0.000166076185704,9.721421906406591e-06
0.007027677893104,6.92772893115868e-06
0.0139476963411626,5.064248080943081e-05
0.0100727767374753,1.958715415868301e-05
0.0122657906866574,4.366317425219828e-06
0.0138723494657707,5.422521130841202e-05
0.0038691709075015,6.218232304901229e-07
0.0105991190248936,3.4899750910817365e-05
0.0082913608562304,3.858876471398036e-06
0.0042308535315972,4.458439134793717e-06
0.0069095597418892,9.67511673537696e-08
0.003901841984544,5.297237096380485e-07
0.0016237860267716,5.848459469458427e-06
0.0162348168605746,7.492921624459707e-05
0.0123220554672273,5.6623937258172e-05
0.0185030851280322,2.520327459228392e-05
0.0101702190392008,1.683265135413936e-05
0.0194079047506099,0.0001289267536086233
0.00447043627579,3.2314732344029586e-06
0.0015086976087654,1.9650053506705955e-06
0.0029151681150446,2.4945376032643054e-07
0.0030249906461058,5.179035024715294e-08
0.0016507195145548,2.3360525762077783e-06
0.0008226497087351,3.4223982670546186e-06
0.0196862527684328,2.3152926712914687e-05
0.0107240512653279,2.0939377782907015e-05
0.0024977785023663,1.7841412649907052e-06
0.0082127724212826,1.69030823571564e-05
0.0120846437708183,5.066070223899188e-05
0.0103001840384877,2.6528514948128756e-05
0.0196596440360083,8.875808945500965e-05
0.0054280722455337,5.909770371245023e-06
0.0079428020074956,2.8631745949900052e-06
0.000156888164217,1.0491127627090015e-05
0.0149069994807999,2.332137769621115e-05
0.0056569214467267,1.4547235755241083e-06
0.0044123924855823,4.2353332467206757e-07
0.0047103062400776,7.115422685914869e-07
0.01440665441516,1.253904106236888e-05
0.0198285971764706,0.00011854096165347037
0.0166305328740484,5.3457260834757154e-05
0.0062924206029923,2.0427719980152796e-06
0.0034827084923403,9.215712741823499e-08
0.0059531619161908,7.425184407673474e-07
0.0075953144317295,1.851991651999326e-05
0.0121662587203316,2.1621099906421235e-05
0.0037771463066137,1.7945505112998217e-07
0.0107086439628629,1.9675288188797445e-05
0.0033961571568616,1.9465545737412697e-07
0.0061160160811581,1.0084217035967312e-07
0.0103016612914948,5.256786955143761e-05
0.003357336070514,2.8141404029563448e-06
0.0165231231837255,4.83544189179935e-06
0.0128048796493236,1.1557559577817774e-05
0.0139282055305999,8.893341754410184e-05
0.003065186981695,3.885073335306067e-09
0.018771310470821,0.00013075862619870915
0.0055141204957171,4.680647070212461e-06
0.0093818757590627,1.6640189798575453e-05
0.0176713569996462,6.486824286392853e-05
0.008009127889915,1.6650574335752323e-07
0.0199070362667826,7.881626327505466e-05
0.0002904016401513,4.517402320535025e-06
0.0038371824132807,3.59319610150429e-06
0.0175021956322489,5.422681807451401e-05
0.00756464933242,1.1205445216912635e-05
0.0002722756835029,1.1329984096767058e-05
0.0168066849451727,7.246529263806568e-05
0.0165832308491806,7.260165524290181e-05
0.0011688191462704,5.392147797748568e-06
0.0013280525232969,5.44818658475481e-06
0.0111662024157206,1.7617217767727107e-05
0.0020856523236574,1.4261339564645297e-06
0.0128868096835729,4.397971517505303e-05
0.0101928929218713,9.041714473715383e-06
0.013622892897764,1.0594135171947629e-05
0.0040308598468186,2.607920919160823e-08
0.0086459632408323,9.258219343367042e-06
0.0145673755840927,6.340519803478206e-05
0.0113044787231372,2.2505482014067937e-05
0.0161958773098858,0.00014172231563701148
0.0114894214683124,2.784886943165204e-05
0.0133980661853827,3.148753980413725e-05
0.0187867375792756,0.00011664541496368449
0.007384214522845,1.4819045111830985e-05
0.0060690673621508,2.972974212942089e-06
0.0021703218534912,6.610962527967958e-06
0.0123839324262528,4.8950067695969345e-05
0.006775802751181,8.257883659170167e-06
0.0064956749515265,5.0945159638364676e-06
0.0180267780729577,9.312490801425669e-05
0.00591470945582,2.0971892859108736e-07
0.0188825619282272,5.6734953269512246e-05
0.0113888223678617,3.472130605598448e-05
0.0197033137418561,0.0001249482238248565
0.0112881988800869,4.0561320743234706e-05
0.0137396032510384,3.595945655314988e-05
0.0196744089367583,8.445088560382985e-05
0.0177609871286282,0.0001688623572259761
0.0122805230229049,2.110566390419586e-05
0.0087996505755954,8.307875020418951e-06
0.0100418225464627,8.732876878580398e-06
0.0091334885502511,1.1680961183157211e-05
0.0021534290824947,7.691102952001238e-07
0.0016116302590457,7.182310634076775e-06
0.0007679158866744,4.804246547693573e-06
0.0036870784193329,1.0659043138446933e-08
0.0110322391066739,1.615355241833439e-05
0.0095572102995575,1.1710701631153149e-05
0.0184402570587546,0.00010975299396366128
0.0173374909146418,7.85493737436401e-05
0.0079922121204302,5.225594216374634e-06
0.0181256698960125,9.215523189810624e-05
0.0151599436474711,3.796445289280538e-05
0.0052374999497439,1.771935082232447e-06
0.0118224924045849,2.5847937877032735e-05
0.0134852309968398,7.348649675358006e-06
0.0142483937710078,6.390979372512675e-05
0.0025672315221112,2.687864858417631e-07
0.0099680489745917,1.1093194566952002e-05
0.0101067550437433,1.429864972466424e-05
0.0100251978722649,1.5658651300733318e-05
0.0151025211930522,7.009855712365882e-05
0.0127945148816757,7.54851029445236e-05
0.0067819364293482,7.105863201459148e-06
0.011953417868056,1.830520610804825e-05
0.008079454443262,4.0693011559818545e-06
0.0002478754395641,1.199975956338474e-05
0.0050460664669275,4.788480109332629e-06
0.0122218525756047,3.267229412639022e-05
0.0090481232330492,4.000306209937007e-06
0.017281673898608,9.082187579231237e-05
0.0021684350458692,3.007410966377106e-06
0.018995653047212,9.780794619634515e-05
0.006832095966718,7.161449671577433e-08
0.0191317222999715,0.00011029632249725869
0.0090063398668843,1.8105998549538866e-05
0.0197430708135743,9.177256699030882e-05
0.0016026928233146,7.3638441790971165e-06
0.0136674864658854,5.4327733125728416e-05
0.0004078163099845,1.3229347881746554e-05
0.0166821401571808,7.853656184180957e-06
0.0196510585583689,0.00018612515334461908
0.0095894081482204,7.505920985575161e-06
0.0192241353218921,0.00010456807097139035
0.0190489198693986,7.072597313656911e-05
0.0183647932029588,8.143116966077619e-05
0.0014670195836249,2.5779516405854485e-06
0.0028129008708665,2.6689990308479853e-06
0.0193346226507678,0.00011636274325186623
0.0066770587056787,2.0530490369654093e-06
0.0053452038145576,4.430969535475618e-06
0.0154184844694603,8.11312000560729e-05
0.0170890573284704,5.046315958549152e-05
0.0108022611721649,8.815774725185982e-06
0.018737550445708,0.00011682649257795822
0.0127871714251239,3.013428332690826e-05
0.0115703441932611,3.251603384432884e-05
0.0081112885021935,6.735198985848629e-07
0.01778267769651,6.71349707140353e-05
0.0117743907240209,2.8580781298666318e-05
0.0031232951086946,4.034675257334073e-08
0.0132567374578363,5.939727077567086e-05
0.01109497363974,2.4698052225047664e-05
0.0046480798595335,1.1416972860726463e-07
0.0066369279144912,3.374703658016207e-06
0.017994149150941,7.094045187399915e-05
0.0063613351171809,7.67473932330468e-06
0.0140384157414102,5.194189338128843e-05
0.0109869370177298,4.3851358076104464e-05
0.0117950484083188,2.7286956819775613e-06
0.0197703222693128,0.00010693013071147347
0.0153648407425152,5.392097449495608e-05
0.0036964301780947,1.1850468549770087e-06
0.0107032648706184,2.8371724475542363e-05
0.0153766669044479,2.771475958815172e-05
0.0054519805147551,7.594927674301798e-07
0.0125063938860518,1.879871247156221e-05
0.0082694653849168,8.251892732678994e-06
0.0053540869559442,3.121545346532911e-06
0.0117846128489524,2.7445084261377314e-05
0.0147246651446394,7.474613359500383e-05
0.0015407073342753,7.614762394707862e-07
0.017059795247003,3.684807479615958e-05
0.0020748452828778,2.687091872826854e-07
0.0007408102067633,2.046188148932621e-06
0.0025199354189521,6.079165547044853e-07
0.002712407096945,3.0200055331912367e-06
0.018973711635017,0.0001488947815817288
0.0165277384094802,8.935455227920621e-05
0.0118844428873934,4.096842506733585e-05
0.0005467468032881,5.535456725667662e-06
0.011870544763025,5.3220949009086554e-05
0.0016525207259358,2.1027491236267754e-06
0.0108196058611401,9.597740538858638e-06
0.0181515122699249,0.00010745153564610996
0.010576389877463,9.53203387731206e-06
0.0150671097481258,5.691639167399414e-05
0.0044462541081512,4.527826729484687e-06
0.0114957275478415,2.280672460975746e-05
0.0147471048659835,9.083904589464852e-05
0.0112768355680399,2.640112079020699e-05
0.0189335082830514,0.00011019832594016061
0.0054545347538686,1.1692984347872074e-06
0.0152436621617978,8.047348912623988e-05
0.0113452016545841,3.6825723089590036e-05
0.0106052531162625,3.7594291007857134e-05
0.0161766136848519,3.433566626103851e-05
0.0024997035106395,1.3670304963742993e-06
0.0004691408028053,7.690231837033069e-06
0.0102198289991006,2.835577494602381e-05
0.0054051994900425,1.0106097258969044e-05
0.0090436239243012,4.902632566884216e-06
0.0082389794340321,2.982236843488995e-06
0.0199970736384547,1.0285722904111376e-05
0.0126434816679736,6.107332560107277e-05
0.0169891851894835,8.323385366198751e-05
0.0190258578849134,0.00015428671622328663
0.0161389880677853,9.438958834181101e-05
0.0037278639017026,1.6687091413276952e-08
0.0125496281836969,2.3781657001816647e-05
0.0049578051612844,3.0216815289712653e-06
0.0193442723878696,7.892001111463437e-05
0.0144631852102942,2.2687495890090182e-05
0.00303680339156,3.069419191127656e-06
0.0143541196110754,1.4082726745238263e-05
0.0036784244581953,2.037474593992551e-07
0.0139687901867748,3.7449307967612566e-05
0.0189275274687545,0.00011575338728613982
0.0017637708742785,6.474271112534083e-06
0.0141844274611962,6.353231174366292e-05
0.0098953523979829,1.9965506313391305e-05
0.0190694866856026,0.00017778995380477084
0.005609987967537,1.939032017965377e-07
0.0172415795459427,8.903009419818416e-05
0.0178394034052348,5.0691996477603665e-05
0.0184453297627702,4.915552968559071e-06
0.0109529685785488,1.849619670345739e-05
0.0133011282132415,3.453077131405066e-05
0.0121063128685772,2.5644943649805483e-05
0.0064504932877893,5.12000428803398e-07
0.0118668214892188,2.725987659000024e-05
0.0123097112635635,2.411677508861615e-05
0.0158429472719747,9.960227190067896e-05
0.0189144744081308,9.918801023443223e-06
0.0068199512805467,1.7519372979062005e-06
0.010647829202427,2.4951696369571584e-05
0.0037994324113694,1.216716412695817e-06
0.002029065699027,2.472040063184053e-07
0.0133916992022259,4.373962612779909e-05
0.0021413117790409,3.087332419028111e-06
0.0053262548917574,2.090622337253695e-06
0.0051680698376719,3.974583122919436e-06
0.010915676730601,6.000069289371061e-07
0.0195976692502623,0.00013210170842287367
0.012783235422945,3.0581803242706562e-06
0.0098770581018056,9.744476126828243e-06
0.0106813891479928,1.2301369314864241e-05
0.0110816750547083,5.789671550868006e-07
0.0042519844341371,8.146302745382037e-07
0.0180484454563612,8.222654453741625e-05
0.014034231658298,4.739037643582038e-05
0.0195964884181425,0.00011127895896570594
0.0141601773701289,3.761101673520826e-05
0.0147148161141845,6.125297404590448e-05
0.0146978033488295,3.995693786160941e-05
0.0013063725805868,5.018126505906072e-06
0.0085501580194179,1.5429142900385563e-05
0.0100461761341053,1.4663751897668082e-05
0.0041543778879097,9.618245217836376e-09
0.0157359281517746,5.479080646276254e-05
0.012804881491732,4.785687968398519e-05
0.0005478445833289,8.82165315322348e-06
0.0025992406598113,6.510953862900782e-08
0.0145640028766339,6.0723569344079655e-05
0.0081128660383114,1.0198085725831405e-05
0.0165047071831205,1.3893407455227658e-05
0.0080454054913055,3.6491904421642172e-06
0.0181122031300155,8.052541996631939e-05
0.0053316671554827,1.5192329031455143e-07
0.011444893590422,2.9237158874752814e-06
0.0143276230171082,5.4782808323000756e-05
0.0027325535263116,6.980771027238826e-10
0.0062857247522071,1.2623569826902492e-05
0.0106586866660118,2.0324747032247304e-05
0.0183460464374149,9.350491812119423e-05
0.0152445663235552,5.952806946061758e-05
0.0141881639754879,5.5592852972141234e-05
0.018881887092952,7.05463660135638e-05
0.0157345240984844,4.949299235801864e-05
0.0081733152648916,1.9124602882550277e-05
0.0082321087842951,3.216787186443088e-05
0.0001115119827613,5.4533983291113056e-06
0.0062506478968543,9.721255422335552e-07
0.0190976867812772,5.0437208211820274e-05
0.008069634428105,1.504882998698889e-05
0.0174883723785117,8.637103282840845e-05
0.016060485310941,9.823872216645826e-05
0.0135654207627307,1.8062554472508398e-05
0.019530804337957,0.00012784247142190585
0.017938469321764,6.844730082975837e-05
0.0011385285577509,4.380021876286741e-06
0.0179357999791715,0.0001160924151283963
0.0012675694488033,9.587381426483468e-06
0.0095345352499353,3.2478954844847493e-06
0.0155274707063508,7.092365359668108e-05
0.0016015168351557,2.862083169945166e-06
0.0086401779119918,1.0020361635950134e-05
0.0138706256922064,4.285096890643141e-05
0.0078565231204648,1.8710306413390367e-05
0.0098009160596532,2.7098795419534015e-05
0.0167002587618957,0.0001030875613350458
0.014537952723765,2.041687964473202e-05
0.0008305697734689,5.950942447358798e-06
0.0117585848848834,1.2533244044041603e-05
0.0195855952911513,0.00010327412578773177
0.0076724547183139,6.385561597936218e-06
0.0178202532262432,0.00010212487042262489
0.014280732184486,7.69255952082765e-05
0.0123718571493966,1.69654389644397e-05
0.0073228444980779,6.892138953797731e-06
0.006865771625143,2.0508036630708244e-06
0.0181253113924336,0.00014502150342307347
0.0106274227174017,2.6327972931923117e-05
0.0166278003334928,9.409444408911883e-05
0.0087675128825121,7.329533975946183e-06
0.0052126904523166,2.613688970111597e-09
0.0149425755223988,3.9654766759297945e-09
0.0152538605355117,5.3987193028903086e-05
0.0011725425758149,6.907727480248129e-07
0.0162345380454124,9.589562228483231e-05
0.0164696890772534,7.146259883854493e-05
0.0011721064674538,6.846389190529462e-06
0.0123915938471406,4.215607288010801e-05
0.001630499821432,4.0397043954826855e-06
0.0168788118874187,8.445550773498282e-05
0.0024583260160876,4.2124302903637896e-07
0.0098890932010669,4.152088897840412e-05
0.0042989634533654,1.4213494968621802e-07
0.0062122302588755,4.283935648015738e-06
0.0059399154809311,3.615252823207902e-06
0.0071608349578406,1.0990959177393808e-05
0.0109873189042655,4.031207753106567e-05
0.008090190912272,1.1049226901022795e-05
0.0043387536562914,1.063288824314065e-06
0.0124439223867856,2.365785899654903e-05
0.0143494097024122,6.585541592137878e-05
0.0094088832811464,1.3181526388020457e-05
0.0018316484248149,2.2045331898076872e-06
0.0048974336078837,1.0753645168303775e-08
0.0069711539506938,9.767277110604347e-07
0.0106960491884199,3.0808731269043895e-05
0.0176878051270764,0.00010212714685837134
0.0197238475481813,1.3181952172273881e-05
0.0025272105388055,1.734952334455404e-06
0.0061853516725486,4.80680035059105e-06
0.010060773961998,3.566137034513643e-05
0.0067154423940164,6.414569042204152e-06
0.0028242903991722,1.9448881175174523e-08
0.0150264454178461,7.313384047024613e-06
0.0028166911546284,8.643043503756203e-09
0.0148289454925854,5.61585459526356e-05
0.0069955657758988,9.733780016450046e-06
0.0088142060471105,9.768058104495511e-06
0.0079935249955546,1.3771249349249106e-05
0.0129054616210694,5.300030541648397e-07
0.0009119410593955,1.0593591815261866e-05
0.0067771099869859,3.804797258502282e-06
0.0007045392080372,1.5664524814816389e-06
0.0191890195256855,6.084391935212957e-08
0.0176399085076306,3.536593290082018e-05
0.014340813676961,1.9216828966525568e-05
0.0011716265592402,5.0578531222975875e-06
0.0152335866489442,4.10088240799117e-05
0.0056038900192442,1.2602862122682943e-06
0.0154555489948512,5.6319866524970356e-05
0.0129264275126527,6.876353106638481e-06
0.003804291386534,1.1650305728113023e-08
0.0132523393679913,2.4211223101956755e-05
0.0074336023060644,1.0672514116816326e-05
0.0145717926176766,6.416243756430644e-05
0.0111354677677697,8.830391437511475e-06
0.0053629944874036,1.941391294654197e-06
0.0142409896045021,4.476098302541984e-05
0.0124266034380503,1.7895751725975234e-05
0.0007439879988807,5.579663391693771e-06
0.0158971725842203,6.411381079979634e-05
0.0067528139576125,1.0656069320461855e-06
0.0003457531369654,1.592366395746455e-05
5.6473222125414944e-05,1.2205461580167228e-05
0.0008902700376662,1.604306068776259e-06
0.0122088379082115,1.8481743587811653e-05
0.0176858785044815,3.2438963039492014e-05
0.0092596247665454,2.2403980869375938e-05
0.0105362475798401,2.3998809430930905e-05
0.0173681469639111,5.252647131229924e-05
0.0129957266166947,5.0948093251201175e-05
0.0162114784790492,6.978010873114072e-05
0.0094091056353247,1.0718981569896523e-05
0.0012024010021467,4.128624205198033e-06
0.0182541071176553,3.251182043141714e-05
0.0171195653356202,7.117719444018402e-05
0.0192942684225456,1.37715702318066e-05
0.0065819697979447,9.9165221522044e-06
0.0197229751931584,0.00016147077211390128
0.0081057209061389,1.0340025509315562e-05
0.0014962856077611,2.5692265856803272e-06
0.0088427784225177,2.379639606925086e-05
0.0129480804640121,4.018341823549398e-05
0.0037574467257761,1.397559200019382e-08
0.0055659906726002,4.691779660155607e-06
0.0168920655711186,7.825914930108537e-05
0.0081762455592334,1.246712783251732e-06
0.0025927997908562,8.651538414458153e-07
0.0158353040620517,4.752834859505993e-06
0.0034274299461174,2.3708883082894716e-07
0.0048883353998407,5.958051932309488e-07
0.002423017091344,1.0920154528295079e-07
0.0077297368047059,2.3411191677210405e-07
0.0080068761904617,1.0260054902343885e-05
0.0181574078405948,5.047495415347907e-06
0.0182886645793817,8.242504560269606e-05
0.0123725402767767,4.231657470545544e-05
0.0160396549033088,6.413607097766001e-05
0.003620701191247,1.2476970532093873e-07
0.009712461735981,1.929315560606392e-05
0.0008152158075302,4.823229593787605e-06
0.0029646126177528,9.39519962732271e-08
0.0117085732719057,2.5187650972286765e-05
0.0163221049759573,2.0861596732233426e-05
0.0035592314196405,1.0788942671727022e-06
0.0155126909739323,4.919746259383068e-05
0.00136070140428,2.463973297016366e-06
0.0123617135499032,3.365425949818673e-05
0.0022727186078614,2.84117752785354e-06
0.0029555798641395,1.252976568237426e-07
0.0164536189909719,6.971160760893923e-05
0.0029733554521831,1.9633232035025276e-06
0.0031964555791629,3.828566940693133e-07
0.0185490178055052,1.932872322079374e-05
0.0108425270873893,2.3683717158185153e-05
0.0104674506698956,7.062829361854851e-06
0.0106874114057178,1.7476715906871074e-05
0.0143264366217522,6.651642985417005e-05
0.017675551095307,5.225702485651653e-05
0.0014498493487294,5.518180879949644e-06
0.0063193043987659,6.750028268633217e-06
0.008230730097538,4.142776363909242e-06
0.0081670812798842,1.561524603676177e-05
0.0185415341740468,0.00011198370573392917
0.0187177835294733,0.00010077452498675224
0.0117587503897381,4.122922114075631e-05
0.0172843569792874,9.67378348167937e-05
0.0036885707164638,2.265639531874804e-06
0.0033540037118879,1.4368986863578444e-06
0.0133270936902094,7.922649806511316e-05
0.0171202831921459,3.266325373725197e-05
0.0175715591179512,7.378718271063023e-05
0.0108827414381453,2.6793029206205636e-05
0.0164400839644806,5.712999539024894e-05
0.0008026862068027,3.452074674753788e-06
0.0017895654197055,2.639901033641584e-06
0.0181230958031383,5.118866502854866e-07
0.0111678652647467,4.4478024254447534e-05
0.0187827875353661,0.0001136269967290422
0.0004883273187841,5.929062595091578e-06
0.0078184352888366,1.0931975955938082e-06
0.0141748088984297,8.866520651560371e-05
0.0082016690280595,1.3817828386645923e-06
0.0136720344978298,5.28789596181045e-05
0.0071699067556498,1.570469527328253e-07
0.0034612357045487,2.039651195129496e-06
0.0041268783282006,1.8041991774462882e-07
0.0078721046543755,1.7615339227242725e-05
0.0002030362843105,4.617845836098424e-06
0.0057523065968458,1.6307492053712431e-07
0.0123166244664089,1.5929190148497045e-05
0.0130295244211647,3.503681522446898e-05
0.0057744150843364,1.933560548232174e-08
0.0013466169406809,9.682799395323577e-06
0.0081844955719914,1.3026467246870074e-05
0.0071699563208142,5.06055924702119e-06
0.0027292622979972,1.7113388574083443e-07
0.0043982621326541,2.6026404882059075e-07
0.016431387126118,6.860189116804628e-06
0.0187014252293245,5.825882322913571e-05
0.0142798410967687,6.670455389552452e-05
0.0159131429261468,6.428256182230749e-05
0.019194798612645,0.00010346255939245267
0.0034238717542305,5.3694262855877316e-08
0.0106515766203099,2.1132247542928667e-05
2.5265530931284363e-05,7.828703514844616e-06
0.0010215299372636,4.484255971696735e-06
0.0111678536150373,4.626781371832065e-05
0.0183046259398747,5.227284689722058e-05
0.0118793209683646,2.8534530625062015e-05
0.0199163879602852,0.00012203951787469952
0.0176298676700224,0.00011939228403385588
0.0182315654242268,3.542807759630054e-05
0.017009013088997,4.875063011670863e-05
0.0069407310604016,1.1962067759844939e-06
0.0110653069680057,1.3615986980637058e-05
0.0199529384323062,0.00023390542613241532
0.0017702663595649,3.998393898462901e-06
0.0013773569460884,5.304580395692908e-06
0.0013529323800264,9.90616135847364e-06
0.0164693719891406,9.179525055137569e-05
0.004236116511786,6.101716175044042e-08
0.0009117263486689,3.999067388420258e-06
0.0002591426258297,5.02231182138418e-06
0.0038362252355589,1.1997801328991146e-05
0.0083389446436623,1.123257040854912e-05
0.0173020956782861,1.8241651358724814e-05
0.011627849013528,3.655794774319815e-05
0.0014183266882083,1.0768177606083588e-06
0.0101359742588543,3.7419002161954876e-05
0.0014256551264864,3.742103441945288e-06
0.0159655069207893,8.925778517041217e-06
0.0051921226931498,4.35792448023358e-06
0.0177143486771945,9.213946524381245e-05
0.0149788016717791,6.532926075087437e-05
0.0067423380181299,3.6102596134828875e-06
0.0131950642269443,5.893719624003562e-06
0.0074512051471217,4.484020393727742e-06
0.0143306783497277,2.798063625959831e-05
0.0145892631320493,2.117017691486904e-05
0.0097416491488078,4.631840457043716e-06
0.00782899891405,1.6259314985345886e-05
0.0075139917197836,1.5508664601383358e-05
0.0116475811790824,7.959666700288519e-06
0.0145922259154565,4.8066498102755965e-05
0.0092581853833761,9.21672023374544e-06
0.0105498531588074,9.625937153587231e-06
0.0088567784499871,1.644127539812063e-05
0.0057144459269363,3.3136467036625543e-06
0.0038060359875085,7.284270049264922e-07
0.0106697029138744,9.69026727068411e-06
0.0135963880432102,7.296922997910271e-05
0.011588847955178,2.6326615691115673e-05
0.0186056049071806,7.769657335873417e-05
0.0030539229720148,4.953516625292165e-06
0.0079505227607727,1.7464471488740646e-06
0.0062779276029412,4.985816692287834e-06
0.0166068063337598,8.994264462185137e-05
0.0060047831402875,1.7898695418766068e-06
0.011089577269142,3.6748459237671906e-05
0.0055237361640418,3.004136734934064e-07
0.0109919269702943,2.828219573413015e-05
0.0064486046125843,2.309792478373494e-06
0.0084524210713199,1.1935171771143098e-05
0.0175688331668645,4.398562526143544e-05
0.0185104887276585,0.00011535707726897971
0.019122137482873,0.00014462196792646868
0.0132194317487772,7.123979038402261e-05
0.0069158055951859,2.261995019970115e-06
0.0084419230501374,1.7643975874511405e-05
0.0104482806901319,1.7582853989482583e-05
0.0029166962187453,6.0703341939176365e-06
0.0096593571540372,2.2322242471844544e-05
0.0191250141876406,0.00015743737426023748
0.0193015244847925,7.92831383015951e-05
0.0125134362968776,2.2044066120781123e-05
0.0189026020310444,1.237577125463977e-05
0.0098571212504596,4.0788184527950906e-05
0.002576959796389,6.823353323546402e-06
0.0068645640778112,9.880594721248619e-06
0.0165794664168882,3.935962054523646e-05
0.0043032848692896,4.7534041137847357e-08
0.0163451302254507,7.361705033004951e-06
0.010109631594946,7.332285030993604e-06
0.0014238239616815,7.431542890491283e-06
0.0100114703042804,3.852031572166985e-05
0.0159173896671005,5.7071911236867195e-05
0.0078078993286578,1.8536308913736415e-05
0.0132934784191506,2.6536347524787435e-05
0.0051252088237323,1.7342006423322667e-06
0.0158471311921467,4.886534978214296e-05
0.0092635251354089,2.9310595714900568e-05
0.0170481599942305,1.1228761311213107e-05
0.0033228413135646,8.296597118724841e-07
0.0156628727355999,2.81108720708337e-05
0.0110456851970845,2.5483361273973356e-05
0.0064275223613382,1.0917062798887015e-05
0.0166288719353675,2.095933080170225e-05
0.0079835596028081,2.048316249305345e-06
0.0089138594152331,6.405403914758049e-05
0.0182436811360056,0.0001273201588952513
0.0172527070447321,5.793597058489402e-05
0.0141197110355332,1.4245519867919646e-05
0.0194279138837778,4.2691350060280705e-05
0.0080388975321464,2.570126633650753e-06
0.0158353989700454,1.1224690694205427e-05
0.0025797206271566,7.022770744044058e-08
0.0098421554289443,2.4841821874096155e-05
1.160351453777464e-05,4.1780351141816155e-06
0.0098338364676537,1.1334185446431237e-05
0.0179831378827324,9.461491943135149e-05
0.0089990047564704,6.3893359023007255e-06
0.0051333891105096,1.1069969049823501e-08
0.0143139965685253,7.65643123289093e-07
0.0109970193057575,2.6446395718088638e-05
0.005604390438446,3.4853044843635703e-06
0.0122245257419822,4.7313402629355596e-05
0.0049678151959276,1.944882330449287e-07
0.011602170652073,5.868573784610117e-05
0.0152251903717378,6.917633764109191e-05
0.0019290121740764,6.71829329292642e-06
0.0123324775297831,6.663925075261382e-05
0.0112624883737649,3.887474926904736e-05
0.0024615000874285,1.5282077406936382e-06
0.0053806620527095,1.6439756174650374e-08
0.0027989010542658,6.778069787510079e-09
0.0027906256940691,1.1274882814271235e-06
0.0026572994153719,1.0125508113585268e-06
0.0154058518351554,4.09232533529476e-05
0.0096971055839181,4.4676597513698025e-06
0.0019967014767246,8.70221297133446e-08
0.0059288479061922,8.472750134074276e-10
0.0167395630915466,8.591641622484696e-05
0.0081758348872417,9.012847851133718e-06
0.0066838523176552,1.421112736298674e-06
0.0128301800713116,5.4035966013147506e-05
0.0050329748085192,5.326744365307638e-06
0.0112363138027907,3.1753654281825834e-05
0.008456199252069,1.3346320556818293e-05
0.0094623447083656,5.651142726983836e-06
0.0018147461190318,8.291535821576264e-07
0.0158204710870547,6.869086286370886e-05
0.0189890530707311,0.00012189455013359873
0.0182795502883786,1.1568414703268282e-05
0.01820229848058,5.951308511920538e-07
0.0193682181831585,8.484514564986957e-05
0.015968417506474,6.256451850791912e-05
0.0111867261855048,1.8054014999245478e-05
0.0164782954459737,5.403780155089062e-05
0.0010422586089891,2.5106318975848146e-06
0.0129583714002083,8.745924302483294e-05
0.0128548626107111,2.509578969665598e-05
0.0149100607576457,1.8339092116653486e-05
0.0045922450465314,2.1891900464155576e-06
0.0074655976388489,1.0323030861975321e-06
0.0140607222551045,3.691877463803845e-05
0.0032881709201933,7.178792728633124e-07
0.0069105093052168,1.0657411324422725e-05
0.007916500582719,8.31809448553404e-06
0.002881366409426,6.184200679666682e-06
0.0149545818210536,5.1572732380184636e-05
0.0147949140722273,4.348404707009932e-05
0.0006066755452948,4.471470661672857e-06
0.0105682661803147,1.8282136030321842e-05
0.0195987314305919,9.89309647804436e-05
0.0176824945960808,8.393324060790297e-05
0.0197847326584774,3.958278763607133e-05
0.0153963325752318,4.9747622215591066e-05
0.0029510570407956,9.793859868775233e-07
0.0169680667610176,9.617500922351744e-05
0.0152882281536388,4.1659576966578886e-05
0.0172073509925313,5.976285163903611e-05
0.0050865014696468,4.081698833518573e-08
0.015050372178688,7.129218086508809e-05
0.0053697151916056,3.710596379095191e-06
0.0040828557766304,5.290812319140132e-07
0.0030779351552444,1.1064373148301621e-06
0.0084297597100549,3.3055263817471125e-05
0.0145093688714721,4.387369134672345e-05
0.0105260621356598,2.1477106997737572e-05
0.0196825470196868,5.034763961605141e-06
0.0142608363085696,4.359729220854257e-05
0.0167430960555767,6.843862098287563e-05
0.0092802371950396,1.1055140368537972e-05
0.0015312618273761,9.559317879116047e-09
0.0107356685430202,2.9913880887073035e-05
0.0070151778859979,8.855396610079647e-06
0.0051182651623849,3.34572929453962e-06
0.0187224289154836,8.983543165916013e-05
0.0182318527931349,6.060117557485785e-05
0.0073468951573735,1.218667556915759e-05
0.0119385768816454,2.801623687760515e-05
0.0100465545079249,1.8954196719002374e-05
0.0183790619497158,9.52665681001578e-05
0.003516592182814,2.3116979138651308e-07
0.0143560431282952,8.67105873698464e-05
0.0060725302668003,1.1295013904865895e-05
0.0028333016907259,5.9148261762884216e-08
0.0095784386403256,1.782816784466227e-05
0.0004359405787987,6.345455840325411e-06
0.0122010289490252,2.301129878609289e-05
0.0167562973438287,0.0001208859990883878
0.0049572720556301,1.1601081763136595e-07
0.0136072223928989,3.0274784175290067e-05
0.0173214952962219,3.0214839886959777e-05
0.0142969188833477,1.0938796504284879e-05
0.0141377065253641,6.246423443703342e-05
0.0009529270868156,6.483342641886101e-06
0.0131233582167899,4.502739899540204e-05
0.0151846692121911,0.0001002237481736205
0.0180484538478262,0.00015088209708745244
0.0174736572512263,1.2459440166075594e-05
0.0025588524133642,2.1126403235795435e-06
0.0037425647525949,6.192004157714703e-07
0.0096487946050896,1.821068653626986e-05
0.0158140477369668,4.043318146457485e-06
0.0018317285755384,2.338666046528529e-06
0.0136446691851379,4.133487063505019e-05
0.0070142864602938,2.400373933382532e-06
0.0138040196360374,7.74960711227652e-05
0.0137961069366315,6.911397831518966e-05
0.0051208240070691,8.039765307659879e-08
0.018481395129278,9.199803728978005e-05
0.0175914327262001,6.717577581205612e-05
0.0057098044058533,4.1709592604053e-07
0.0035169099530561,2.7902980015100363e-07
0.0090607252122429,2.9235455870511815e-05
0.0151730821539574,8.040188583596036e-05
0.0189190260942523,8.720094754771601e-05
0.0197385892664852,5.866285193479356e-05
0.0121889902692373,4.358316525707092e-05
0.0034474262094458,1.2258727815557659e-06
0.0065096655574599,3.212039500773871e-06
0.019767321146733,2.568376403036079e-05
0.0169239370559629,6.517343874975568e-05
0.0057600889494307,3.8780338816335895e-06
0.0159613825510867,4.395073444951152e-05
0.0025997438020339,5.209564491078285e-06
0.0149972106099299,2.1812060328776517e-06
0.0008129849462361,1.230311558731847e-05
0.005797128205825,5.9810584784464115e-06
0.0019222531763026,9.467273209185413e-07
0.0177197489528063,9.830351989374893e-05
0.0077554647464081,7.057844377661464e-06
0.0017136651382081,1.816288920329439e-06
0.0180845553418331,8.277750719978365e-05
0.0110528346257074,3.125168205321199e-05
0.006912303527673,1.1340771669722499e-05
0.0128841840765977,5.549695254167241e-05
0.011859963858868,3.1887379902544795e-05
0.0151438984640841,4.987373244806527e-06
0.0019944220314592,2.1870718445006174e-06
0.0152488315645018,7.300775137187417e-05
0.0031573372308914,4.832033491044084e-08
0.0029396318769169,8.744121440602786e-07
0.0047205451718905,3.3883076148456053e-07
0.0139094860268144,1.8898629146376382e-05
0.0123645369611897,2.6108195328923173e-05
0.006270450399679,2.609603838480493e-06
0.0050172144237749,2.0539979969519376e-06
0.0081723793656881,3.028158700567504e-05
0.0152976463493126,3.2429036670539486e-05
0.0022812451066665,5.492428794350037e-07
0.0057397750790613,2.7073618950155715e-06
0.017583532076736,8.903635516943861e-05
0.0137841788702754,1.4854237555805707e-05
0.0022921945181502,1.1347816686677787e-06
0.0004477230887641,1.0138830291280335e-05
0.0152032553635986,6.814350873276013e-05
0.005673722114009,1.2623878433122687e-06
0.0120193413391091,3.8960634320848336e-05
0.003127649047123,1.796381134984042e-07
0.0137048198978038,2.5692391258946175e-05
0.012558209136937,6.4328223984346674e-06
0.0115361352410424,2.6505888199173848e-05
0.0019066541651061,1.3201818952147275e-06
0.0098784437679632,2.5792509070121083e-05
0.0115756692162258,2.167125329675303e-05
0.0186469947040785,3.447671915684902e-06
0.016118452839261,5.6496827657599644e-05
0.0193168627012127,9.190773908872151e-05
0.0134661155371685,7.579734909325843e-05
0.017535100047564,0.00010664421666514458
0.0095703074150136,1.0231118233386462e-07
0.000782048115973,8.940841712226781e-06
0.0137842687668692,3.215127363255191e-05
0.0147989499750692,2.2994637445246317e-05
0.0028201129754278,5.23439838747198e-07
0.0055611906942234,4.768070901558334e-06
0.0144014536762898,3.1412981388487666e-07
0.0129021493088449,4.0899275362382557e-05
0.001987688849825,3.65772788996496e-06
0.004802786134476,3.954044281012126e-07
0.0085454131625954,1.7960882127301442e-05
0.0111105376953317,3.815582102253311e-05
0.0124587584927059,6.580611380109267e-05
0.0100500763430023,3.535674254205023e-05
0.0028119210410082,9.57266599878524e-07
0.0135819573139367,6.185659411774034e-05
0.010003457363129,3.1723663346873756e-05
0.0188868298095982,7.893213687617517e-05
0.0042474764685239,7.764388812077309e-07
0.0044999813342936,3.781582119685151e-07
0.0145854483787038,1.644436833076132e-05
0.0100087966587919,3.473881080449526e-05
0.0150321350481862,7.575927990235243e-05
0.0043047862672853,1.6914312127959402e-07
0.0133989122005323,2.965670924480568e-05
0.0005484918166614,6.592969772027486e-06
0.0102530847391163,2.7726994144278528e-05
0.0080445367415223,2.6053996130765636e-06
0.0004345764441978,3.952862773153823e-06
0.0013487926455056,1.7192293086154863e-06
0.0153247285232763,0.0001061814022561253
0.0050599867632314,4.320747972417072e-06
0.0187184956838672,8.048622347126816e-05
0.0056283657483969,7.968781699721571e-07
0.0146278547191211,8.451673401118576e-05
0.0143683342853066,7.058688498294124e-05
0.0052387198188982,2.25427733302961e-06
0.0124821577342084,3.0459126477311037e-05
0.0176961188515605,0.00014042829005505463
0.0160658541048501,6.892811949376875e-05
0.0102405787294607,2.612934456381085e-05
0.0196563612007455,0.00011395025958966788
0.005100737304094,3.028053373447035e-07
0.0047987302489163,1.2277987832309588e-09
0.0109589607191925,1.6802257080254643e-05
0.0014011870289659,8.140589272674684e-06
0.007509550463218,1.0556356394826198e-05
0.0190700109545807,0.00010953242701251136
0.0055409888223424,3.280664740072639e-06
0.0112149280271838,2.4317978891858005e-05
0.0093699987215912,5.46138128063854e-06
0.0123611661306759,6.866105657987222e-06
0.0159518412329082,9.123796759046109e-05
0.0104049323130941,1.7828308023598004e-05
0.0075743887074213,1.0875946520171227e-05
0.0077181344091187,1.0264040019037213e-05
0.0051581078789831,1.6208404483718493e-07
0.0105552001053465,1.2251368624756177e-05
0.0170352296644382,7.265245173233685e-05
0.0002423943135461,1.7091408012833354e-06
0.0198118927712284,9.63540413364881e-05
0.0062608332508224,3.880427105193142e-06
0.0178341295990132,3.266970239994964e-05
0.0022122467693979,1.4160575492810933e-06
0.0164205401648164,9.475158699611198e-05
0.015798334322202,8.134402917930791e-05
0.0096205328285202,5.4841029797382075e-06
0.0072638044547761,2.084257785749103e-06
0.0060930021055367,4.217380005620195e-06
0.0051000709928838,3.076343320896744e-08
0.0063536413085846,1.7040128243140587e-06
0.0081450689493554,4.241597422764714e-06
0.0102109949932286,1.94318304934283e-05
0.0041010949763815,4.5933302966463245e-08
0.0174983540527749,0.0001048528091738392
0.007224306288789,5.298445654384276e-06
0.015594711163618,6.003209508688578e-05
0.0152054099428681,0.0001012062019536794
0.0001439708863054,7.840205127112298e-06
0.0010440807179641,9.608077956937869e-07
0.0012015780164783,7.076012118105755e-06
0.0116172099603328,4.71417430520951e-05
0.0084576108455313,2.1669362584248704e-06
0.0047134531581628,1.2069097303848356e-06
0.0136321469838614,1.8929999070344447e-05
0.0018557420137709,2.0432945130777384e-06
0.0150649143242943,1.4011707922661149e-05
0.0196247996089187,0.00012287247631805303
0.0168196979943626,1.5585347138526597e-05
0.0065999444306652,1.5118252496958451e-05
0.0091604950725436,2.5058843581658096e-05
0.0035712322820371,4.1432853098819273e-07
0.0040295798900417,6.348612632658462e-07
0.002687965688871,7.081836732224102e-07
0.0130073899482274,2.7218867440090328e-05
0.0158769269119578,6.696177274840732e-05
0.0153550982137631,5.4988641171006367e-05
0.0082141389695665,2.0954383273603572e-05
0.0056434454964748,6.578517599024739e-06
0.0121312791850969,2.7658100611688186e-05
0.0154931568998019,8.641469922081367e-05
0.0194861752265872,3.8320750111607865e-06
0.0192154724335859,0.00010328051643867833
0.0172087604325383,8.843191775622833e-05
0.0099936297517797,3.77888521447549e-05
0.0177545838940297,6.958048039245996e-05
0.0050902882448247,2.6394951283236314e-06
0.0186213952588058,8.796640344364639e-06
0.0111376632543605,2.1533137543810267e-05
0.0197434156670625,7.430110257486752e-05
9.50553731723014e-05,7.061796029927747e-06
0.0189603620058917,0.00011284837213248925
0.0148919389406458,5.280454270964246e-05
0.0198662683416668,0.00011068171086725587
0.0056932925844205,2.7877601314618076e-06
0.0070600562871162,1.0720464832204804e-05
0.0120569469124245,3.24302933666584e-05
0.0043710060765351,3.8835662923403363e-07
0.0126191524660923,4.077752870309956e-05
0.006317862567727,1.7627228048684872e-07
0.0007179192724857,1.2305951170256497e-05
0.0090739401988799,2.3604750291336614e-05
0.0170752118896997,9.134610313364431e-05
0.0056344492833471,1.5396551211346787e-06
0.011572217680036,3.3892682577263374e-05
0.009865888389545,2.015862980466141e-05
0.0001467662127909,6.911819608903778e-06
0.0154952530237844,6.789688040695073e-05
0.0117888868752017,3.417974716138744e-05
0.0002155403559583,1.3675373032839719e-05
0.0178874435489873,8.702313040593678e-05
0.0063652205752805,1.492436348563716e-06
0.0149565005699012,0.00011497596067710071
0.0043595792298204,2.5637747688986794e-06
0.0074045504296334,7.467194764423956e-06
0.0153968719197434,1.650734319955495e-05
0.0096738921444291,1.0166533303331925e-06
0.0192079506706218,6.319702836775434e-05
0.0129774042851494,4.589952573288833e-05
0.001567923008926,7.640337430929557e-06
0.0125238829365391,2.5962117129948674e-05
0.0106449029225101,3.880452699863111e-05
0.0177797090065078,0.00012073781238777743
0.0078271557657333,4.868871068633209e-06
0.0082098776177576,5.690905357720281e-09
0.0080387937496438,9.623876996587433e-06
0.0027468536330905,5.162691901566822e-07
0.006658810134713,8.799784194385276e-06
0.0106786514392034,1.3276794631631617e-05
0.0167335591135103,6.0040966308985487e-05
0.0188540015359376,6.984579351902895e-05
0.011170749890729,2.5595728233042294e-05
0.0137839820972808,3.694671758751684e-05
0.006829402140313,6.912385130866912e-06
0.0029682087818466,3.748018171451026e-06
0.0041093328320964,1.4193195722629513e-07
0.0121903120007698,3.332134405583884e-05
0.0104781274872725,3.449152173872619e-05
0.0199803646887492,0.00019130829735980527
0.0075347371802482,3.196577871815184e-06
0.005377530629506,7.274056901507748e-06
0.0189364639828584,1.2572345074333051e-05
0.0121054227593589,6.123163712235104e-05
0.0170580452007145,5.8618887486070494e-05
0.0071249555442897,3.27243484585222e-06
0.0069990158857998,5.133998867880226e-06
0.0090927958085235,1.0800409817566584e-05
0.003811272513064,9.888514780837847e-08
0.0142600940186896,4.00160096970352e-06
0.0182093316485454,3.148612832059253e-05
0.0197850189071165,0.00012039187564735728
0.0088785604605528,3.7994417806623584e-05
0.0071514067534331,1.453059100139878e-05
0.0141378668568018,4.4314032399795916e-05
0.0119553295087979,3.239959867899392e-06
0.0099939467906592,3.5534133269005365e-05
0.003059540016307,3.2833009242541255e-06
0.0158917901683282,1.2984038334932345e-05
0.0008719225158501,3.409932162769406e-06
0.0025682776638252,5.586968594449654e-07
0.018675443702642,4.863116192540799e-05
0.0069470144382321,4.937108604838568e-06
0.0140250897263137,7.918787369163312e-05
0.0012242091317246,6.857782309323013e-06
0.0095852711899528,1.0729627674573216e-05
0.0075102663768254,7.618883672675416e-07
0.0167451097686636,8.342545407106563e-05
0.0098916296877489,7.972033725342957e-06
0.0084157549445751,1.7416295382542838e-05
0.0031376677228253,1.5077046281153335e-07
0.0140160954388882,3.685171810345472e-05
0.0062416257551253,1.1595724561465747e-05
0.0006231496939652,9.57517539772849e-06
0.0010806520484974,3.395750566965215e-06
0.0106465143165555,3.450514220482678e-05
0.0075774774474977,6.5107686302198435e-06
0.013609189007963,6.140727472161701e-05
0.0057573862906897,2.139088877817693e-06
0.0195915158566836,0.00013917254182889972
0.0127424345399425,2.5885706498966508e-05
0.0022202735535625,2.3954003815591895e-06
0.0044031364635228,1.984762826630983e-06
0.011430298575594,5.38737632518665e-05
0.0152357210059731,7.045680465059929e-05
0.0028138968944287,9.554929709806882e-09
0.0107810187155308,1.1773250101551525e-05
0.0051225086998849,6.634162208831469e-09
0.0196041590449866,8.392562125684761e-05
0.0049570678931837,1.300034151470974e-06
0.0087617000315955,1.4631724323983184e-05
0.0139167657719724,4.5601920049288714e-05
0.0136625630667409,3.9398127127571434e-05
0.0101978776148061,2.4171986291996248e-05
0.0169679021354473,8.217247833293297e-05
0.0110002259416081,1.231797439475575e-05
0.0003828419924196,3.9448120477188465e-06
0.0033700864975555,8.471776523572225e-07
0.0171381076414532,9.27469575889258e-05
0.0187669547877918,7.84504237739345e-05
0.0011809640047607,1.9554443898364462e-06
0.0047338595596418,2.7012814046140794e-07
0.0090261992672565,5.988013749962514e-06
0.0152596533440746,7.748011406016229e-05
0.0095915629158285,1.4467588043298677e-05
0.0037944156809508,1.0903390004255745e-06
0.0127790067168892,3.222025762235473e-05
0.01779086549475,7.863699513494172e-05
0.0061775766786715,3.1329552488893196e-07
0.016966963754355,9.531597226801204e-05
0.0029660336335084,1.7167273338315843e-08
0.007892929689999,2.283985174252724e-05
0.0002584878609247,3.310710812182256e-06
0.0196909409097998,7.974041436945228e-05
0.0037451319445561,8.779203004214907e-08
0.0054683148549173,2.2127897477746136e-07
0.001801346258422,1.7241275498865053e-07
0.0008585413711648,8.702518360048601e-06
0.0126771162816676,2.705413796001327e-05
0.0004695039578188,6.7644790548054545e-06
0.0020016055453054,1.3865745997579705e-06
0.0064693603984606,4.961627304404169e-06
0.0095551194631742,1.733632066512272e-05
0.0164485028204337,0.00012480735710868388
0.014509828608029,5.808635403918718e-05
0.0045478466633282,8.19311290951694e-07
0.0121794661473466,1.2276331156012003e-05
0.0121388990960845,2.390882236348662e-05
0.0125876441460497,8.434204428790127e-06
0.0009599738530362,9.884414671755545e-06
0.0008176674888055,2.786032353443467e-06
0.0141151503076949,4.777731793231771e-05
0.0106238438596006,5.879927430667378e-06
0.0029965658440338,4.934686880642451e-07
0.0096232303326395,1.4368155058844147e-05
0.0146467538786591,8.85110623527639e-05
0.0024718739326985,2.946182039464009e-07
0.0121106849233832,2.454487902062875e-05
0.0132694859460435,1.4505036214951103e-05
0.0109891914761637,1.484490749341137e-05
0.005057535544872,5.455041370561363e-07
0.0040697022082312,1.3606872348758209e-06
0.0074655132456254,2.6290219676352212e-06
0.00317392025923,2.402946121922699e-07
6.796590088338439e-05,1.4898386593060622e-05
0.0088659718595338,5.20177651229519e-06
0.0195566799552452,0.0001070906800882014
0.0063294519138122,8.967578829248437e-06
0.0115444216674008,3.088914672784885e-05
0.0011194171436678,1.462790017536169e-06
0.0188455758063777,1.604867916303837e-05
0.0067091074773557,5.24297673122744e-07
0.0097107979018952,2.7614580290145244e-05
0.0070711776348847,1.406414731230138e-05
0.0040375168038871,2.853137552368548e-06
0.0028756413715065,1.379385312426206e-06
0.0164016739055177,6.969512965114426e-05
0.0158709784278452,8.008662198617443e-05
0.0136983581105302,1.2817995723151963e-05
0.0119773339792406,3.5711421632722284e-05
0.0156730763500622,2.9122039707606418e-05
0.0038499571058395,2.5486721696135254e-06
0.013183024354099,6.524574344190835e-05
0.0092976011803623,1.504317826850721e-05
0.0111377356891493,1.6456774665965293e-05
0.0050927141158996,2.5280874561076443e-07
0.0165311845883969,6.807034106748017e-05
0.003778050625992,4.309256357075003e-07
0.0143898625983094,6.346201464342002e-05
0.0114090143805067,3.1129686465691473e-05
0.0106369790554177,2.195825651673839e-05
0.0163816677822172,5.057916620630844e-05
0.0085393313692949,3.791925735368986e-06
0.013471118231537,2.802657190144446e-06
0.0178910045518453,8.260234387141381e-05
0.0039589518425576,7.455431597433203e-07
0.0143179594802614,6.401068213886355e-05
0.0137259616060544,1.8447232337831914e-05
0.017991486857269,0.00010534766629006658
0.0031407258151621,1.0280254724405346e-05
0.0115123112949324,1.3352659736744628e-07
0.0057852636033191,5.974599545870499e-06
0.0098290703693064,2.673179514713304e-06
0.0019930971008076,3.065963002910648e-06
0.0132690771725776,1.4336797339353305e-05
0.0174354606506009,0.00018234921828431057
0.0079664854652462,1.2475323418697881e-05
0.0065747805682361,5.6202610474481914e-06
0.0128449303075611,4.508257073136041e-05
0.0132901223758378,3.2359057416716977e-05
0.0119804444700438,3.3753408631810566e-05
0.0014194150484724,2.708358460315582e-06
0.011153118227009,1.2942477462071114e-06
0.0083976777993,1.2598614874714916e-05
0.012257645518683,3.3706030828522364e-05
0.0004596361492454,1.5933978964828894e-05
0.0156629184593609,7.657669105666574e-05
0.0189470384093571,0.0001116014008195732
0.0174411867991057,8.778009070930918e-05
0.0080163208426073,9.89353196233302e-06
0.0111435785062577,3.831856649617058e-05
8.549562200013572e-05,3.3771281968452047e-06
0.0009428873707477,9.594255823836519e-06
0.0127816121125814,1.991091081330044e-05
0.0146617046065704,7.46019247163323e-05
0.0039353286097911,4.3249405345884115e-07
0.0059666280392385,5.4251080729562405e-06
0.0024928413416169,3.5188606422128664e-07
0.005238115389193,6.207087612639884e-06
0.0127248472830501,5.2770338633947e-05
0.0110023777364958,2.7042912142438613e-05
0.003874886430867,4.186390307463597e-06
0.0120802502689218,3.562554793483047e-05
0.0133596697746833,3.19893924326636e-05
0.0164585630865977,4.65689759475281e-05
0.0186844390724131,6.485346072650354e-05
0.0152167513516048,9.71155616434064e-06
0.0189804611231962,8.677025892551698e-06
0.0197972741368505,6.307886522278069e-05
0.0067372549961164,5.95252254437943e-06
0.0146617951639429,5.030313741171463e-05
0.0022977672437519,4.310619718423372e-06
0.0106947552174012,4.274769000172287e-05
0.0086646105678911,2.9277247904796542e-05
0.0106642828590762,4.3328674478010595e-05
0.0179918397115923,4.679609509655103e-05
0.0132161782016327,5.890053279302028e-05
0.013921984671882,3.9947007515420424e-05
0.0070805358955181,4.489381915898981e-06
0.002240882297934,6.063293735739709e-07
0.0074132495999751,1.957684057710213e-05
0.016968196849661,8.834977493948317e-05
0.0192926725056277,7.632369711937263e-05
0.018112813190957,0.00012301472270970308
0.0013597749082571,1.7010909907940296e-05
0.0011242374334406,3.2432070943951496e-05
0.0043392743867423,5.927407171377681e-10
1.94567809782642e-05,1.1957937670756025e-05
0.0006195452432045,3.1526830222646672e-06
0.0131858688958113,2.6283040572578123e-05
0.0071170398623343,4.1507455306026e-06
0.0071493569744054,1.848272127308623e-06
0.0133309343138575,3.4446384950383875e-05
0.0137839045073052,3.530771650384127e-05
0.0114284709794901,1.748615603875442e-05
0.0168960824246236,7.236267392112985e-05
0.0103182509407275,1.7424030884589558e-05
0.0105981834434414,3.7834868164286883e-05
0.006766874984293,5.4874868304320304e-09
0.0050694310462609,1.1148936296696604e-06
0.0062947922001625,3.913181584965807e-06
0.010662116938557,6.09131105901114e-05
0.0120097530301017,7.94932843984466e-06
0.0186493818906431,1.2534753802917366e-05
0.0165716369007023,3.523160896438226e-05
0.0032939954566282,5.0010504256771326e-08
0.0060860270697526,3.4702903143676285e-08
7.341908610730474e-05,2.1708378526101285e-05
0.0112356293102236,7.509700357050552e-06
0.0080264676549576,1.4318627511661542e-05
0.0129909944751764,3.721301644618222e-05
0.0001473533231122,8.390976817899817e-06
0.0133170926867771,5.304898311753758e-05
0.0194323447761855,2.346528274862056e-05
0.009673566149315,2.2735445227128015e-05
0.0041194085535621,1.2026642696725823e-06
0.0180945015904603,0.00010158108392015441
0.0057972403654796,8.766716631449499e-06
0.0080320995058622,1.97507825732122e-06
0.0170516950635822,7.106707606910856e-05
0.0087887013878587,1.3578872456902855e-05
0.0146833000214257,5.619558202937355e-05
9.49154491099402e-05,6.256045756709505e-06
0.0064192428067631,3.4105260377053833e-06
0.0145771670840333,2.1544994576361253e-05
0.012365027247656,1.7790776818669483e-05
0.0122316992529498,2.8149573642752902e-05
0.0034232816807185,7.95124332995798e-09
0.0067197820542762,6.326034762445687e-06
0.0194019669266729,0.00011176141029007461
0.0114709236854968,2.1043108974746875e-05
0.0149595724781357,6.330156953132218e-05
0.0184871079687188,3.829035995733825e-05
0.0055261823579739,3.801684742416517e-07
0.0142986555658207,3.8602451689079335e-05
0.0053641916079017,8.887071762261001e-06
0.0040132359361425,1.9762122303358833e-07
0.0084042792481715,4.329769886113474e-06
6.155941694457213e-05,1.060867058804508e-05
0.013089542353803,1.3946199770897898e-05
0.0058809359972076,3.3062036656229223e-06
0.0034900988567512,7.907440262555188e-06
0.0062504928741018,1.0860121911980229e-05
0.0177049229696743,6.842270086986439e-05
0.0180856181343951,0.00014631315968913677
0.0058115183465663,4.756377683039855e-06
0.0108820246709897,4.5949647640575266e-05
0.0139526083564777,4.6341266030367896e-05
0.0107869887868993,1.2563490947754794e-05
0.0107316785433484,1.5683252067970746e-05
0.0038238946230831,1.7845391418683802e-07
0.014320455836483,5.3611209866637746e-05
0.0081122504393855,1.6549054719660396e-05
0.0058428362843266,5.743312276142197e-06
0.0164813006837307,8.904532875692405e-05
0.0033886175262806,8.603522983294072e-07
0.014412954255884,4.389483561520599e-05
0.0007960531547513,3.293114611271847e-06
0.0107954612653544,5.712296368502068e-05
0.005820431579941,1.1214851172317487e-06
0.0006470707856361,5.830738542842137e-06
0.0055740774795908,6.151278157279067e-07
0.0113081428306159,2.090183670038537e-05
0.0178063906984017,9.28475819824934e-05
0.0022529917478414,1.9262302273865824e-06
0.0028155706195588,1.9369593597948156e-08
0.010120990200764,3.4389701001514254e-05
0.0020283715355491,3.296896959788348e-07
0.0117790426625383,5.146431716694815e-05
0.0105034208842301,1.5448384098199175e-05
0.0015996595371938,1.4394853121054567e-06
0.0028794793898,2.6376821595965786e-07
0.0184666491370168,6.728838919705121e-05
0.0015399639841416,2.7312900006716503e-06
0.0053298106060909,1.8824971594504523e-06
0.0123243436841666,6.386927541998715e-07
0.0104863807774975,1.7388517210541472e-05
0.016795084097927,3.452193961497039e-05
0.0101859867217599,1.3731107331490122e-05
0.0153451758056523,5.749623664850064e-05
0.0009468837897367,1.1966548243351364e-05
0.0099051587064026,1.8624053374512787e-05
0.0175059529504805,0.00011206566166523762
0.0020369637196357,3.960041177303688e-06
0.0195120250113609,3.6829846737279544e-05
0.0136930119720638,3.515842360775358e-05
0.0050134409038832,2.1156567869306083e-07
0.0078643973641444,1.2698451807261352e-05
0.00433009353008,4.046223814200617e-07
0.0115964763152444,4.8913076410868515e-05
0.0098427509267693,1.2244918434855337e-05
0.0055396350833405,8.486015648871708e-07
0.0073885846141329,1.2805015394907647e-05
0.0100178919761059,1.9742124979534963e-05
0.010555524832233,7.429630356035308e-06
0.0109080024582264,3.568703804948268e-05
0.003646314367664,2.3228398626551385e-06
0.0137409535011879,6.492984595000224e-05
0.009492842651265,2.4423088665246586e-05
0.0015917040090528,3.2355626349209245e-06
0.0075903328453346,4.2416271573364584e-07
0.0108509298971041,4.7049529722373174e-05
0.0184538095544888,3.469658494358198e-05
0.0158692187518842,4.416720817703451e-05
0.0126187489044072,5.6087421902963704e-05
0.0008149788183102,2.593357444689506e-05
0.0043215772676103,1.2323984322570365e-06
0.008030986600627,1.919461614982397e-06
0.0084154236874109,6.771233539899757e-06
0.011995863070188,3.202310478808217e-05
0.0078447085071165,1.2904317297557175e-05
0.0086700191808245,1.2080589755914094e-05
0.0120166478121152,1.753995699853814e-05
0.0056087436143845,1.9364053468227637e-06
0.0101273776289101,2.877862378352829e-05
0.0082663751016686,6.956391092332002e-07
0.0115282532122558,4.194301620046579e-06
0.0014396239221726,8.457675404016368e-07
0.0161861651013898,8.33615016425466e-05
0.0170949813147631,7.922837204107444e-05
0.0147613955221153,0.00010594421281703547
0.0167028516732603,7.436902176750652e-05
0.0027035246575378,2.3079373739694183e-08
0.0047857655952431,3.793734260174144e-08
0.0061876594319671,9.566052804776127e-06
0.0149086404779884,4.799450590249014e-05
0.0004538327331156,1.1932014323167835e-05
0.0110912081067645,1.3602464950132077e-05
0.0044310161873105,1.2464337634115399e-06
0.0133252005675645,7.050276742915733e-05
0.0084242555326284,1.257449021761429e-06
0.0095717088792692,3.0017125718995993e-06
0.0117394522985005,2.7059800715040462e-05
0.0176409973835289,8.54118229527962e-05
0.0182951236420952,5.8382264426204184e-05
0.0129417462851332,3.5299748009060076e-05
0.0067028849265632,6.72338282618335e-07
0.0158026965674226,6.973475646481861e-05
0.0106984357669198,2.804930517908745e-05
0.0098201097342895,2.242643445751069e-05
0.0120501822834217,3.638017068546276e-05
0.0174126189250428,8.25493202681732e-05
0.0049031911991592,2.035041083048655e-06
0.0179939009912245,9.241068070352881e-05
0.0194161210549234,1.2028810747607959e-05
0.0066850038587581,2.111762138444437e-06
0.0161987659384808,0.0001062437332667547
0.0021408691671853,1.1461280034941583e-06
0.0100023570619022,4.6907907900832065e-06
0.0181250516459176,8.567008258628988e-05
0.0032449221463928,8.313386168683046e-07
0.0006755275181608,1.7506390304433482e-05
0.0120136043757416,1.456100075889536e-05
0.0093882141048607,3.507156823962526e-05
0.0176421987122467,6.962586165260548e-05
0.0050151605058787,5.36701162047781e-07
0.0110298029131348,1.074646549060201e-05
0.0082486207959563,1.7333557793033362e-05
0.0047616205239552,1.345894583105485e-07
0.0114868311092762,1.778691224559223e-05
0.0031795831056481,1.3201173194865393e-07
0.0184135295457922,0.00010807328786767695
0.0107037728810164,2.757472047399533e-05
0.0063983477387033,1.070671276152972e-05
0.0087484594421652,2.0746445162061362e-05
0.005664102736047,2.4846153048112703e-06
0.0092798006658448,9.059557310094536e-06
0.0108903621573506,4.067579495522954e-05
0.0172531141163656,7.44994910634577e-05
0.0174232100931065,9.865138744252559e-05
0.0129329905013727,2.649533026711133e-05
0.0144758363234925,1.5862547784739782e-07
0.0159056065877756,7.905977591411294e-05
0.018226901583275,0.0001223911899962622
0.0106350402943716,3.1053216678831272e-06
0.0139928679865207,6.234119277205139e-05
0.0081661105685869,1.0757625785563202e-05
0.0146116163209727,3.600936169759307e-05
0.0143451303576143,8.272246479599199e-05
0.0157681005231492,1.246693261647472e-05
0.0117793512434981,2.8235369678930842e-05
0.0034464569238943,5.288026792802656e-08
0.0121362618477571,6.177428120648946e-05
0.0042937013213781,1.9566456741914654e-06
0.0110537800093519,4.313790354287316e-05
0.0188275702518792,0.00013218617801716358
0.0085224945320447,4.87218971821717e-06
0.0190104170433864,0.00011894734751325604
0.0090271294163774,1.0480008770336665e-05
0.0101333259816262,8.25333520800225e-06
0.0195595146150756,0.00011148555768893099
0.0040201147598013,8.459038297323739e-08
0.0085825019085188,4.0498594918905125e-06
0.005840751679317,7.932276246832748e-06
0.0049956331417928,5.046172832660513e-07
0.0012501535698507,2.6231186930991086e-06
0.0096063330155005,2.767356249785295e-05
0.0124627899456794,3.5429058728911954e-05
0.0134084916613323,3.5976007722287906e-05
0.0161303945455277,7.450453195451557e-05
0.0117985122646347,2.2199548434493507e-05
0.0065181486742512,8.603051502210928e-07
0.0053104058730802,6.718621926174551e-07
0.0185876655981914,5.251300182403189e-05
0.0044877744125519,1.833614886482124e-07
0.0041203821641854,1.3425878109934147e-09
0.004797086704222,1.2681221007421551e-06
0.0063935928645722,1.2621614333236154e-05
0.0105313974108414,5.5553145976358756e-06
0.0043208593002446,8.9683330838926e-08
0.0199236617050226,7.1985281117972806e-06
0.0026920117539326,1.2690709154784937e-06
0.0021651107199048,5.1012856669999724e-06
0.0146001459876126,1.7137327016226468e-05
0.0039893815871828,4.790814928772058e-08
0.0132456877973447,5.511163097126868e-06
0.0022783960619995,3.3849913462137915e-06
0.0158411187370937,9.688903002385146e-05
0.0100516719153821,2.3771733271823452e-05
0.0193974258216445,6.276888467714308e-06
0.011599704146065,4.382641748505935e-05
0.0093486411610055,3.0381890698151983e-05
0.0098380760516449,4.102603934618979e-05
0.0064921431459422,1.5798286327133736e-05
0.017990585686383,0.00010598867819507581
0.0026494924160768,8.366160915373724e-07
0.0106408676583954,3.413432787581125e-05
0.001088070330619,3.241061555601696e-06
0.0136737211188394,8.692576555927274e-05
7.095441097439315e-05,9.854494471814947e-06
0.0076326125923405,1.7353962783087817e-05
0.0081144892175344,9.77499142125449e-06
0.0113636648706863,1.241587137891313e-06
0.0086618680477993,1.599841828747306e-05
0.0043283437446628,1.5730685611352136e-06
0.0065253298272939,4.7155262318743396e-06
0.0026888813047283,3.5964885292328236e-07
0.0180347236185877,7.990317135790159e-05
0.0109548662991776,2.358950435895858e-05
0.0075617614298577,3.814579069876069e-06
0.0003628090952995,1.1369071466302923e-05
0.015897638223883,5.665064477778913e-05
0.002049793838284,2.094922674061085e-07
0.0051953266123042,3.5798787702945456e-06
0.0103906749804446,1.991779994349175e-05
0.0048738648632918,3.183728190568639e-06
0.0185391763578787,9.181763109050561e-05
0.0182092844337566,0.00016994684757876247
0.0128299830949613,4.3423385151222844e-07
0.00482708471753,8.707581741929594e-07
0.0034483204912396,4.424430643595428e-09
0.0181151568989452,4.3520357363824605e-05
0.0073767878160291,4.309428292859094e-06
0.014163512261316,1.4063091277621692e-05
0.0006007064407227,3.6394279990216216e-06
0.0125318034084212,4.940247040167868e-05
0.0020219778075318,1.039472487301024e-06
0.0133459467376407,2.452255358269077e-06
0.0034786334225552,6.805887820655308e-08
0.0066534223171982,2.971968592627733e-06
0.0018155310834386,5.2525322121467e-06
0.0010866757991693,1.2369527703204632e-06
0.0047231018141684,8.810051246245834e-06
0.0032164431745317,6.27251088106973e-08
0.0118749867025951,1.8625196491257447e-05
0.0187161283964943,8.878065437797122e-05
0.0145030734503486,6.575562557884662e-05
0.006236980281651,3.4332448231389122e-06
0.0007403394940222,6.227102146398764e-06
0.0194003830977911,9.549343340490898e-05
0.0165922097236627,0.00010613218766781582
0.0042625226318376,1.3007397580897628e-09
0.0111012700588632,2.4821411541981627e-05
0.0173157524027203,1.3600277348168812e-05
0.0097992781008104,2.35847867706603e-06
0.0002747426238528,6.485947960911035e-06
0.0199810545245177,0.0001342148338733198
0.0108851316850611,2.7351705790760383e-05
0.0066318084533157,1.413852945922914e-06
0.0032145573846768,3.026976193152442e-06
0.0148874305515778,7.604154501990118e-05
0.0180563201975124,4.975069595570052e-05
0.0074440019418232,5.6646202460933616e-06
0.0195251579784271,3.0270653559018187e-05
0.0105807682331061,1.491732773029817e-05
0.0071122841426494,5.231644468379228e-06
0.0045137954297869,6.018867081996214e-06
0.0144266359072843,3.8405813305778026e-05
0.0112905873840087,3.409602424565662e-05
0.002665602107485,3.284928286732798e-06
0.0107210717389338,2.8971303808921896e-05
0.0163967438411253,6.209654393071638e-05
0.012799243943928,4.1151516879803986e-05
3.246197530653694e-05,1.1766133168493059e-05
0.004887730530738,9.896132888282825e-07
0.0152957945328497,6.464960558456009e-05
0.0064252953439062,6.487084310421805e-07
0.0121765365174572,3.0200231964057855e-05
0.0109731680249153,4.507745639058425e-05
0.0158056515148673,4.478231306748524e-05
0.0118470779882093,3.791700661901213e-05
0.0185277140155564,6.212766206377048e-05
0.0169467284730373,7.392545888346058e-05
0.0074085750974201,1.2173782027413006e-05
0.0161769143381753,6.156291887171597e-05
0.0065756800445995,2.9594084592383494e-06
0.015880312717772,5.48469736518212e-05
0.0110423177516342,3.0155454029853402e-05
0.0088238047776799,8.10374800831706e-06
0.0103717861590795,1.1332198199067226e-05
0.0048146028765108,4.079724613745718e-06
0.0022951037613268,3.1116090066372744e-06
0.0152311455938829,3.710613092235113e-05
0.0001837714407161,8.807879310133968e-06
0.013794969371546,3.1878233431129395e-05
0.0024600040478282,6.1993701178009385e-06
0.0083733042043574,2.160129971849674e-05
0.0087217730131491,3.8624607541738246e-05
0.004063760464476,5.94600021289342e-10
0.0037816605545022,2.567399095563053e-06
0.0101812637560834,2.1504907643081485e-05
0.0139538007393767,4.328460121248842e-05
0.0102146650672643,4.453762041013482e-06
0.0090848970982367,1.1318955421507974e-05
0.0197557128621381,9.73613242062543e-07
0.0133941339197445,5.9273424839355474e-05
0.0167704298583756,5.2805229819513606e-05
0.0060433053543242,4.604670508247761e-06
0.0021268890875463,2.219211047094895e-06
0.015518554621251,5.603163277157343e-05
0.0146760989948744,7.310319609060179e-05
0.0082336924818141,7.052185123430301e-06
0.012452124497141,3.44917421637519e-05
0.0139527396137474,6.940992071753788e-05
0.0074589136381092,1.0887213450394651e-07
0.0164765092557565,8.491723243039839e-05
0.0132377092041787,3.578925950742767e-05
0.0084293180772151,1.0603419124923232e-05
0.0194755492393224,0.00012120831411641845
0.0067070159706976,7.4619483997921075e-06
0.0101837214966079,3.136902831455868e-05
0.0106535215765829,1.4499156945839506e-05
0.0045947098168762,9.708884149649179e-08
0.002581649086384,4.769417711510977e-06
3.254030279673525e-05,5.927019909313202e-06
0.0159791305072342,7.99360117560226e-05
0.0150528939488077,2.616669667540914e-05
0.0116313921904712,5.3172189441986165e-05
0.0118425366667781,4.0266950251552525e-05
0.0082222545483585,1.936092054955744e-05
0.0194758438431885,1.0016565025065105e-07
0.0037973508588849,3.0483396453590553e-09
0.0096038401669983,1.7201807571485666e-05
0.0023057896983612,1.1314388387091097e-06
0.0040903205031198,1.3454621138350747e-06
0.0143916120847774,4.461230258509238e-05
0.0054094907946786,7.987513671221533e-06
0.0055301511195837,5.481398982928427e-07
0.0151413511272281,7.742633725966711e-05
0.0162634217157337,8.918694264354262e-05
7.528570090502562e-05,6.428502624631603e-06
0.0052556986417358,6.978729722190528e-07
0.0184629562074085,2.102469291004989e-06
0.0148850522785897,7.055860533964877e-05
0.0132460094460922,3.838358985344196e-05
0.0046470962422841,2.8322550075136974e-06
0.0076675460183215,2.4188396339210095e-05
0.0199195735689283,4.7575545128927686e-05
0.0114029182433199,2.7532581379906026e-05
0.0174541551344656,5.508922985955702e-05
0.007159880249261,7.641134913118136e-06
0.0088091633610953,7.623179932027719e-06
0.0068442199095231,6.8171034489788365e-06
0.0115785967773493,5.387750907964532e-05
0.0086531723703147,4.413389050430251e-06
0.0052004399969649,2.2843117601785158e-06
0.0177033722571202,8.136878337043677e-05
0.0192312025370538,6.781704373140376e-05
0.0061607522270765,6.890556770493805e-06
0.0058363157896897,4.075393129004428e-06
2.440674514878616e-05,3.2824488860627425e-06
0.0132579114394618,1.6218916974577205e-05
0.0118044684013516,4.392661401671302e-05
0.0164394941020216,0.00010012220155114202
0.0008469570768646,5.657889531861408e-06
0.0030957079150356,2.2797998263423632e-07
0.0029412675116101,1.9694369233980566e-08
0.0193187109500318,0.00013279596810942873
0.0033442763995176,1.3838379029558287e-05
0.0130177335879026,1.659967531766047e-05
0.0093158240844589,4.657750661440718e-08
0.0167096650169642,5.796993192101317e-05
0.0099470887823301,8.331822988179037e-06
0.014677138208264,3.785376712003797e-05
0.0094549396004204,2.6866697804432457e-06
0.00034946677277,1.9640355078969298e-05
0.0177722857922271,6.49551549328647e-05
0.0153447631350189,6.006895748220683e-05
0.007764028923677,9.689216710594705e-06
0.0021598765890315,1.5660047529738645e-08
0.0090206053920347,3.3381455701898374e-05
0.0037230995863016,5.789065655156812e-10
0.0028503288485173,2.8770731456154025e-07
0.0175725687961362,4.987689934765927e-05
0.0043611457270085,2.963154287902209e-06
0.0002252754941356,1.0397496459142194e-05
0.0035598530179339,5.268674427785274e-07
0.0114816260962849,2.8446556333602716e-05
0.0085458563984584,2.8644666074610457e-05
0.0177167853921466,0.0001418250591621599
0.0179380953197044,3.1960408778862806e-06
0.004961568920771,2.369497766363841e-08
0.0072211990319089,5.362943029023971e-06
0.0013370082943378,1.8793298676702112e-05
0.0194337671248099,0.00014807833464996388
0.0194369716861111,3.277393471573567e-05
0.019833523502653,0.0001307449962441031
0.0020139331558404,5.507575865772936e-07
0.0135815204167256,4.294898432972546e-05
0.0039183680279937,5.417664682972178e-07
0.0097396694388842,2.644105444304672e-05
0.0163358754629675,4.6593400577682743e-07
0.0021082216757138,3.733108062270699e-06
0.0087197460544037,1.107404896556453e-06
0.0051647122932258,2.0806175477616324e-06
0.0013742480634806,1.4373281294097456e-05
0.0121295339997717,4.381811879208553e-05
0.0169742497514491,2.774188454801743e-07
0.0034498140613079,4.984589013423873e-07
0.0063117992890483,1.0127191951704015e-08
0.0186616195264915,6.886367038684832e-07
0.0036275015605353,3.647988952762436e-07
0.0195249919599413,8.096277281758935e-06
0.0075323302650449,1.4945146952616806e-05
0.000931356859839,1.4767950064696678e-05
0.0133522907565,5.339054123473919e-05
0.017069880934078,3.9140778301205915e-05
0.0030534274824838,1.3908634052878233e-07
0.0139404241150254,4.458577106985788e-05
0.0171059985544616,9.345511828070766e-05
0.0180227184223788,9.86077898459001e-05
0.0161358010506487,0.00011283565481489801
0.0129150093343851,2.3480699486412317e-05
0.003182456385971,1.949729807327588e-06
0.0152885209492605,5.6640261100658414e-05
0.0120114798976653,4.997190496415648e-05
0.0163554332081446,0.00010534922002810687
0.0146866050514121,5.112473816195112e-05
0.0050459611015962,8.439649652445036e-07
0.0094137333276675,1.1253015438660272e-05
0.0011960535297576,1.9948496859870014e-06
0.0113546364201711,4.092018599325969e-05
0.0058164423780765,2.9750315827437766e-06
0.0063419834229056,2.2746024293846017e-06
0.0188294198811129,4.668685691926483e-05
0.0052301151085923,1.5862487786105522e-06
0.0153587596411829,3.854717772944945e-05
0.0138702420915212,8.033236518623969e-05
0.0015793851219125,3.5122397653128615e-06
0.0177117385926929,3.2967241233983385e-06
0.0010982029586303,3.541579380439442e-06
0.0188679552714705,0.0001404102521890508
0.0016729130430822,2.0757814002148876e-06
0.0085964647958663,1.2484388580276217e-05
0.0104019304018573,7.385840480770906e-06
0.0121425150566684,3.184324563596213e-05
0.0016186339435921,7.233925752259755e-06
0.0026633115292474,1.3138179766226279e-06
0.0119774272549083,1.3213056120437809e-05
0.0018840315087412,6.005115534879336e-07
0.0177692471923228,8.61257596473133e-05
0.019550709991904,3.699546215652602e-05
0.0187739373998836,0.00011730388524785047
0.0064271885664019,2.9794370028877146e-06
0.0044911332551887,7.767423009143034e-08
0.0137773252075502,5.9488696880728746e-05
0.0071981005103907,1.3503276288887381e-05
0.0025085117565103,3.982685727341593e-09
0.003236480206765,9.678646170333266e-09
0.004357333878928,1.0968091229124075e-06
0.0163438888219995,3.825287497003728e-05
0.0161577128861678,6.610206513308774e-05
0.0157361295486917,8.149274854243362e-05
0.0149279081758468,6.933937390887154e-05
0.0141333196811332,3.195656612739258e-05
0.0162105341927887,6.459153536831764e-05
0.0089520322879106,1.9886964262954757e-05
0.0018209225585206,1.1078744102565419e-06
0.0166015680344856,8.297202598888264e-05
0.0196614546303051,4.4304450795181865e-05
0.0071743828372423,2.3850420288627353e-06
0.0092809490956514,7.636946044020225e-06
0.0121744653052907,6.012805428363228e-05
0.0094069420139183,9.714317766250777e-06
0.0099954989332571,4.2186354077609916e-05
0.0160420957521231,2.4541277754643657e-05
0.0056877287200338,1.526758712374661e-06
0.0062955680137525,7.404019297802356e-06
0.0124425152644516,4.788966900322414e-05
0.0142424161515654,7.38627374902258e-05
0.0150595876452629,6.286999632217324e-05
0.0011489729379372,5.05807468515594e-06
0.0040211189710266,1.505845131728897e-07
0.0166780884523744,6.512980933551777e-05
0.0112972651649005,7.66526194185267e-06
0.0069061801755769,1.3932054322464168e-05
0.0053706452121588,6.644205216332383e-06
0.0028480211622108,7.955733156512254e-09
0.0159723296023414,5.969314812750806e-05
0.0129642805102902,3.389287866106275e-05
0.0157941657665963,3.903546092165142e-05
0.0092476119258534,8.58291628361198e-07
0.006297152804676,4.2154012599457435e-06
0.0097254972147912,2.7463744046631786e-05
0.0110829594858328,3.267154200147901e-05
0.011638230621597,1.2478733789832126e-05
0.0043343867314117,1.3980603606704005e-06
0.0032702914885958,7.555189346837783e-07
0.0139777393615747,0.00010624226755514192
0.004496401339284,2.3548657950732347e-08
0.0070298355383358,3.1111419094563013e-06
0.0104141376633706,3.447601658967054e-05
0.0058166650515419,1.0043758796084735e-06
0.0149374170478444,3.9670651141354314e-05
0.0045158661492627,1.3655327134534647e-06
0.0124892813321937,2.3480253058083937e-05
0.0057930958033842,5.4863536626054e-07
0.0041389688224937,8.211454264391111e-07
0.0126073655012607,3.483368517382267e-05
0.0119953094662862,2.4432555066824114e-05
0.010568610745916,2.422186804738654e-05
0.0033743767264606,1.3849479696517617e-07
0.0195293979470623,8.090950002261e-05
0.0098024378606806,9.964853038138465e-06
0.0025332099258483,1.930671943320112e-08
0.0078124077389862,1.9448003413922015e-05
0.0019759194032294,1.9647068381567723e-06
0.0001057587111601,9.738190643232345e-06
0.0049986949597989,7.619226255631969e-12
0.005231561982831,2.3435380343045174e-06
0.015130087570805,9.242152747536204e-05
0.0030523250395972,4.9033757701180395e-06
0.0034165982779085,1.3400817474632728e-07
0.018741331128931,5.141878586853434e-05
0.015567031837429,6.597530420666376e-05
0.012921618527787,2.8799029856728238e-05
0.0191876938479312,4.181603572860837e-06
0.0130330826137379,1.4159793413194437e-05
0.0198649410288325,0.00013421656199383294
0.0165293943976277,4.216851232306557e-05
0.0161229705830419,7.777238026053859e-09
0.0190103189947518,0.00014633401219722524
0.0034553124861921,5.946636482522555e-07
0.0182319579832802,6.89999901318814e-05
0.0083971172921098,4.975881847378626e-06
0.0168141125804618,0.00011883469012511521
0.0044236872887182,2.2676510240183477e-06
0.0095297370813306,3.197908305121826e-05
0.0156237170482198,7.191494552062653e-05
0.0029409043855914,6.364252405027868e-06
0.0112386182347991,3.800574480272128e-05
0.0125459364887106,3.110316352686322e-05
3.26041138331834e-05,3.1098877271227944e-05
0.0133802431171815,2.526713684062416e-07
0.0126934925100698,3.1308665817957035e-05
0.0104069968261172,1.0812705670027872e-05
0.0117012790603333,2.3973034382058075e-05
0.0029811048309482,1.4047703873257356e-10
0.015665836588286,8.10545592268981e-05
0.0113848162454948,1.9512840448922648e-05
0.0014917843110604,2.119937890498567e-06
0.0188725444938864,6.049271238133e-05
0.0165066340568643,0.00011465793135861551
0.0092377633520792,1.3838104034998574e-05
0.0112922426459671,9.88321885152914e-06
0.0050348450644848,4.795419189368531e-10
0.0015910771691302,5.27691680917677e-06
0.0135164603854029,6.240523126746194e-05
0.0182694161762864,9.846953560755391e-05
0.0164612357787189,2.6286822758008846e-06
0.0180326843375578,6.397420541466775e-05
0.0041974636799629,6.089746488517723e-07
0.010734514826288,3.9273193902969854e-05
0.0167458491987433,0.00013058003976179874
0.0180931871529012,7.562447545593526e-06
0.0012003065524234,6.755416560984558e-06
0.0068513390022086,1.7515457405479705e-07
0.0022118794441202,5.970639382538842e-06
0.0019769571190853,2.0832428643890985e-07
0.0007091017056419,1.2224350102615066e-05
0.0022518104131525,2.7906488566363693e-06
0.0036592443285844,3.548227798135547e-07
0.0140756482207819,4.397194773805586e-05
0.0162140703953926,7.759914213384556e-05
0.0135343050076724,3.0031585588967204e-05
0.0007071045994649,1.7170436496173901e-06
0.0126269738758857,1.4040409243538749e-05
0.0111052365027095,5.4140802086724445e-05
0.0169066832543132,0.00010477030237965724
0.0061087143501165,1.6772503640327054e-06
0.0157211568163322,2.3908958419913652e-05
0.009156512826495,1.6266775555621494e-05
0.0162597084995686,5.5005215798497405e-05
0.0028299527682189,1.7569960863621403e-06
0.0117518624384719,2.690864890698808e-05
0.0122997681060867,4.0772903773973054e-05
0.0030545570339864,2.9584132330111493e-07
0.0173985082147183,7.920835405344328e-05
0.0005104975192856,2.49793391206846e-06
0.0142904105403947,3.415193607418345e-05
0.0045068819750942,4.3808308188012525e-08
0.0136029581650361,5.794397387244298e-05
0.0043993552760856,2.770283738912531e-07
0.0103150216783632,1.679502529235132e-05
0.0142587565995516,4.7201321100329706e-05
0.0090046388730026,2.0011463424163044e-06
0.0031472398817328,8.718890288676632e-07
0.0095155008929485,5.403436269747383e-06
0.0096168534800639,4.431255015436635e-06
0.0123028113670416,3.330114159002832e-05
0.0104101781037547,1.771348032237979e-05
0.0068338244682329,8.552780244570302e-06
0.0012446795409855,7.232149642981345e-07
0.0138150340874659,6.766563044966324e-05
0.0121568469834037,3.691346114493888e-05
0.0107773492777921,2.6589512840000103e-06
0.0079600415212471,3.3175272855693736e-06
0.0160362974570004,2.8465242520779795e-05
0.0175493155492406,4.984642485518711e-05
0.0190186900141538,0.00017061234540196045
0.0141706726779765,5.791496542750986e-05
0.0108140161966937,2.4055378203154215e-05
0.0121235117856347,2.8644351763272647e-05
0.0071103814445091,3.4066004350633578e-06
0.001000895228199,5.937502258249555e-06
0.0038870517633018,2.2412622832174164e-07
0.0020898715870779,6.390340407945968e-07
0.015481750667372,5.06207616479553e-05
0.0034351431282342,6.429287278426246e-07
0.0058375181232327,2.0224512113661218e-07
0.0187348033857458,6.038672208489098e-05
0.0048700971106556,1.146338827668578e-06
0.0192463305589869,0.00019248440057096053
0.0090690265535394,1.866319206865689e-05
0.0132783987687868,8.794811221491371e-07
0.0180796046704694,9.059872442817928e-05
0.0140735548886324,6.849976299341333e-05
0.0110219129330812,5.127538197654138e-05
0.0196702705687513,4.176070317879812e-06
0.0195882890066737,0.0001120275756292399
0.0170632019328905,5.47088344991495e-05
0.0160784265880862,6.097033147233093e-05
0.0091141908310055,2.680745225599306e-05
0.0094855842724604,5.171142290930795e-06
0.0094312707324481,2.085334158312656e-05
0.0072030625754968,6.909316605081205e-06
0.0189576370661488,1.8718189427439748e-06
0.0118343417088415,5.404195596713033e-06
0.0078479303065138,8.94105765819593e-06
0.0005797270747306,1.1282737139004243e-05
0.012622323749927,3.802070841584477e-05
0.0121586024296221,2.4389586701283666e-05
0.0147705753716259,5.04356936083102e-05
0.0063205271612521,7.441621539781381e-06
0.0151601699774884,4.4152375552333345e-05
0.0054724860155848,3.8580996604478445e-06
0.0121620561510549,2.2049006993221918e-05
0.0122355571080433,3.0310794771057705e-05
0.0084110212300024,1.1544676549423578e-05
0.0103224151206592,3.0228667520797846e-05
0.0016085712819272,1.7985512771977292e-06
0.0121119215516901,2.9166778565301014e-05
0.017570303092922,0.0001416438395203779
0.0092225978737236,1.6818956039175656e-05
0.0193409291960999,6.941020796272774e-05
0.0015087204694655,3.214986287183967e-07
0.0188095706123714,9.811125539608454e-05
0.0159988868936369,7.19923741809052e-05
0.016063432188067,5.046710789840445e-05
0.0162856285384167,6.473538506517706e-05
0.0062461133797276,3.957209301969199e-07
0.0049883181239865,5.635916730222424e-06
0.0036459643262028,2.329865952774276e-06
0.0163250085773282,5.7670251564829015e-05
0.0026582956274053,5.761895938700959e-08
0.0008120674150349,7.641707257931501e-07
0.0188087297967228,9.059026234149047e-07
0.0035778589529079,1.8797192998720143e-06
0.0012845292559777,2.620150715008431e-06
0.0002964988953851,7.1749884433404365e-06
0.0110367372016515,3.2718859209956764e-05
0.0199497110994056,0.00012669259255788262
0.0044665756122227,8.991284803160011e-08
0.0119937779726132,1.8553221430949396e-05
0.0053726151094411,6.923361263620907e-07
0.0143271755453151,7.455944455871113e-05
0.013201352691375,5.9722253209992336e-05
0.0195838903251126,7.9232876754531e-05
0.0003074608001793,5.836247048645858e-06
0.0030473759348795,9.203539125013822e-09
0.00025734126119,3.5233056335726635e-06
0.0038978629828534,1.4734781634005623e-06
0.0172382390908222,9.174548067205924e-05
0.0049631584574006,6.918236368438341e-07
0.0087704263565755,1.6746903488645876e-05
0.0098616669526386,2.1741802715757438e-05
0.0028835688840198,1.1701977084309242e-06
0.0051019307715266,4.4981213828390056e-07
0.0052420741563068,1.8296466230602667e-06
0.0093121370856764,2.8926931435981526e-05
0.001277464252608,2.5570371208648933e-06
9.49376935259294e-05,7.968260342478892e-06
0.0047832519155024,4.925341708422138e-06
0.0184354532379057,9.927969343228652e-05
0.0184353609279144,0.000119580869618519
0.0181002755285042,4.679162370419128e-05
0.0029089179579979,2.1966230237289843e-07
0.0199684875213025,6.260406064625699e-05
0.0034951959968287,2.918555765299367e-07
0.0147992212953233,7.514543315756587e-05
0.0144681668894742,6.70919794364452e-05
0.0040291789626946,9.269803689351193e-08
0.0151596300885872,1.652006348751915e-05
0.0181062973134802,6.495894010059139e-05
0.0179455359039363,0.0001128548379954786
0.0094027765374921,1.3986043134489073e-05
0.0112618552021773,4.6083968468082435e-05
0.0176165098261361,9.632443331288181e-05
0.0024276823934737,8.732926768235218e-07
0.014616380454256,5.997260588414611e-05
0.0099394261557629,2.825182157578022e-05
0.0086804154662273,9.43965753045678e-06
0.0075567577206064,2.476292903966839e-07
0.0062287781890792,5.321729715593398e-08
0.0055797827132716,3.1595566609382356e-06
0.017777707259435,8.055575641994443e-05
0.0058427031920284,2.794714795247515e-07
0.0126249216886793,6.362932576194644e-05
0.0183581335337445,6.613927407149164e-05
0.014582163874746,8.060593288680172e-05
0.0144989481448201,9.137961660194605e-05
0.0122905900671034,5.600274655722005e-05
0.0030431059520887,2.2636348838353236e-07
0.0143390883938077,3.212963698406901e-05
0.0051979607186824,6.926466827448851e-08
0.0144630821274391,5.239757423038681e-05
0.0087508917585052,1.378865888558347e-05
0.0184818292285819,5.553749476847949e-05
0.0094964095848746,1.4325589406146471e-05
0.0080788719682834,6.293290777879337e-07
0.0124501375805386,1.661863350470594e-05
0.0167234834369609,4.611796419178073e-06
0.001133448765086,3.515160467801878e-06
0.0058174718093207,2.1175872243033455e-06
0.0165268167871887,4.8950846106245765e-06
0.0053383112281225,4.249235147536513e-06
0.0007576852273843,3.130180344594892e-06
0.0161331839802036,8.03930338948387e-05
0.0133206109199023,3.250574351956888e-05
0.0184365473012082,8.933504361119579e-05
0.0030764514186773,1.5873389004224656e-06
0.0040076067172084,4.2299715954686023e-07
0.012408266456875,3.9157200166870815e-05
0.0142254257029425,7.675642521346394e-05
0.0056956341257864,2.948488346391139e-06
0.0184590604894962,2.3758497395273186e-06
0.0139095959891355,2.3394774010979594e-05
0.0131670871895759,3.811785848694263e-05
0.0068147563620844,2.0830392182069873e-06
0.0034626074153576,1.5385397756870943e-07
0.0130430798527425,4.718764894221271e-05
0.0055682500438394,2.211942843358331e-06
0.0112959494456892,3.1867962509627445e-05
0.0169408020955577,2.3783256494952982e-05
0.0070121941970934,3.3989064970428403e-06
0.0129852020995115,4.910917120623077e-05
0.0126281131202447,3.246748846242192e-05
0.0183145040799188,7.317815702389426e-05
0.0114732780276103,2.0265922614480636e-05
0.0008678766776468,1.0692659608287005e-06
0.0068335288263242,4.696953340283423e-06
0.0031379935751055,6.186105397762221e-08
0.0103291157710086,1.0864122842426735e-05
0.000634967621254,1.7048953761123853e-06
0.0026947328626074,9.360592346397276e-07
0.0161666219918777,2.2613132208884243e-05
0.0152459506375333,5.500805861965895e-05
0.0153280746569737,2.899818317449935e-06
0.0048558686824347,1.1297635599845674e-06
0.0181554253946328,0.0001578494928529698
0.0179585553469783,7.135509404847786e-05
0.0137767981947555,4.707269822685798e-05
0.014244055284317,1.5422161115790684e-05
5.143685915089958e-06,2.687355563976425e-05
0.0152122106185975,1.133936851905364e-06
0.0002029393180739,4.127349089243911e-06
0.0051603302974596,1.2734100647781057e-06
0.012373689066363,2.861618452828938e-05
0.0173113876093632,0.00011584164086404699
0.0009805945137783,1.3493949269407296e-05
0.0134361754732758,4.924096425734087e-05
0.0109302913598724,9.761174260300824e-06
0.0014448072803225,3.0686966008571595e-06
0.002162635644174,2.8108339484125253e-07
0.0006915591664424,1.3522454396268302e-05
0.0117323761782149,2.6414181607564373e-05
0.0090665366599808,1.1891814581612671e-05
0.0157428252122985,4.555942657180354e-05
0.0124199033781421,2.6778690140852e-05
0.0004890565217704,6.462512561054782e-06
0.008308616147667,1.3873813197801197e-05
0.0092323298232087,2.6635927360343045e-06
0.008415393717472,1.6679713699825186e-06
0.0099369307353089,1.908116389360214e-05
0.0051013172523251,6.052179899125935e-06
0.0009955935378024,4.7301717224475965e-06
0.007709024482669,6.004485462962178e-06
0.0068702926481622,4.423995791250888e-06
0.0043397448072655,1.4018970266677768e-07
0.0198176116236046,2.346139412253169e-06
0.0194252077643273,7.94626735435258e-05
0.0061833615208643,3.4445443168812442e-06
0.0087573590208727,2.0002409367445506e-05
0.018218620580206,9.296446840480122e-05
0.012876380272139,6.665428391083443e-05
0.0012985936093176,3.065302413518728e-06
0.0148254871332425,7.940744308776561e-05
0.0172958896540619,8.840374184204629e-05
0.0103827083501131,6.648167129303578e-06
0.0071662020036197,8.62896754491741e-06
0.0151230561544177,8.714305044669537e-05
0.0015475411531744,1.6646830610535534e-06
0.0071733783493337,5.109935870622306e-06
0.0127481781076687,2.7406327505510648e-05
0.0099832174117786,1.8119948819218707e-05
0.0177278486437269,2.2059719746568545e-05
0.0119669768923256,4.5909651339776335e-05
0.0148066046248107,6.598052390760189e-05
0.0108237894993539,2.403273189496752e-05
0.0061915553107042,6.361620926955947e-06
0.0171151928213907,0.00012559737580576357
0.0004520140808664,7.92597685562602e-06
0.0045516728699603,4.6384706592200755e-07
0.0193513177007398,0.00011033648212230033
0.0159077951342215,8.594735725192656e-05
0.0042933209825914,4.848320883644227e-07
0.0029830815916068,9.262602861934384e-08
0.0182033523228737,0.000103787089770184
0.0176896871457,0.0001165920820806196
0.0034704991281235,2.234349919527268e-07
0.0069579095947579,1.4493488784848032e-06
0.0079084707713595,1.177576598600531e-05
0.0107810379610529,1.4771058066685215e-05
0.0152608913170521,6.319681795882366e-05
0.0188100747715874,0.00011851037951440626
0.0050127889586155,1.2607406784249645e-06
0.0107680263373262,1.3582544689049396e-05
0.0161455947789409,6.236249431711609e-05
0.0117552394900409,1.0717076973785206e-07
0.0193266777773463,0.00011644916282909512
0.0018074276594161,1.2918137701815287e-06
0.0142064339151928,2.6248692693494907e-06
0.0051550446023639,2.2934845822477583e-06
0.0187649793914576,3.4340725470329284e-05
0.0036485184305948,7.5915976067079165e-06
0.0162810597462769,4.9722934017740906e-05
0.0124677377886418,2.0471029725405664e-05
0.0076809172629275,7.943996223667902e-06
0.0042163838058242,2.5744922911741794e-06
0.0012463655504573,1.0349900049069855e-06
0.0099218486911256,1.3445124393237668e-05
0.0165776488845292,7.61678286657178e-05
0.0096707404754433,6.555681311905328e-06
0.0055532877649224,7.232053709491248e-06
0.001492347131055,2.336317492782452e-06
0.0077516745885463,5.481515521305473e-06
0.0063476333259567,9.018499491681603e-06
0.0199744209908669,0.00010643646943437184
0.000141216861958,3.110128822032576e-06
0.0195210869664087,0.00014189187043722303
0.0039460528327226,3.3526982879679595e-06
0.0164918425288004,7.823081477333737e-05
0.0076592561128926,3.1373263097160046e-06
0.008859656656475,1.9339961710436353e-05
0.0138266382122124,3.7590789615779565e-05
0.0010640473282407,3.869704411703098e-06
0.0030424631192985,1.8986729138094507e-08
0.0073471912966379,5.758212922547493e-06
0.0107894193795731,1.3591769676265883e-05
0.0061243143206666,4.2978083053088355e-06
0.0048893830513514,1.6850393835501783e-08
0.0197260745524454,8.506871837923063e-05
0.0170841591419166,9.103537194959336e-05
0.005765916011639,5.234100773790193e-06
0.0142639117265064,5.1659757758596425e-05
0.0131006478547291,1.7224679563270625e-05
0.0133254722262326,7.725535268236495e-05
0.0007777240701784,4.5605132851771625e-06
0.0183244490908884,0.00011338176733395562
0.0128407157317028,2.051481738762561e-05
0.0192802939176719,7.9251710022805e-05
0.0033441062119749,5.810463573737732e-07
0.0194676634968762,0.0001230414142811912
0.0015714642200302,4.601823827981089e-06
0.013631466371954,3.2687651721236386e-05
0.015819885800007,8.920993393408115e-05
0.0163673359151646,4.7775314402253665e-05
0.0029795211899729,5.636921173247692e-07
0.0015925119089072,1.6313577214811603e-06
0.0107406944943066,1.5217234547925407e-05
0.0128129659482639,3.2520011120462854e-05
0.0142583860498046,7.651784119369697e-05
0.0010017602018845,4.695117648516719e-06
0.0192298937435034,8.427879926766215e-05
0.0132272994482687,4.6258357787782837e-05
0.0048486348397084,9.516499774738651e-07
0.0078815567746544,1.2381297476359359e-05
0.0083384026118437,1.9161351959966084e-06
0.0054126190819066,3.3801503706457745e-06
0.0127414540770518,2.5553238931897268e-05
0.0072986837925428,4.827908770560147e-08
0.0071678535167788,7.991294352904164e-06
4.167339568261097e-05,1.1699918195056015e-05
0.0099376299035738,1.1575781865738116e-05
0.006670045054319,4.361723495601454e-06
0.0064582655256592,4.6519326310643395e-06
0.0144487101955877,7.319256071742769e-05
0.0059043852043976,1.5093633159317355e-07
0.0114009561167963,1.338007364657873e-05
0.0018775322426268,7.166993401796014e-06
0.0121517574388373,1.0544953492150306e-05
0.0073668079018438,7.538305048815353e-06
0.0075788581270263,4.2090247180614384e-07
0.0190419964561682,0.00010121132512461707
0.0072057217206425,1.5269672441245724e-05
0.0134510195484108,5.264529347589457e-05
0.0122700251212467,3.007628868092423e-05
0.0046471163162429,1.424691317302903e-06
0.0185846072660136,7.213753184201996e-05
0.0115193538894933,1.1990679845012185e-05
0.004729996552781,2.3421932918806924e-08
0.0155225347045984,8.588554422821263e-05
0.0028506199933764,3.0252236998017875e-07
0.012016494733753,2.180854906200573e-05
0.0056024561785404,3.657355339503965e-06
0.0160428377472242,3.3488107092454935e-05
0.0173134734916854,8.14524681860358e-05
0.009013473480348,1.2260903089646414e-05
0.0192394457770677,8.861629572332522e-05
0.0124682697223255,2.6122237331917294e-05
0.0044521014694557,2.546302024271259e-08
0.011659979757258,5.0555749468381846e-05
0.0066549201430217,7.13108872921893e-07
0.0047466486427707,3.7486955360650328e-06
0.0013773296569202,3.1108350875785894e-06
0.0002759566616517,1.064051312985035e-05
0.0094341533197484,1.089853009789633e-05
0.0018907512081251,4.2133961320769916e-07
0.0196680380874883,0.00010438038793680548
0.0061568577178946,9.102020824518366e-08
0.0163963107778011,2.7842119661672053e-05
0.0071435326426402,1.715607438568041e-05
0.0028557677738588,6.202349904917765e-06
0.0158999077836149,6.135045106388023e-05
0.0020326944904551,9.139030156024575e-07
0.0089533456398441,7.679349864649552e-06
0.0110512545634338,3.318224924851584e-05
0.0189406024322374,5.8670586828578006e-05
0.0144419697561096,5.7212205143409937e-05
0.0070758717976103,8.085437240361748e-06
0.0125869614667208,6.844210298422485e-05
0.0117189676838168,1.6022493306733438e-05
0.0112073989181389,7.781649724446345e-07
0.0150216422495866,6.533080722350786e-05
0.0028489790212574,1.590888577449081e-07
0.0103844179866824,2.839739957718115e-05
0.0006497491601368,8.682581873532365e-06
0.0011698962461216,3.4882949967931326e-06
0.0139739160003003,8.945277539868043e-05
0.0189659047608047,0.00010957993569817415
0.014557485807024,3.9687991896777544e-05
0.0166232790190233,9.733343716791901e-05
0.0054152801450872,2.8149448627017916e-06
0.0072368903231278,1.827965653754222e-05
0.0173276671377618,7.859716914210567e-05
0.0199454303428407,0.00012494309617319013
0.0045809787181576,3.5985514207819496e-06
0.0160112147293903,8.589490359409667e-05
0.013280843990721,3.525398997959758e-05
0.0167304608795099,4.198219961936658e-05
0.0114410261737796,1.1860895250781292e-05
0.0119005204742838,3.659917600584873e-05
0.0033298842356979,4.63532527969905e-08
0.0021652114340516,1.7883886871446144e-06
0.0005625328776753,7.242416708292095e-06
0.0162588195679767,3.6410185076452183e-06
0.0004920259614236,5.042587632286852e-06
0.0089257388016484,5.660087509278421e-06
0.0041756330933355,1.5586696412844679e-06
0.0114879258747136,3.454686642155315e-05
0.0013342688360681,5.779815598909646e-06
0.0127198479711113,2.484575218987579e-05
0.0174617917033688,1.589573397829087e-05
0.0169784948978265,6.64239757826016e-05
0.0069417211650575,1.743577680895466e-09
0.0040518668060512,7.044914673450582e-07
0.0039189092220756,2.648536308071722e-06
0.0078538554313788,1.1843640641239947e-05
0.0196957549543773,9.414370757753066e-05
0.0007078123617079,3.0343920522432116e-06
0.0187280526832312,0.00010409637463197938
0.009407199509385,2.3676644912718164e-05
0.0120542188311225,2.1624352977790986e-05
0.0185207947332239,6.682100953246611e-05
0.0113343189957122,2.83446385697194e-06
0.0013936366966723,2.7826454002825937e-06
0.0075856890992648,9.306210598808495e-06
0.0158197154779493,5.277543204778021e-05
0.0112658718606875,4.948822519778188e-05
0.0064421459787679,8.440583841222507e-06
0.0044605703062331,9.45919283990675e-08
0.0059665394719153,1.074052678196376e-05
0.0084735150101036,3.5450335327865222e-06
0.003587080730221,7.96744160352085e-07
0.0175072059951659,6.558184270356614e-05
0.0192456061031927,1.668418043680009e-05
0.0038043093511588,3.2451375787175515e-07
0.0074827433709256,4.9045289458375585e-06
0.0077137770463298,1.4018440136701384e-05
0.0194649784217365,5.1444050880999186e-05
0.0156077398586222,2.313624237169912e-05
0.0111630174615,4.730577538273733e-05
0.0140531771249464,7.491649820468299e-05
0.0034825785696206,3.9974532218049614e-07
0.0129982312568257,3.6525539435379e-05
0.0150112919763861,2.177454303038005e-05
0.0196512239355108,5.9669588159652086e-05
0.0170307454849517,5.195212657616572e-06
0.0018091045001681,5.517778202712074e-06
0.0120818324473417,3.0860151105360184e-05
0.006204401705914,3.683726510112305e-06
0.019354438458842,0.00014276084063086152
0.0135745812252786,3.7587744742102194e-05
0.0034011650362652,2.9805018679156377e-06
0.0066664645124384,1.0543497761517924e-05
0.0036127178862986,5.246072382472954e-07
0.0062102633556927,2.862096123799275e-06
0.0182498257612012,4.447946129246441e-05
0.0088163733333274,3.2870748929483726e-06
0.0021391598323228,8.548164093146193e-06
0.015579549953223,5.3039778520238874e-05
0.0120822785653757,1.6450546623618806e-05
0.0127941678029284,2.820937468835932e-05
0.0102645005586076,2.462009112387321e-05
0.0032448555862902,7.447523629307413e-07
0.0029494528688628,3.454418341248526e-06
0.0026037369527712,3.4772479952082706e-06
0.0105036628339812,2.0382880863056926e-05
0.0103283249901651,2.1356288209827305e-05
0.0018333573751569,2.5030000914046556e-06
0.0109192456280563,3.065720088613502e-05
0.0101692913790243,2.2975142676817737e-05
0.0116990540216985,8.757155665947559e-06
0.0127985102871882,3.764020983885938e-05
0.0036958539590046,5.98294654296085e-07
0.0032388000773116,3.098012627827134e-08
0.0095247433017464,1.8426879244745746e-05
0.0068109206216366,1.8349049697971577e-06
0.010667603635544,1.5805233853324643e-05
0.0085698918557747,1.3621227737746637e-05
0.0039749835872214,6.699499466454528e-11
0.0050779958199259,6.108117719755821e-07
0.0074841504143351,2.160180518672606e-05
0.0038473238526503,1.8529947050783123e-07
0.0154970346393562,8.970611120451539e-05
0.0099103067654486,4.1815000233045644e-05
0.0186472999330568,2.541682965048807e-05
0.0119495634842655,2.6110019104730055e-05
0.0103153915383871,5.705190197655383e-06
0.0004916474525509,9.30335788561764e-06
0.0102480413625304,3.756201659114529e-07
0.0134446918428481,3.9226970197314326e-05
0.0046113011975285,2.3626381915157497e-06
0.0039413779869745,8.632961775354758e-07
0.0096809450134622,2.2248295858370756e-06
0.0155144465574271,6.268484121213692e-05
0.0005686765789967,6.280264312295284e-06
0.0050599841702897,3.367447633395777e-06
0.0023161066878129,5.848494291837102e-07
0.0105697407197186,1.5333912280319135e-05
0.0058521584132581,4.002483604952422e-07
0.0174271643053751,3.0763488289865745e-05
0.0085250114037702,1.1168959922937715e-06
0.0135841725810398,5.120663991619916e-05
0.0072968422703611,3.4785334360452936e-08
0.0039698337225729,1.7531752761228723e-08
0.0118582861777711,1.256725034668425e-06
0.0081014396404731,3.866412706042527e-06
0.0135502786132468,2.6163057738001243e-05
0.0012017931111391,2.137336914964046e-06
0.0198763825463612,8.598338738525429e-05
0.0078254282352263,4.583792634781885e-06
0.0038907411337752,2.578598185585005e-07
0.0014770382440347,5.932685761064629e-06
0.00673588455732,3.974972994104246e-06
0.0079678761694701,1.5179293286530218e-07
0.0174135129139352,2.2587027284117852e-05
0.0051551308129388,5.369536004037372e-07
0.0120943006722505,2.275042087783203e-05
0.0077596290292624,1.2086122031927961e-05
0.0036359472449334,7.411063833093022e-08
0.0070221715673609,3.3838569485021195e-06
0.002720069511502,7.107573386870764e-07
0.0080673450667679,5.5844264905891135e-06
0.014631695542007,5.5389696326789063e-05
0.0147362433158324,1.8557796779166333e-05
0.0183916840930585,0.00010856499994993904
0.0026822360802881,1.8258898997568666e-06
0.0001455736188941,1.9146017338182458e-06
0.0125121479354934,3.11593913517295e-05
4.0888936003138365e-05,7.348931489674291e-06
0.0049484649466827,2.1142403548276165e-06
0.0017738158790978,5.393841068820584e-06
0.0059257981103597,3.0003964425602696e-06
0.0113440166618222,4.1323430945151875e-06
0.0083386255642887,1.1422128344879661e-05
0.0021566850893868,8.239594410782353e-06
0.0036969509137856,5.780079864364672e-10
0.0092013367498045,2.850978669973255e-05
0.015100966572037,4.8797885285060124e-05
5.2766460621811455e-05,6.5911048910921245e-06
0.0132766526003098,2.65654903033773e-05
0.0056308617816154,2.808900147615962e-08
0.0088385806367676,2.2997970545572065e-05
0.0041966301706192,4.468284451111807e-07
0.0062492677495756,4.301412680188724e-06
0.0046100171180766,1.561259373751632e-07
0.0107188139558766,5.117586623104665e-05
0.0105882205351402,4.621794579068118e-05
0.0046619344541191,1.00867850527327e-06
0.0033012665151799,8.325069515721087e-07
0.0019865361307903,2.4386314464906603e-07
0.0108374096959856,4.02696171984018e-05
0.0115616264033015,1.5026397652663039e-05
0.0045613992413958,7.299299381247817e-07
0.0012768135898452,7.356497519591981e-06
0.0190396797541158,7.577506128986308e-05
0.019241874485292,0.00016269017804686333
0.0119270784441568,2.3586929216374796e-05
0.0091019693240973,1.9050790678200385e-05
0.0036641946908216,1.3335562662006039e-06
0.0198398826543497,0.00012289105235158693
0.0046283071723974,1.84294614959211e-08
0.015369993452719,6.351635694267574e-05
0.0124671995454383,2.364631967772649e-05
0.0192590305597779,5.107267066020114e-05
0.0180625247138057,3.764725475338599e-05
0.0129109063232715,1.4084589849302762e-05
0.0072272006653808,1.5586550702518915e-05
0.012174608347411,7.580686384543572e-05
0.0128484692720692,4.163915176062182e-05
0.0007908171782045,3.7623358473333575e-06
0.0148469898333996,3.8778134186105024e-05
0.0002417105303554,3.8092460452438468e-06
0.0183545983988645,5.136327666737076e-05
0.0070786097269004,9.62579121091419e-06
0.0014136874978967,3.482602905208982e-06
0.0027914759902186,2.5250599783068804e-08
0.0109937371941824,4.3796790371218606e-05
0.0016074923573958,8.082393327181502e-06
0.0077105721855152,1.1938726208661204e-05
0.0064787821231617,8.264776720803371e-06
0.0180838073908159,0.000122441645806097
0.0136905542764057,4.05029231452551e-05
0.0122835411371726,3.8448893440614e-05
0.0187699150918964,4.128373239341739e-05
0.0179026214304172,1.952452608093819e-05
0.0122663520873525,2.004526454697709e-05
0.0082103460244468,1.3821992262060619e-05
0.0195342049645555,9.80082447128611e-05
0.0187457806922722,1.3052319069400158e-05
0.0079523602630118,4.267839220312434e-06
0.0147854527124261,5.37057452420592e-05
0.0097789338991045,1.069430724063602e-06
0.0183449197110692,0.00014107303808093686
0.0042596514391536,6.719971057051984e-08
0.0098188106523423,9.204528524366777e-06
0.0134734051751727,3.879190587996141e-05
0.0062429959965429,3.1716300013848026e-06
0.0039927949805701,1.6090123857941573e-09
0.0184299767384677,0.00014353309249232627
0.0071302668857623,5.421172503106857e-06
0.0108384656112772,5.350989117122209e-05
0.0063902673504013,5.818632110295217e-07
0.0076047399514067,1.7615633063519765e-05
0.0029699190283955,4.150776291271532e-07
0.0124824448083098,2.7850444073749194e-05
0.003301153117269,3.219687155409518e-07
0.0093410265681821,3.849891473695301e-05
0.0071258315344033,6.268354873107487e-06
0.0170338422511282,3.4582491624677075e-06
0.003836430739927,1.39668424058395e-07
0.0184625048150672,9.154642481857572e-05
0.0110449579700589,2.5264429314241706e-05
0.0101954500807923,3.3023480069689065e-05
0.0180363558344587,4.648559205414295e-05
0.0118227810654131,1.3292812203535456e-05
0.0082661837196119,1.8383199604729872e-06
0.0042227784725656,8.627515374250054e-07
0.0152607007651625,3.044311622163636e-05
0.0139694822668132,4.9796278033997933e-05
0.0101721765054793,4.779433707210591e-06
0.0152725234008839,7.924821418320829e-05
0.0003216845470835,7.959146653706797e-06
0.0179320100978005,4.2464585742491205e-05
0.0181059679449637,7.199730599731685e-05
0.0091380281773051,2.278274092870501e-05
0.0088425101332264,1.3808533162517795e-06
0.0039235639999536,4.355112433807147e-06
0.0033353872013623,7.979926958504625e-07
0.0134789425866968,4.465402831709118e-05
0.0106959277637743,2.5535891973835327e-05
0.0148465374253815,6.90836022601645e-05
0.012649608610625,5.6772480215337924e-05
0.0061484085196674,1.0707220683769074e-06
0.0105582862792682,2.2333405315058166e-05
0.0179363684571537,2.1271872895355403e-05
0.0091331722177922,1.103618927359663e-05
0.0174943255002448,6.58158510716215e-05
0.0037360522732129,4.968114320637358e-07
0.0183005832894846,6.300893247656889e-05
0.01051812518859,2.2373971325009907e-05
0.0092655637392852,2.1369006396031557e-05
0.0132491117485427,7.992250943947411e-05
0.0012006632783009,5.186719344634477e-06
0.0046700382631098,5.6296840728148e-07
0.0053181504694332,1.887970231561066e-06
0.0095849150466841,2.3225524058689238e-05
0.0122930939391769,8.229721357018378e-05
0.0107443856989048,3.810600970008707e-05
0.0072770917315629,9.647257081456295e-06
0.0046667106539756,1.0879129894135969e-06
0.0062192596762721,1.828577158938056e-06
0.0032231943964764,1.895501630070444e-06
0.0119642490409158,3.0991171219519806e-05
0.0149181395182609,3.559127372757898e-05
0.0011624126632172,5.866062386382822e-06
0.0081240228124808,2.291880028695174e-06
0.0069994378776684,5.121607309350639e-07
0.0039663073596821,2.4012104239151554e-06
0.003520016321407,4.825819641421578e-07
0.0139851380193062,1.3849107578978834e-05
0.0096837567980271,1.6737929915730908e-05
0.011623601078207,2.1761221527799367e-05
0.0057939196911157,5.887196996182576e-07
0.0196458020364363,6.406305817372703e-05
0.0025402709605025,1.4738988911675792e-06
0.0055643850266265,2.8838083132331884e-06
0.0002529280495419,6.64914869706513e-06
0.009667009202661,2.155282074266834e-05
0.0071578723970767,7.693932300068064e-06
0.0125659661238753,3.235381886985818e-06
0.0131093633939027,7.291732552888235e-05
0.0042081605584104,1.0380441946390066e-06
0.0109651685830977,1.9555552447246047e-06
0.0174244454761503,1.5471120838007298e-06
0.0085121601010145,2.8007483539064516e-06
0.0025810404426054,6.405148911609152e-07
0.0008461456190766,6.65747604050503e-06
0.0159047389897373,7.296370823041461e-05
0.0155688659265381,6.079334690864742e-05
0.0145081402297354,4.698682108256911e-05
0.0095742291458638,7.477282688873249e-06
0.0109224837335725,4.0943597646607134e-05
0.0081538405314706,2.1987275103448148e-05
0.0062079848496058,3.6428625754236104e-07
0.0016678212682676,2.0595536901573428e-07
0.0034263050995002,2.277974564511068e-07
0.0129546340264086,2.7835316169028235e-05
0.0101233273749856,2.592163206280935e-05
0.01184127450386,5.097638908282135e-05
0.0197449924531796,8.356515482522972e-05
0.0157487766837323,4.72416706749727e-05
0.0170696451618547,7.767391401922282e-05
0.0143078801539994,3.419242867607407e-05
0.0186572027385922,7.014204649866471e-05
0.0069707119868786,8.11290130994763e-06
0.0014355197066389,3.2533994517001353e-06
0.0114048160741477,1.061261095137188e-05
0.0107226568541192,4.397342911072427e-05
0.0104100756807046,1.1277243926927402e-06
0.0022964750020462,1.6600388197018884e-06
0.0045122896535873,3.711535915431035e-06
0.0123531122710419,3.7822705976660534e-09
0.0192659512478082,5.630116853648651e-05
0.0106524577936925,3.8083616530401264e-05
0.017835318909993,9.040901701083748e-05
0.014761767303438,3.030237144831032e-05
0.0067806668719901,1.540607966806791e-07
0.0020176932389869,2.3305489175574567e-08
0.0180434419695793,7.607422793929506e-05
0.0143840880120521,1.5190470965152414e-05
0.0152423770235495,3.789290805600614e-05
0.0034108019721172,2.450532029154627e-06
0.0031478537570565,5.863109671190351e-07
0.0088981261496868,2.4882926546227935e-05
0.0071922343382677,6.2604550047010285e-06
0.0124641884073597,2.218035322134446e-05
0.0051885290678248,1.2878618121034887e-06
0.0159910717500234,7.142414538567512e-05
0.0125349980104528,2.286755718110492e-05
0.0178868214,8.995215237249819e-05
0.0195203647960503,3.4558379245681217e-07
0.0064465000810232,3.824886094725148e-07
0.0194210359458614,3.906246694362938e-05
0.0116125944805004,1.778924066132999e-05
0.0013870607787875,1.4031812117305772e-06
0.0113325133155049,4.1135835376550126e-05
0.0004627730490217,4.257802478521439e-06
0.0025005541152226,5.521345146346117e-07
0.0016058687912523,2.7113666340215365e-06
0.0003936858703081,4.65906310202624e-06
0.0163296027786615,7.82638319381988e-05
0.0146152479439777,2.684077880766764e-05
0.0182378673777519,5.8889578839228825e-05
0.0192789319003994,9.261342037777101e-05
0.0007287866644601,2.4812804383678374e-06
0.0162689504291997,5.220946473716344e-05
0.0165673496436598,0.00010301238962026886
0.0056276194336107,6.34433208902545e-06
0.006169205890318,3.6968898221743476e-06
0.0084093210186141,1.383815127524786e-05
0.0047095304051308,7.866162142585943e-07
0.0113648237091998,1.7378137316789482e-05
0.0134915136536272,6.746549892423826e-05
0.016076256311951,8.959834442776936e-05
0.0032730025655594,3.16058736736296e-07
0.010335991226413,1.4710097990627809e-05
0.0024480912976348,2.037558964092509e-09
0.0191748880051227,8.257281185618229e-05
0.001488082739278,1.6883434254957865e-06
0.0198933645490071,9.110440842466322e-05
0.0153627868180769,6.285778489313048e-05
0.0113844149565504,2.4911090020635568e-05
0.005324545008176,1.6743546517085659e-06
0.0178321485003595,6.404018079806339e-05
0.0006493638173746,1.0929377000970867e-05
0.0123948132653585,2.03797931780132e-05
0.0009015508460559,2.4601669761939378e-06
0.0098175094541601,8.278952607419502e-06
0.0172320412608916,0.00011785668260948255
0.0101571672767622,2.7808606939122654e-05
0.0193307634013702,0.00015716637232508654
0.0166970112470482,5.682277003809529e-05
0.0029386603322689,4.325836810033796e-07
0.0131689004094895,3.337324078183803e-05
0.0012432761242283,8.332657303056548e-06
0.018265220663905,2.4395033299839667e-07
0.0103484708966669,1.6311992234461085e-05
0.0152872901809429,6.545114373306887e-05
0.0142792237500741,2.7053176845673806e-05
0.0009085858147465,1.0417169095008895e-05
0.0172064117614827,8.970202205744414e-05
0.003122486299862,5.055348104610757e-07
0.0114832988210408,1.1655247417645175e-05
0.006434704128976,1.0148818461468e-06
0.0028777889011557,3.3846473063233365e-08
0.0066549128668255,2.1760621054851405e-06
0.0163712497311153,7.916057039813807e-05
0.0164167812442308,6.706646065368105e-05
0.0120750701683103,3.2925828025834016e-05
0.0100245915223733,9.424043568244892e-09
0.003324467885595,5.524871555348429e-07
0.0122493029868778,1.626611933625361e-05
0.0179402243470756,1.2468597877816855e-05
0.0078860070164244,4.016013919356818e-06
0.0135190481938959,3.8259677655520166e-05
0.0154448680426695,6.372195925105003e-05
0.0174317647931321,5.847289426430122e-05
0.0177165612275201,0.0001496809033226369
0.0079988687304718,5.905566588551345e-06
0.0141310391427767,3.7737601462663835e-05
0.0099511553259457,3.2826341999123696e-05
0.012564994311728,4.795459670692447e-05
0.0032998632874332,6.715837614694394e-07
0.0114398025151107,3.978926599267296e-05
0.0034861199432038,9.492312312863614e-07
0.0180221200135465,0.00010492961931109263
0.0129301971539341,3.6197827266785415e-05
0.0199767044074186,0.00011123677319428524
0.0057230596553651,1.0435854339101202e-06
0.0086071888196005,1.70232447132181e-05
0.0189425109554157,0.00012225424038852747
0.0029592293904121,3.1321179697304687e-07
0.0051640078853,2.2324677500945293e-07
0.0015686290454407,2.8444206325729247e-06
0.0157872962481022,5.941622579895086e-05
0.0066016065637386,1.0637171837372446e-05
0.019150100858536,7.323083122332294e-05
0.0061811609520645,7.597088014458543e-06
0.0009940491195591,2.126679453393016e-06
0.0186236103519088,4.622187605887225e-05
0.0199369043646329,0.00016964533129635077
0.0096935385558667,3.951895995428637e-06
0.0030968792713603,4.6764176500405497e-08
0.005184902270277,7.35025631200358e-11
0.0080884355174178,1.5797391501949703e-05
0.0195085911792218,9.471330763669131e-05
0.0070202890535277,7.700482401361047e-06
0.0100431468995137,2.1532498048373125e-05
0.0099741616184081,1.0470116527268383e-05
0.0061795747836001,8.01446764415264e-06
0.0096368145534897,2.6649172231683077e-05
0.008346648800676,1.0369289086168064e-05
0.007685657332721,1.8852984002811008e-05
0.0045380611566433,5.988001893530335e-06
0.0091773368847286,1.4422784340070264e-05
0.0155444644744792,5.279173180445477e-05
0.011953327358835,2.209182050719105e-05
0.0066078429245799,5.0067062572108265e-06
0.0025925193206553,1.7074061952561011e-06
0.0118227563393156,1.3187003064794846e-06
0.0111877708296134,3.0812371558469026e-05
0.0131634613157218,4.773609813873836e-05
0.0179450120341058,0.00010547397929539793
0.0153504009783439,5.2539941283820595e-05
0.001089599996657,8.233956748667295e-06
0.0107814868538158,6.870500448737805e-06
0.005165772680944,2.7826172481777276e-06
0.0085030210455868,3.585938970392804e-06
0.0197821687036216,9.135964664914365e-05
0.0138696055341627,2.3603437613077504e-05
0.0044623189333954,1.34908835849527e-09
0.0172486553115653,1.0267130782490882e-05
0.0033615212273859,5.273158811011826e-07
0.0051081340343536,3.928141442790048e-06
0.0007571240339663,4.374773455795142e-06
0.0110564035305277,1.058056538957604e-05
0.0027865920808474,2.8009688182597364e-06
0.012218906987043,1.1292416162826212e-05
0.014057203966805,6.681887651802084e-05
0.0122355733100589,2.5069801769367888e-05
0.0180546015128908,0.00010185424012850258
0.0007220423997015,2.4362961891505295e-06
0.0004229782635701,3.2868436169596827e-06
0.0103024517963134,3.8708350031839826e-05
0.0085979206955523,1.9552108946397624e-05
0.0179716693573433,0.00011440363874260182
0.0049760216772571,5.112359045541779e-07
0.0110639639395353,6.6752894675029735e-06
0.0133201260057039,7.447251092221997e-05
0.0050516871253772,3.2523388731141386e-06
0.0039219128467576,1.8946765709735811e-06
0.004916085718553,1.5566615695726484e-06
0.0030038168801648,7.674752847381852e-07
0.0079531364003669,2.0220950175249194e-05
0.004391371574185,2.2374588851269254e-06
0.0188597977887501,2.1502110029319225e-05
0.0170547536230672,0.0001298940544357231
0.0042093556981497,4.030708977431946e-06
0.0176695541256798,4.22168015795146e-05
0.0135678914520411,2.2886465570418136e-05
0.012826024908671,3.42860963850519e-05
0.0080220782439148,1.4970709075811231e-05
0.0147653776705671,6.064733319593314e-06
0.0027135668430312,4.61430418444521e-07
0.0181590891932163,9.806884215165594e-05
0.0175531842236794,9.236862454643048e-05
0.0035922231814423,1.284774474576137e-06
0.0073148602747256,1.3337692311264255e-06
0.0029107929350246,2.8704948925927593e-09
0.013080546874939,3.588595483163344e-05
0.0001288743253931,8.270695737842384e-06
0.0036250123868482,1.0736769252901238e-07
0.0099567921470426,1.1671958190333985e-05
0.0035619986152632,1.5250581293388692e-06
0.0014422167357781,8.497290994668545e-06
0.0184581036847502,9.435942555521302e-06
0.0025142574531603,2.085252793061994e-06
0.0132104892691655,3.466203506546671e-05
0.0019469631741984,6.137163362370809e-06
0.0150848026320739,2.732336893725437e-05
0.0191714124763452,4.043181337107845e-05
0.0076711954037205,1.2040368171743945e-05
0.0096305659373929,1.2147047045907484e-05
0.0128353212283057,4.40538516631372e-05
0.006666222448442,5.708830195852613e-06
0.0116668992551538,3.615031830029406e-05
0.0126041162130675,2.568125566184923e-05
0.0096724795872743,2.845681229371809e-06
0.0021602726060328,2.94170108600297e-05
0.0109046799435082,6.9850566045732736e-06
0.0083035745581804,1.791450973388687e-05
0.0176906340175111,4.051752789197457e-05
0.0077895660587,1.702353287125776e-05
0.0019363608903936,4.725146693456585e-06
0.0060549061220405,3.839218117762388e-06
0.0143029793371757,2.417123455236512e-05
0.0111114210776217,9.96448864975877e-06
0.0119042281743365,1.558035067839212e-05
0.0169954796513422,7.602790161046714e-05
0.0043806296409967,2.506566342283068e-06
0.0180227439358481,5.580222909549589e-05
0.0039402896467494,3.789717032378248e-06
0.0129249126926079,1.5348343996645486e-05
0.0153966974337993,5.700756580480807e-05
0.0157187990055823,5.843880089582532e-05
0.0145246129483811,6.491702774301076e-05
0.0089083051998633,2.238177327330829e-05
0.0158817862114331,0.0001024427492264627
0.0050408626468427,4.9104190297950406e-08
0.0159645910625686,7.175613118973806e-05
0.0122532084623582,3.682463669075982e-05
0.0020612036329671,3.538098217086604e-06
0.0146944869035352,4.252229605097316e-05
0.0199411621968091,4.632617157484722e-06
0.0027010489773833,5.445395717284515e-07
0.0014838213257812,1.0452353231068294e-05
0.0015951597743649,4.1380307033340775e-06
0.0044457263748193,1.609736309578926e-09
0.0079850524665864,2.203723992834393e-05
0.012406351508023,8.438298321651253e-07
0.0046075001222027,4.7828914641575514e-06
0.0039062912039741,9.530180886573534e-08
0.0118931596744427,2.0260954566268334e-05
0.019090729377618,5.0064720734934754e-05
0.0073016206782561,1.4322565882878021e-05
0.0055863805510824,7.442149276736752e-07
0.0083169234723582,3.2762024162714444e-06
0.0188641564610133,9.871789623423185e-05
0.0198467600595358,7.695805031874698e-05
0.0025158626365483,3.196877999574109e-06
9.419228844641748e-05,8.892136157744338e-06
0.0020949182284475,9.462531094572411e-07
0.0105603594362626,1.5022287976173579e-05
0.0101692880329208,3.7070442222229615e-05
0.0072945047256345,4.749211499953338e-06
0.0180293153027407,4.914983735534311e-05
0.0111062786075797,6.3571630949616704e-06
0.0068013074432524,1.866748473504937e-06
0.0159792567269578,6.796287827489895e-05
0.0144210205266834,7.52246857419103e-05
0.0171967327409467,0.00012831888501743167
0.0098680750515585,1.7101794795720115e-05
0.017706785365718,6.987380783992371e-06
0.0042522769907825,1.2726421808054432e-06
0.0075924822164979,1.1806951839638415e-06
0.0150749188398239,2.232346646057508e-05
0.0125258335148234,2.051999600793178e-05
0.0159039930023742,2.6319670156700874e-05
0.0191807853811262,0.00011363132383701074
0.0026896888394332,5.850566633677742e-07
7.432894204853602e-05,2.719609950256123e-06
0.0182577726456515,0.0001231343471617631
0.0079100375861233,5.146436026219569e-06
0.0137225600701567,5.52252360757563e-06
0.0154376746890686,7.50787642427762e-05
0.0190758686821413,7.08028769922871e-05
0.006890723331987,8.179919588756297e-08
0.0009407776442675,6.929544316552268e-06
0.0126838899892835,7.071372717958742e-05
0.0033095400679154,1.4507250083718257e-07
0.0164140671506382,4.434325585402372e-05
0.0076880503685693,6.155410726338791e-06
0.0015593344081241,2.192586699932005e-06
0.0058252945544781,3.65288487087796e-07
0.0007158431861629,3.896453997996984e-06
0.0021929273570903,6.808345098514291e-06
0.0077064547933243,1.2084743429290669e-05
0.0051769555192329,3.628176064368139e-06
0.004274691845308,3.1965261728368862e-06
0.0123787195031276,2.1480885456154085e-05
0.0188808733188857,8.939977960995438e-05
0.013925426029354,7.400986128185438e-05
0.0115408192549589,3.177450542652176e-05
0.0009027581913247,7.802718627572906e-06
0.0140348521372904,3.241642645905543e-05
0.0144198854080659,4.114471259888223e-05
0.0159615526656525,8.819984074980054e-05
0.01079175199095,1.2280258781448926e-05
0.0186928950482338,0.00014319517613026363
0.0191346798831344,7.266811487619256e-05
0.0069836020197465,1.0265596703810202e-05
0.0129654830804108,2.25742226677417e-05
0.0010259102436754,5.096322422206611e-06
0.0153529069566334,3.668678746835578e-05
0.0167501253373972,1.768131039329358e-05
0.0134152489210535,1.397744097870848e-05
0.0149404741412213,6.591055930684497e-06
0.0066437947632524,1.8494757587314126e-05
0.0028758839153886,2.5822860127243643e-06
0.009741594660481,1.1507394761969854e-07
0.0038058858213602,2.7562780794475146e-06
0.0165283115468688,3.957500035674859e-05
0.0191720671510373,0.00012112071678602911
0.0118899026283021,3.1093991652837e-05
0.0182117342032654,6.334422112807142e-05
0.0058104181963266,5.063942437347815e-07
0.0134488369285517,6.0490145959021655e-05
0.006803445108644,9.766155339755635e-06
0.0068141214048972,3.3438046868032692e-06
0.0008404568949265,6.350810176179856e-06
0.0184467177730468,8.735395352197205e-05
0.018773669872342,8.402296538876196e-05
0.0082536509997925,1.3454273661434961e-05
0.0176253728120507,0.00011247546549029297
0.0119499467740461,4.465638388549433e-05
0.0116623155780135,5.5113531685427624e-05
0.0022857437181447,4.7248249940847786e-06
0.0017364044756981,3.5544594394262163e-06
0.0014156208022504,1.5292234848691264e-05
0.0199941015223662,3.0634045822356947e-07
0.0173398362375757,0.00012074430479159235
0.0125145936078438,2.8140897498261326e-05
0.009657791711122,4.033957588620812e-05
0.00497468659503,6.105109261014454e-06
0.0178419105234463,3.692194349556906e-05
0.0004094267286443,8.732607387449871e-06
0.0006494111443075,2.512737403423474e-06
0.0143349654902093,5.6457080928611636e-05
0.0168852393974099,0.00012425658770556835
0.0035917280614675,2.217475688060235e-07
0.0129088159039526,1.673829834324754e-05
0.0061787896058144,2.1836560564344038e-07
0.0018618445577224,2.2975127687170767e-06
0.0189220178152057,1.8787778359369526e-05
0.0186091946086947,0.00012547332101394692
0.0142595698625186,8.601346545211094e-05
0.004171567367545,4.012290516796536e-09
0.0011263621224415,3.698052047502004e-06
0.0095912860019547,3.750928207849725e-05
0.0170042414508914,4.421872342929107e-05
0.0099056903834932,1.4919214234576252e-07
0.015259730977372,1.4928984364866306e-05
0.0068452607548114,3.837807018049506e-06
0.0122649240050913,1.4122641683107266e-05
0.0163765303658165,9.996747712837786e-06
0.0124225278314625,4.364534796378693e-05
0.0086683918622852,2.3363715149387283e-05
0.0178482727715237,4.32475453462996e-05
0.0191320621544665,8.306962112449949e-06
0.0170666306325057,0.00011014753038410362
0.0149284425877257,6.25676336227436e-05
0.014541000472481,1.9542266441649966e-05
0.0186336600700758,0.00010416135424307409
8.080938612006206e-05,7.45117705453148e-06
0.0122150078952088,2.370205454748157e-05
0.0197089038606513,9.761751305146246e-05
0.0132979911791906,2.4244827318916757e-05
0.0043949983834014,3.7981420433614144e-07
0.0028751876161904,2.4595320089901886e-08
0.0054810282065793,3.7707151537763675e-08
0.0174680496917564,8.974069757431587e-05
0.0085406367675991,9.109645519719692e-06
0.0128376404972062,2.6151198893439083e-05
0.0090954532841271,2.6591642638296724e-05
0.0056028782433663,9.392568058150858e-07
0.0030940936307935,3.1653730492179227e-06
0.010326440413851,4.3894032534216386e-05
0.0008306615419419,1.3789398871642357e-06
0.0130076463988224,2.7017064014360198e-05
0.0121599239470436,1.2036878752558915e-05
0.0042611467061006,6.665145058405907e-06
0.019172431695988,0.00011809238486590314
0.0143682796097931,5.898325183891657e-05
0.0103573486982112,2.6450006254452928e-05
4.254323474706556e-05,3.5841142143323057e-06
0.0108755727265945,8.777891466557116e-06
0.0194053066003196,0.00016790677713779536
0.0010679079567298,2.1381507690366568e-06
0.0007949796197035,6.5209324696611275e-06
0.0174245227149654,2.4988719997447593e-05
0.0128684689991782,5.243209890698494e-05
0.0015003929005906,3.5915417110520257e-06
0.0175016944959918,5.467057939683957e-05
0.010785431292672,3.537788747775277e-05
0.0035800750359572,2.1445701211296345e-09
0.0099824293532062,1.0905060893912091e-05
0.0088651662436697,2.079620810398502e-05
0.0168402932978675,9.601093952901952e-05
0.0044271333981384,8.968432076932424e-09
0.0118047989267101,1.1992855328370974e-05
0.0028531374000736,4.6384835261708443e-07
0.0195466132766777,0.00010033600405471091
0.0086404017259601,4.298869427547983e-06
0.0196695106841342,0.00010586767312406298
0.002733431251775,2.9416780325505046e-06
0.0170263488758391,6.336944323150813e-05
0.0156175822704504,4.972108846103078e-05
0.0142089742496794,6.879993330645231e-05
0.0083074129210333,9.937511122626875e-06
0.0009846487277523,9.337291604469147e-06
0.0191623712280791,0.00010504000570467853
0.0043558035568247,2.9549386054267197e-07
0.0169322649362706,5.469713104295106e-05
0.0049872213640062,2.9934288017722523e-07
0.0018108066553572,3.913890911376615e-06
0.0195984267787821,6.804534354730913e-05
0.0048080885154772,3.3502934721151277e-07
0.0075739474077385,1.1374939157193804e-05
0.0143732652540535,3.738299509972761e-05
0.0157188016777666,4.720792412582015e-05
0.0071257010882134,2.6915529196473464e-06
0.0062689648919413,3.4468467684239735e-06
0.0093374238237534,2.185162793070086e-05
0.0151548382470852,0.00011474247950047442
0.0115504965305554,2.3798805629617012e-05
0.0164199393804608,5.552397033352621e-05
0.0095726541843499,8.317102771206848e-06
0.0020588795342858,2.0507370727174093e-06
0.017120031195146,0.00010415604805176489
0.0134482659391144,4.702964972456361e-05
0.0108199903450714,2.740351588195422e-05
0.0107364093299472,2.357641666352845e-05
0.001646465813167,1.0348803168805697e-06
0.0151466742889723,8.608614945880582e-05
0.010788300879881,3.0960343482650954e-05
0.0019922992622049,3.3752960623430564e-06
0.0082075038887997,2.053378663992401e-06
0.0170919210450852,1.1803486587214775e-06
0.0154596231513224,8.165047987345337e-05
0.0149700989712111,3.426153907644838e-05
0.0149150477873732,3.612718930828224e-05
0.0131988324202255,5.2777025328049845e-05
0.0082119487464239,1.2531707271665756e-05
0.0103467487283545,4.176202221936065e-06
0.0040164275747527,1.011266465240472e-06
0.0113951884485934,3.096550571003399e-05
0.0069753760025782,3.010185856142008e-06
0.0187222387456692,0.0001468144238840372
0.0035443209492123,1.1862366096337656e-07
0.0063234036795355,6.381305882452278e-07
0.0047341106339697,9.643575938074857e-07
0.0168340524822023,1.6050726605537728e-06
0.0182140510808036,8.644833492873516e-05
0.0163838423213488,5.278576501671203e-05
0.0049677414722594,8.146748557064112e-07
0.0165027170408831,6.485795795690489e-05
0.002207583984,7.143750941183541e-07
0.0149037852620405,3.0048728731579083e-05
0.0053041702648822,5.626804726281465e-07
0.0127759942581208,2.7738985443096147e-05
0.011985510362335,4.4395339210681324e-05
0.0097604098076988,5.557116327513483e-06
0.0100413796759176,3.223694751382247e-05
0.0109667025136391,4.079533441185671e-06
0.0088359791371512,2.8394270705243185e-06
0.0084989886449155,3.1525357154390116e-06
0.0195591439739959,4.7836150623814576e-05
0.0082866178035645,1.729510650047418e-06
0.0153208165909905,4.434540354432532e-05
0.0137773655630086,4.723445584580078e-05
0.0016078993465538,1.848639899752273e-05
0.0073519203503503,1.0111893823186085e-06
0.0115198316317475,3.8643256740951404e-05
0.013780610632431,3.76769896854778e-05
0.0023782864368049,2.1528292366451783e-06
0.0085239439918397,2.603727087808426e-06
0.0127989070603494,4.015675896552039e-05
0.0034167975668031,3.763872124408652e-07
0.0018565117618436,7.205448972353699e-06
5.136078201309901e-05,5.241533589072679e-06
0.0116989639064266,3.535915196263393e-05
0.0007269347265925,8.505798419611042e-06
0.0047555112909268,9.265673611847121e-07
0.0018645866272927,4.042401105046789e-06
0.0141738107835549,1.624828639338521e-05
0.0168940592771019,8.030533861159356e-05
0.0083001130722944,4.051678796858307e-06
0.0064706829434276,1.3622311347148734e-07
0.0144821728615376,7.476151166478061e-05
0.0056604889927043,1.1172148763300037e-06
0.0048536090344667,9.051557770733785e-07
0.0136078919869228,7.551003570232417e-06
0.0032311341484284,2.059652975403779e-06
0.008790829896093,7.453355358326559e-06
0.0142318480848122,4.862635645442162e-05
0.0076199605452352,1.5642029941100113e-05
0.0125953949487391,4.019947565170271e-05
0.0095769663015969,1.268593584016183e-05
0.0032521686224766,2.9001430371099908e-06
0.0131026340766586,5.177353713155792e-05
0.0157717053356031,3.07857297215356e-05
0.016523760913007,2.3121633032671622e-05
0.0104236695814527,1.762560707263428e-05
0.0122287268234091,6.247237046414026e-05
0.0193042315408057,5.6913741182193245e-05
0.000452944396918,3.7112139810720507e-06
0.0152094568005976,0.00010095162762561298
0.0135870630728701,2.7966264631842755e-05
0.0032231533799471,1.5327443430693878e-08
0.0130849628323445,5.152396538549867e-05
0.0039791892639682,1.8496202724853597e-08
0.0148008864957563,8.644856756453458e-05
0.0042691444558,5.338229952507363e-07
0.0018963067534047,5.000954971241445e-07
0.0094150919853013,6.08567699145807e-07
0.0152528662317458,5.1691073871698096e-05
0.0192343376521118,6.570576493134635e-05
0.0118049753144578,3.408505999815746e-05
0.015552548500839,9.132099718361312e-05
0.0158174294199513,6.609103947777238e-05
0.0171563588953341,0.0001021271648116967
0.0004850957463337,1.0025486188091293e-05
0.0120217995815331,3.547808753852672e-05
0.0127975917204032,3.84780055637872e-05
0.0059362557582448,9.043941784760617e-06
0.006044429534429,1.2361098743634789e-05
0.0052588347303587,6.3550249990125605e-06
0.0134630237144361,7.046199981867856e-05
0.0066839105332406,5.855041367589568e-06
0.0006666958757313,5.1428019275025235e-06
0.0004978008322054,5.101763632607907e-06
0.0107651550788118,3.4140964860130163e-07
0.0067790681451025,8.862865249549878e-08
0.0120993602301401,3.259872182832726e-05
0.012058308467188,4.463846770531005e-05
0.0092632157412718,3.5950515978800566e-05
0.0008221120283262,4.5940965104336114e-06
0.0112564201355169,4.137994748957831e-05
0.0100062954929833,7.5395898638813276e-06
0.0197011248398881,1.9754508976345707e-05
0.0126878090040983,3.294142176129026e-05
0.0074704104000006,3.5079812626323653e-06
0.0141173524332483,4.378192947703227e-05
0.0174491450173726,8.916160870683371e-05
0.0110845155105938,4.365295557791657e-06
0.0173866823298442,4.4897710020990726e-05
0.012696247778729,4.694686355472915e-05
0.0142874248974486,3.2343938418638686e-05
0.0085160261093692,7.986497152521774e-06
0.0193556776599284,0.00010515183072579601
0.013894145778155,5.114766581638476e-05
0.0165781698482544,7.810507649627932e-05
0.0125513715532911,2.5566704646501747e-05
5.559003888250036e-05,5.7877865718854344e-06
0.0067534641920722,7.976885791637211e-06
0.0045868929909331,1.626164784409977e-06
0.0125422092107526,4.837058974710901e-05
0.0193726304554998,0.00015228112686779425
0.018499400751417,7.992972533640006e-06
0.0014437473089878,3.3702305098447514e-06
0.0164272869826141,5.147631505755834e-05
0.0034678971874557,4.138913686960614e-07
0.0084695003869346,1.8278344370114778e-05
0.0170665939948942,8.402825281102195e-06
0.0113871875619128,2.020719283316091e-06
0.0032655185003954,8.145721314706152e-08
0.0188416236776024,6.431082402977345e-05
0.010835113413682,1.1259466186754773e-05
0.0012843438587012,1.4822752857844534e-05
0.0079867956036269,1.216694636323274e-05
0.0127836495843711,2.3429510903434913e-05
0.0147009312277741,6.29163368289471e-05
0.0096961283451895,1.6663632140807324e-06
0.0198084626646363,0.0001337181130896703
0.0181199206182471,5.277340860575961e-05
0.0199927019029301,0.00017771440517697721
0.0107381720685,3.5838269620396997e-06
0.0158236414760107,0.00010921364573777227
0.0018457871881482,9.496862944030263e-06
0.0121886395281029,1.5691658270313326e-05
0.0165335079764543,7.002963428955148e-05
0.0088823265784159,1.0330480388785593e-05
0.0160212252285837,8.370498749171859e-05
0.0052970316985295,7.44059126653692e-07
0.0080579863806269,7.754443281489046e-06
0.0187458713506531,5.4372674197185046e-05
0.0169828324782749,3.01811087211855e-05
0.0089262723945323,8.988660235263323e-06
0.0111839389672537,5.482416103935846e-05
0.0124550500906477,3.58542497139077e-05
0.0088731837807363,2.8838521523826485e-06
0.0125069047648522,4.886609434631939e-05
0.0082314105368019,1.8696890163332277e-06
0.0162307472082994,0.0001002572171549198
0.0075371830902931,3.516776904717457e-06
0.0159358112737235,0.00010178373604474547
0.0187561062274164,0.0001378758809621205
0.0113571720623025,4.452976742011476e-05
0.0052775962570812,2.106869583139294e-06
0.0092060571510667,1.1808324537935794e-05
0.0033836594051427,2.1455395153097971e-07
0.0135688922031557,7.320106448887177e-05
0.0138190820274368,4.5934406898382105e-05
0.0039307193238412,7.940590842206307e-07
0.0128823200303956,1.460373715945889e-05
0.005851887511467,5.424013956211384e-06
0.0133312102127491,4.0623674238359426e-05
0.0147560783638666,3.710784928793861e-05
0.0037949222585956,1.4497824022809843e-05
0.0031494546256012,7.656408902877537e-07
0.0019560008665712,1.416233087361554e-06
0.0138386892844829,7.781767876658617e-05
0.005664727896467,3.3181607291653824e-09
0.0010630215061166,8.43192106369785e-06
0.0045651717827399,6.830343180525748e-08
0.0100492736856606,3.9574084265967655e-05
0.0182855814047154,9.824852996867552e-05
0.0021988685417521,2.917944552948119e-07
0.0178819566625872,4.481573324838986e-05
0.0096785156962165,1.3115920502066588e-05
0.0111530895342674,1.4725183628093014e-05
0.008201059595019,7.793618208509249e-06
0.0154699196198448,5.587602286303075e-05
0.0163637458844103,7.272800836646553e-05
0.0032182594464841,6.519076682294705e-07
0.0158285310542112,7.123522413040178e-05
0.0176688515767321,7.861358423827897e-05
0.016100515343133,5.018353934192025e-05
0.0147831704071596,4.7709486856537487e-05
0.0146751390116226,3.5052894367965344e-05
0.0119284138604473,2.029582166003091e-05
0.0175635963112562,6.84284888863347e-05
0.0009017510502786,4.419241394489253e-06
0.0192544156942681,0.00018203090351826687
0.0079653119422892,1.249171325321166e-05
0.0147675175886518,7.274756253492179e-05
0.0054521485880706,3.869744126120085e-06
0.0127429948700784,5.7371732642642826e-05
0.0091953598602466,6.106970916991399e-06
0.0075829202241983,3.7746508872663634e-06
0.01336653716809,1.1270848767101783e-08
0.0030733805672712,9.22795738621489e-08
0.0125440684375471,3.079996009781247e-05
0.0084280915135681,1.2688616810127266e-05
0.0047051127034428,1.5038892326924901e-06
0.0091995550137416,9.890778636472007e-06
0.0077212482629569,7.909573412531747e-07
0.002001125753977,3.7637042196641843e-05
0.0099545573864377,2.2726360839762068e-05
0.0066910357794751,3.415599936519524e-06
0.0142639035089943,4.6188689989418905e-05
0.0150888146423734,4.832490690571595e-05
0.0128782465538768,1.328347230440662e-05
0.0190532953388275,0.00012395806758173466
0.0180385824547563,4.884082045589134e-05
0.0070870800687706,7.343097733341105e-06
0.0160562986026747,3.053557495884896e-05
0.0046457208279872,3.371469104084884e-07
0.0002728827982562,4.812408101646598e-06
0.0197183549285482,0.00011973417848610329
0.0133633119293201,4.2965793953688736e-05
0.0061574351026156,6.539762482445438e-06
0.0192072741441917,8.879807814997094e-05
0.0188953774814935,9.044745607229556e-06
0.0184945896895612,0.00014210345055019172
0.0099552313391781,2.1174121548109994e-05
0.0154853356252369,4.733922843495315e-05
0.0148958275064232,4.4468328875128575e-05
0.0139781603144856,8.283431248845548e-05
0.0097347567045217,2.2737944154380183e-05
0.0035494970734626,1.9819448890993965e-06
0.001103397731708,1.180920365075675e-06
0.0124279669119147,2.220115257098237e-05
0.0016733979680704,3.1666203748872813e-06
0.0097015847707385,3.3806883541148805e-06
0.0173459036014367,1.644002715641876e-05
0.0104711628420522,2.8690011123058463e-05
0.0149500919613988,6.906167169207304e-05
0.0105889434540192,3.6211080004117605e-05
0.0084956507289223,1.699610120198932e-06
0.0098562468792479,3.410407983509458e-05
0.009413579136169,9.900939811340782e-06
0.0155793782537363,6.4405526234095e-05
0.0177202584784608,9.753188836873307e-05
0.0006938822144448,3.0746572672127764e-06
0.0175082892582391,5.40981529729378e-05
0.0088259048186957,8.68839922524165e-06
0.0145221484212083,6.72505190564412e-05
0.0002097751509682,4.6520987180468635e-06
0.011431402610012,3.360069283593787e-05
0.0171586258234381,4.373834080983189e-05
0.0034360411564755,1.7791915232105346e-06
0.0010030242400346,9.490386718588102e-07
0.0161407899396779,4.117050198311e-05
0.006428116924016,3.613099526662279e-08
0.0185064490749552,8.053602340497126e-05
0.0130499522032814,5.329310929677875e-05
0.0039888302160087,1.228697205713511e-07
0.0133262486265909,3.734187059937091e-05
0.0122665555932653,3.558576159844194e-05
0.0195414827279194,8.783118828868058e-05
0.0073209392694713,5.023144459896223e-06
0.0036708215679457,4.88409805870724e-08
0.0112731155153664,3.579322198676565e-05
0.00515412216535,2.6154796994528716e-06
0.0122214672880671,2.8416576332148364e-05
0.0047525645525605,5.568818796979889e-07
0.0167149271628647,9.967429603161928e-05
0.0030349319160925,2.0817859631276713e-06
0.0162743732763294,5.166328750999964e-05
0.0046608576488513,5.354419978272652e-07
0.0071527571543075,1.0682057203376187e-07
0.0140712305117708,5.241596704565232e-05
0.0072526372583834,1.62819405003502e-05
0.0056963202169822,1.6403084408575536e-06
0.0058838072948829,5.320307259861048e-06
0.0099240409057895,1.8369076120972017e-05
0.007665474213751,2.088463295690192e-05
0.0142371323878471,3.676673191266384e-05
0.0121468040805425,4.6785676354471555e-05
0.0147328479051245,1.8450487975137885e-05
0.00590260102627,2.5269675854826353e-06
0.004098576377876,1.3341214200931387e-06
0.0156249412571286,4.686274805881219e-05
0.00158145793344,1.8003356552392947e-05
0.0170467005266746,3.958133902492537e-05
0.0160296687495154,8.339522575029606e-05
0.0062571841169641,2.7393381107682137e-06
0.0075706414087703,1.5839735443530713e-05
0.0043087813570064,6.636287807402235e-07
0.0123860270671385,5.980570997260142e-05
0.0015356492879797,5.8420494703804264e-06
0.0160315417667832,2.85570080629278e-05
4.320231176564438e-05,1.9400264329665656e-05
0.0145860031040223,2.1746639024856706e-05
0.0047201127458517,7.732659211157244e-08
0.0109498544651197,1.712559561356628e-05
0.0175653517309285,6.555361581018827e-05
0.0042712740543936,1.4234536614660864e-06
0.0095677493776209,1.1803947352048288e-05
0.0039505520296427,4.139073975841506e-06
0.010292764712536,1.296533405457977e-05
0.0112324065169002,1.3349933108132313e-05
0.0109262677158998,3.1993584800244325e-05
0.0001206969930338,1.21065178690105e-05
0.0173167738409676,8.533454177207236e-05
0.0107400399699659,6.12974165464088e-07
0.0040611161062775,5.213730971269852e-09
0.0102262685131089,3.14247356177535e-05
0.0030526593832749,7.990892415717675e-07
0.0060404647845032,5.6484482654894445e-06
0.0082303931076213,2.4082371449942915e-06
0.0074594789220598,1.628121368141324e-05
0.0156944239312528,8.402341522604347e-05
0.0009815899493162,3.901362490300924e-06
0.0041918050783714,9.403338654242344e-07
0.0097591458256332,4.1705046356459566e-05
0.011832826411596,8.308466963288052e-06
0.0098080986100426,5.71078785090826e-06
0.0199047638540801,0.00012895085256133313
0.0188342283960653,8.64773166568533e-05
0.0057151690424298,1.7718018961517275e-06
0.0052142917819915,6.395614166202481e-06
0.0103769290184736,2.0064908096284238e-05
0.0015779252293917,4.413560411300546e-07
0.0191302488205606,1.168754209240556e-05
0.0117905833412141,2.4781973729008258e-05
0.0176007485073727,8.049646917189099e-05
0.0144226027039537,5.5095877975447736e-05
0.0165266867451549,3.9383068622849426e-05
0.0010625632266987,1.0422502326837976e-05
0.0135282862262528,3.078642292138282e-05
0.0129039822790239,5.6724648509509786e-05
0.0144189939880139,6.392700234961104e-05
0.0010216671145676,2.4951705951254354e-06
0.0035635947017258,1.124467111353619e-06
0.0103445978984969,1.370242986505429e-05
0.0074823097500023,5.896978529960475e-06
0.0060424010840444,1.907089753712105e-06
0.0112867269918989,4.092618913672671e-05
0.0161891531019003,5.988544422103302e-05
0.0084464210444913,1.9617384457473153e-07
0.0030283879175379,9.387957801469696e-06
0.0050208885265559,1.1661673326906226e-06
0.0155416338195093,1.4993912316070664e-05
0.0110828039053231,2.6145294121013163e-05
0.0031494519123692,5.545059246355539e-07
0.0119125397530507,1.1855241363000986e-05
0.0111628798375094,3.5561489369183476e-05
0.0132664135931768,5.337826013231183e-05
0.0181572212001658,6.436527358424911e-05
0.0173693510937996,1.5469915224110793e-05
0.0081648054073388,7.573952793195688e-06
0.0066024292528376,4.009856778294117e-06
5.106991038581921e-05,8.919160799310538e-06
0.0173759067782804,6.715121100360755e-05
0.0155359281780446,6.605236090408355e-05
0.0159364987263208,9.790736396404415e-05
0.0146681822493117,6.659396709923884e-05
0.0027811304101112,2.2471360056729448e-07
0.0167427914427225,9.43335419295625e-05
0.0059187835963896,4.763694676922998e-07
0.0198222595065008,0.000170875928958605
0.0062723499733863,4.9818375117291926e-06
0.0027179509186541,1.990210803812601e-07
0.0166937356596806,6.84534867361843e-05
0.0174966597270571,9.707132513717106e-05
0.016149924696657,6.176765203663141e-05
0.0029560806703032,8.68904678037948e-07
0.0005390301130476,2.384490933131772e-06
0.013346325782981,5.824695614988819e-05
0.0074066711449007,1.654395367960175e-05
0.0184420319676263,0.00014559251822297435
0.0141024593418899,5.527786028457264e-05
0.0110881230390739,1.2698528711447725e-05
0.000163982116017,1.0243476478695802e-05
0.0144830079502774,2.5329324463621502e-05
0.0059195364707229,2.685626631037905e-06
0.0006887326670778,3.631877555851656e-06
0.0064834369554538,7.188664109369749e-06
0.0189764351562138,0.0001265906663887364
0.0007207757258403,1.0612883668181835e-05
0.0082540784690358,1.4909376672443389e-06
0.0182319845372205,0.00013739182745194689
0.0138541681593875,5.0845766347185484e-05
0.0046615159612126,1.216573476274768e-07
0.0002869497717279,8.667046062452823e-06
0.0156179839914203,7.436797280233019e-05
0.0128303829461833,4.311529092440829e-05
0.0022461978149654,7.985097535114801e-07
0.0025253322862215,9.343776898422835e-07
0.0124313699343896,6.248497162989361e-05
0.0021984772684643,1.6959727939418404e-05
0.0021640514725725,3.2851226822340137e-09
0.0049820842336661,8.796315256519737e-07
0.0112086161005232,7.344183557216995e-06
0.0059261502349621,1.065169313984481e-05
0.0050575339441016,9.925622838241642e-07
0.0175145221972621,3.0744986177900676e-05
0.0050114336463993,1.159338207517917e-06
0.0133707353134326,3.096623949455275e-05
0.0059056935125315,1.8780786816840464e-06
0.0023504883511478,8.400215349145211e-06
0.0101330421309882,9.688686566631156e-06
0.007165760268847,3.0425601947208895e-06
0.0139796020415198,3.522788057875114e-05
0.0187586863006796,0.0001412763699930236
0.0126672377716086,1.847824528277688e-05
0.004408361036883,6.15724362956632e-07
0.0059014903484874,3.3276365819062475e-06
0.0194298525633305,8.92850413378662e-05
0.0142740823923412,3.31254607367116e-05
0.0041395914241673,3.533222170954017e-07
0.0009903011608808,1.9677242365176884e-06
0.0062800989292974,5.3557848019153875e-06
0.002046838873133,3.3312835493923585e-07
0.0035560641925496,5.196137847549723e-07
0.0140563344306408,9.857504698219016e-05
0.0167517889708679,1.9257137643983012e-05
0.0051447663821118,2.2670162239981427e-08
0.0107217996653435,1.2858155416184827e-06
0.0172620079486508,5.919672320449608e-05
0.0022018924822221,4.161587190619632e-06
0.0055385724970235,1.7528491659381238e-07
0.0093325180588326,3.146191607278913e-05
0.000936076182972,1.6860934060646744e-06
0.0019644489854105,1.1213546667372447e-05
0.0005900626025262,4.207162118764817e-06
0.0160712261284259,9.361718606490389e-05
0.0042803048252938,2.4974653742156873e-07
0.0070368983899213,1.58699403243468e-05
0.0074976933031234,1.2096890963884692e-05
0.0192254164006251,5.471504962950254e-05
0.0030850354279097,9.741510795072197e-07
0.0192592710725743,5.493133065659464e-05
0.005464803693467,5.697293060402072e-07
0.0168926193275667,9.041467621853317e-05
0.0019556103595366,2.8019697990400765e-05
0.0079537059728595,1.5418565050787214e-05
0.016154439943977,8.710047120395132e-05
0.0026362721394177,9.252853546986223e-07
0.0161318466545716,7.490481180874345e-06
0.0043783269608198,1.1768928728463167e-06
0.0004847815133692,6.970605140675357e-06
0.008233436047935,1.3766898672150105e-05
0.0162956927194882,3.3224200075194685e-05
0.0112901800249513,2.8949605960798442e-05
0.0157398999962812,2.8609090202835154e-05
0.0025245996385898,1.3811166839061913e-06
0.0163721183925742,3.717483272332844e-05
0.0085559231504001,1.0492585657849515e-05
0.0008030797733431,3.6989933630576226e-06
0.0162460634092886,0.0001196994582379016
0.0147089801927717,2.2897188931890723e-05
0.0017034870570563,8.786569762492054e-07
0.0010699033439282,3.2678640969209225e-06
0.006460527909976,1.5097390333502925e-06
0.0158773199665515,5.145834767368896e-05
0.0009914524092684,2.1916901453915895e-06
0.0150467684719828,7.2245659732673265e-06
0.0189636901703933,2.3279995648964898e-05
0.0142101831502259,5.6746458233091413e-05
0.0083268854301333,1.1357459945008251e-05
0.0117394676568671,2.9882700996532058e-05
0.0138525762601168,1.7230013824273065e-05
0.0096048780446214,2.441041103641385e-05
0.0072392940071085,1.7134010377630598e-06
0.0100605296503552,2.9120495473747157e-05
0.0136912275588401,2.7676581693890224e-05
0.0190875881601425,0.00010432352701731345
0.0133078420709655,2.4423930348823723e-05
0.0046673324818483,2.1776967641925357e-06
0.0109086521724347,3.4132868911955006e-05
0.0160906461121157,7.467732885744281e-06
0.0061633621081495,1.0852455327305576e-05
0.0147384433306278,2.3868140676584188e-05
0.0165931106748225,2.5371306649405905e-05
0.0071789450898549,6.512035346578593e-07
0.0183114793450667,9.496922089148966e-05
0.0063878783456964,5.110335009625313e-06
0.0069592643880342,1.5157927710372206e-05
0.009761945910915,4.71512644782368e-09
0.0044216664063463,2.3343624947211585e-06
0.0081196758116251,2.398215559149476e-05
0.0026092955964197,5.7822386250470695e-09
0.0020559047811627,1.4187938972380644e-06
0.0037118385331124,8.57528473694586e-06
0.0157003280510435,6.558906944340979e-05
0.0113973964503361,2.7555168057501976e-05
0.0022013675106849,2.940922832036727e-06
0.0097060908980692,1.6641130881696257e-05
0.0029082052685718,3.5371114477209227e-07
0.0004677927257206,1.0169489096930513e-05
0.0172675802289477,1.003387448233843e-06
0.0095028908027683,9.810038957219194e-06
0.0028653065916105,5.3708518468833484e-08
0.0023913535310407,3.367604235088741e-06
0.0189319600987191,0.00014746437801505013
0.0045972551985833,2.4407131400231075e-06
0.0085146082195279,3.9323392527343614e-07
0.0023028401034913,1.3896087535232706e-06
0.0117292409795706,2.2816428262052484e-06
0.0011462372725832,2.6420292766399725e-06
0.0111231715677944,3.844868741741675e-05
0.0043341374593022,1.0472317251895008e-07
0.0128834009599503,2.839030336591434e-05
0.0175143916842826,9.291909052926203e-05
0.0139351698262806,6.122891817193436e-05
0.0117625083789546,2.1722273655644074e-05
0.0018346044494117,6.124622071035233e-07
0.010060150695236,4.739260192217494e-05
0.0151058701988807,5.733729297056251e-05
0.0188238168005672,3.1648259552072434e-05
0.0137765003384255,5.8984107948616845e-05
0.0116061760795953,2.1269426225590693e-05
0.0193541924147136,0.00011689886598981612
0.0064413100577881,8.545909059579512e-06
0.0176023911998265,0.0001226036136233343
0.0169118477081573,2.7865895264271508e-05
0.0098400782081107,9.784975954912768e-06
0.0060597982836526,2.044350150578142e-06
0.0017334483414024,1.747148000887147e-07
0.0193922617598275,0.00013153564388662632
0.018603958682633,9.785920757721435e-05
0.0048647951143574,2.697692391412637e-06
0.0097695535272778,2.8075095789567238e-05
0.0075487043134519,1.5669313242466578e-05
0.001510024030523,4.917085758861714e-07
0.0150904160682285,3.3095778415105974e-05
0.0058652708244178,6.2577837769895565e-06
0.004610099413278,5.5112614662953154e-08
0.0125808415756979,2.556875969579313e-05
0.0003077901993752,1.5245653620557549e-05
0.0145878729851672,4.281842486683905e-05
0.018990794888602,0.000124241337627444
0.0018406255919643,1.0494488055770374e-05
0.0158160230345731,3.150239800733605e-05
0.0194517461945746,4.1184202056297526e-05
0.0048600716446682,1.950446325343368e-06
0.0100460552816953,2.1583418320636695e-05
0.0122006380345351,6.414458923605653e-05
0.0140916869832613,2.6657517683743996e-05
0.0110259682992772,2.66313526546581e-05
0.0176181013498482,8.619035926870585e-05
0.0104783703931573,3.086091401219252e-05
0.0060008240496016,7.055407464493103e-07
0.0093503124493459,2.9383698095221325e-05
0.0157111886385394,0.0001007486445926078
0.0127534075598683,4.402307167016709e-05
0.0151792788059187,6.651929834068342e-05
0.0160597476731022,4.658340668413545e-05
0.0046379856861971,1.3311460827961488e-08
0.0180953807520998,8.574670041928728e-05
0.0130625055993575,8.423347662078225e-05
0.0001290931168592,5.65680546347763e-06
0.0165296039302099,7.541380559457859e-06
0.0087282057475084,1.1452447054296471e-05
0.0135359224665519,6.838648734559857e-05
0.0046781868564429,2.148159089506503e-06
0.0092215736730763,1.31840580155346e-05
0.0073720565634809,5.644331182699151e-07
0.0068465419738613,5.217975510939065e-06
0.0050980149994246,1.9261165903474835e-07
0.0001818897397412,5.451707318104964e-06
0.0044618402984691,1.5538851013806077e-07
0.0085154436135834,2.1623562981650704e-05
0.0160472877685851,5.576875800780918e-05
0.0143179251441079,4.1852168782340384e-05
0.0022873144816343,7.862103011410341e-07
0.0028071782298275,9.582935621413443e-08
0.0151861203901599,6.191828374833227e-05
0.0039974902075863,8.71759217046484e-09
0.0030816526770641,1.2881439536869114e-06
0.0139862130152071,1.4004615687327778e-06
0.0151735479000763,4.910627588776336e-06
0.0116241319937183,4.1492751036122685e-05
0.0035769386308841,1.3425451333775605e-06
0.0053245755402821,4.381472853766073e-06
0.0184461460430334,8.03572830279373e-05
0.0139822075280379,4.87045343316695e-05
0.0037377785709151,1.5648282081064703e-07
0.0095488378801993,4.850149835255157e-06
0.0022030124084965,8.956037461409123e-06
0.0079973288493721,1.1017092371949082e-05
0.0149285160232751,1.7239266185380628e-05
0.0102068674152888,1.8197538802666124e-05
0.0058434203355652,3.573736890890428e-07
0.0080512321601422,5.149451481077466e-06
0.0054676878555038,2.0279033482691646e-06
0.0047028523366995,1.164612978112647e-06
0.0135060642062605,5.443161796192355e-05
0.0013583071459627,5.081562447873594e-06
0.0007517561253192,2.158203192412121e-05
0.0157937256421,5.545078232727718e-05
0.0186409561354723,0.00013219266945028313
0.0062746304927368,1.110340471233308e-06
0.0010723494725701,3.936387163351667e-06
0.0139041547108324,1.8463255142364344e-05
0.009142846465947,1.69730825825975e-05
0.0058672458464488,5.531249011586605e-06
0.0189097046594325,0.00011591245710804298
0.0020396226588237,3.67922963232033e-06
0.0131577853805902,6.406290404690226e-05
0.0079529593448573,5.040820288098383e-06
0.0129518091611644,3.845862271031564e-05
0.0019386375554735,3.133554454127549e-06
0.0122154830155935,4.0721659031149394e-05
0.0163604700945868,4.409993143544526e-05
0.0045659900996713,3.302172329957191e-06
0.0098541276876783,2.254801774065329e-05
0.0107386640033375,3.999962845034565e-06
0.0180888171290044,7.220004122705585e-05
0.0176766619541578,2.820667570840313e-05
0.0065987272358458,3.8164997997694935e-06
0.0110931966934492,2.8193030681607258e-05
0.0022556180658465,2.2783994938535265e-08
0.0022193488281704,3.8507519658429216e-07
0.0141897897522943,3.9923018749351535e-05
0.0017852621444864,7.320253669329578e-06
0.0028164441966849,3.310294578698278e-07
0.0110676453688046,3.996979085929934e-05
0.0180789130123771,3.814462712987995e-05
0.0117827027390397,3.2136307940220814e-05
0.0198372357355123,0.00012015923297303477
0.0010346646212563,1.6193910026710094e-06
0.0134700027256534,4.19919784783068e-05
0.0143906805788501,3.517247315975638e-05
0.0116151369640461,1.645505730883638e-05
0.0080876324752863,8.1188669635339e-06
0.0046707276032169,2.6723709534795126e-06
0.0198122292140826,1.1672007041692427e-06
0.0027191407564691,1.422155100219477e-07
0.0069222781210258,9.109265400562538e-06
0.0154766550757662,4.646543033842788e-05
0.0096592592389606,2.3371474325097886e-05
0.0156638448465495,5.5280566606679394e-05
0.0181960682895633,6.789858113857577e-05
0.0001684164266705,1.2093171720102963e-05
0.0026630466184278,1.6548836271292367e-06
0.001189763149963,7.577382548685777e-06
0.0078601051389495,1.8092539262875776e-06
0.0111057910222095,4.889341002412556e-05
0.0063301804650682,1.2663021059833485e-07
0.0013221961963407,6.106819538956098e-06
0.018627920247477,7.085465526607677e-05
0.0169947285885203,0.00012560212515715034
0.0118489310581158,1.928877440236756e-05
0.0151573721226569,6.956202485743766e-05
0.0057214653659664,3.6815834053101024e-07
0.0195411916141073,9.502825079744715e-05
0.0180722790759924,9.131085341850427e-05
0.00818495283431,1.1578341184594283e-05
0.0049872299397032,4.6946587562274063e-08
0.012049352890038,5.2043141492364255e-05
0.0105551333305522,8.45747362889684e-06
8.852194693343308e-05,6.700689388811436e-06
0.0105866516965416,1.100430597069977e-05
0.008810357454652,2.5085929205446143e-05
0.0077086470347672,5.085879430920891e-06
0.0077322850264539,4.604965743570086e-06
0.0188574564616554,7.425178054506236e-05
0.0014025870573299,3.0301198882293686e-06
0.0099099895182362,1.5597214241277025e-05
0.0012117559444191,6.164701705748374e-06
0.0161180974175671,7.402954786786351e-05
0.0155372411207173,4.622085376719471e-05
0.0013541716082195,2.850356845729428e-06
0.0098456825146992,3.705403355546495e-05
0.014825044831026,3.2059915296179465e-05
0.018611392880763,0.00014189133601114943
0.0167627649714897,6.951416060001176e-05
0.0119237699029648,2.427097438443245e-05
0.0132745072768119,3.734017635585942e-05
0.0017127523130252,9.414292545556254e-07
0.0149836335007759,4.130719407391519e-05
0.0103913580757676,2.8923772989009692e-05
0.0066013152510882,8.307155184921039e-06
0.0159929205918911,5.242295284394965e-05
0.0109911427139882,5.8756719463595265e-05
0.0135001575167044,2.919055406871956e-05
0.0121296542705699,4.610596697181771e-05
0.0183604530585236,0.00012846628050370087
0.0175180622362768,1.2910456962061212e-05
0.0154336792189851,4.786197046206679e-05
0.0144422207142742,3.6493839134319936e-05
0.0027378840501566,3.1684053968418967e-07
0.0171173371821019,8.43671385211577e-06
0.007468108073529,7.643779616207877e-06
0.0086208856721756,3.1151401378352302e-06
0.0107588895349946,3.6309139781763605e-05
0.0175106728685485,9.525152132003934e-05
0.0027708825767693,3.5456614088313154e-06
0.0130852676884229,2.016389213426878e-05
0.0077408355599951,8.005874734036082e-06
0.0154159688990313,4.9188598067631e-05
0.0083766834536402,1.2535621289552475e-05
0.0061450488742372,7.997991495876637e-06
0.0191936119142946,0.00010748578052247024
0.0020429023994229,1.292896702862872e-06
0.0156047623776038,0.00010313887007151749
0.0024840971244921,7.070474541940812e-07
0.016024916163637,7.183694004295791e-05
0.0127209517878864,7.086555110708464e-05
0.0167267950860647,5.905704275620342e-05
0.0050929446196183,2.6702628684855883e-07
0.0062596122613944,1.5711270914778344e-06
0.0079665612620479,3.3413200093499137e-06
0.0141921104551496,4.7581317850505306e-05
0.0152537669350591,8.096084642094502e-05
0.0152637354228232,4.508450570639978e-05
0.012891532246558,4.170132121123314e-05
0.0041117228121295,3.558778105352951e-07
0.0190730497586701,0.0001037132774693481
0.0155768837634509,2.914089978038803e-05
0.0014504293346995,2.9494200612717713e-06
0.0157722522170736,9.60098923131607e-05
0.0073895191554733,7.830566444418026e-06
0.0114050540874478,2.3564971214440962e-05
0.0145343968728846,2.3874481805869075e-05
0.0106828531364968,1.7491101864582676e-05
0.0068716611650185,1.0712370513235646e-05
0.001097513540236,5.569943227557937e-07
0.0034973707498828,1.1480516277823242e-09
0.0039058557930473,3.443982231227153e-06
0.0117908713401892,2.1812917883796555e-05
0.0068330424730891,4.752736270404071e-06
5.392727552593568e-05,5.991207552831594e-06
0.0033719170966036,7.1004425122497064e-09
0.013984983401921,8.362463070401397e-05
0.0120743602789077,2.768596088714138e-06
0.0005662217325624,2.981268679895432e-06
0.0129424448029224,4.3484658357869786e-05
0.006670289523924,1.0905191223458993e-05
0.0004836156589616,5.319509946721698e-06
0.0183501675161951,4.72073297303374e-05
0.0013825589935278,2.7587250537603303e-06
0.0195538799945629,0.00010019068657107265
0.0182239206029013,6.843367857092909e-05
0.0163092760556512,9.467386730267713e-05
0.0160788493223996,2.081839428577684e-05
0.0081076453024768,7.029451728883217e-06
0.0097397881976375,1.0997385092524116e-05
0.0160881136369995,1.9679250728798955e-05
0.0056152270999228,5.1039239880235664e-08
0.0005963470693805,7.321696776632474e-06
0.0100335369216911,4.864742595470174e-05
0.0071000754213849,6.243100215971751e-06
0.0006117568050363,1.0131716705859555e-05
0.0086955775922081,1.6673360601743823e-05
0.0007173595690506,3.8011570230633e-06
0.0018758017324579,4.599073522174531e-06
0.0017952075099665,5.191058782789738e-06
0.0008228946201466,1.3181237546628208e-06
0.0128865519169524,5.148146259779038e-05
0.0178731891478998,4.986881803757773e-05
0.0030096302164203,4.421751602449207e-06
0.0106921354312936,1.2526714124728759e-05
0.0192278955440694,9.217760784823133e-06
0.000831781096521,1.5810789368492384e-05
0.0015201197760134,4.398318020449109e-06
0.0134074145077388,3.421612082864009e-05
0.0069453331428406,8.461902857436397e-06
0.0123693668494607,5.2674790407075624e-05
0.0146419993304231,6.27822762022046e-05
0.0005004052735577,3.0930606857098302e-06
0.0157660699226209,9.138781888211747e-05
0.009352007902597,5.254755172454607e-06
0.0073800222356784,6.096912879449811e-06
0.0186711670135201,0.00012105282381335982
0.007979779263736,9.775159073424973e-06
0.0026940761191151,3.831790474630172e-06
0.0161304526076621,4.961507835817454e-05
0.0051318954106024,1.836344926754354e-07
0.0109751275042334,4.274095506963044e-05
0.0068420337052179,2.6809442243844343e-06
0.0160855957364553,0.0001256634748282419
0.0054337091137981,3.092911819998393e-06
0.0118480689130181,3.202021392836531e-05
0.0165657814140425,9.058765558485095e-05
0.0186913522431711,8.716743431548713e-05
0.0197064179732939,0.0001599139450825419
0.0003183835654671,9.65296520748392e-06
0.0051699189099459,4.8708734790768296e-06
0.0173804802150937,0.00011039464539208243
0.0142889678719974,7.558936075954821e-05
0.0138998764682688,8.940139735161437e-05
0.0081321410540969,4.953126079650797e-06
0.007896401806445,1.2204072545891287e-05
0.0018883909746975,1.4876998455955185e-06
0.0027252684256844,3.3290461347088133e-06
0.0043996248375385,8.394324805348882e-08
0.0117605751621702,6.071810340242856e-05
0.0060075295375634,3.9223326019343306e-08
0.0122162091406496,5.032613339394169e-05
0.0151636013418028,1.7800819219043746e-05
0.0013143486360347,1.5371139348833724e-06
0.0186280838969722,0.00014065214988582872
0.0170228412428559,9.127185514106099e-05
0.0095852525873861,1.987097028859583e-05
0.0100291588501209,4.787634202153172e-06
0.0082583872884918,1.3636947395817836e-05
0.0128148270338383,7.036961916190038e-05
0.0164220863720478,2.2590921225825877e-05
0.0098107389238521,5.899096876931715e-06
0.0101298986466645,3.2975652985575586e-05
0.0097222123320499,9.751103532326543e-06
0.0031446307918152,5.78061739116027e-07
0.0036293620309135,1.879154942989448e-06
0.0176316676007562,6.875566892427218e-05
0.0020743689540002,3.446292419962627e-07
0.0023206582852619,1.2995282519328189e-06
0.0111473241076974,1.810242280880357e-05
0.0134157494984336,5.099323551844565e-05
0.0096598008979068,1.8657681401467905e-05
0.016402445313552,8.459129300433293e-05
0.0028553596264494,5.221717630442924e-07
0.0107610525828022,3.2044503868524744e-05
0.0014942253960252,5.65908887525018e-06
0.0196740744477085,2.2630925060912845e-05
0.0169708575062524,1.0281059039884306e-06
0.0159380764704207,6.137089719197083e-05
0.019521026998616,7.229639079301087e-05
0.0014040659206201,5.800683895965489e-06
0.0062542538186516,3.7759331856083955e-06
0.0104912992751517,8.333890744364329e-06
0.019818363213257,8.873409240610155e-05
0.0170875031964953,1.5709995310480564e-06
0.0094078667139077,8.742523818181298e-06
0.0059964061390424,5.202073051808712e-07
0.00736608924289,1.3629155389465322e-05
0.0087531231289153,2.9184678338933917e-06
0.0041573075794163,1.4629331254746048e-08
0.0033081090410663,4.7790061561766924e-08
0.0132444937753153,3.624074338909118e-05
0.0030560220893612,8.45855745092345e-09
0.0062419810567246,3.574842859937089e-07
0.0050255779024479,5.017909435286002e-07
0.0113728620644663,3.832541969791382e-05
0.013472085456206,3.211226803451477e-05
0.0099569980433313,4.978483976147285e-07
0.0186035547000778,0.0001296613321305086
0.0155827212799833,6.0815098189937355e-05
0.0062939722024243,1.6243899856237344e-06
0.0071974826485399,1.506767087280202e-05
0.0075498888311694,3.011911660755884e-06
0.0013904474796708,1.728037896054258e-05
0.0138131271760984,3.821043315302948e-05
0.0164580930497018,7.048480130327316e-05
0.0199086526034995,0.00019752648315079867
0.0192279041229705,4.318777581117387e-05
0.0174642105060143,5.028900622518799e-07
0.0135640696338077,4.5572006296533306e-05
0.0004981762714393,6.683982262469353e-06
0.0122025816058459,3.0576676396245674e-05
0.0097252268700638,2.867298656682799e-05
0.0192119681399504,1.918475508804235e-05
0.0032381142552424,6.576713557701317e-08
0.0119541051119316,7.114448560166457e-05
0.0101013780081966,8.134724050348347e-06
0.0163805045229151,5.665631918209504e-05
0.0153557565524384,5.799270809174218e-05
0.0096125986882712,1.1623099456900442e-05
0.0078219179825607,3.3793718815161655e-07
0.0111714956965628,5.4533394070337744e-05
0.010339637806437,1.1786370659107847e-05
0.0166575147047742,9.58917595924044e-05
0.0009303777232673,7.551407997099406e-06
0.0144759214844923,5.8714764209037124e-05
0.0181345184795761,8.418258545441062e-05
0.0028217676971281,4.6506059014529064e-07
0.00102023545252,1.6890621933693697e-06
0.0132558901936949,2.2217403828645004e-05
0.0095246852221988,2.787175261339659e-05
0.0108100296564858,4.962081011512901e-05
0.017148787394363,3.861139504953138e-05
0.0035055313534923,1.1106067893876268e-06
0.0079562045423866,4.621667686726205e-06
0.0190407734110276,0.00010755218032361788
0.0169116140776267,5.711460284141098e-05
0.0026363772984824,3.8250814055027964e-06
0.0073860998870487,1.178325221615967e-05
0.0133559615550867,3.183210778110266e-05
0.0125619500906305,7.168393858212518e-07
0.0131026433491022,2.2243517353527305e-05
0.0084563713169402,3.45868910511861e-05
0.0003192974468935,1.2048004932376089e-05
0.0081290718845317,1.7442228425363697e-05
0.0012800397480798,6.347301908448209e-06
0.0092433895937424,2.5473854514314865e-07
0.0173761467029666,5.738947396985781e-05
0.0053377323406567,1.093347806165763e-08
0.0199573185372427,0.00014825243951225304
0.0157489306566175,3.5620334158893335e-06
0.0075992283393793,4.416139238377341e-06
0.0184681381153283,5.9728367996519685e-05
0.0084264932797038,1.6745205015608053e-05
0.003070828698693,7.330049074327611e-08
0.0083205992076658,5.9769393828398995e-06
0.0130211861722746,3.44841275123089e-08
0.0177752474936183,7.86909058212504e-05
0.0045645912342671,9.37449894211625e-07
0.0157097971407445,6.314271541104276e-05
0.0085803674906985,2.433287895907658e-05
0.0103558202368462,7.593012313963448e-06
0.0026317163027395,2.5838957224793836e-08
0.0062454898138096,7.439356838985971e-06
0.0002796509647355,7.571042763714639e-06
0.0194740096897382,4.217376913275432e-05
0.0087249245642407,1.0285627877712256e-05
0.0008536553574046,1.592547495828882e-05
0.0118994643005375,1.923375169848315e-05
0.0177990305368418,5.51997623849195e-05
0.0116005762407246,5.654630826202538e-05
0.0134442521202474,5.280459161089316e-05
0.0099673364345552,4.678707749743005e-06
0.0031400872443836,6.275007502099068e-07
0.0004636355162345,9.43121125414728e-06
0.0061728826910811,1.0452016527835225e-05
0.0104996984472126,1.3889217562036683e-05
0.013459018706736,8.346338036210652e-06
0.0158776227098556,0.00011621790185734617
0.0045758484848821,8.216374574267359e-07
0.0096035968448948,1.756216734409963e-05
0.0065063481927085,3.989430995946684e-06
0.0006090855466161,7.987293161050614e-06
0.0175283976738485,3.6326230142766705e-05
0.0041951317363242,1.4792037797261176e-07
0.0132034652797825,5.243025138155846e-05
0.0122446771432389,4.181473052049213e-05
0.0018333450041849,3.600843232903183e-07
0.000217202705813,1.4691206891793157e-05
0.0015480383889913,3.122779038838363e-06
0.0032009223505167,3.710664316476718e-08
0.0104764222024164,2.1479338699233975e-05
0.0145839420086439,4.5093440700931026e-05
0.000545331885148,1.634031180664507e-05
0.0172427316521309,0.00011403735512123261
0.0083886286544706,1.8616323335342932e-05
0.0051032936727053,2.034890111292816e-06
0.0095736293741167,1.883804747661243e-05
0.0049952025522197,3.103123991582604e-06
0.0080771173775196,1.1167010229456277e-06
0.0077487195855858,2.583492830005708e-06
0.0118710958577959,3.854964710788757e-05
0.0093620846989087,1.1514793141431476e-05
0.0120152532412704,5.8189824859463675e-06
0.0037731600077911,1.7022812948835223e-08
0.0089317815585341,7.012856319708598e-06
0.0058158054121784,1.6736035771208455e-06
0.0189622092278782,5.4447966994380784e-05
0.0172423023960302,7.755150363802773e-05
0.0178398793789096,6.716155686563312e-05
0.0156284504299106,4.861047060511743e-05
0.0104745304209761,2.7205728616962406e-05
0.0154246292340986,6.192876998682089e-05
0.0114603681211489,3.559755921447502e-06
0.0091324399170684,2.024492076890704e-05
0.0077691814867084,7.877119625897003e-08
0.0013168144315353,3.9934531453856055e-06
0.0033495304749529,6.49861950100391e-06
0.001402802583652,5.259180337854518e-06
0.0102523768929139,1.668825993593794e-05
0.0156464308079242,5.217904763294263e-05
0.0096826045715047,2.6741398762579486e-05
0.0145203047512601,8.227266888626504e-06
0.0025378455202576,1.3491578956287848e-07
0.0052303607537938,8.153717057380967e-06
0.0185327691184731,1.3705818242385152e-05
0.0006848253673986,7.229734810617524e-06
0.0187072832906231,5.674464830785684e-05
0.0197985973236683,1.7236319544814036e-05
0.0138717676413404,8.559057284930725e-05
0.0090219212624038,1.399684768311445e-05
0.0106990357601783,1.5763966220710732e-05
0.0167148735967735,6.822332902758536e-05
0.0162821990220306,6.837717630300781e-05
0.0027613932944185,9.5565095414888e-06
0.0024840165183673,7.235211766395433e-08
0.0100470611328417,2.4552463479044364e-05
0.0132557247861556,9.527832399113659e-05
0.006668772341305,2.920130323084209e-06
0.004886109158061,7.030645177308121e-06
0.0171126691521046,4.836841333635764e-05
0.0057105082751839,6.608584509280252e-06
0.00024960788775,3.330370029906705e-06
0.0197250525331901,0.00015329041467934993
0.0056235207366302,3.104169178434177e-06
0.0107740761174049,1.7066462697141644e-05
0.0082453695477868,1.8832711106977473e-05
0.019242600796621,0.00011177911197899261
0.0133719350264592,7.902630178963035e-06
0.0073941496615465,5.399457713966595e-07
0.0126746728936018,2.0169757409128257e-05
0.0109660405485146,2.9833383343335635e-05
0.0014260965771811,8.056229949918445e-06
0.0118732793126373,4.0623218549725904e-05
0.0023969439371594,3.592291223586013e-07
0.0050091106535349,4.0340308891805963e-07
0.0070874706007936,2.1786727152915134e-06
0.0036113268101686,3.0957636412572145e-06
0.0098981919596079,1.414576332581552e-05
0.0135488593643514,3.1852739786149636e-05
0.0182830570166358,9.149945967413627e-05
0.0021423716301275,2.5629954422287434e-06
0.0090632941078976,2.4763557130457873e-05
0.0154859913368709,6.805534749294277e-05
0.0171809930246925,1.9869834374115276e-05
0.0168243167682746,1.967369093394161e-05
0.0118480075769808,5.112015906898447e-05
0.0067612825510371,2.8891427603260163e-06
0.0172613815016031,4.788981366835302e-05
0.0090394187108286,1.1658743320087495e-05
0.0133754219877297,6.540007920983647e-05
0.0061165482358957,7.743033526445595e-07
0.0010985332901138,4.722028682219706e-06
0.0050682907466104,1.7132328078045276e-06
0.0122644044639493,3.017232952618383e-05
0.0119735300526422,2.235814226331978e-05
0.0041746904864486,7.589673749101943e-08
0.0134978277133611,2.628460886227155e-05
0.0027385752277401,1.0720231808443958e-06
0.014094377438938,4.685598535609272e-05
0.0037320278189945,4.84836187344344e-07
0.0009012453565591,4.4352110343362445e-06
0.0190413200613962,0.0001260157161419012
0.0066932573294109,8.601597226222054e-07
0.0153275271322411,5.403226903708751e-05
0.0045696672794017,1.5681129214783424e-07
0.0123476916050876,3.8861239237466405e-05
0.0129221843670364,4.093777809651863e-05
0.0115486635544755,5.327252555240451e-05
0.0092843904537971,2.79834308761363e-05
0.0145387397071916,5.017777564908112e-05
0.0140371738771542,3.598926904304204e-05
0.0106652895154688,5.137786447235797e-05
0.019960950493039,2.2588375278956054e-05
0.0186052339540893,5.010043353325083e-05
0.0019897369136624,1.1803168439900127e-06
0.0107824046840735,4.123817708072483e-05
0.0055359446005186,4.07814977584906e-07
0.008717806019913,2.147813665081163e-05
0.007578116187137,1.5204845153970248e-06
0.0143841664831883,5.34455828708596e-05
0.0151997478406048,2.92718860465455e-05
0.0118402499983622,1.245287299210752e-05
0.0027753305045778,5.819192007917618e-06
0.0032280188829055,2.485979609153208e-06
0.0132998912529188,4.9922937110937976e-05
0.0066724378631357,7.200302138310502e-06
0.0022788319983169,9.094241347686855e-07
0.0165430407966734,6.804617759498352e-05
0.0166258920602257,7.849648270206989e-05
0.0127857199872871,3.383521487965469e-05
0.0084825332207186,7.03796986428427e-06
0.0122307778067991,1.3640341012062482e-05
0.0124275347448171,4.908499001253253e-05
0.0058163850472233,5.76624100201045e-07
0.0184685152058168,4.221048346687575e-05
0.0043258490646589,7.942384959125834e-09
0.0041643238767549,1.8434235259863985e-07
0.0169661218437295,7.988122129778954e-05
0.0152481659303803,5.659993266531278e-05
0.0009697945077275,1.1958301229870268e-06
0.0074954762052368,8.308709524681349e-06
0.0177906650920426,1.282558689495688e-05
0.015143961475787,7.14573291845242e-05
0.0040652167226483,6.030827967415519e-07
0.0033886216331988,2.751859227291531e-07
0.0092645815806882,5.581266939748177e-07
0.0024833412918748,4.317573413951837e-06
0.0054059688795368,5.847042224646637e-06
0.0113568759733617,4.7624294536986926e-05
0.0131616329023516,3.572945372462736e-05
0.0019629594776752,2.2654051825698303e-06
0.0074197149545056,1.2016736768581985e-05
0.0135725390781584,5.3238193942147235e-05
0.0190234776362239,2.8519362255787558e-05
0.003894181003493,2.489974265348791e-06
0.0124979536717646,7.641400000886447e-05
0.0146751860395727,2.051652999588299e-06
0.0195759121150182,7.734929314753059e-05
0.0196641842450816,3.7051877413103465e-06
0.0185740764800753,8.639980388711905e-05
0.005879744940529,7.62502718681272e-06
0.0136302259779385,3.23877776260716e-05
0.0110268650923399,1.1593865342687542e-05
0.0003846728805609,5.145273870546743e-06
0.0190305767369865,8.512806574419531e-05
0.0040956925727591,6.975013716925909e-08
0.0078296612422894,3.021938899074397e-06
0.0087081615483882,1.4307090063649515e-05
0.0088817121825239,3.343745738120069e-06
0.012204241820411,3.766012045891319e-05
0.0110250176450069,4.8655241583015664e-05
0.008018630127712,1.6184133210081884e-05
0.0028731553927809,6.37593313343586e-08
0.0140123938128776,5.2038668864645526e-05
0.0015121046679025,8.331509665437765e-06
0.006779538244844,4.64530406968226e-06
0.0166890845769913,6.482618462145509e-05
0.0098982610878275,8.439838919040408e-06
0.0096772147803217,4.5009188959971865e-05
0.0094818266614934,9.15103258614797e-06
0.0137121593242264,2.3027432959332176e-05
0.0040723626236909,1.8356341974121818e-06
0.0073071688041061,1.3382086950999985e-07
0.0136391284240462,7.666590057632343e-06
0.0120015540203608,4.73472996136345e-06
0.019518548073128,0.00010178647677618349
0.0061172888445953,8.544148308402793e-06
0.0194838033832341,9.136432329398005e-05
0.0011286698726913,3.087847803235444e-06
0.0050477953793804,3.4563257280602202e-06
0.0053851262448676,6.71860917738197e-07
0.0112322012557761,3.983586977829756e-05
0.0174728924071494,2.5112809963504893e-05
0.015506122263643,2.0834162431809692e-05
0.0044392862059385,1.8194820525897057e-07
0.0197475913491028,0.0001482408312220725
0.0122345494974088,2.278606570817971e-05
0.0016107807295763,5.816597534616498e-07
0.010423943595471,5.531082198560529e-05
0.0150447530251524,5.9089878133721916e-05
0.0140749095526608,3.599505050777211e-05
0.0115294734144204,4.010328350333463e-05
0.0098892469546391,1.3722350628148665e-05
0.0194316808789367,3.544775188154896e-08
0.0099494187118675,5.22907384103205e-06
0.01601829605365,5.8077710201056635e-05
0.0105227821099501,5.471784232180016e-06
0.0097192025663674,1.9280786470748076e-05
0.0126802532246541,5.312696276525471e-05
0.0037521533215523,3.495586063781911e-07
0.0075065958666932,1.9955972580125823e-06
0.0142282963850297,3.1240761054808935e-05
0.0119791505235531,2.965289038103352e-05
0.0047326383007389,4.71007854398365e-06
0.0069213273026947,9.946096914650529e-06
0.0036896842123596,9.796138627810207e-07
0.0073835211117852,1.7422130635033065e-05
0.0163448456733214,5.934529355487893e-05
0.0134959203996716,1.991858867947374e-05
0.0009300514583413,2.9610818686246773e-06
0.0136707900310179,4.396875900771866e-05
0.006812685622331,3.6153988117456437e-07
0.0013083483395182,1.0684172686837453e-06
0.0032125053654381,1.5737223741826984e-06
0.0030560305930111,2.685972398682431e-07
0.0063273081094562,3.3329030123609853e-06
0.010081049031756,3.9283994351008186e-05
0.0139874162711961,4.681638333964025e-05
0.0067318090914468,1.1154656985712848e-06
0.0100676028232643,1.3183631142878056e-05
0.0166220483460174,7.078254220577793e-05
0.015617058148964,5.6820750859861254e-05
0.0162263966453249,0.00011098386270288117
0.0125032175893033,2.1647522616373952e-05
0.0120336984279135,4.15024714715981e-05
0.0107622943334074,3.154851517069301e-05
0.0041062634123416,3.579929805552041e-07
0.001524139889907,3.4115349357918056e-06
0.0182802344400704,6.407225642663629e-05
0.0194441943877732,0.0001335078227504771
0.0123018507989296,1.8877442734077903e-05
0.0190996168953121,2.4297951754443582e-05
0.016264916672976,7.870923318742703e-05
0.0112373465037648,4.0512403663791305e-05
0.018746582340609,0.00012164145901357263
0.005682962998033,8.629517150807762e-07
0.0121426821011208,2.359054479142063e-05
0.0029752611235587,2.8935215752556004e-07
0.01176125324633,2.6279145532755928e-05
0.0111760192104516,5.4691957922526934e-05
0.0130975779786952,2.1840843647528276e-05
0.010916031119392,1.719498914793118e-05
0.0140802530106861,4.93589047560301e-05
0.0027442553683908,1.8326674073744363e-06
0.0022345392352362,2.0846191383682184e-06
0.0022702117454028,1.3129447553179374e-06
0.0036296880480739,3.0677481465242324e-07
0.0007680911192582,4.219333926209867e-06
0.0147507399443577,7.710917425642309e-05
0.0178448593958882,6.421304433293177e-05
0.0137462567354963,4.877152590607588e-05
0.0089253187117193,1.9707439208480614e-06
0.004971736101263,8.926444739545193e-06
0.009320218374801,4.2021896479392514e-05
0.0050808249487496,4.949966083401457e-07
0.0086291805826455,5.083835836674139e-07
0.015395987683007,5.895973127118428e-05
0.0031324007334719,1.7759170046327695e-06
0.0130893355758051,2.2969764541219436e-05
0.0007906018802166,4.980718992672502e-06
0.0060589237730814,5.435999954947296e-06
0.00736623202582,3.791527385339735e-06
0.007077093630085,2.5843796604416357e-07
0.0032540713959902,2.694767155647772e-07
0.0096229697362884,1.1709727412213476e-05
0.0004435270556283,9.650825262480551e-06
0.0180491685554869,9.419081694556215e-05
0.0145667213648514,4.224325791817603e-05
0.001703841441279,1.6972146401060714e-06
0.0119354815496869,5.9967603796917274e-05
0.015531711449585,6.490985856457317e-05
0.0052669537510747,6.098618122247069e-06
0.0040207585943127,1.5780767056802823e-06
0.0113126181760689,3.426405655080079e-05
0.0043821269687113,9.676531794155164e-07
0.0073476153519967,1.1191645153791958e-05
0.0106658068138647,3.0495127546867398e-05
0.0055256370223988,3.6225943595227305e-06
0.0044468990059329,7.338372812067425e-07
0.0129287941402387,1.7932744286259502e-06
0.0110310928504357,1.0683382081138388e-05
0.0093957138774854,1.187156332031215e-05
0.0117047934471394,2.2901832694196337e-05
0.0193587831032139,0.00012569302567081846
0.0070976847034976,4.841156409361858e-08
0.0185162756594567,0.00013458394001433433
0.0057921803853251,1.9764601701526256e-07
0.0053586976297358,1.3030264495242829e-06
0.0002223978729934,6.0921516089644365e-06
0.0110162261409321,2.8951923647937293e-05
0.0132008146784675,5.965291769258973e-05
0.017749451097141,0.00014091771795390076
0.0130141487141327,8.322232123107752e-05
0.0169767473706439,4.00679324905874e-05
0.0018041836550949,1.052150629336803e-05
0.0162429936192386,5.845663922866138e-05
0.0075347074640735,1.6311411245148815e-05
0.005612452296521,3.148397196615964e-07
0.0118436757180112,1.5037101151383056e-05
0.008801068162457,1.869854122135956e-05
0.0189513131910089,4.397650843844669e-07
0.0123010627480041,8.25434996972331e-06
0.0116425290334904,4.620111672236615e-05
0.0048451466273976,3.19817535741851e-06
0.0084488163700174,3.5347409781724496e-06
0.003009671184672,5.758189607333926e-07
0.004629917414126,3.8241974094676024e-07
0.008589597273086,2.314217410287967e-05
0.009834845008504,1.5822186679226668e-05
0.0118538663138978,1.9989127658204037e-05
0.0031487969682058,3.972813926706263e-06
0.0077566069172099,6.583131245120035e-06
0.0109681501709367,1.4774470869566934e-05
0.0009377832987296,1.2615820045924116e-05
0.018834391359259,4.433782738993787e-05
0.0029666621498908,5.0337955529923604e-08
0.0125013574961002,1.015407354662937e-05
0.0112607945207932,3.814718121645804e-05
0.0138324512897984,4.4530088508744295e-05
0.0071013523984909,5.75746355856118e-06
0.0184322494149139,6.817816998457031e-05
0.0102346627532154,2.5181445434368272e-05
0.0095856253978354,2.3791629342999785e-05
0.0074630401081337,5.858634109049141e-06
0.0041621008131014,4.535220918696549e-07
0.0102585125804284,7.91859084709918e-06
0.009050006763903,1.0741322165355095e-05
0.0122886999025601,4.0255552505235587e-05
0.0193325257700527,9.345755627572872e-05
0.0171587029506136,7.961997400989781e-05
0.0065806998604193,2.5712201844284466e-06
0.013352983333785,3.7537481649096966e-05
0.0041641144483524,1.7172097757767647e-07
0.0091212785193237,2.6328292928767163e-05
0.0071654175011431,5.592408065671505e-06
0.0192201422979082,7.651657363963733e-05
0.0065784573603328,6.2214724340833915e-06
0.0076532004466389,1.008209630690637e-07
0.015467322277915,4.664167651341983e-05
0.0090421187283403,2.015639328542325e-05
0.000870028812502,8.57044157398171e-06
0.004032497656923,2.7029957886873083e-08
0.0084734738901283,2.0800502462597256e-05
0.0055195568664958,3.5943491734014974e-06
0.017737609899731,4.783603056474991e-05
0.0065842190430515,2.944481468411969e-06
0.0107323908035752,1.3630090795259184e-05
0.0136280270603629,4.0117502232596456e-05
0.0010959765485324,7.988296109185271e-06
0.0140125850579227,2.5779876343352928e-05
0.0013995923952447,2.2962195292356717e-07
0.0094594548763636,1.7952285207959653e-05
0.0096030135743265,1.9091312792110302e-05
0.0072818366152978,6.077797356541831e-06
0.0037450063565776,3.344354436945789e-06
0.001607820013525,3.5898802273361515e-06
0.0004678817790191,4.160030620239967e-06
0.0115012565436098,2.3458920771463366e-05
0.0002077133881665,1.0505271473861039e-05
0.0142250176106322,0.00011867612987537422
0.0039861238990595,1.268333996444615e-07
0.006635706237305,1.5446567727553248e-07
0.003364780209648,9.798839554399788e-07
0.0164980971248832,8.166375902506808e-05
0.0068136850834059,7.935328605235793e-06
0.0074880590320015,1.7886183774300927e-05
0.0151310660224445,5.2287445862282156e-05
0.0057792185463558,6.531490087935925e-08
0.0022456148432394,4.998466203815788e-06
0.0066446604705466,1.118147444028731e-06
3.947730292077845e-05,5.196402949863478e-06
0.0167595305586723,6.636499401392864e-05
0.0137516815130519,2.7607109906185e-05
0.0101822903355622,1.7157174385411762e-06
0.0046120829116901,1.0837519319116114e-08
0.0198825106074984,0.0001205680077533819
0.011554530913742,2.689780310399478e-05
0.0179594842443829,6.25123540351015e-05
0.0148238694492793,6.17003021345159e-05
0.0062271368955738,3.980156508292764e-06
0.0041233081212303,7.390180706608322e-07
0.0058682333183555,4.0961929512263096e-07
0.0053639440436037,7.546251899775248e-07
0.0168396855504227,9.749772636063313e-06
0.0132378792756028,3.4291498188508615e-05
0.0156818042622546,6.85217190724782e-05
0.0186410592468677,4.7779805631438295e-05
0.0030189392487189,4.18720354940603e-09
0.0167780740390382,6.934708225384685e-05
0.0118748857172122,6.802994480496665e-06
0.0013050835007926,9.621194192535594e-07
0.0069622730745916,4.265340224623381e-06
0.0021329566280187,2.6324351931062223e-08
0.0108566710585631,3.1639022243140916e-05
0.0030469541224657,8.434062691116481e-07
0.0037289625493738,2.175614725300762e-06
0.01661357551512,7.237836931934528e-05
0.0047035753480992,2.3574847768828207e-07
0.012873060729519,1.4548104895233477e-05
0.0163788045962986,2.541455417858651e-05
0.014055825448778,7.720280513429638e-05
0.0084795880849142,1.207138924492673e-05
0.018651852483739,0.00016277695876312017
0.0019072351317927,1.5909964712979639e-06
0.0105483347916825,2.6888401027022405e-05
0.0146962588710727,7.464893402940458e-06
0.0004603406683053,3.174707656365747e-06
0.002729549533072,4.182350786245006e-08
0.0093304449697252,8.844090572178294e-06
0.0017067816381689,4.1844884873594255e-06
0.010201692797666,4.361747173223377e-05
0.0052862000389376,2.4201892075813734e-06
0.0154242755515371,8.274618962227766e-05
0.0190945645352578,0.00010053769000546645
0.0189287772487232,0.0001243949089170175
0.0002412473471106,2.3431543246361744e-05
0.0025115914100183,4.202694551777866e-09
0.0170332679792684,3.3377706197623486e-06
0.0046968693957936,1.0594596002461842e-07
0.0142056032816237,9.603584734015937e-05
0.0109577328520302,2.989811516172404e-05
0.0134543967235685,2.8978205447598556e-05
0.0172394619470764,2.637347524001909e-07
0.0003306677579936,6.9802958833085736e-06
0.0055892892195191,1.37103973598939e-06
0.0122259949643038,1.4382655476822333e-05
0.0187661474606156,7.157616315412733e-05
0.005255846870536,1.2095740671914221e-06
0.0187146768071211,3.284569341355744e-05
0.0034837155398788,4.239275844163314e-06
0.0053945906683768,3.1893925735578576e-06
0.0014305248178437,3.951536469997908e-06
0.0152182041785145,6.224820292290292e-05
0.0071442205016853,1.74151330629071e-08
0.014631340679473,5.628847600285264e-05
0.0021365763356662,7.366171697998027e-06
0.0030212090938551,1.6629316652927225e-08
0.0008634165298797,7.290592875138651e-06
0.0152857277398118,1.2635038789418558e-05
0.0006550308487242,1.0874506307250125e-05
0.0070990836564605,6.766916387928269e-06
0.000758328617192,6.13044728763833e-06
0.0161851610668511,2.9569092268117027e-05
0.0061533522331977,8.510647283060376e-08
0.0176520179879572,0.00012949438538986836
0.0015348090551384,5.205845584537273e-07
0.0194292409904566,8.88952047148191e-06
0.001158134517899,3.606352415296825e-06
0.0045447264500909,1.087850934222201e-05
0.0052565723796928,2.113124891248114e-06
0.0122524510489209,2.5956728849859122e-05
0.0134461217174362,3.3592894262938866e-05
0.0077278028425813,2.0766760059315715e-06
0.0065128742364275,4.145432936812718e-06
0.0066155033743696,1.822271677756705e-06
0.0051457412832082,8.399171957292791e-07
0.0197254470546895,0.0001421683833618808
0.0063602323710316,8.212868026355103e-06
0.0075127492375588,1.2735141907352437e-05
0.0111462372056413,1.5050900792894228e-05
0.0057720616596107,2.6097698313172307e-06
0.0135226655629568,8.254076372413404e-05
0.0016408947419288,3.7422907122345798e-06
0.0025779305634876,2.2241269486521387e-06
0.0037305254796296,5.658621433024062e-10
0.0057797212213486,3.96760278611344e-06
0.0101148679353347,1.9823466617312306e-06
0.013786329779732,9.529944782596267e-05
0.0126479823369502,1.08285925088387e-05
0.0104256737519666,2.0351575268270014e-05
0.0176521943042274,6.982315045327032e-05
0.003760281171542,4.299722909878198e-07
0.015679709243007,2.8459422490402147e-05
0.0175929301323134,9.870260334943404e-05
0.0160452715810384,2.459078936301133e-05
0.0140870852725927,1.713823113975818e-05
0.0167860216491281,7.394043946781115e-05
0.0137287037090188,4.21885542044949e-05
0.0072256191822303,7.79066403960592e-06
0.0146468025871898,2.9583316144309e-05
0.0040200498312394,3.843739365740594e-07
0.0004600839333626,7.569975870578159e-06
0.0072668916649355,1.9908166554419395e-06
0.003132696951136,3.52580319510758e-07
0.013079216113555,3.344009344291253e-05
0.0179643967578118,9.556953995974993e-05
0.0157610639320485,1.3698408619134088e-07
0.0156891927729441,8.585199436408393e-05
0.0044243373314445,1.5049681715015295e-07
0.0033727667810133,3.189415626678392e-07
0.0141880993765451,4.879110403785305e-05
0.0028414408489176,2.077123357234836e-07
0.013988742867656,6.570432286038812e-05
0.0036633246387656,3.563720286990873e-07
0.0141613892500949,5.568383373354907e-05
0.0011583902664363,8.018346611297601e-06
0.0144856444297327,6.400814642298967e-05
0.0003566626270784,4.0425296205588886e-06
0.0146084895207084,3.1892901725166716e-05
0.007757272519155,1.1671151828511483e-05
0.0185989129692112,6.367583657144392e-05
0.001070887272412,2.0856049764947725e-06
0.0160615849637346,0.00010319101091601556
0.0088026970148466,4.6533253462962864e-06
0.008105260530936,1.7589679095546612e-05
0.0037478369218363,5.928756871064166e-07
0.0097270074695804,2.437639713487783e-07
0.0109869312709844,4.5373303244116186e-05
0.0156347646377159,4.715746174905519e-05
0.0013217700627019,3.351188147744292e-06
0.0078943269148109,1.0894207606071615e-05
0.0033248510035243,6.451263472379583e-07
0.0178129076635443,9.593629261695605e-05
0.0065915178015577,6.024858464414652e-06
0.0131309445165974,4.227540422638916e-05
0.0105733866562634,2.787312530798928e-05
0.0106551636132085,5.421036072607316e-06
0.0156380074921644,6.743561829357582e-05
0.0020731790347125,2.425579452300539e-06
0.0113947873221944,4.068607608309985e-05
0.0174691843541714,1.2462933335819005e-05
0.0168490799152523,3.9580594713161994e-05
0.0115318343063538,2.084318226507616e-05
0.0140000349827769,7.380213005865166e-05
0.011634499519463,1.2675223602833257e-05
0.0131373062901682,5.771184893874393e-05
0.0021450846917248,3.1151988017914854e-06
0.0097225091027236,1.9915911734916136e-05
0.0085186833312964,2.6039055421492444e-05
0.0111656535548094,2.0640470415280848e-05
0.015511489355387,9.070297026648398e-05
0.0190402063293518,9.604629767389468e-05
0.0151568884455542,3.7520432480715106e-05
0.0039314725508375,6.085501910671675e-07
0.001047227539752,3.6084705091803773e-06
0.0043550011544383,2.7640327516329018e-06
0.0122376316703924,2.167984086252607e-05
0.009892444017397,7.740136140657164e-06
0.0001781436276668,7.073597153091827e-06
0.0160587431412691,0.0001051332664357373
0.0171589139646443,7.040076850027218e-05
0.0183919744456167,7.886529697120915e-05
0.012671169406378,2.4050107944500142e-05
0.0138889709340658,1.8860655970983782e-05
0.0048746119916747,1.4202200475716216e-07
0.0116326197899522,5.224490606208903e-05
0.0067083277251939,9.124188896798722e-06
0.0159541326810621,0.00010011551333925961
0.0159889596217446,7.742601895002126e-06
0.0146028054085067,4.788787576639829e-05
0.0160100106349844,0.00011418036327164076
0.0129148812558648,1.9396710332389844e-05
0.0183229215364908,1.3043339867076445e-05
0.0039313486323354,1.3913816672167598e-06
0.0129334745065407,2.2606386158200533e-05
0.0052069531763436,2.1215117400996233e-08
0.0187887304425757,9.617956212424205e-05
0.0191136610854474,8.763015360424597e-05
0.0171846304394397,0.00011526862939528492
0.0128704565471786,2.8271758770293833e-05
0.0056633323431059,1.0972937886456267e-06
0.0154315727345231,3.965908006664534e-05
0.0088417328584371,5.281286215601002e-06
0.0182537904711092,7.843595598729087e-05
0.0067321281495822,5.400623468265917e-06
0.0081220602467561,1.5195958924613652e-05
0.0067705261195982,8.172414958212323e-06
0.0008597432405231,3.1723558995460704e-06
0.0049409634930767,4.430848028893171e-06
0.0118566122115419,1.731227168434978e-05
0.0122301076436875,1.5908108655184413e-05
0.0061520218490955,4.328409529315127e-08
0.0104450220556408,2.9801808829877726e-05
0.0174941371974143,0.0001439962090724885
0.0164908774938948,8.811148317566292e-05
0.0095010728285882,3.474153281640749e-05
0.0089335693363394,2.295819531622563e-06
0.0003491061357292,1.045304822317663e-05
0.0098084487151964,2.550108815215792e-05
0.0097005584243594,4.327362804880594e-07
0.0142326118976396,4.890896035445618e-05
0.0133162396378541,3.919168838364272e-05
0.0087814511176294,9.269350883067704e-06
0.0158832551147162,5.381379829301955e-05
0.0060420602418517,7.340347169811231e-06
0.0056260637147345,1.7043277302110871e-06
0.0112645192585007,5.653194980415735e-05
0.0119076569929826,3.0840841107560475e-05
0.0168798875748677,8.783844096931469e-05
0.007893783833111,1.6542495422523954e-05
0.0134290131598386,6.891402602256176e-05
0.0004801574688247,4.7157650496221825e-06
0.0058994484618736,3.6457689298758996e-06
0.0129854156192576,5.168830105658951e-05
0.0152154823475327,1.680795560601987e-05
0.0168422572477923,7.223398654415272e-05
0.0157172089047977,3.556333436274766e-05
0.0086784892109421,1.7762904528431465e-05
0.0082555208048425,1.5581106450891557e-05
0.011560332425202,1.3299719069834634e-05
0.001613884902251,2.1465163316578144e-06
0.0091591855262019,1.6312786336299618e-05
0.0026867880580993,4.273736250170498e-07
0.0101880558785676,1.977457325735875e-05
0.016599470954799,7.85451576246011e-05
0.0152299753134355,0.00011222368189592087
0.0003807548534564,1.3490189236487914e-05
0.0165372793168799,4.060553587577217e-05
0.002266324209247,2.435807150560078e-06
0.0120958886387803,6.178312535780763e-05
0.0141837627095684,7.827892294172318e-05
0.0068099644095584,2.8153287204557117e-06
0.0131224602035813,3.5834323366493876e-05
0.0090205085415961,7.23551773120026e-06
0.0045727309485726,4.170084226943084e-05
0.0009051556902485,4.491518074444443e-06
0.0124731460294388,3.551835622884543e-05
0.0099275358985524,9.598229141772145e-06
0.0089314906755168,1.4129240064034332e-08
0.0081105187432735,9.192967403945596e-06
0.0014076421827543,1.0977721957745891e-06
0.0151601189545545,5.4739757669987635e-05
0.0178722586380918,9.729319059403992e-05
0.0001596853670615,1.195535141164945e-05
0.0027768551338873,3.088777703893975e-08
0.0145814374150612,6.161205886765464e-05
0.0165829160991987,2.9132192761936355e-05
0.009398194582605,1.1010738474476071e-05
0.0051439214815219,2.177094953333866e-06
0.0148881966643295,2.951044721311227e-05
0.0029530633853787,2.52993159328354e-06
0.005655531049962,2.3861692436357144e-06
0.0034210130118466,3.7029474739199306e-07
0.0079270273712825,2.8016259678055197e-06
0.0172602422010493,0.0001319132921203352
0.0129353992284211,2.8463517156814573e-05
0.0159647646976761,3.5052795518745905e-05
0.0071504995811114,5.109271088647798e-06
0.0070548415197208,1.7753910062948534e-06
0.0005380528150026,3.1626824753466888e-06
0.000848858525674,4.449153243592157e-06
0.0051508153551369,1.4889416805246948e-06
0.0109458851294352,2.392472713756781e-05
0.0108972999172736,8.018698772901321e-06
0.0010561976796085,4.262695286763145e-06
0.0023217432965988,1.0927922000259662e-05
0.0111292624930456,2.1291233425339113e-05
0.0107960869627828,2.7088170509545735e-05
0.0028659922432526,3.2966024667366567e-09
0.0134475957853155,4.619443424387884e-05
0.0063928580705083,6.323483158952426e-06
0.0161656315812813,7.33422915592891e-05
0.00814685895957,3.143818157230909e-05
0.0118693527388139,2.6778225091214812e-05
0.0139940955678894,4.755506110470324e-05
0.0163182195569014,1.6579214250083928e-06
0.0123619944537794,4.224876649276722e-05
0.0027867415256596,3.605234744081551e-07
0.0007881204864039,3.7476512035839054e-06
0.0132181076243148,4.668737035944633e-05
0.010424753393551,1.571730280143664e-05
0.0150787595729894,7.532113726223373e-05
0.0163915694161089,6.346224953041243e-05
0.0092140887377042,8.277829521478976e-06
0.0125054935450676,4.703839818541972e-05
0.0015259490565034,1.8366907479633836e-06
0.0124804723680417,3.875539427735772e-05
0.0079581640505326,8.641782666106183e-06
0.0029641909358949,4.035345450019157e-07
0.0195159920687758,4.694118665498745e-05
0.0085843138254358,7.724553183198565e-06
0.0157235506262709,6.115097059291943e-05
0.002908955388425,5.3099348290783226e-09
0.0045820945198155,2.4051769433101625e-06
0.0095204207683368,1.0891385773985691e-05
0.0105684980057825,1.4654864779743729e-05
0.0061176132568412,7.342241661680082e-08
0.0053015602624293,8.629749549918748e-07
0.0116940448720803,1.3569167547625512e-05
0.0040803126853752,3.2637796885025853e-06
0.0009262699842331,8.029264391638037e-06
0.0131001487990549,3.673709800248599e-05
0.0070476579174498,1.1264084738307289e-05
0.0056036398708838,1.6002143931536657e-07
0.0197448933383442,0.00011945666812693788
0.0005100361853217,5.402158114036867e-06
0.0111157663408534,3.335546779432274e-05
0.0127894852542608,4.984830064353956e-05
0.0084118583615237,1.775913897410208e-05
0.0131634666368162,3.8058650771700803e-05
0.0070411383385515,4.442148351090387e-06
0.0040500221345109,1.8176763375924175e-07
0.0127643149136116,3.0194333660619217e-05
0.0159092769805818,6.074423382919714e-05
0.0133087526080338,5.614036398533227e-05
0.0165517450965347,7.68261863314665e-05
0.0195277168885202,5.903661656597951e-05
0.0001894270628781,1.9745378764222912e-05
0.0138435821896507,6.333843208822664e-05
0.0099986199461519,3.5008393231909844e-05
0.0020130579589805,1.5569036205159885e-05
0.0127881688822533,4.5244642090883917e-05
0.0199087493351813,0.00014099314566609579
0.0118260039435853,2.9066625320555284e-05
0.0017675776065272,5.93995938034275e-06
0.0053077845607914,6.328886768126688e-08
0.0144977705378522,2.7381370917895588e-05
0.0116543630211374,2.929211558189439e-05
0.0021433034564176,3.4416018532550853e-07
0.0021820727771151,1.3877642594248782e-06
0.0181034493229826,6.324597193922178e-05
0.0106159382111839,2.18077217122772e-05
0.0140674415025756,3.157610195572033e-05
0.0170844832458524,7.78674359265406e-05
0.0127875172673248,4.815927053580296e-06
0.0093629420650818,1.2715254393521107e-05
0.0178719334777644,0.00010547933556764084
0.011595522273796,3.38136783467621e-05
0.0013599836259586,2.889005330812996e-06
0.0152873798072074,8.728739786502045e-05
0.0020792253750408,4.425820454606743e-06
0.0058004198447561,4.415800996391553e-06
0.0130585271812415,1.2979320628746901e-05
0.0008840100757952,3.982872764807778e-06
0.0079330723204416,8.604225128046634e-06
0.016865935043931,8.426325930437017e-05
0.0070064271677164,4.62424606900323e-06
0.0098063155679857,3.681982747717538e-05
0.0135097886088858,6.660602590984487e-05
0.0162300726202044,5.966431854553918e-05
0.0016362410403892,5.1480128065970724e-06
0.0164159586600863,6.592222192174516e-05
0.0113223700690964,2.2320126224874408e-05
0.015107162164006,4.2853918768267525e-05
0.0162517838750026,9.620860911799108e-06
0.0114585045599489,3.799955163701699e-05
0.0169148015196209,8.67603460141984e-05
0.0121736480508935,4.993547442048904e-05
0.011955184639707,2.6850823241406623e-05
0.0086326094939462,1.3943958517618835e-05
0.0194842792858477,2.05511700297632e-05
0.0074588652290469,1.2766522127917183e-05
0.0002185149397514,3.946242328159403e-06
0.0131249923140963,3.297109485217505e-05
0.0171130368411083,6.977971850101186e-05
0.0017801387124337,5.623214416014901e-06
0.0037073545062748,6.914583098579284e-11
0.0165789295551494,0.00013611486218430982
0.0176182645903717,8.680860593424485e-05
0.0127110817919761,4.425170643919747e-05
0.007877743304315,2.055767989968285e-05
0.0088877081089193,1.7022513045698926e-05
0.0103455013153426,1.0504483666328276e-05
0.0136463704356484,2.7837550063690903e-05
0.0068060633655714,8.516375021455204e-06
0.002946052723298,1.4626813539440581e-09
0.008709746759317,5.232756164240385e-06
0.0163493035569832,7.18794976593439e-05
0.0095654564228117,1.3115138207409405e-05
0.0021305530648677,1.0325183511609862e-07
0.0077607445382426,1.0617602310723557e-05
0.0111571590441201,3.068133440818281e-05
0.0099865427288233,1.382133917358036e-05
0.0034491346218852,5.036799816495532e-08
0.0166230260080377,7.603888013820932e-05
0.0042529174863963,4.148636346571087e-07
0.0114444075875932,2.2937821440032888e-05
0.0049946135888732,6.373729502593147e-08
0.0159694329863612,4.038512315340007e-05
0.0175341611194953,6.38384624702726e-05
0.0194858852132159,9.930589608729943e-05
0.0196095905621962,6.718743184230458e-05
0.0188175365904457,5.43249971559982e-05
0.0090333924531934,2.244549629489334e-06
0.0004077953020611,8.62660984465213e-06
0.0146273037317977,3.332019839520056e-05
0.010855209506745,1.3332242880115e-05
0.0163429916744232,6.848781902079127e-05
0.0157005823632401,3.68884653927308e-05
0.0043296990442958,1.736776578661889e-06
0.0039715975730069,2.3435444968988664e-06
0.0193336489334231,4.019494230499906e-05
0.01809271661677,9.818043339403665e-05
0.0185688303443886,0.0001204541257092379
0.0104438816617107,2.7537398123066246e-05
0.0116867172100059,1.938577179102292e-05
0.0184335863341883,0.00012727656529327858
0.0171713397766429,2.5751493312598083e-06
0.0098256432252929,6.896800726927416e-06
0.0199734480836993,0.00011456293779091441
0.0152428476515601,5.936809113978339e-05
0.0107632723237076,1.6637517377087197e-05
0.0013708758324698,2.1740960452230584e-05
0.0062680767584094,1.4659849290011866e-06
0.0018869307127943,2.189546176642339e-07
0.01294313110189,5.7572030390461175e-05
0.0195877560283281,1.4944767820143801e-05
0.0036550327580476,3.118163596321606e-06
0.0157893065071392,6.31728765727231e-05
0.0153045258667965,6.086264196428293e-05
0.011758854121028,3.493904625777709e-05
0.0047292742354935,4.451564599397691e-07
0.0025650735897449,1.7286287550687236e-08
0.0034940863758939,2.1078388432955815e-07
0.0136092816592436,3.9087550912677253e-05
0.0017323159421327,5.926327502222055e-06
0.0015926075382,7.113593097913569e-06
0.0177135524478808,6.194054956311177e-05
0.0110331453839582,1.0418877954998669e-05
0.0056375919705799,1.6602705190740422e-06
0.0162437487735625,5.82274218846081e-05
0.0054872945660646,1.4731192032575732e-08
0.0056315786353138,5.6049702482339354e-06
0.017741129979521,6.560092507083341e-05
0.0037535297503942,4.443049692930336e-08
0.0147674353731661,4.060983901117114e-05
0.0014084056231831,1.874096410486641e-06
0.012136683985494,3.804354190712258e-05
0.0079866673363283,8.143100980012498e-08
0.0130399300782186,6.146232758049936e-05
0.006940438206848,1.6800417957682044e-06
0.0094308263595711,3.0217729731120076e-05
0.0124188744925621,3.7244399122337385e-05
0.0112760340891484,2.8020250576183568e-05
0.0078548546347653,1.9265240795733453e-05
0.0193136836001267,0.00014709126460940285
0.0008071943923778,1.3366656182406641e-06
0.0155218964160012,6.0824639010894924e-05
0.0075481023954998,1.533739191473496e-06
0.0181858034886332,0.00011350698008115998
0.0149112845052398,3.6678760247093476e-07
0.0118418039060867,2.9613398758646385e-05
0.00988822170459,1.9685921366643332e-05
0.0160206524263724,5.6598805436234576e-05
0.0040378177893186,4.056926976687995e-08
0.0178464730057858,8.438945875505689e-05
0.0076046217742377,1.121405808434877e-05
0.0052319559881606,1.6061317969250278e-06
0.0099957015623478,4.758406058617529e-06
0.0198480643398112,7.258788413877696e-05
0.0063612708879952,7.97719694806351e-06
0.0199631898080874,0.00011209380096083138
0.0132293436948543,3.1127023130304254e-05
0.0105403357535959,3.355930706295852e-05
0.0053233779579531,5.7536100983073796e-08
0.0083197206146465,7.666754353507766e-06
0.0162774840777595,6.572082874247098e-05
0.0167242084009946,5.8882404248790715e-05
0.0190016814224094,9.158735661981686e-05
0.0035398806403283,3.493698723689699e-07
0.0050218263564363,8.793280993286053e-07
0.00012931391706,9.49951873957018e-06
0.0146302971284972,8.760271272293756e-05
0.0170655376055009,3.3610004694858446e-05
0.0162031484604856,1.8708273836211964e-05
0.0014082367831684,5.671856599050117e-06
0.014214052754997,9.063277202486046e-05
0.0045360793147619,8.85108962781125e-08
0.0129232651451164,3.491623533389061e-05
0.0114548421562853,5.37831925155769e-05
0.0053471214360148,4.4607109627250535e-06
0.0093123829310003,2.024015519410571e-05
0.0023417446656004,4.4845063605822236e-06
0.0052304786661795,4.7064367772745173e-07
0.0159031199177071,0.00011449529097721653
0.0008306357588012,2.3575788507854336e-06
0.0131858944077649,4.344611754418724e-05
0.0186165438553389,0.00013279905522872758
0.0161446985421082,7.300712021407977e-05
0.0061396385936919,6.277192384613838e-06
0.0092477080813302,7.885504209311345e-06
0.0023326164139309,2.8241099456259426e-07
0.0027582134669416,1.6690062804075153e-06
7.27855852108128e-05,1.0613920508559281e-05
0.0146277565741918,6.391133057290137e-05
0.0093598552411146,8.600422796824766e-06
0.0198257380944117,0.00011357005235941944
0.001461886405534,1.2239086425885228e-06
0.0131008343769085,4.9151455323878784e-05
0.0059709224247622,5.173657858869835e-06
0.0134068165358946,3.939180527710962e-05
0.0151779531448833,5.374766828079371e-05
0.0112059331185067,3.2248171768317045e-05
0.0125957781635527,1.7469886601230148e-09
0.0017523683377766,2.5222455577227446e-06
0.012322171918127,2.089910700130863e-05
0.0183216068966647,7.540505622776008e-05
0.0059592092573253,6.0849960200705755e-09
0.0031001541432663,4.282786424601221e-06
0.016367060714534,9.434574838631844e-05
0.0178438341088428,3.747655251750128e-05
0.0015563474542075,7.066825058765988e-06
0.0142722950045286,9.283085779917322e-05
0.0151986218588397,6.0269998969339286e-05
0.0060105087651745,1.3673546856577724e-06
0.0162170250237013,5.309168742381135e-05
0.0118297410237621,3.434175702869738e-05
0.0105247916561807,1.8744394957201986e-05
0.0149469182006386,8.809258835662115e-06
0.0193445546995409,3.44751127943196e-06
0.0055912398677851,7.0535150855104795e-06
0.0128652674620063,3.7720737320751774e-05
0.001378167345989,6.535718950135779e-06
0.0105020123834531,3.539632252356469e-05
0.000700683765513,1.4429921526782387e-06
0.002594495609802,8.917697371457591e-08
0.0192199840899858,0.0001115907988174593
0.0094697296609072,2.086089087190527e-05
0.0080828012759678,1.038479891129449e-05
0.0043192167070656,3.7847493059731536e-08
0.0120837168071668,2.718105445238225e-05
0.015936881768277,4.986284361918365e-05
0.0161225343422612,4.229635391226042e-05
0.0070114441018468,1.1405737065921062e-05
0.005215171044092,1.0494318166200445e-06
8.411689557375146e-05,5.813579525654222e-06
0.0055334520848445,2.0580475363420057e-06
0.0009872705272285,3.3708117172623875e-06
0.0102882811909165,3.117637537295525e-05
0.000669380195936,1.8433340230360278e-06
0.0107612383499142,1.3116457448579304e-05
0.0191384681030497,7.307439485488372e-05
0.0173492376518889,0.00010543938894837244
0.0181197398711933,1.056761269335859e-07
0.0188600355315303,3.6476181292699136e-05
0.0113368076533845,3.652394082057553e-05
0.0125866521095091,2.0406284130752272e-05
0.012059709408341,2.931322777093951e-05
0.0031435934705336,2.4118338126024394e-08
0.0138633669449513,2.3699180479451846e-05
0.0147223421921891,8.28257297447042e-05
0.010768644886736,3.909196448263168e-05
0.0096324762475614,2.3324443361018e-05
0.0087426028946613,1.73089389629947e-05
0.0106761653019432,3.5161444927856925e-05
0.0041878308390294,4.703671649096784e-06
0.0120355606854272,6.850152255190522e-05
0.0146852299370244,6.474856019053523e-05
0.0114213752419542,3.42360142092899e-05
0.0038908456569284,1.6319838464779658e-07
0.0188467168849417,7.518415444379056e-05
0.0075780843472238,4.5075351930544275e-06
0.0196115521631041,8.031314667827195e-05
0.0109314692469297,4.526410719958039e-05
0.0145186712735583,2.9764076205869064e-05
0.0021331478776646,1.6139465369291607e-05
0.0083456965711298,6.073729188897562e-06
0.0049066675722162,3.996933894366856e-06
0.009170951354366,1.7423140257273595e-05
0.0186627096450216,0.00010667759416067854
0.0182666540454334,8.433346313992605e-05
0.0199128096960247,0.00010983676941302351
0.004731778343649,3.009211933945966e-06
0.0051355898901284,3.730318138252749e-06
0.0195089543019823,4.1264242614411115e-05
0.009365737587675,2.056602217437407e-05
0.0180038753029829,9.132537797943619e-05
0.0062956609209713,1.5418702765769599e-06
0.0145985085206996,5.091427547267068e-05
0.0031808686812091,2.63252094913577e-07
0.007126196876766,9.784647394748583e-06
0.0138897948350348,5.240091748134919e-05
0.017674322752766,3.8346263901028175e-05
0.0010664213062665,1.4468682610561073e-06
0.0119255555582858,4.6469054424209326e-05
0.0147344410201651,4.898802235965195e-05
0.0066897730901035,1.0018909862638702e-05
0.0124891515105791,7.957825514913473e-05
0.0126877173562079,2.171028713903582e-05
0.0172349806426617,5.460106094008099e-06
0.0156182050901936,8.194359417641e-05
0.0022670062118111,2.881904240989191e-06
0.0027010820425451,4.0869202921836335e-06
0.0151578235656687,7.761026070844746e-05
0.0024016582620208,2.9786265346450284e-06
0.0140217179005515,7.439550447187131e-05
0.0110758036388894,3.18669924061201e-05
0.0134363687409965,6.173879435591554e-05
0.0189885408167463,8.871182225553974e-06
0.0057400669620301,9.958360152697086e-07
0.0066957254985856,8.90757121823922e-06
0.0168261094073232,4.8676081942445586e-05
0.0104035846042307,3.090999991741721e-05
0.0058403471263375,3.1071193792771947e-09
0.0071444582208693,1.0655596213998262e-05
0.0111933982409525,2.7339926699784357e-05
0.0096207680358139,1.6696959487705244e-05
0.0098173307576617,8.430873351275036e-06
0.0123749392902115,6.091396823993752e-05
0.0076403501764674,4.276252073203507e-06
0.0077244666672614,9.346892805662942e-06
0.0083670665929251,1.0671985613302568e-05
0.0029717170417598,2.2934553275089643e-06
0.0073750171840748,5.379693437471805e-07
0.0180032478823381,2.7650410237771363e-05
0.0169193420947255,6.945660973161616e-05
0.0155792215973441,2.8018859422060534e-05
0.0056525683559373,3.6241350737937546e-07
0.0174182643928212,8.04428033049552e-05
0.0021605130133822,5.10561229064035e-09
0.0173076967550906,8.672831365081501e-05
0.0109046400532688,3.220984541127223e-05
0.0189075334565313,0.00014771364511858163
0.0114244265280462,2.242695965730544e-05
0.0149808476884798,6.88316909458319e-05
0.0017420803292008,3.5216540654497595e-06
0.0188798408200923,9.780604086743699e-05
0.0154327306489477,0.00010036349180779643
0.0001038144721459,2.3190967005625032e-05
0.0186309465109976,1.544464224067323e-06
0.0111874007839001,3.693737247991206e-05
0.0178051285257635,5.1547731094037346e-05
0.0169938517226674,4.917384752759784e-05
0.0182792503235078,7.576741030364456e-05
0.0080340163493511,2.804100540090909e-06
0.0146891358164501,2.660857805373586e-05
0.011503825462615,3.02677359449245e-05
0.010641353230986,4.967495255453304e-05
0.0099694476242566,1.9154724646370504e-05
0.0115947608899071,1.8665337352447686e-05
0.009134446182131,1.4804035526861635e-05
0.0097751789947031,1.653649342262834e-05
0.008425285933805,1.4998226735956866e-05
0.0109305348587582,4.006741075754502e-05
0.0099201795009282,1.434378041501035e-05
0.0120155060482482,6.220677597847621e-05
0.0162722594750488,7.41151168268339e-05
0.0115159068724417,7.185381970770878e-05
0.0053130636224327,2.70356296249466e-07
0.0162940220440481,9.397958946117756e-05
0.0109971228949263,1.9338764946418698e-05
0.0138239045420637,5.29715612539692e-05
0.0107709498653983,2.22440109372471e-05
0.0176483640872966,9.133712186642077e-05
0.0005846669333523,9.764884091938094e-06
0.0178745069458107,8.761134725320187e-05
0.0186969618831408,9.860048181485466e-06
0.0142213380332707,6.427540606450582e-05
0.0016885881713684,1.285893221782181e-06
0.0082240201060567,2.3669159508919107e-05
0.0123461161089247,4.976054399518613e-05
0.0070519864659428,2.59343342468854e-10
0.0193293947825021,5.026898585185309e-05
0.0123518837878158,3.418219554899514e-05
0.0001236841515736,5.208681538051789e-06
0.0198149264225062,0.00014091226191191927
0.0121249466784107,2.9065197516328573e-05
0.0092229688486603,2.3111036104234243e-05
0.002253777270657,3.7722320480149284e-06
0.017110015839346,2.7287474185545215e-05
0.0027438335432633,1.3514664382688242e-06
0.0173553875048073,7.726827441855058e-06
0.0026005282205978,2.3676708908633086e-06
0.0192794390386672,0.00013637145367493964
0.0176986937995656,7.753739006006324e-05
0.0118715296162661,4.600397946381819e-05
0.0166265078615194,6.508751226599397e-05
0.0176561521206542,9.016102702856605e-05
0.0039638071946192,7.454466630425245e-09
0.0035278651584268,1.372280418232079e-06
0.0019311777518787,4.001447518828016e-06
0.0030292865838641,1.3457506857534915e-07
0.0107507417755368,2.478178476083423e-05
0.003448590572427,7.095749286526529e-07
0.0195121238887226,3.9373796404118424e-05
0.0116900310406371,1.4383970248405367e-05
0.0065814268301602,5.532635549793896e-06
0.0138554942981792,1.745610719079857e-05
0.0007043465124466,2.254442378054701e-06
0.0080141997070405,1.1407952297109197e-05
0.0041140162764973,3.27976647447669e-07
0.0087240272123641,8.059862055770972e-06
0.0001660912455413,6.609869337498219e-06
0.0025957753045279,1.0981991033122362e-07
0.0111119606691978,3.560683346427611e-05
0.0090076627208243,2.16191890697232e-05
0.0184684010725566,0.00014448264852497326
0.0104500604436114,3.9247551969462594e-05
0.0090332041557936,1.2126928651201787e-05
0.0101483330384631,3.105896680458786e-05
0.0149674431085115,5.286133804891966e-05
0.0061610207248757,6.121075113284259e-06
0.0019722545339978,2.5264897132680073e-08
0.0090713798193169,2.2920512332539414e-05
0.0101682767113219,2.424541815476722e-06
0.017884223455394,9.880248881159051e-05
0.0090558921627117,2.493976158731956e-05
0.0009936213815369,3.927386792137093e-06
0.0043236194981944,5.777416405411819e-07
0.0115065086077775,3.732868011098009e-05
0.0078029399027328,2.6394486312353386e-07
0.0144226700710036,3.613343059327983e-05
0.016285887298614,0.00011037920091929771
0.0197733027042297,0.00018657326860991254
0.0017694482819387,1.3925577535803245e-06
0.0174533674138085,0.00011703849417956341
0.0033219579979718,5.868299551452308e-06
0.0060256680056462,3.11029867273849e-06
0.0127109846624931,2.1491285015792517e-05
0.0118666659045668,8.064664501578711e-07
0.0089020577111175,3.606446696641991e-06
0.0158470454569023,8.893877833281684e-05
0.0172861526778248,7.114084824842547e-05
0.0052940160194563,5.667999695060684e-06
0.0011449304151574,4.453222702672297e-07
0.0081872366865149,2.2138198668422083e-05
0.0035029809589955,3.9916339059082025e-07
0.007625881377979,1.0975466798863634e-05
0.0029074922633939,5.438597651672592e-06
0.0106290989120727,1.8450080503743213e-05
0.0096229470338554,9.91442792793698e-06
0.0017457819416985,1.0456092777767593e-05
0.003147758229683,1.907169773005967e-08
0.0086381485855004,6.296745681579426e-06
0.0079130673982321,1.0958612428781939e-05
0.0002006070874426,7.01250170730056e-06
0.017549955503044,0.00010347051996074138
0.0061469282504503,2.3792019223741514e-06
0.0156160901535992,3.077864527497597e-05
0.003886612345377,1.4073239602938705e-08
0.0091140027084833,1.8100701912963836e-06
0.0148523250197269,3.249372840538638e-05
0.0163430779261284,3.9270681621109004e-05
0.0009576943543854,8.570773341134983e-06
0.0068149802466082,2.7424851703175397e-06
0.0129593438863603,6.542555429006371e-05
0.0125099319757348,4.833665597063022e-05
0.0153833648998664,5.6904572628051045e-05
0.0192535532496435,0.00015015096562725523
0.0073953102715237,1.8619954147681193e-05
0.0109623925795102,2.30405154208817e-05
0.0173394823687149,0.0001305473327433651
0.0056586258288827,5.808604848556886e-07
0.0088649480032205,1.4731808335606631e-05
0.0162450982406158,1.3073260243964426e-05
0.0185607431999495,5.806094481270992e-05
0.0170859093545054,9.946354821703995e-05
0.0045878714403113,3.039349234193221e-06
0.0032999167988376,4.018422329774409e-08
0.0199771741734927,0.00010216788116042101
0.0138286180405573,6.445519457380831e-05
0.015935257390822,0.00010635814968076933
0.0029191445209376,6.540060318432805e-08
0.0027145519872381,9.06513309925731e-07
0.0131124499770521,4.2630079744894604e-05
0.003815886814077,1.0028885149338472e-07
0.0118960121755049,4.134539564173005e-05
0.0090355584628765,2.0046184068075615e-05
0.0186503405303893,6.759697118852266e-05
0.008848655912662,1.7999045304717705e-05
0.0033531501366602,1.6547041900926048e-07
0.0172506144259575,2.8028654562018475e-05
0.0017353499213052,4.865939836994894e-06
0.0177429887315876,0.0001171636651733002
0.0123579866792167,4.115792907312981e-05
0.0131497258885558,7.178599540601372e-06
0.0116427851141313,5.9555569997113055e-05
0.0185910150984953,7.244006647751713e-05
0.0135881649583918,4.810694277755767e-05
0.0065131946199832,1.3703678254049088e-05
0.0156634848005471,4.947670726174083e-05
0.0170703504192635,1.2304377882021867e-06
0.0105139974025409,2.628097635160994e-05
0.0186931362956546,3.622276930465689e-05
0.0014038445832624,1.1021380961880825e-06
0.0133369429453225,2.5079479970330646e-05
0.0012211006528614,6.4034442586654306e-06
0.0047327724071021,3.0585736067553235e-07
0.0091102249818327,1.2905494743318498e-05
0.0050078577562553,4.691260602362928e-06
0.0142438122273641,5.1607108306860926e-05
0.016680211547872,5.139241963136788e-05
0.0142112751465832,7.163071492728737e-06
0.0179243147834284,6.171800439218962e-05
0.0160511280562438,5.894533137520502e-05
0.0116362070921152,4.898305086739948e-05
0.0171639647985515,0.00011978008199096692
0.00924501289174,1.3460763157731169e-05
0.0026319875733655,1.3550193234461393e-06
0.019070392327185,2.8208017077158008e-05
0.0095211778665411,2.835487944164188e-06
0.0049210809116478,5.407404624916517e-06
0.0130129050318163,4.466031403476276e-05
0.0017654032191611,2.2393654590877084e-06
0.0134124595132027,3.84187704276457e-05
0.0120136274451046,3.594053878501547e-05
0.0185557212409159,0.00011249071660950857
0.0153044268917199,8.149087037737215e-05
0.0114895894923941,1.3631970956053686e-05
0.0052003452452336,2.2163699597294301e-07
0.0167045948585352,2.1783054123440713e-05
0.00831977247315,1.3443784370236368e-07
0.0081192161793411,1.4479501686817978e-05
0.010385211464825,2.1525761419708013e-05
0.0134241068221021,1.8876652392986537e-05
0.0155126445908799,5.7545358767980024e-05
0.0020276048505454,2.005425127024778e-06
0.0163977813200558,4.78406042601539e-05
0.0117193355214035,3.6417546915498696e-05
0.0144428706706111,6.610465766635848e-05
0.0077176499387616,7.631410023954707e-06
0.0033026238642817,1.349045470101985e-06
0.0059929073369595,4.3630235123623795e-06
0.0146925898598864,6.957436570205706e-05
0.0072954087064824,3.782363079813157e-10
0.0081847617824686,1.7466084068765646e-05
0.0076120172273216,5.370450496109866e-06
0.0147272648968003,7.07355023499171e-05
0.0028765750964478,2.9597940252694546e-06
0.0089565851641044,7.70539414487773e-06
0.0165186671746241,7.584216779439036e-05
0.0110117384916178,3.544021707037345e-05
0.0028648203428804,2.601770554775204e-06
0.0067611868307957,4.473221524731719e-07
0.0112115075544655,3.211034660359779e-05
0.0088763472857914,1.276056813628344e-05
0.0029853378248266,5.483506365352915e-08
0.0174068256560859,5.4426962403760835e-05
0.0137712027283322,6.747471487083825e-05
0.0141222671932797,9.976435967801537e-05
0.009131858261653,1.9414212059603615e-05
0.0037188299207914,2.0139049589805807e-06
0.0019035634543568,1.271572650135522e-06
0.0033097905524009,4.369676945865057e-06
0.0191099898115287,0.00014769748999662256
0.0051710743232777,9.54317939604992e-07
0.003587512322521,1.6589593004847607e-07
0.0002600730032098,1.6544032882964751e-06
0.0135630550665776,3.1600590260847675e-05
0.0109725230174567,9.116825937715362e-06
0.0038175684280619,2.662802256014975e-06
0.015114653371987,3.314289673002014e-05
0.0129614013763959,6.809773618825436e-05
0.0158910890168885,2.189810412336871e-05
0.010560153116229,2.6291899648978076e-05
0.0166445714933309,6.4812949974912576e-06
0.0121604711324919,8.830391340332664e-06
0.0174538113552699,6.48611343046224e-05
0.00523648494863,2.3337528017868087e-06
0.0180128987130895,5.088216411362651e-05
0.008304256097968,1.4580340784271874e-05
0.0019421201672181,1.7170732598069763e-06
0.0182781620723619,9.018738346728383e-05
0.0117275578696482,3.6135029581277734e-05
0.0144698810498479,5.5799975369014226e-05
0.0167171452039661,0.00013531950274017236
0.0050706709044537,1.8679159216581492e-06
0.0064997313810705,2.3286970485526646e-06
0.0013647730624416,6.510184655950034e-06
0.0134468693226918,4.506934106661771e-05
0.0107180626360427,3.697424102432547e-05
0.0025488337806486,2.074366755460094e-06
0.0049087318100198,2.2030024719380277e-06
0.0040789600298443,1.910927498318364e-06
0.010177467488324,1.8108306673220903e-05
0.0182361128171445,1.9675487617495458e-05
0.0049076625671704,1.5099983138059735e-06
0.0049555035406543,4.005093207648212e-06
0.0049902152107229,1.091111474973901e-06
0.0083104930462256,6.21231539951591e-08
0.0055588397027996,8.401101906870905e-07
0.0141868359608822,3.805824795265213e-05
0.011282706725686,1.5379360455320166e-05
0.0113185954833107,2.4837625226853762e-05
0.0008072251435539,8.826613517991694e-06
0.0077126184950028,1.1021062109134182e-06
0.0184311163439553,9.367462847637786e-05
0.0070739304072977,1.1782424696005975e-05
0.014603701809345,6.0264857836819494e-05
0.0077261118675212,1.1854199933701463e-05
0.0054818426472512,1.9126343377567977e-06
0.0095953498743082,1.6838585379362656e-05
0.009135347480184,1.0813106312974316e-05
0.016642331406723,5.965251414786779e-05
0.0097251091209413,1.5276488638062715e-05
0.0140223443999961,3.782186349311264e-05
0.0139716492727509,2.9249489964512343e-05
0.0066222451420338,1.1669991394261682e-05
0.0067372845352321,1.8914043964126406e-05
0.00247751585953,2.952107342548884e-07
0.0092675312188441,3.1064050900482586e-05
0.0041063846670296,5.333245665676325e-07
0.0146178131856563,8.694647836081428e-05
0.0088064409518484,4.0269878698130225e-06
0.0189035426293893,3.466794610328165e-05
0.0096697215318357,3.245962143635798e-05
0.0057296725723377,6.515743635402585e-07
0.0193258647610039,0.00012286335362408877
0.0189975416975446,7.74194470731993e-05
0.0075395110128899,4.3659353908733315e-06
0.0044970836607582,2.8174977937372717e-07
0.0069686756016656,1.0363913069879024e-07
0.0096818650342513,1.4055247666545328e-05
0.0147339371349361,5.022433775482842e-05
0.0003402365550681,6.602168309647935e-06
0.0101083213309188,4.3003882750904134e-05
0.0037826595930608,5.905281374508496e-08
0.002304830814607,5.325342619589298e-07
0.0026752662899703,2.517753487473603e-07
0.000512000854805,5.355603278241742e-06
0.0160174325495555,8.918354994349368e-06
0.0194894251657482,0.00012086261582393131
0.0151387903956581,4.8160861557448444e-05
0.007192707518323,6.785396276831507e-09
0.0185831787212408,5.536705764126714e-05
0.0029810520379799,1.6540276699183367e-07
0.0093761688246359,1.1309761870133063e-05
0.0047450569028572,1.1180025847916245e-06
0.0069381571400443,3.8272804901155615e-06
0.0050384771494078,1.4735723034752263e-06
0.0162425637809407,7.318415694684309e-05
0.0137661376773536,8.126864214647617e-05
8.115086252135307e-05,8.833010824170373e-06
0.0192334010535326,6.661922248499135e-05
0.003387059556685,7.227037879203136e-07
0.005501656765567,7.119763473838879e-10
0.0103997708552328,4.241219891382565e-05
0.0055203801639525,3.573221746413701e-08
0.0167804667594416,4.869102228163686e-05
0.0014398223664961,5.32041157156123e-06
0.0036090761208242,7.364844197404456e-06
0.0032535507517336,1.625747671112437e-07
0.0147044758675503,3.6275561202247374e-05
0.0124456506630137,9.664191924687632e-06
0.0064460305352921,4.610764365722592e-06
0.0035510703579988,1.8453435207880268e-08
0.0173525954085125,8.326974335425496e-05
0.01321271669178,3.230324003898161e-05
0.0138487996173275,2.084797492492966e-05
0.0123476717586784,5.994619122388281e-05
0.0113686236789468,1.7961460042451145e-05
0.0012090493423625,3.1670754506523617e-06
0.0098399927629309,4.909313214660707e-07
0.0105266900681487,4.128388232029974e-05
0.0027455878016594,3.0128350940985483e-06
0.0111174789190193,2.841041572113364e-05
0.0087822908072997,2.3236735282846215e-05
0.000547434273467,1.1733570483938475e-05
0.0077509503180795,1.5435026608741867e-06
0.003883358584513,4.284354090640454e-07
0.0169521475512424,9.61800573551374e-06
0.0059900318007861,4.071135755905879e-07
0.0049722497788786,2.347363092169074e-07
0.0185823160179796,0.00010566045803160073
0.0139712804288182,5.008722773990977e-05
0.0126010276222265,1.9304247221135274e-05
0.0017865521158721,3.1982934282153677e-06
0.0014773485360774,8.531521309489361e-06
0.0100932432537956,3.479891962006236e-05
0.0004783108759824,8.82317459783747e-06
0.0142001451318346,3.124037399768597e-05
0.0068199349015518,5.0560029122022e-06
0.003391853363823,3.38825991703287e-07
0.0071212782539885,5.928093256073544e-06
0.0005836557928526,2.2199897592452153e-05
0.0071082388030315,1.7040660494968006e-06
0.0132044010873745,2.4098080701350284e-05
0.0153411950766978,9.857158162759716e-05
0.0002852676983822,2.404110291806117e-05
0.003487179302892,3.1016927480541617e-09
0.0062135858194652,1.1724151486378464e-06
0.0175530558230823,1.7094056403055206e-05
0.0042921273472797,2.276701098042433e-07
0.0160098417524416,7.602303526704304e-05
0.003784586638172,8.129020095308188e-07
0.0023795446412218,5.830065534441643e-06
0.0105916138692472,3.11530726403488e-05
0.0180316258939266,0.00014432412573508116
0.0036005156677518,1.2112076024511418e-07
0.0126693757322368,3.312741020405425e-05
0.0163899250718305,6.314093641864312e-05
0.00508115502177,2.202159371552001e-07
0.0036395273140665,4.059336578001648e-07
0.0150595540530435,6.105040815615546e-05
0.0056571314209833,6.40840705976534e-06
0.0164961833147462,5.688392917662258e-05
0.0148063315482907,6.355987641751183e-05
0.0004155330595773,3.627945852775596e-06
0.0115217656300837,4.8570224056519605e-05
0.0154403869881355,8.02807245628985e-05
0.0116288475485652,1.879908634954246e-05
0.014876991909338,5.6160722758672834e-05
0.0117305802148105,8.79902657823238e-07
0.0030917097190564,6.145860923355749e-07
0.0040879624154663,4.760811540777259e-06
0.0136268442152253,3.958673850643699e-05
0.0049292169319449,5.851830147812945e-08
0.0140785198704291,9.43543872415027e-05
0.008656066867427,2.1897569123499637e-05
0.0101176217599431,5.8036560794917505e-06
0.0147931033322751,5.539776874397713e-05
0.0100417551694481,1.4641634854242623e-05
0.0169238281449755,7.89980798280872e-05
0.0002880166773797,1.2705243404352188e-05
0.0196546647743313,7.319316092702424e-05
0.0020504842580471,8.08538689938985e-07
0.0069147769127249,1.1636867236705392e-05
0.019435003150995,9.097977260207093e-05
0.0164345122307215,7.724365201374118e-05
0.0195908621597873,9.059770274769886e-05
0.0174962734903381,8.66250935942411e-05
0.0105321547683607,5.357352663337449e-06
0.0058183161074274,2.3759432516766263e-06
0.0067885367180545,8.468746871156766e-06
0.0137176696945966,3.6420873954412895e-05
0.0154134062708783,5.340249067071784e-05
0.0036105060347748,2.405272438863253e-06
0.0057006941168146,1.9092084418076064e-06
0.0013268212548845,5.349150182153281e-06
0.0151665031728232,4.394338453336002e-05
0.0112587456574425,3.0410899807801137e-05
0.0040537572270222,5.934289561815359e-07
0.0165423054819988,4.52313057877238e-05
0.0165046424301558,3.059039341204091e-05
0.0072058249535184,7.0349432416754815e-06
0.0011629314799487,2.545444917834194e-06
0.0077258109006539,1.2402647754317748e-05
0.013521557475029,3.628604062963815e-05
0.0013898374966187,7.086490015346136e-06
0.0039142173608814,2.213534768711585e-07
0.0176658763785244,0.00011273873267501315
0.0185556447958156,0.00012668581458676075
0.009087960652819,2.4252712167757926e-05
0.0141724849345016,5.878527050101288e-05
0.0050314276095203,1.466192616157315e-06
0.0122210472983242,2.8401595475836285e-05
0.0178872998802233,8.242827447912806e-05
0.0105882121616616,6.850209385661227e-06
0.0142551374034,6.76621958808305e-05
0.006324293637525,1.0816859233665258e-05
0.0061879795058796,3.85548523687654e-06
0.0054529286616926,2.120259049233234e-07
0.0185760169162976,6.757508328598191e-05
0.0190391955483814,0.0001285987001834083
0.0165660158808504,6.429713821009353e-05
0.004166154335177,8.36317075272946e-07
0.0144477485319928,3.202563949484847e-05
0.0151149242224508,2.170640376197345e-05
0.0143007292249263,6.790128289166967e-05
0.0074103677847216,8.144224429978859e-06
0.0126948739681807,2.2155177105385486e-05
0.0179028537334482,7.511297317496521e-05
0.0113663603513417,1.3541865924441798e-05
0.0087545471633701,5.0590074489937583e-08
0.0198981667766894,0.00013214600103572728
0.0189107506958641,5.105364167597487e-05
0.0110989255961688,1.0417416807292953e-05
0.0039635854250321,7.833129328360123e-08
0.0038373091279735,3.047477665458878e-07
0.0138878875924565,3.403194785871793e-05
0.0087182648308721,1.1025849236888742e-05
0.0184463906410482,7.109323815356141e-05
0.0055023056025439,8.996505430268539e-07
0.0118392877477964,3.782112771238816e-05
0.0034943410011628,1.34408928804545e-07
0.014123512808706,3.512080245118866e-05
0.0089513856380347,1.6288346090248667e-05
0.0144237095614313,5.3808836956518865e-05
0.0196357810412947,8.607559339207452e-05
0.0054860699730902,2.8390203887769364e-06
0.0103780012762249,6.043492995798594e-06
0.0074672175925814,1.0113210535145574e-05
0.0137677590552302,5.883710687760892e-05
0.0116376946354235,3.726211178953663e-05
0.0149704865701599,2.8618661528516664e-05
0.0050493925536833,2.5017520981328726e-08
0.0154160712052528,5.6144392021984586e-05
0.0124174081272055,3.84234141650715e-05
0.0057485840853072,8.29764664151491e-08
0.0194781376678332,2.602632045295956e-05
0.0027440227253109,2.97675092332405e-06
0.0112336351906875,3.495918601654219e-05
0.0029042701031611,1.0991685201732421e-06
0.0092838865151052,1.2165645422294424e-05
0.0070494755702278,1.8998402858762305e-06
0.0005033081550493,4.621142758868212e-06
0.0028847720607005,2.225500675250609e-06
0.0162401532808231,2.2331158419497515e-05
0.0108751565395569,4.869236339848606e-05
0.0003266838506965,4.497234582708368e-06
0.0162973651903369,6.105289087837836e-05
0.0131169743460751,8.118155379273601e-05
0.0067485084545692,2.936535997372937e-06
0.0001750555584235,2.1117734092108286e-05
0.004306871208067,7.66295514466277e-06
0.0041538342410296,1.24555477923401e-09
0.0102310128707913,1.5711065006089327e-05
0.01154112466524,1.68051148411351e-05
0.0063842034207985,1.5073378454541763e-05
0.0031824081304625,1.0153927470609091e-05
0.0076782747679046,5.197824127595499e-06
0.0039336605534933,3.934228781411995e-06
0.0108954311679667,6.926829120064794e-06
0.0174941287388817,1.672751066907143e-05
0.0015028391898262,1.5220970817113102e-06
0.0079370174296854,1.6363192054032056e-05
0.0131031176467477,5.6473405742716275e-06
0.0019875199679869,4.0906393275993303e-07
0.0130852530318015,6.113586729677002e-05
0.0057354295965845,2.3536394179976845e-06
0.0081874941367506,8.915344951866447e-07
0.0066319264213274,2.329512446987221e-06
0.011297384869245,1.6094663930437695e-05
0.0097849471477948,8.150219847633139e-06
0.0014941031366353,3.1858977361906473e-06
6.844748875381112e-05,9.976694498771611e-06
0.0170487912725546,3.4604583745264626e-05
0.0076910771765223,1.539067843473108e-05
0.0030681324129855,6.592609929970024e-06
0.0075843618861493,1.5359264082590058e-06
0.0168325772598801,3.865339682368861e-05
0.0150829702752988,2.6826711220824866e-05
0.0081089791960785,7.679700526073944e-06
0.0035049783211199,1.4677104645188394e-06
0.0072448530229338,3.0683946374872003e-06
0.0092887891028839,3.7596720885757755e-06
0.0126844611966031,5.5858770302234555e-05
0.0063253306137785,1.331472431033537e-05
0.0086354912786519,2.10930429240134e-07
0.0084870266419904,1.4398534985337714e-05
0.0157723679198366,3.868323243573735e-05
0.0146070186801848,1.821686365414168e-05
0.0140478823064185,4.445192569306498e-05
0.0127970865006141,4.281624942010286e-06
0.0028310204808313,1.0931767238771341e-07
0.0123145437465891,3.329993286287674e-05
0.0089893639220602,1.651344472343575e-05
0.0021996504536014,1.828519432080395e-06
0.0054347400833502,3.1953360511379034e-09
0.0157079876571225,6.488833527526865e-05
0.0007708426632236,2.1972435289384716e-05
0.0087817902037253,7.130301341548146e-06
0.0073539594432307,1.8512955843730878e-05
0.0196466854583238,1.4502275629707339e-05
0.0166085438260558,8.505955105883019e-05
0.0099206794940338,2.906074511168893e-06
0.016954499485024,4.022250623848578e-05
0.019689905083463,1.6773852273968366e-05
0.0192642513934037,4.087516404514515e-05
0.0127146934558219,3.930174645802845e-05
0.0197407046418681,8.984375125579766e-05
0.0105044519802418,3.104950871837303e-05
0.0019518284922416,2.6763702720453786e-06
0.0038811787032116,9.332477636604663e-07
0.0059719450297763,5.48186739987322e-06
0.0128348753547396,5.4150918201389035e-05
0.0190643518109367,4.660668859130548e-05
0.0181304842358332,9.116074208291852e-06
0.0153691302471564,7.318299985582009e-05
0.0141902930118797,2.9550466045911254e-05
0.0079249508633769,1.4053552730246268e-05
0.0012773800780943,3.6075138004182965e-06
0.0160938995073116,6.780695899931795e-05
0.0102874241510816,1.294258829646541e-05
0.0160951135145008,2.6915217985846142e-05
0.0170645398620417,1.8891927202483377e-05
0.009050193769058,1.8930199223424677e-05
0.013724397920645,6.996242307328148e-05
0.0149255330142795,4.472744706168088e-05
0.0008746719081996,3.6580078636345435e-06
0.0023149455557134,1.3720644246810226e-06
0.0190652945988047,3.79523074963342e-05
0.002213123842798,4.869594636838224e-09
0.0181193915226927,3.970200561199459e-05
0.0180398954832066,5.613333697593971e-05
0.0036185545700077,2.5118902011137984e-06
0.0102093513787248,2.795110404172113e-05
0.0062214795256766,3.82154983175046e-06
0.0050315345233687,1.4932937822653842e-06
0.0104386146157024,2.97152835987046e-05
0.0185319503523066,0.00010386884344499108
0.0062594683150147,5.332935710489476e-07
0.0159361911411887,3.255640705352318e-05
0.0032252548660515,3.192998051116813e-07
0.0062452967067887,1.5001505335689508e-06
0.0012923901199685,1.0130415616158374e-05
0.0064742363682377,1.6497105574053573e-06
0.0016344340251791,6.263594302981776e-06
0.019313443455043,9.95501522924498e-05
0.007201907504723,1.089650132772422e-05
0.017366391863341,9.749038623799631e-05
0.0137292578036311,5.0842638882744965e-05
0.0048467162899275,7.780878023646944e-07
0.0139266315908634,4.14432206490551e-05
0.0049465488241733,1.862603804364728e-07
0.0109464538525544,1.6163389232633057e-05
0.0035902865575281,3.931500916044842e-06
0.0095551428670734,3.6729414231127264e-05
0.0189869160362423,0.00012044384509486414
0.0134653370493535,7.288217561172741e-05
0.0103357895894087,5.602321608690198e-06
0.0063762890276043,4.871282726875274e-06
0.0138117747902859,3.514980508863012e-05
0.0166955041675703,5.404214844771815e-06
0.0162200311960275,8.759038680588385e-05
0.0190457340515008,0.00014543042146681657
0.0185129853849774,0.00011771684952769523
0.0198166720948121,8.43213223813384e-05
0.0067038207405333,2.160714439434152e-06
0.0089207569068796,2.4889659457163266e-05
0.0093525474934611,1.720484798220751e-05
0.0195811055072359,0.00010184140470574677
0.0066289082200576,3.6976250398075946e-07
0.0039732471042229,5.866651967153909e-07
0.0159110642867602,6.560244767302654e-05
0.0104329744597359,1.5472316079886054e-05
0.0140354035618971,2.8012608907075568e-05
0.0079339103505728,2.1812159253690053e-06
0.0016577827803782,5.30772350241786e-06
0.0180545772985265,8.5493680192193e-05
0.0195612952752801,0.00012765851971623202
0.0167346507875779,7.918182444894375e-05
0.0035089950807975,9.954861439960936e-08
0.0046999577385962,1.8346354225972367e-10
0.0193577915705925,1.5107016654657121e-05
0.0059334154019563,3.833983865584669e-06
0.0078955715505942,3.0189064041288923e-05
0.018776957758221,1.7813635794857303e-06
0.0007355899009363,5.212801405969127e-06
0.0093212710307743,1.3868942534456321e-05
0.0113509764843704,2.3285374055315596e-05
0.0183187785505511,0.00010163437940121079
0.0084952019541593,4.119061568947058e-06
0.010394877002729,1.3355708543881172e-05
0.0010200812648015,9.774485778992291e-07
0.0026517323964396,1.9282503688263465e-06
0.0165523728005844,7.850588616176193e-05
0.0155441350644575,5.394486929127606e-05
0.004523429610066,4.730306870774177e-06
0.0142815119540303,2.8337154466942258e-05
0.0014996185832368,1.0152966070774805e-05
0.0199929660511914,0.00013218167466905452
0.0112545379662926,4.3217529550324465e-05
0.0032739951116867,8.598424959964136e-07
0.0056727627291075,7.879169527330791e-06
0.0059363679836447,6.344475096453852e-06
0.0142871609032468,7.506046582434553e-06
0.0012990684182714,6.2880783543811115e-06
0.0078326320386257,3.014539386849717e-06
0.0189639106515209,9.625071347200493e-05
0.0071956668085538,4.874772363478932e-06
0.0073067868715248,8.262756581282602e-07
0.0120966902795535,2.9909054547834916e-06
0.0008057799945581,5.492194593678064e-06
0.0156594285235606,5.371011179327561e-05
0.0083476674752443,1.6022030787010108e-05
0.0143142960318514,3.7311455715900314e-05
0.0053588430617293,1.157182271949072e-06
0.0055974389313979,2.2326649632528617e-06
0.0134481255614025,6.503431159202485e-05
0.0037576295241384,4.5381667090717e-07
0.0183539005478756,5.494066057233196e-05
0.0116182968462955,3.657922996621991e-05
0.005833151183931,4.4996151055647197e-07
0.0120264352534305,2.6130028589343565e-05
0.0175383319883118,0.0001028066906810188
0.0127116222613342,3.145981098990392e-05
0.0069954686257539,9.880354308052715e-06
0.01169348799276,4.066346258658764e-05
0.0116828698604645,5.377458540803194e-05
0.0131142773021857,2.572162719674106e-05
0.0052561663903274,3.832688907032095e-06
0.0179649019695937,6.429417351272282e-05
0.0117754936934498,6.150370807282754e-05
0.0122244717967403,1.7934262796449456e-05
0.0144427463611733,4.157481287717639e-05
0.0132517540602319,2.522410547633002e-05
0.0079012160153394,2.6875583097954416e-06
0.0173560842278511,0.00013931479460110654
0.0074141046400276,8.34326267013293e-06
0.0166386731033096,0.0001164598052408881
0.0139473267829216,5.98238112634873e-06
0.0120687775800299,2.688558092403451e-05
0.0031986153767078,5.373589722175299e-08
0.0085700437015131,5.031431054802315e-06
0.0175359335266666,3.578333968433862e-05
0.0146957877362826,1.7527521371402272e-05
0.0181761143197204,6.628919477783084e-05
0.00355570651112,2.29931339255614e-05
0.0031360056226703,1.1660604274236679e-07
0.0199881992353125,7.515726678673243e-06
0.0182920182064676,5.887215605689102e-05
0.0018882230957754,9.979016023304962e-06
0.0091688983991573,1.2128959535179704e-05
0.0001865819364321,1.2376534898490023e-05
0.0036838274197189,2.4146775891468872e-06
0.014529560481736,3.1432228599043103e-05
0.0140166952545319,5.467449160097523e-05
0.0099280744622418,2.1697839139951145e-05
0.0187587111347782,0.00013311866456773452
0.0094951989843256,5.270384610104368e-06
0.0084409423278987,1.754160280186079e-05
0.0035430291836755,5.060361643401079e-08
0.013861992024841,5.060848273052819e-05
0.0059064665993448,6.613158869291473e-06
0.0076989383415978,1.12215702011286e-05
0.0158291005704449,2.18683951356173e-05
0.0038279207035392,1.1004444259692495e-07
0.0152068796259645,8.757570555596625e-05
0.001227117989027,7.3876268462967e-06
0.0066239952412571,1.4116581178906547e-06
0.0063764697179246,7.027193161959024e-06
0.0150387028370564,6.072500197544681e-05
0.0053903001756871,2.6859227387551203e-07
0.0124620930252165,1.4765554453397752e-05
0.0078172686722267,6.6403176927741364e-06
0.0111876716954436,2.3202323920898133e-05
0.0002505374545726,7.883624019999567e-06
0.0146551525412941,9.033137864041503e-05
0.0194110605211317,0.0001604448280530719
0.0067057558416537,2.658524068661246e-06
0.0135475572511605,8.801496966697202e-05
0.0106783698948373,1.6329403689145235e-05
0.0125598732157421,4.377714051382624e-05
0.0140851305166645,2.939856356282336e-06
0.0159068740360005,0.00012068809858294893
0.0135373105639889,5.851467861995516e-05
0.0165230389984657,5.8648560672214146e-05
0.0188859169290458,0.00010859542307449846
0.0068784868839319,2.7937335252904273e-06
0.0004890714252157,3.968783263380542e-06
0.0087125398311883,2.2172998372667463e-05
0.0074948949222756,1.4095976689283954e-06
0.0112331830490598,3.283368772126276e-05
0.0066946951796271,1.0156100961935729e-05
0.0151957208480649,5.688441659027576e-06
0.0010748935349277,7.73591187905961e-06
0.0001312649055441,1.494169324321173e-05
0.0112047998546709,2.5981608371502407e-05
0.0137457238879761,3.853096657882153e-05
0.0157113150042275,5.939434335401678e-05
0.0152245123321353,1.8829829561072917e-05
0.0014134453177907,3.6791226288723524e-06
0.0023816670147073,1.0848864837502465e-06
0.0094746031388641,1.3524054872118869e-05
0.0061184034227239,7.803335860579961e-06
0.0142830174570122,5.666436583113694e-05
0.0184030018627882,0.00015105954717436053
0.0123617960089361,2.210826833771791e-05
0.0078972156825904,1.10881960004018e-05
0.0093074488123477,1.0073025732991899e-05
0.004277731238196,3.1655297880853967e-06
0.0184591878055126,0.00010674927057920633
0.0036241805592006,5.937867633311486e-07
0.0026066178459024,5.401536875137407e-07
0.0125220736530194,2.9917552373899233e-05
0.0011567273819128,1.0629511302511654e-06
0.0124447988851584,2.3028153303559267e-05
0.0047973625498557,2.5869931299082546e-09
0.010496042674057,4.100099836584041e-05
0.0016975243859361,7.99492247726949e-06
0.0047869415563616,7.811552578545101e-07
0.0114864536157739,4.673905247843648e-05
0.0195635821395249,0.00012593513642774172
0.0118177414741635,6.651859609427372e-05
0.0132469265967033,3.3700418294143124e-05
0.0166192451063323,9.05193652960166e-05
0.0030375762118234,4.236005843253955e-07
0.01539012503563,9.033212583085907e-05
0.0045048625556066,9.23958295198529e-07
0.0021038388712962,5.565468710839976e-06
0.0027595835349347,6.402806000955405e-06
0.011798423673304,2.782038173377197e-05
0.0085805374929109,1.13964490036278e-05
0.0149115187665661,6.072757323163957e-05
0.0097726653143962,1.7773937073473742e-05
0.0118561313088157,3.6382309275977175e-05
0.002259556647841,3.4629849995121057e-07
0.0101668499203462,7.812106109720078e-06
0.0197016841541152,6.473614619842302e-05
0.0068046808273386,7.163188176169006e-06
0.0147295804557373,7.525538685858683e-05
0.0018630525810446,7.990348773605682e-06
0.0051492472838882,6.23949048038775e-08
0.0122613328208233,3.798643775731403e-05
0.0123638302339676,5.838330618568472e-05
0.0129259657555745,3.2507107961538044e-05
0.0147552923719779,5.1504188710060755e-05
0.0072297538340737,8.274559431672332e-08
0.0195741712144839,0.00011322579819183449
0.0080135201914425,9.467706593464008e-06
0.005946416585602,7.511941581340642e-07
0.0143241436933231,4.278511846071578e-05
0.0015119641779854,1.4664713235948944e-06
0.0172356319429619,5.9782630040124616e-05
0.0096717957036611,2.7360482640777003e-05
0.0014689849578456,8.89486353995222e-07
0.0108643688462066,2.9856490800777363e-05
0.0040435040990965,1.2345448495259543e-08
0.0145320210181917,2.0747980424609313e-05
0.0068443600999081,1.525629131238183e-05
0.0053816116448005,2.779067547551085e-07
0.0169610577274417,7.63885526718123e-05
0.0014530859654535,8.623907192308944e-06
0.0187499616492574,4.8824050299903605e-05
0.0165397844841576,0.00012689075596274013
0.0041794744164264,1.1533595034946151e-06
0.0156079323362099,4.242397603474384e-05
0.0154749415529105,6.780406716838333e-05
0.0087466343924352,2.5139726930575274e-06
0.0145427905473923,3.816216460695264e-06
0.0009730716366293,1.001306580485983e-05
0.0017528386840763,5.846110886079408e-07
0.0024527897236475,2.183903632295366e-06
0.0074239481505819,5.1272338082183215e-06
0.0121637192593595,1.018970354249059e-05
0.0133088060415063,4.170833793545906e-05
0.0059929953923607,6.982041060616169e-06
0.0039229825982517,1.548148736634387e-06
0.0021710122986945,1.253630223160382e-06
0.0042364798876111,2.8319126969847836e-06
0.005874574586674,1.4102016293448764e-06
0.0101576227574688,2.010443151069944e-05
0.0194602766766082,9.01291057430316e-05
0.0181262843700454,9.672328281781649e-05
0.0085039304386191,8.594318143942374e-06
0.0166902513049548,9.445567698615067e-05
0.0097927308295593,2.295062540507132e-05
0.0127305487609101,1.7407307309030583e-05
0.0056416507405931,4.6230617038570015e-07
0.0113929777764193,1.4996736104901351e-05
0.0064042000034204,2.4938558866957667e-06
0.0152681186700059,4.457032114043453e-05
0.0035450148105636,1.8158140159863682e-07
0.0089793250604648,1.5983687929919616e-05
0.0051716967260769,2.3378661390457205e-06
0.0122446645634637,6.726794620862742e-05
0.0081298856290816,2.0134938027211286e-05
0.0131055848465905,1.919628362010498e-05
0.0193363988936481,0.00013752603153356058
0.0059587405136575,2.8095757623803052e-06
0.0099956537062159,2.482051171380467e-06
0.007989580252488,5.839435591467081e-06
0.0082039334049934,1.0746878998402753e-05
0.0160540727705121,5.716603739966855e-05
0.0091015606954313,1.4643986034335855e-05
0.0077961560039635,9.677095473430673e-07
0.0198223130019382,0.00010960521365287925
0.0178987873094164,4.29290713689947e-05
0.0031916604474708,5.659144226490343e-06
0.0159065236373982,0.00011075820735233068
0.0128325487324366,3.128647012439867e-05
0.0163771577528442,6.928639131228276e-05
0.0103814853379826,2.0401839230206216e-05
0.0171975615840999,6.940874228718141e-05
0.0089384377757358,1.816862008070823e-05
0.0089817423228877,2.3090122754865563e-07
0.0090226959388687,9.525627701123228e-06
0.0107221163124513,1.57933771240252e-05
0.0108024522095913,1.376273572579208e-05
0.0178917041646049,3.703115880860722e-05
0.0199744901008016,3.5324771060987456e-06
1.0909593760759506e-05,1.0123315943742217e-05
0.0052546865197599,1.825471486498032e-06
0.0015536227966373,1.2738871182600676e-06
0.0119657710985822,2.2384408252473356e-05
0.0174543931841317,7.78487779218042e-05
0.0155077734006257,6.633962532179264e-05
0.0041761433982863,2.893772747990077e-06
0.0043323102041108,8.091062290466978e-07
0.0013886592325339,8.278003378348721e-07
0.013989786912422,4.807860607215745e-05
0.0077939410973783,1.6547723602540675e-06
0.0195131064943355,8.239578427710052e-05
0.0025351461176636,6.110071686050043e-06
0.0012089600894662,2.1288782970325497e-05
0.0132885561236,5.222665273473245e-05
0.0057698833477198,2.5285918574622e-06
0.0003600277584193,2.494486859361818e-06
0.0118570184015031,1.7474492443989634e-05
0.0097604073580445,5.737121271059819e-06
0.0083495806888537,1.7025289638127556e-06
0.0174539465730173,7.676669639447548e-05
0.0103263351544168,1.55629695088349e-05
0.0075419971557643,7.776491662583144e-06
0.0194637442156485,0.00013466576512916447
0.0185438547669895,1.7693675208202377e-05
0.0025107203131754,9.155854980237466e-06
0.0117176855786905,4.6269683489247655e-05
0.000330482287938,9.018530032358021e-06
0.0043858836552676,1.7444056599485743e-06
0.001299794261585,3.973073029427853e-06
0.0009807530066195,3.24984260309972e-06
0.012941110994422,3.615255746617189e-05
0.0100352916032285,8.232636083271106e-06
0.0161882624858521,5.446387527434868e-05
0.0147560498846568,4.4406654338442826e-05
0.0041510444142362,5.679202038837434e-07
0.0165765572303741,7.364496084307507e-05
0.0104818707454052,2.7352600675312365e-05
0.0099714543651121,3.254538136218363e-06
0.0137958509820497,3.7997147455726525e-05
0.0097300829512614,2.4156977367877234e-05
0.0122677680799686,3.501824390249305e-05
0.0011242096280053,2.8375920240080502e-06
0.0059757749985788,9.30998621899599e-06
0.0167822430588558,6.74993879304122e-05
0.0176790069290598,6.203400992461652e-05
0.0191805278071216,8.71834386941375e-05
0.0197135566773186,4.6247902659985616e-05
0.0166514322194846,7.743801916551611e-05
0.0160941577611298,8.8400120243102e-05
0.0088907849891172,1.367962253775775e-05
0.0050575974191912,6.108355007540864e-10
0.006354137607638,5.534662298477985e-06
0.0149419784419741,5.0922137525002885e-05
0.0167772671365802,7.787575651835967e-05
0.0058392167872109,9.6644594140797e-08
0.0017849665956664,4.294471795120311e-06
4.2380528322159e-05,1.138005587104974e-05
0.0090555391088575,1.0083725829371761e-05
0.0197905342218006,0.00014079302310942708
0.0089998613849182,1.9024616718370992e-05
0.0008927628458494,4.331672397733058e-06
0.00806056208181,4.151069118618283e-06
0.0099262379884063,6.366446653935022e-06
0.0115457652466011,2.548718239273984e-05
0.014838642723803,5.1024410890543484e-05
0.002113232031749,8.721866222390415e-06
0.0051729220697416,2.3235419468392793e-08
0.0044030533514582,2.735290821956646e-06
0.0025815582446247,1.720056040275281e-07
0.0109714384525649,2.8964193143361018e-05
0.0003467964313211,1.1496873424077238e-05
0.0044039123636527,1.51960770981969e-07
0.0073417389109812,5.935369020256701e-06
0.0116621170408356,5.436622353728558e-06
0.0146694734933152,3.0469039884136807e-09
0.0102569878663139,2.922709723936565e-05
0.0187386036095202,0.0001177356493738646
0.0119587391511624,4.198359728757044e-05
0.0195420071866722,0.00019450559202862638
0.0106409739278329,4.5337290397733065e-05
0.0157765736845404,6.0773560949338245e-05
0.0085043687815484,8.423356381256881e-06
0.0037369615818141,1.0736089190960438e-07
0.009894366614963,1.1017483669242803e-05
0.0027970385352821,1.078855820420005e-06
0.0002023192843559,8.822531231496544e-06
0.0141884866404388,3.047934229253286e-05
0.0016236227408888,2.5942896892740123e-06
0.0052060123485058,6.232553039467003e-07
0.0030380311040425,5.1047550077535825e-08
0.0002940842937409,2.6508789122650817e-05
0.0132110542018763,4.8834266563426375e-05
0.0101564561995547,3.3770714568050276e-05
0.0028671436160393,1.0973643904203431e-06
0.006330831325317,1.125266108264667e-06
0.015596230611516,2.1041819491470337e-05
0.0130033312727625,2.8269408129008094e-05
0.0073000575093596,6.367185399432308e-06
0.0158180917250946,7.51456962455698e-05
0.0067019056793079,2.838043314804765e-06
0.0051045536266199,4.796620440427462e-10
0.0121382870630008,4.914650737088418e-06
0.0066634086242246,5.534856097620071e-06
0.0107409022927566,1.2324312176226932e-05
0.0021017762715547,2.2962579439438951e-07
0.0111345812614365,4.43761583875081e-05
0.0081098858844187,1.7044744947630582e-07
0.0128030356468116,3.139997978854338e-05
0.0133879931009904,3.503198423776897e-05
0.0186734134681428,7.82281369823605e-05
0.0063662806252571,1.4456876007811053e-06
0.0042161045298959,4.6559325901794364e-07
0.0167544185321206,0.00010893361286849784
0.0103361654723998,1.1206790767029745e-05
0.0180661054412162,5.664186814221456e-05
0.0039991167415273,3.010520321296176e-07
0.0030636420974058,1.469454822193758e-06
0.0189797204366772,0.0001234658950990145
0.0093324693971024,3.464442792223016e-08
0.0129040673048371,4.654016739437198e-05
0.005371189907841,5.342400532881054e-06
0.0083931294615197,2.649205889997603e-06
0.0101291247251533,1.4476417754937563e-05
0.0182238624052188,0.00010758497317528091
0.0091879332450612,1.3893899050981886e-05
0.016156157018623,7.862124881184056e-05
0.0197893776433431,0.00010763795861083287
0.0028998775722348,2.6696821649374263e-06
0.0048205470622268,8.333321408818898e-07
0.0142813693204837,1.0146549697817959e-05
0.0130720548977855,3.857648745615629e-05
0.0154196279462255,9.34310332558257e-05
0.0145687961399813,7.302815656615288e-05
0.009207003157016,6.375052437440752e-06
0.0160596128663961,5.3133660066144484e-05
0.0053197547645167,1.513223606998096e-06
0.0192127698869365,6.656621179149836e-05
0.0132854811017092,4.9382654589629363e-05
0.0101522395429726,1.0989432210485298e-05
0.0013161799840304,9.150845834636306e-07
0.0060526234549775,3.278758025489703e-06
0.0123675706299415,5.352622254118594e-05
0.0089045924130578,9.454901353167035e-09
0.0057732490730183,1.1671441656783207e-05
0.0183415925105404,9.314352051973902e-05
0.0089157066065005,2.6360840622146344e-06
0.0185228625468496,0.00011558411848708302
0.0040758923560565,4.2292352076609264e-07
0.0015055548819238,1.0636480035072586e-06
0.0073833276011546,1.5879382370811583e-05
0.0138962707758191,1.4571988794096182e-05
0.0177784755706029,3.126194964800555e-05
0.0006672221788309,2.6583430094479242e-06
0.0007689308237771,1.3372545285822522e-05
0.0095949218230426,5.7831639187594215e-06
0.0195121294232241,6.272913199414638e-05
0.0162173831589907,2.6023960702136877e-08
0.0164760858597467,0.00014048614992702248
0.0032244144988019,9.380145078618812e-07
0.0041577986922279,2.9348090279106545e-06
0.0153019584396403,5.616177437918551e-05
0.0120182532362403,3.687702557999731e-05
0.0133955382231521,2.8018561968879324e-05
0.0058636677898333,2.915990983527841e-06
0.0042126787335159,7.199556631334298e-07
0.0154304746903828,5.970222517148352e-05
0.0088616296259929,1.6384414945804985e-05
0.0198516551973928,4.0954668984645256e-05
0.009365852599018,4.7375113361219046e-06
0.0001803412279442,5.738031135519773e-06
0.011442582996347,4.191265030510386e-05
0.0133001430204495,3.075320076649651e-05
0.0122014739157437,8.816788172833047e-06
0.0071148986268396,2.8721279168038195e-06
0.0161087396597356,2.5730890254818306e-05
0.0086712603384753,3.5802101932770224e-07
0.0162346353636556,2.1638617400674268e-05
0.0179054173180597,2.6841005777954136e-07
0.0013833426170926,4.54560511184479e-06
0.007581657862958,1.2025745003802951e-05
0.0079700657894965,1.0705293679150148e-05
0.0061070558059292,2.302823272753781e-06
0.0158317926046619,0.00015711405740071707
0.0157166466088753,8.164177572872155e-05
0.0159776973659611,8.667882314202881e-05
0.019638321098329,6.550605778729232e-05
0.0152408707135811,3.0013194229079125e-05
0.0193030314578694,7.096702532800593e-05
0.009197576154373,2.763460084370422e-06
0.0092240039424324,1.5819185406129342e-05
0.0129870410989446,3.688505748696286e-05
0.0056978103546087,5.6968711345092855e-06
0.005617025670251,1.0300953804205845e-06
0.0068771689792164,1.0537681795801768e-06
0.0042453381742149,2.3925039544385197e-06
0.0173289674837633,0.00011290714628771863
0.0193893597249278,0.00010087448265147576
0.0178469684244349,9.017905826544942e-05
0.0162969564569029,6.65593455086918e-05
0.0193350208136288,0.00010200862842787632
0.0017014671112173,1.1793489284696583e-06
0.0141427556632563,4.4911056277762016e-05
0.0178477565265483,0.00010695644780333776
0.0139126247254002,8.044361470666399e-05
0.0160357049906615,0.000115109434505152
0.0120819429195602,9.817569886671344e-06
0.0089419113177589,2.1065113654272817e-06
0.0043159017384115,7.885964585554537e-07
0.0144376705108261,4.210976769951038e-05
0.0012445761097901,4.807258928061667e-06
0.0172470705751747,3.980699299683605e-05
0.0161834067651069,5.243114390988694e-06
0.0116972898133247,4.2607381381741774e-05
0.007158206964325,7.58731078946676e-10
0.0028572205977928,1.0861931348782157e-08
0.0086542295416084,2.496380183168336e-05
0.0171174086126672,8.190528207117095e-05
0.0144947719048402,2.184015208830168e-05
0.0007503589720262,9.478069607047026e-06
0.0184595264075282,9.074689288603422e-05
0.0188017824251764,0.00019006145774908895
0.0176477484746963,8.623019484184004e-05
0.0052365093620995,1.9292329589303806e-06
0.0006933992683698,5.513298193747911e-06
0.0013054365528416,5.6786209021170514e-06
0.0023997125064802,1.5885896632785663e-06
0.012453963557279,1.0925785276383675e-06
0.0147559588399992,4.253271795093688e-05
0.0160156982934724,2.2741596342989487e-05
0.0182251248865124,0.0001094655043567126
0.0175931970009241,0.00010265540046305102
0.0115701745493642,4.106485378419222e-05
0.0163284407022979,3.673985880005963e-05
0.0004445975809999,4.995897373156347e-06
0.0011148177647994,2.9897475237706154e-06
0.0115029164236568,2.1191436035911402e-05
0.0087992087969022,6.538580776739052e-06
0.0091846215741915,5.558884214326628e-06
0.0182554268848545,2.0829498176360922e-05
0.0158918380655101,5.9972846516292794e-05
0.0090316649671779,2.3008858106820705e-05
0.0061292364769576,3.6672373471889873e-06
0.0090275604625562,1.2806832868597113e-05
0.001452070973423,5.239775571158527e-07
0.0148157193437614,8.012171722579453e-05
0.0184718457410519,3.2429732974167815e-05
0.0161185416839313,7.16281510572919e-05
0.0044194831449621,1.0610145041215527e-05
0.0008388412710454,6.213592982722583e-06
0.0018627906797965,2.828809896534421e-06
0.007807001722617,3.1641669234446983e-06
0.0145626729883894,6.334665765596267e-05
0.0138939436631467,4.590353450180092e-05
0.0041108071177135,9.942818838638681e-07
0.0032569487056402,1.2407130956989218e-06
0.0073554227278533,2.162032443199161e-06
0.0181739712475264,1.4687075917753991e-08
0.0020584762130543,1.161889359399539e-06
0.0086649162656318,5.110904942193099e-06
0.0102111523867163,1.874149514240551e-05
0.0022742382606675,3.7728350632137144e-06
0.0017573845353378,2.404555755534809e-06
0.0034337527674707,3.282665148671332e-06
0.0093505610920923,2.728273498239116e-05
0.0035071574732092,5.474790042419903e-07
0.0097121781462106,1.3236860938370098e-05
0.0072420679223433,1.9100471075988784e-05
0.0068124653057911,3.355077207967891e-06
0.0147628808103586,3.268736421989422e-05
0.0139106743305522,3.458540693573335e-05
0.0129832197927353,2.9164453495747608e-05
0.0059231186478137,7.4137082170504115e-06
0.0159846037494663,8.238547985352796e-05
0.0119375326904501,1.93798393410789e-05
0.0076708696580815,1.2213107268028581e-05
0.0062144174446705,5.8951377505655694e-06
0.0048608465142331,3.6644646799696826e-07
0.0008554739650001,2.781353243578993e-06
0.0080885498859293,2.2538578395492633e-09
0.0079786326555873,7.336443207593739e-06
0.013794573529559,2.0694341410466303e-05
0.0123414567937943,2.905092434016681e-05
0.0181721279591987,0.0001258330461186508
0.0192268104588247,0.00012035609712280749
0.0181002545014751,4.4479810151987385e-05
0.0151549299205183,5.788937042677036e-05
0.0014404278781241,1.67777508776952e-06
0.0106392550328199,2.4755916828482372e-05
0.0187750368960224,0.00011527051780221065
0.012011534914141,3.0084060349654194e-05
0.0176886925568498,4.5480168660364454e-05
0.0166136177482339,8.384305644707178e-05
0.0080408454900476,5.860382641814483e-06
3.938897195336911e-06,9.238931746690115e-06
0.0014248778473506,1.0743200110511628e-06
0.0106004829063673,2.6512797542746803e-05
0.0087794011549156,1.1883388170516821e-06
0.0161149566703594,0.00010582189621023388
0.0174758097220693,4.985127386743199e-05
0.0111620909174029,1.314528266112246e-05
0.0171371593489993,2.1151672854748495e-06
0.0168666751956642,9.640585909449886e-05
0.014297823361505,1.9993515768058433e-05
0.0181469353845246,0.00011551879080769006
0.0050393522766957,2.806213138234475e-06
0.0135420201268848,7.440282163892542e-05
0.017504029826401,0.00010176013202744987
0.013315308925457,3.604873935705171e-05
0.0186939864788512,8.48621014765603e-05
0.0191271983435587,4.816306456049508e-05
0.0091063009742047,1.7030058996112328e-05
0.0160145097498471,7.48510550976218e-05
0.0166378737950349,0.00011468616703467856
0.0016159293380133,2.2641973987507698e-07
0.0053921396669353,2.843716976455626e-06
0.0158523279265899,5.3964099992470806e-05
0.0028493045390148,1.9357598685987653e-06
0.0002202758337439,1.1664200443031402e-05
0.004518730178805,3.5748765044240808e-06
0.0115232969167514,2.2636714009568004e-05
0.0036787670385446,2.3789388959441288e-07
0.0183394202690898,6.384928097888714e-06
0.0105795093721454,1.8084188604630484e-05
0.0093949398878042,2.734256658286078e-05
0.0166639442005817,0.00010362865647011201
0.0025018545827287,1.1564283519604156e-06
0.0147075819348511,0.00010721278953628504
0.0159522675665633,3.233385665503614e-05
0.0087422887832543,3.882232884058066e-06
0.0076414440278563,3.874430427021089e-06
0.016235776134665,3.272033536225527e-05
0.0135930317324172,6.324962326773815e-05
0.0184032995054767,5.946931936769659e-05
0.017557675406881,8.49774525643902e-05
0.0108425619047399,3.357512069919294e-05
0.014071005396071,2.0966952611521677e-05
0.0079178387168979,4.115304572098687e-06
0.003597869502049,3.084668350338783e-07
0.0178102545720569,0.00013682178326391168
0.0118955721225514,2.6802359698010105e-05
0.0174943627459729,0.00010229686094003702
0.0102207292561883,6.6290604269354505e-06
0.0121902587028538,1.5817613367872824e-05
0.0190540823158673,0.00018240548333274951
0.0121418052221935,2.5392403605926126e-05
0.018004374671447,8.821744703807862e-05
0.0147641479926375,4.665507714767661e-05
0.001653415133385,6.188273571571601e-06
0.0004424368152385,8.456860025437744e-06
0.0076096004292909,8.083363994353528e-07
0.0003994347949284,5.327691693947354e-06
0.0183864547360511,0.00011239492223258897
0.0109948269529611,3.21922461926275e-05
0.0008093632121731,1.7187541918644047e-05
0.0141799188691003,5.05165951269189e-05
0.0055176468988185,5.603575651876962e-06
0.016214911791506,4.340064974938942e-05
0.016128620637172,9.134503481208152e-06
0.0159457517807073,3.532279075117949e-05
0.0074045500902459,5.6544612791232616e-06
0.0004156023403146,4.480611357759272e-06
0.0143600615284824,2.2887545069320614e-05
0.0061593194769045,4.031457540057021e-06
0.0091146588416512,2.4314237250889353e-05
0.0047470957137153,4.313612592540402e-07
0.0113302076407704,1.0699686612018493e-05
0.0104908580063974,9.047703206256002e-06
0.0006106308954585,1.9123686210504964e-06
0.006984610370031,1.1684167489085166e-05
0.0170469766424467,1.4801759385963946e-05
0.0191634144128338,0.00012029941875844187
0.016679829586271,9.472825186975505e-05
0.0006642949082484,6.223342431832667e-06
0.0043547446938535,1.243616216991338e-06
0.0023683602089811,2.9773708646809114e-07
0.0034859044320074,5.746821089029348e-06
0.016438471471661,8.040601086750031e-06
0.0080211242143361,5.123775554878828e-06
0.0170256063768349,5.8103650506536504e-05
0.0051175753143557,7.32036646520656e-10
0.0163181428846709,3.170120006881711e-05
0.0170293450082997,7.682661081945506e-05
0.0079050857751742,3.2506720158567445e-06
0.0071498142863166,7.3131207138563905e-06
0.006035706205734,6.458124477578468e-06
0.015356703179707,7.268176132167088e-05
0.0090850265359141,2.385105800683333e-05
0.0109721370062294,1.149662228231188e-05
0.0009240105073531,6.803923518310568e-06
0.0104264359655718,4.9829722087949134e-05
0.010231114726988,1.136505444040424e-05
0.0014210291197348,8.953659736361169e-07
0.0179087884454677,6.470367490304902e-06
0.0069997151870602,2.965035832070733e-06
0.0144496388075635,8.403191223308399e-05
0.0070726165346599,3.0988661048758824e-08
0.0169117732271448,3.436083471701905e-05
0.0102130329786665,5.801973551911335e-06
0.0025073333479161,2.3349969248206216e-06
0.0164662726704614,0.0001383132579588632
0.0038814249046759,6.090519586634867e-07
0.0112331880552125,1.863643976901889e-05
0.006089816432077,3.2615413713165246e-06
0.0144492970161509,6.612950762483651e-05
0.0183793014025937,2.022919646539312e-05
0.0183602369299078,0.00010892834209121043
0.007198138710841,1.2988423663835747e-05
0.0050503463527088,4.23973788388644e-06
0.0022833960858162,5.955091129756264e-06
0.008456274188555,2.939016521455803e-05
0.0159219885175074,5.363390794462654e-05
0.0178802680447514,0.00013407732903180947
0.0070468824090247,1.1655621965857431e-05
0.0017550353397748,6.668109644769724e-07
0.016009240920419,0.0001110272884994239
0.0005890578342587,1.0597164281354966e-05
0.0069695134764584,7.76908036612422e-06
0.0113546860683916,3.0276998337018255e-05
0.014611536492741,4.367409405942773e-05
0.0155552847748051,2.29030100634765e-05
0.0017875802145198,9.033183125092265e-06
0.0050921126892453,1.608289277485646e-06
0.0010191454185841,9.49072397873618e-06
0.0086952806576133,9.453637069698067e-06
0.0040577975945639,8.719563129906842e-09
0.0119583704536382,5.305454026250904e-05
0.0147806205884397,4.102864365795953e-05
0.0143928809690152,6.023030165574356e-05
0.0172903417956008,4.123354535639707e-05
0.00227017787717,9.999590061392515e-07
0.009704034597101,1.963986721268346e-05
0.0101126413514983,1.803896649449164e-05
0.0017612436829167,6.9127685073686104e-06
0.0182041268193085,9.069325748512756e-05
0.0112685837112281,2.603418966697485e-05
0.002049964375882,3.3016340841537965e-06
0.0180469869359177,9.436283805618418e-05
0.0125631294299493,2.498567262418546e-05
0.0059690557424004,3.2639549805812894e-07
0.0036942754044728,7.76954152398721e-07
0.0151722742128564,5.9718285696811274e-05
0.0097134985498307,3.402554689146995e-05
0.0150256031908246,3.82890984118525e-05
0.010084463264751,2.881979227573383e-05
0.0197254814443001,6.165439575722806e-05
0.0125073557850009,3.6449988496597605e-06
0.0136226393262994,4.003665171352433e-05
0.0102203792058804,4.994210252963071e-05
0.0113952700369356,1.115788543956621e-05
0.0101833131206563,1.3071427029966593e-05
0.0084213860847818,1.769461461226936e-05
0.0060981057620042,2.0146013385332125e-06
0.0048830533078375,5.56656580653683e-07
0.0172778815303344,0.00010831556184246752
0.0177952608939008,4.590701106769628e-05
0.0150620614236162,6.29092319169302e-05
0.0028719143532388,2.82683130239381e-07
0.0124741494541561,4.061074699403429e-05
0.0049777687846965,6.546820312795617e-07
0.0158207389914389,6.875089981351399e-05
0.0036065978572251,6.458638004311327e-09
0.0191050697911279,0.00011697414957553952
0.0160699991192928,9.952654510076975e-05
0.0033048366736309,1.9123340160423357e-07
0.0035776963416401,4.767419164263113e-08
0.0183557321040467,7.574743175624758e-05
0.0159847202597596,1.6386023395225998e-05
0.0028566916939423,4.5964541152643314e-07
0.0169709654718858,0.0001396380396221609
0.0126939188143624,2.2354109032294532e-05
0.0122870282057823,1.2142484653555568e-05
0.0141445705346512,3.1342465659838325e-05
0.0088494970285768,2.9394135632719953e-06
0.0179009586045603,3.090514363845669e-05
0.016786582886098,2.2696885769573768e-05
2.8863678843444874e-05,1.0123333414414687e-05
0.013370045281644,5.165320753468295e-05
0.0020233455560543,2.15377185575519e-06
0.0017736941936325,1.8715311390864808e-06
0.005513356404805,4.628454698893044e-08
0.0087181120491733,2.3064989567314682e-05
0.0169109377237009,0.0001298846047048141
0.0156781215354622,7.900259475091636e-05
0.0052086552940952,3.3506855071449155e-06
0.0046830372730636,6.704070218125754e-07
0.0028867644137215,4.725773500785671e-08
0.0094382104453934,1.4574119618581645e-05
0.0143310657160117,7.350028100064002e-05
0.0103227365338173,2.4197343674884215e-05
0.0182701997120573,0.00010287975455507837
0.015497689899301,3.8048225076193244e-05
0.0055701349465499,4.784452023388116e-07
0.0181242434890354,1.2812173585264223e-06
0.0138796424390596,5.132597399550169e-05
0.0070320440242514,3.130502796649781e-06
0.0140413879733474,8.650887979929325e-06
0.010862426948605,4.4605234036119346e-05
0.0063893824096329,2.565649772740869e-06
0.0177403154463332,5.9440110620704376e-05
0.0002655763776662,8.859496790143671e-06
0.0147601783041697,5.858645123399096e-05
0.0173215970647571,6.47229728458071e-05
0.0143850470200021,4.569464602760664e-05
0.0193103624915629,0.00011685422192454119
0.0174952230115453,3.897185658420545e-05
0.0098745859889465,1.694381452247796e-05
0.0104515304103419,1.0624800768937877e-05
0.0056352874704322,7.47673366923109e-08
0.0032333964506259,4.710558213670543e-08
0.0029728648016298,1.3702477706363317e-06
0.0106307150414693,9.93082623164871e-07
0.0180428582469319,0.00016384647734926308
0.0160918251854892,5.73535859794856e-05
0.0160394661140308,5.346232571015284e-05
0.0132648416189499,5.9545111749886566e-05
0.0022959011883616,1.4699232667353138e-08
0.0121364138369487,3.3540046764908834e-05
0.0096412404128491,3.5902196001794455e-06
0.0113951331124692,2.5819138187594574e-05
0.0127995919397043,8.251708423498168e-05
0.0197405102132649,2.9985099232195928e-05
0.0159866221690574,6.561267160296666e-05
0.0021202921755279,2.1788095007507045e-06
0.0059935618601713,2.808051154766438e-07
0.0100942348439373,2.8054797207752638e-05
0.0056610152457894,2.192281685894433e-06
0.0096289423623839,1.0476621622718074e-05
0.0019910747882381,2.580088938344329e-06
0.0080803220337357,1.9212795807244526e-05
0.0016968705311496,7.279651254877642e-07
0.009243871258279,2.260166322062703e-05
0.0174746434892336,9.248239802090259e-05
0.0181218473830695,0.0001270907525457837
0.0158063948716376,8.769363261346055e-05
0.0162468453219268,4.1155947506279763e-05
0.0099750420447948,1.2429157073796673e-05
0.0079229493874706,3.085294255268267e-06
0.0060306941874035,7.656292119698623e-08
0.0089092657796414,6.6738240046725744e-06
0.0013443350780162,6.111386795322203e-06
0.0099500495942357,1.3646427986001492e-05
0.0042697759881179,7.798013002310453e-07
0.0135012261187565,1.7684388818605248e-05
0.0058521548265224,6.408719231484727e-07
0.0192386057944902,7.014107584618834e-05
0.0164467741023618,0.00011062965070251504
0.0194929190025101,9.168841313367616e-06
0.0179971406370323,5.773955688543005e-05
0.0178528689412693,7.892813172953002e-05
0.0102898019799878,2.11511230772908e-05
0.0056465321207045,4.225199434673976e-06
0.0152157370594977,6.040461094374989e-05
0.0028237308145901,5.472973888479693e-07
0.0030128143703706,3.559422535218771e-06
0.0020116972194296,6.65888306872687e-06
0.017739880357839,5.070410437500152e-05
0.0122219034179029,3.646800801805388e-05
0.0085023433927742,1.5601013816346408e-05
0.0139073425698481,3.8951564966472924e-05
0.0009502607999889,2.4575743079899097e-06
0.0073079885747503,9.27275917776286e-07
0.0122881584791991,5.9144953441822436e-05
0.0129824779980302,2.871488508710558e-05
0.0105981011316902,2.231199716495413e-05
0.0059156134017908,1.4661266807498586e-06
0.0141871073999685,5.9501085349646816e-05
0.0028263526962742,2.361766500226015e-07
0.0155807229031335,6.943730908122126e-05
0.0185622060123737,0.0001278461984576944
0.0035946171030596,1.1288005538531037e-07
0.019882497639122,0.0001592907275622144
0.0184180804085455,7.34407628141914e-05
0.0037034551764958,2.477710311317107e-07
0.0122032278602258,5.249698353943066e-05
0.010226938491752,1.0765166742413669e-05
0.0105307808511545,1.972385747672504e-05
0.0104358953628324,2.987441743695027e-05
0.0155935827165371,6.017646183292109e-05
0.0016041786834445,4.137421982198803e-07
0.0087514048685332,9.688453413944913e-06
0.0063564944188299,8.138314995964495e-06
0.0053314464514549,1.2160683275563188e-06
0.0006722373027306,2.900975477471942e-06
0.0029080243661051,1.8902974573093654e-06
0.0158657775816753,1.4251027837130145e-06
0.0074931295488352,1.2952988801424e-05
0.0133245322821103,4.922981619532244e-05
0.0096114335157649,4.129553024534591e-06
0.0176707194435101,5.334092336213009e-05
0.0183392608322508,9.745796703778539e-05
0.0120467163411917,2.6170649753997055e-05
0.0100511634761147,7.289575945731064e-06
0.0182057870879864,6.898518727178151e-05
0.0012574446826728,1.7894658700229053e-06
0.0011056624540029,2.1232524157502606e-06
0.0010744928337983,4.326059497569073e-06
0.0041222974298069,4.0983743253541564e-07
0.0160511867221981,1.819372279174057e-09
0.0047076149764744,1.2808070107447223e-06
0.0186522056336427,9.013942112298026e-05
0.0183360216099061,1.3032965374303238e-06
0.0196764617905677,5.2370939150687063e-05
0.0031574732698884,7.10707540097085e-08
0.0088598125015228,1.8578239132437562e-06
0.010986450695501,1.2337862028648454e-05
0.0135753314597085,6.516977904859722e-05
0.0180948097567444,0.00016167317276282977
0.0056155100732988,1.3715275163027889e-06
0.0160224510863751,7.326275578115965e-05
0.0172486109457764,7.368769677665513e-05
0.0125011516579899,1.625638075135699e-05
0.0063438904266348,1.3965354038576362e-07
0.0147475175238151,2.671255227592838e-05
0.0029190371675612,9.350724408240494e-06
0.0083283947099614,9.947895263753178e-06
0.009201209198025,1.6882304335794344e-05
0.0194581549342527,7.983916086760462e-05
0.009182084764198,3.8254876465709946e-06
0.0012393985664892,7.342848779728076e-07
0.010419693180943,1.0129794239552618e-05
0.0113342246447478,1.732238410184215e-05
0.0071563184054457,7.511674692763284e-06
0.0048804426149979,1.3272805469527625e-06
0.0039020717905041,4.544471665454685e-07
0.0150647927871782,5.7351855997216143e-05
0.0067063894733955,6.809329257321334e-07
0.0191825784480556,8.31092041689663e-05
0.0116905663203556,3.2942446159804154e-05
0.0199579583569991,0.00014203829225472914
0.0030228984292156,9.40960873811574e-08
0.0115661452166964,5.519276980004468e-06
0.0021500071114757,2.419172568147504e-06
0.0100983720632463,2.5266485532668065e-05
0.0049036104795691,2.4899913210695723e-07
0.0078350508082524,5.448986578415516e-08
0.0134138389897352,3.2060693278602855e-05
0.0107763838016851,4.152677063490115e-05
0.0097611357919753,1.5833586328423563e-05
0.000935092596771,1.4873252094116595e-06
0.0104623503235972,1.729609866430648e-05
0.0030739091977614,7.441375902809664e-09
0.0072217422245719,7.215125778649115e-07
0.006859538679909,1.104424161540009e-05
0.0142700980850492,3.0516112314969273e-05
0.0040340455100019,1.3460016294378635e-06
0.0113607280761094,1.4130892296623739e-05
0.0110461248150652,2.4710281746528928e-05
0.0172884831051362,8.044359523104741e-05
0.0023958094836246,5.200099589841749e-07
0.0164161627613295,7.909164433830704e-05
0.0092990500703919,2.6340802706228478e-05
0.0191155489430501,2.8069044918913595e-06
0.0042896109533536,1.8831115246630226e-06
0.0014229186752372,1.4154223933968582e-05
0.0012260467162831,4.3078373243858844e-06
0.0047402974508075,1.7160166525167015e-06
0.0130122461257095,3.250137180569731e-05
0.01617472297,7.805052784525886e-05
0.0055775517685624,4.945898632386442e-06
0.0055053874573183,3.195235358384618e-06
0.0104115065117365,2.1964997014957923e-05
0.0149102671382091,4.4947390267509094e-05
0.0133969528310268,3.5138125898124657e-05
0.0193970762419379,0.00010723139546940575
0.0095358466319949,3.330358954837008e-05
0.007965809221469,2.307991976601859e-05
0.0088352151217114,1.0392839050253994e-05
0.0129012005272354,5.4594915904914275e-05
0.0170229909079419,8.63590187834505e-05
6.482273567126829e-05,8.070590943915415e-06
0.0137418714819155,7.50044920874183e-06
0.0173863577152352,6.360984111679537e-05
0.0009999368002352,1.4572248234694824e-06
0.01081845185539,6.681953502974095e-06
0.0192205186097802,7.201124116701782e-05
0.0129820749066628,5.576848329622349e-05
0.0003819433813461,1.1748353598629816e-05
0.0066201681170473,5.529836910732507e-06
0.0013481494552892,8.427937664205106e-07
0.0109049201951012,1.676558997646271e-05
0.0026069482722416,8.606550535520438e-07
0.0075635975585982,1.952024607107692e-06
0.0052269196747925,2.3127708861112486e-06
0.0013316333602596,2.356694975079417e-06
0.0011137160119053,3.0549955453899365e-06
0.0089546931860435,3.243478227697092e-05
0.013644528331295,4.6777461241811566e-05
0.0199592099699115,5.362071133577566e-05
0.0005589708788734,1.958821283081166e-05
0.0097178397963762,1.3933917847167502e-05
0.0077288745762571,1.783550015888615e-05
0.0134533375871697,8.879358775504108e-05
0.0155783991967234,5.315124088273696e-05
0.0176296717199051,8.618220757667881e-05
0.008753825372342,5.405967912694832e-06
0.006383400641583,3.3607647548702056e-06
0.0192330748583335,2.7444412755977143e-05
0.0198152596416122,9.549507698766569e-05
0.0181691746550624,0.00010351600705449779
0.0139630462247775,6.987226311452904e-05
0.0183272986234186,0.00010817081118616479
0.0131965227528217,2.0140590030828256e-05
0.0177339190647779,2.077673403933234e-05
0.0161888861076835,7.899430519261644e-05
0.015603071449291,6.811095022153863e-05
0.0049204145149026,4.9215364761813404e-08
0.0199182568220308,9.891236078783268e-05
0.0062370044111381,4.687648208531641e-06
0.0105890730736889,2.4166921668890424e-05
0.015027613981925,7.785056020472274e-06
0.0048612958934632,5.5158246500858624e-08
0.0090447408849838,1.0838140812958265e-05
0.0146944286565815,3.346431968295962e-05
0.0019924253964569,1.7735173726083236e-06
0.0165308782626094,7.319918104991611e-05
0.00142764862426,4.250673159505245e-07
0.0162937214800527,5.651186892837008e-05
0.0042086988990575,2.282079970611152e-06
0.0100399785971071,6.896650814220394e-06
0.0171815551996666,4.487467868487485e-05
0.0008212236206516,1.7635397893223052e-05
0.0173265792147551,8.264407710663991e-05
0.0084267545271272,1.1764473994055654e-05
0.0147592248022412,3.773601345454909e-05
0.0147328492348219,3.541905464019477e-05
0.0089607363866734,1.462321245672107e-05
0.0021012133077434,1.546767529340823e-06
0.017345258249253,5.053191723055402e-05
0.0090357482395368,1.9092224198389454e-05
0.017548208565588,6.578384216390971e-05
0.0063543681279193,2.096767821900429e-06
0.0025414645861133,2.8914443526961945e-06
0.0105788594824992,4.372480602883004e-05
0.0184816745286498,0.0001063814536309368
0.01725967710156,0.00010230332679074262
0.0133214582552687,4.3493786148302555e-05
0.0089054483862001,2.4159979136132372e-05
0.0094806207359886,1.2432234854286816e-05
0.014724687461587,7.171964297202233e-05
0.0107480725892706,5.4951010923675575e-06
0.0058602828134462,3.920108450374049e-06
0.0114931377162125,1.789265763814961e-05
0.0155678430958999,0.00011646956518841714
0.006611539934984,9.04869456904609e-06
0.0174161135214814,9.836003916388898e-06
0.0177009000991266,5.5554552207359656e-05
0.0061705325394298,4.9005958777746696e-06
0.0087691035984125,2.8922513492430192e-05
0.0125011473958402,2.8909490183832568e-05
0.0135981323832537,3.8536630211739604e-05
0.0155996863234663,0.00010293425001948342
0.0129356717134616,2.8055153435090583e-05
0.013530669882249,2.8698468861307017e-05
0.0103083596748569,2.2939787120192553e-05
0.009031316267327,6.319540704805903e-06
0.0141366754061819,6.808952659096336e-05
0.0024349375146102,2.1417002935873736e-06
0.0055325410771517,1.0815772397114093e-06
0.0137898649049696,1.4118251282087907e-06
0.0067530360446094,5.898433395931169e-07
0.0022334617925879,4.202952196606693e-06
0.0112712366145814,4.9359671755719274e-05
0.0021591145670042,5.867210482112845e-06
0.0005159646580294,8.241192599422682e-06
0.0176305330568151,8.692624256569645e-05
0.0071468616867199,7.173755228623768e-06
0.0131510458287878,5.5433669949716406e-05
0.0150409707176555,1.6317862986220238e-05
0.0057328306976683,6.6952423783436015e-06
0.0134853138874537,3.38200234953317e-05
0.0080369616921856,1.2365515378276959e-05
0.0132902902239546,4.82582148028726e-05
0.0136386793027806,5.869507039321067e-05
0.0041671092814117,1.5594812424723543e-07
0.0138680976624637,1.518619954789249e-05
0.0065707090083936,3.29254218400119e-06
0.0164324918762494,3.747640219379194e-05
0.0096452458387317,2.997823954846056e-05
0.010293801117297,3.0605976388380374e-05
0.014392247279576,9.037127034753046e-05
0.0168776762083012,6.185103793242641e-05
0.0040987031758928,7.537075621129725e-07
0.0069250902690829,6.077356657481906e-06
0.0153687211963535,9.612736222515789e-05
0.0086897132446074,1.4109153951868692e-05
0.0194681904575894,0.0001290987418525557
0.0158815702726142,2.542228011851642e-05
0.0075562640195008,2.005316231521499e-05
0.0174831950143928,7.79135552444609e-05
0.0106067083286661,1.8575727390392935e-05
0.0092759252889087,1.969531858533255e-08
0.0002733247839684,1.8361428783167646e-05
0.0044610019400346,4.486356160327853e-07
0.0055983280388596,9.93129506331895e-08
0.0133374699289349,3.4487414936455946e-05
0.0069592640507559,1.688806373235172e-05
0.0056151100855372,1.0385397725904052e-05
0.0022281797892468,1.7615136582868341e-06
0.0099158938807398,1.405833828857438e-05
0.0177192444933473,8.087270356644755e-05
0.0196329524369289,2.204050032542965e-05
0.0114205536309821,1.821350259808382e-05
0.0053862411874311,7.086226452975216e-07
0.0141305096967543,4.7917937220646186e-05
0.0071418687901951,1.4028951429592354e-05
0.01485305253108,6.410289844967598e-05
0.0124969758805335,3.167099485286769e-05
0.0195971715238883,6.251437645510455e-05
0.007471591254276,1.0745011211908097e-05
0.0054801012832037,1.0312896775596482e-05
0.0162699215424553,4.884355160588688e-05
0.0025001115148318,2.4619688779312486e-07
0.0152051326984905,6.979810362561838e-05
0.0071271192093203,1.1737037221697397e-05
0.0089453419928263,5.740942824549564e-06
0.0118736470322571,4.0427354544446974e-05
0.0186867496290985,0.0001263920613661015
0.0081777693841375,8.03462421831345e-06
0.0061681358650828,4.6453098656007123e-07
0.0009026456338409,1.0187890309357917e-05
0.0198006393348719,4.637978843358988e-05
0.0023891510485489,4.120947993012126e-06
0.0051172346409779,8.085861137759982e-07
0.0054455354742784,2.783026662490937e-06
0.0185424884849225,7.453097627879166e-05
0.014872139433446,4.231849714019206e-05
0.0155106159034868,7.370942827624073e-05
0.0119144881294634,1.784081293984663e-05
0.0067544580133063,1.2958372291811175e-05
0.0004975812159672,3.0169811524577043e-06
0.0169633641584815,4.73461972466973e-07
0.0108888577503248,1.0853804151453808e-05
0.0169153245700765,0.00011674901215854835
0.0159016864315602,0.00011570026594110515
0.017810380857406,8.98220122177213e-05
0.015334292571529,8.575449912221869e-05
0.0131213426138162,3.5980153355483495e-05
0.0164825126552309,4.588923472248004e-05
0.0044859266077046,1.9817271950475902e-06
0.0154981229930158,2.8881590602717333e-05
0.004139323410699,2.2357624484427035e-06
0.0072109449447963,2.042146726958863e-05
0.0026853695571493,2.409321962862427e-08
0.0030086246687116,8.431577063531546e-09
0.0030666811103681,7.616573173072196e-08
0.0063903327702128,5.034513608723376e-07
0.0060396624116783,2.25104897285314e-06
0.0049708412253464,3.0067174078996156e-06
0.0053756499851488,2.5793043568062544e-06
0.0174318980811859,0.00012124767541651718
0.0009091492031868,4.089909687600048e-06
0.0049325851090779,4.924870421921933e-09
0.0101504172954088,3.381561005968959e-05
0.0098647184865568,1.0431505635466262e-05
0.00618823784507,9.673962875881759e-07
0.0050568577894719,4.1014261292410425e-07
0.008620003753826,3.720457423041868e-06
0.0098943628663267,1.9198349640338452e-05
0.0108008774404853,4.869564109950399e-05
0.0094117002201175,3.580619775725568e-05
0.0166528386365512,7.912939727840572e-05
0.0115663174727714,7.88133800785597e-06
0.001364211021558,3.838269725672092e-06
0.0058219202223736,7.989597004710561e-06
0.0101976686868131,3.633270453800022e-05
0.0050816976226045,5.248694892388286e-06
0.0158866227558374,4.4296778435632486e-05
0.001832333732976,8.169130245603632e-06
0.0124076583595554,5.111061015196646e-05
0.0135182490504551,1.8216454325901546e-05
0.0072923777801463,5.025744899174009e-06
0.0065783844842853,3.010441496343833e-06
0.0077262893999995,4.045431248801633e-06
0.0177717953278279,3.2237969154697666e-05
0.0049421528336541,4.0806307411190305e-10
0.0032678524088146,1.218175980844252e-06
0.0027147095843083,2.48269457472698e-07
0.011591147254334,2.7618436877280453e-06
0.0104851610907611,3.8762674731093235e-05
0.0051098823304382,3.715431797774908e-08
0.0119690401287789,4.2379744776841425e-05
0.0032231964567719,2.30722328797649e-06
0.0020606443252131,1.2895837151672655e-07
0.0136102596798623,5.6196708945244255e-05
0.013776974992492,2.855221413720955e-05
0.0063581629232013,3.7051138672875032e-06
0.0071192388370892,9.159087028961816e-06
0.0060658244490314,1.2376829772099137e-07
0.0140297077095179,7.4510773172793e-05
0.0004680196440878,2.3407980990396078e-06
0.0037896566547416,2.885463091714178e-07
0.0190264827657288,9.0215179012613e-05
0.018516906399706,6.928505857131916e-06
0.007773892063415,1.1729357393739124e-05
0.0170015454335109,6.517457196709907e-05
0.0005174251405777,7.04310888140543e-06
0.0026328428775468,2.3360482849163837e-07
0.0041001366137696,2.005460201037728e-06
0.0178092823633733,6.40972034330643e-05
0.0149867446313275,7.037184204805178e-05
0.016367505443816,3.7977624813227015e-05
0.0127439307450904,5.784017372316065e-05
0.0096608125189874,2.5248428209716562e-05
0.0102444288007118,2.8636068243781955e-05
0.0194230884399011,0.00011660334465974177
0.0155526907236069,6.603562889534875e-05
0.0056130223891727,8.531624627596758e-07
0.0035079400474362,6.677918456106335e-07
0.0133057551667193,6.534725275857851e-05
0.0074747467032229,6.36866409591929e-06
0.006807782116578,4.0603868104463715e-06
0.0151076687930059,0.00010072951010414914
0.0030724907261864,2.8653520927974852e-08
0.0154002282709198,4.602222206961087e-05
0.0037130424681019,4.5977276612197075e-07
0.0078585963075471,1.2191671060041202e-05
0.0146506044315601,8.229464290781768e-05
0.0063354089906886,9.097356013876743e-07
0.0198810467091443,0.00010448552233925375
0.0046089922332576,1.090705251032197e-06
0.0011259875348193,5.159872129440505e-06
0.0018543710820244,5.139655712302511e-07
0.0096260993628679,3.117734963386309e-05
0.0080455427920114,4.536567564641708e-06
0.0020703365357442,1.0116824349983014e-06
0.0147338818044055,3.1869921071798045e-05
0.0103732061140855,1.3320015860603081e-05
0.0172921225456857,7.163452553484081e-05
0.0101845334047693,8.314695379847995e-06
0.0116628406254117,4.824163820048943e-05
0.0175422767979195,6.674770668594754e-05
0.0115457870071654,3.817733832365403e-05
0.0057047745665382,4.434108631474455e-07
0.0081684393362132,9.721168689888092e-06
0.0081147530025357,6.7665707065341246e-06
0.0136239185794763,5.8873445063109675e-05
0.0177881476920612,5.678107427159361e-05
0.0041909838770774,1.322755383705973e-09
0.0119185863994266,4.480657415337883e-05
0.0131947322630262,2.1884848434616992e-05
0.0156246808551401,7.550024416687184e-05
0.0059591663497167,4.161717879917304e-07
0.0075796810222207,4.795914812102169e-07
0.0023714510084178,1.591125688306013e-06
0.0167545293757621,2.9821349526699394e-05
0.0019047274613594,4.2815939556796914e-06
0.0086551831820343,5.873931725997856e-06
0.0012015602412599,1.0218667759846595e-05
0.0072362255847625,1.1070276539695948e-06
0.0036296697722284,4.175525238825537e-07
0.0032286667176148,3.734939687038008e-08
0.0111253193746351,3.1877940468287746e-05
0.0199809687394041,0.00013683119758186834
0.0076159751644908,1.9576318630888923e-05
0.0142916017906617,5.861965054853675e-05
0.012929712068526,1.6828721548354426e-06
0.0157427958438792,6.703761372719552e-05
0.0168992278249612,1.8890328703729346e-05
0.0056985074733799,1.8895780494218748e-07
0.0148938733174757,7.65288438304865e-05
0.0165231082996385,4.3263819846634994e-05
0.0088371540082739,3.163643003646507e-05
0.0066907238506125,1.7308845216240643e-05
0.001076965338697,8.934844565025415e-06
0.0152509304086616,4.849943336172656e-05
0.0051392606783054,6.016174476946098e-07
0.0153967399065119,5.1374151896767686e-05
0.0020922456314401,1.2796810935065244e-06
0.0164759577647959,1.106177813729199e-05
0.0041178388045922,4.227982689986502e-07
0.0156657636858862,6.174692605817111e-05
0.0074074452448254,5.289610088308743e-07
0.0076172542907739,4.538925827460879e-07
0.0088201023803291,6.302320183782123e-06
0.010064134264149,2.3124138236898793e-05
0.0135499530647626,6.224039978378977e-05
0.0107758137507868,2.6596213069422878e-05
0.0180578328239301,2.2640307770320917e-05
0.0109385812784167,3.7848886038895344e-05
0.0024346472065222,3.660585871001316e-06
0.0157563503384888,8.002232624759948e-05
0.0152861471001347,6.539439245728739e-05
0.0159824286385028,8.549267815668936e-05
0.0134268513185884,3.295240342907149e-05
0.0131293283961725,4.454436555871562e-05
0.0109474311386946,2.2059187326149923e-05
0.0027092447823345,6.444304830936841e-08
0.0012559155555628,1.4970889355879178e-05
0.0148107173981262,1.010978041311087e-05
0.0189648340641516,9.562525677858835e-05
0.0133821149840574,1.914785449625967e-05
0.0066260896292396,7.303769445166892e-06
0.005401607949951,8.285157911244556e-06
0.0061713003360431,8.787496538184637e-07
0.0130088284705175,2.6346287644653567e-05
0.0064364794342607,1.9207714046167424e-06
0.0045751579224971,1.4866406525608295e-07
0.0187978664071275,0.00011653132875151389
0.0181092452621916,0.000160600760414212
0.0146152527350115,5.073118683935004e-05
0.0151737720146669,3.10626417875379e-05
0.002221760283023,3.2180224217878506e-06
0.0145443389286135,0.00011163885825782316
0.0192337791010569,0.00012203510042886437
0.0092633946919667,1.795009901792381e-05
0.0041597505717151,7.704839421834472e-07
0.012378711678602,4.267796097551604e-05
0.0191817802062003,6.604877784236637e-05
0.0074171023844165,1.3432289907871954e-05
0.0106986729418596,8.86528062807384e-06
0.0108818316152826,4.271389281794405e-05
0.0161575645734774,2.7113239759362387e-06
0.0148612013193128,8.26495743823186e-05
0.0013294701881381,2.2728432458773416e-06
0.0116971717004989,4.052589701736985e-05
0.0081912668040465,1.2865168210738391e-05
0.0044776710229729,5.48957882477613e-09
0.0085732250275985,6.906847886541662e-06
0.0170903540413814,9.775904908214783e-05
0.0100010351351682,4.182176138609732e-06
0.0023451378898565,7.741973202751001e-06
0.0122109777929055,4.672237721857202e-06
0.0029075663806902,5.3624547065545e-08
0.0191324524704065,3.8917639420916884e-05
0.0050170290696992,2.454908215855073e-08
0.01709402885144,5.634675530126807e-05
0.0172220150764733,9.301615580857552e-06
0.0034682161892519,4.0324057107367843e-07
0.0006351791200473,5.650895194752047e-06
0.018706974979167,7.376610415184802e-05
0.003933261915934,2.3312216394825375e-07
0.0073800696775862,6.178870822774913e-06
0.0008177059795504,1.8844019281898497e-05
0.019782069826788,7.017352793828427e-05
0.0061625299730982,5.531122702993497e-06
0.0101593291398291,2.368167119796828e-05
0.0077827793012757,6.0858779143207805e-06
0.0043994566560127,3.2389566361356348e-09
0.0038659212498184,4.557351634931301e-06
0.0087015922867389,1.1210272974925298e-05
0.0124159841698928,3.724929339372515e-05
0.008497321846841,9.206648926629433e-06
0.0154264719328679,4.9089620019385704e-05
0.0067289089397115,8.55840586041821e-06
0.0010227337720446,2.746600731576311e-05
0.018914767325267,0.0001081673574005725
0.0177394179160437,3.3892398798732136e-05
0.0039274602184157,1.4108813687858116e-06
0.0107266617461996,6.549715684959385e-06
0.0044313611751858,1.9513597006847576e-07
0.0186353971410781,0.00011920127163842264
0.0076702241897192,7.2347071707819265e-06
0.0183002465842656,0.00011199529455897034
0.0158423165764779,2.4692513851693817e-05
0.0108255067068024,3.0346983713004023e-05
0.0113152060306995,5.384932301465888e-06
0.0108084661156469,2.080649031546825e-05
0.0070363567875327,4.9882313083016365e-06
0.005461659105402,2.6458267697763795e-06
0.0033598841651354,4.57671156632373e-07
0.0174287558418675,2.416407772533879e-06
0.0086240617780963,6.377331043214688e-06
0.0144489949768384,7.301313885268604e-05
0.0189269208702703,6.966952548213351e-05
0.0187745866492662,5.691700309694072e-05
0.0147733805432241,5.606577563478153e-05
0.019778348151738,9.918820693266125e-05
0.0183209517028242,9.826844416830812e-05
0.0085395597462538,1.231936878678048e-05
0.0031770011318412,4.397881609456026e-08
0.0125622178036784,7.2809841960946975e-06
0.0010695606564278,6.023249890188189e-06
0.0043807125134142,3.365204536232437e-07
0.0162992560178229,4.499055127676269e-05
0.0157070924930745,4.708847230139345e-05
0.0142943490719007,4.700293540577397e-05
0.0074345851688037,2.230644540843881e-07
0.01033687036903,2.7740335986498194e-05
0.017897558558026,9.500846820082038e-05
0.000823939138503,6.861223440234215e-06
0.0147205701781203,3.246062363301083e-05
0.002424348369252,5.129419272525619e-07
0.0009499415245682,1.859779231315443e-05
0.0025345742332229,1.8454888005412144e-07
0.0130611888288595,2.1320298634137776e-05
0.0173847215928045,7.584486624135404e-05
0.016133393027463,2.77423747405773e-05
0.0119651357193278,5.2278007646524706e-05
0.009778425202495,6.757297316848048e-06
0.0053397468455903,2.462948684927407e-06
0.0004787168582259,4.974047192906816e-06
0.0090639798529872,6.110463861318606e-06
0.0005255015316392,8.361315112586649e-06
0.0137597926617769,6.77115960111057e-05
0.0098201906721996,3.2001755235413346e-06
0.0185965563563537,0.00011335859198573239
0.0038194654871722,2.6720846306760577e-08
0.0008873411742602,3.2411505546778042e-06
0.0070129824659831,4.7062883099780996e-07
0.0002688507099749,8.87689710308207e-06
0.0110751661710389,1.3688844800932761e-05
0.0148055495155841,4.78850507375414e-05
0.0148697498973738,0.00010395890483735085
0.0055293882120666,5.695381977492185e-09
0.0036262046081518,2.516438123142338e-07
0.0002503125104609,5.437833313433439e-06
0.0167099010819529,6.302284602478511e-05
0.0174052851062618,1.0670216396642656e-05
0.0118076769639449,8.164793234917622e-05
0.0116162068502427,1.8980965758335304e-05
0.017064163964063,5.1905082852415804e-05
0.0075376808560805,2.010367405030978e-05
0.0146211996839925,2.1654317168714408e-05
0.0025092182390603,6.98513422605931e-07
0.0009028350165301,8.25172786204216e-06
0.0064682123092991,7.40144920976243e-07
0.0134245366229928,8.01450928166513e-05
0.0025215162666187,5.435620954730783e-07
0.0131366072070419,1.748720996272724e-05
0.0076914255618746,2.2970257778699146e-08
0.0079006983594267,1.4230394738104079e-05
0.0074222091475494,9.529019179999423e-06
0.0096117262516057,2.6116024053350232e-05
0.011323002501022,6.815412048999519e-06
0.0115310582395068,4.101822858663083e-05
0.0194975603397987,9.780529083634766e-05
0.0099718861445593,1.2505756951570907e-05
0.0192212829263103,0.0001222735412426181
0.0005209254817978,1.2379494350098903e-05
0.018176823688194,8.498216428865671e-05
0.0081065914564524,8.185198104607807e-06
0.0152432450451432,1.836779448855418e-05
0.0013892843503612,3.221182384182689e-06
0.0089112570802672,3.840064839561045e-06
0.0087603519431686,2.0754683762695767e-05
0.0082379359699298,2.5258878471894496e-05
0.0029661279375752,1.1232851927965754e-06
0.0051733146753019,2.106323934584524e-06
0.016959938801495,7.106879491693283e-05
0.0133035734918579,9.725012364417449e-06
0.010649622565237,1.131616179093635e-05
0.0150285917548262,5.1039143647214224e-05
0.00932714024073,9.571080498121295e-06
0.0186964041420733,9.405356816092644e-05
0.002643704978523,1.0705115420420737e-06
0.0126902058040743,1.750918339676053e-05
0.0099378568154682,2.130767304863327e-05
0.0145825875171399,6.524209501504425e-05
0.0143023806790674,6.5893852540926e-05
0.0126159606479644,4.249392650317723e-05
0.0169967903593673,0.00011843251133213014
0.0093179972574476,2.268700795445267e-05
0.0129341830311158,7.63095597397267e-06
0.0099067752458647,1.9492465700709996e-05
0.0079990526179729,1.9437487832711642e-05
0.0077294908138939,1.2697187011582296e-06
0.010868403016243,4.816379545364643e-05
0.0094887749893503,1.729607887054911e-05
0.0055638378809407,2.9322346117395787e-06
0.0126380104689527,6.785814219024634e-05
0.0151253141075248,4.790605938098977e-06
0.0128620685079723,2.9831150444181723e-05
0.0133316912999939,5.6419691640250256e-05
0.0177861718123914,0.0001133241416260032
0.0014721857758597,8.936564082725901e-08
0.0177368903484596,8.26115895288685e-05
0.0171139263360068,7.239287918937009e-05
0.0157864828814371,6.1079561105975e-05
0.0163068861379598,2.3688978204438835e-05
0.0009910133846003,1.6616224889085739e-06
0.000776003832553,1.750249025805492e-06
0.0060318100479211,5.491466303340771e-06
0.0137144198255015,4.688967698585889e-06
0.0075148600544524,1.1481240331177579e-05
0.0061446772674159,7.162898158243549e-06
0.0073968790815313,1.710050678621928e-06
0.0013246887229672,1.1938408973580808e-06
0.0159249104706503,4.323612308614501e-05
0.0094777987066228,1.0414100057925538e-05
0.0059310754380943,9.362916207300496e-06
0.0055385635431608,1.961709115777767e-06
0.014136384323446,2.8593512038960618e-05
0.0014002260944311,1.1810446975297023e-05
0.0175456334253032,8.052907067957673e-05
0.0034792969452043,2.3573411291477423e-06
0.0089058366953596,2.143539678942454e-05
6.527162569493372e-05,8.368803878563391e-06
0.0045605825113913,5.960205989041863e-08
0.0104539144128935,8.71742890243664e-06
0.0143047388430883,4.6866528191082914e-05
0.0123466571448548,5.249198377268498e-05
0.0122511323601845,5.428814378695193e-05
0.0064722140785858,2.981614923219721e-06
0.0146826692569172,3.384745662814132e-05
0.0089866007264895,2.2959410315688705e-05
0.0027532277849087,3.6404951898721885e-06
0.0075538454978637,9.31568917931294e-06
0.00419603257501,1.9708187628042015e-07
0.0032960238327155,5.227491029580533e-06
0.0076187634837305,3.835611490695919e-06
0.0004238703785482,5.160228839840732e-06
0.0144947960891547,6.95857475622964e-05
0.0175164183371236,6.532645521355352e-05
0.0171431298893417,6.508728202606477e-05
0.0137618217717407,1.1267099955402073e-05
0.0059103472333191,1.148225476199458e-05
0.0094511717675125,1.2612668186222936e-05
0.0031289591493975,6.965076138056354e-07
0.0052273792495756,2.456417760686006e-07
0.0085841295079739,1.5784444893758132e-05
0.0070521081037287,9.047526201515205e-06
0.0003843788592811,2.6318224837250537e-06
0.0105803921182219,2.0946415836362478e-05
0.0179620022377563,5.193612007003074e-05
0.0125468342006997,3.6511993855493986e-05
0.0118862113396137,2.680562818976929e-05
0.0124342280280358,2.888228963347053e-05
0.0101950927071502,1.3150537768311906e-05
0.0035278085803779,3.2899164931881884e-07
0.0014990257741962,1.5660487241694333e-06
0.0026864348695498,1.938665998857289e-06
0.0169962071265292,0.00011131567038615826
0.0160454664870776,5.529484739229026e-05
0.0169030062527474,0.00010208476305764065
0.0090146025672173,2.8857460688071043e-05
0.00074302296274,1.3671735416600787e-05
0.0066162177210621,8.701218675517225e-06
0.0093616034503937,1.4013925753497003e-05
0.0170359161762095,4.635122737692292e-05
0.004618487633343,2.8579139428004844e-06
0.0077341414863187,4.106131845613939e-06
0.005737242013357,5.5750202908630864e-06
0.018234807414898,5.0836424139680604e-05
0.0028077720822469,1.9109228650397644e-06
0.0003144915861471,5.329780619324727e-06
0.0140421509909636,5.855799829349726e-05
0.0026731455698497,1.5364721050372088e-07
0.0164660189762903,6.770564735121448e-05
0.0084982616753772,1.348906320117662e-05
0.0189632290629013,0.00012067295097941528
0.0091466086957171,9.844524744515844e-06
0.0027035929725396,1.2746783191571804e-07
0.015653385569998,1.6994669187092468e-05
0.0122844383219188,3.2259640314694344e-05
0.000608321960163,3.997629654432432e-06
0.0098877849693462,2.3029420694933184e-06
0.0127114544406778,2.2192095483946007e-05
0.0058528381073385,2.034436899978972e-06
0.0164131612542978,5.19490699283613e-05
0.0065278641391367,1.0781168701319877e-05
0.0119512193810882,3.87105427937489e-05
9.82245512758806e-05,9.659631304107618e-06
0.0057878933090968,4.681775763244664e-06
0.0054033133530613,4.055788993696069e-06
0.0021418390539405,4.502977584529187e-06
9.728014837190992e-05,7.264001491741743e-06
0.0059977633561073,2.5383096598204326e-06
0.0113710806326398,2.9285803691265037e-05
0.015765455014552,4.0181527763700926e-05
0.0083740675403768,2.205331213386658e-05
0.0139311791668274,2.9425232630764892e-05
0.0060667909237655,4.9560435828768786e-06
0.0014888704774394,5.991112808949445e-06
0.0083067099171767,1.540198381010409e-07
0.0141917529683207,8.63503800212706e-05
0.012525382591708,6.232576712714518e-05
0.0115055173777863,2.7199931902493434e-05
0.0165061387166535,5.596744989742679e-05
0.0176515520431983,7.18538487131595e-05
0.0125090970867132,4.0005945281411375e-05
0.0024087440052277,3.060245163539616e-06
0.0100396253847913,1.5880473691380456e-05
0.0176031320802535,2.576501630724505e-05
0.0009131345950151,2.491861378640958e-06
0.0184616876190277,1.4139505893545557e-07
0.0179245544053992,0.00012687603508081084
0.0086686290451524,1.6102428337781794e-05
0.0170338613000971,0.00010216720087053804
0.0088269215680015,7.914630643385753e-06
0.018777166750243,1.4589365286470389e-07
0.0017187369721925,1.718948588458631e-06
0.0156174988856059,6.142935071355066e-05
0.0092166424750009,4.691784804651478e-06
0.0150605415904372,3.7020417980228846e-05
0.0188527440530762,9.861678361149314e-05
0.0198483956281397,0.00010377091914406669
0.0186490046855809,8.350490811988775e-05
0.0058734534505915,1.4768450663413323e-09
0.0060635513795598,3.227476499741772e-07
0.0029163637897052,1.5627595635335566e-07
0.0091289314505688,2.6073777821339326e-05
0.0039125324668636,6.126610338153823e-10
0.0192203942293885,3.466194529662605e-05
0.014829162335998,1.5006338975050274e-05
0.0102719561762316,1.0305775443310651e-05
0.0086548052942308,6.729656751520501e-07
0.018490949709861,0.00012151051105830735
0.0110563063642173,2.7531421549012332e-05
0.008730949522685,9.284747202261743e-06
0.0187286787375034,0.00012726144748549672
0.0167133554786157,3.946743998088431e-05
0.0143121963518354,2.46667424975277e-05
0.0187318262251331,0.00016180185340585536
0.0188209729775206,8.971444912773998e-05
0.0089923809289315,8.63059097351328e-06
0.0013332807439863,1.742371690106929e-05
0.0178397585976348,6.92314190590069e-05
0.0026843975172511,1.3222446078598383e-06
0.0047064597031635,7.05401684937613e-07
0.0056787206768568,5.0731549909852674e-06
0.017361948157897,7.455825889274447e-05
0.0120211978844077,1.7616141973179468e-05
0.0040954547002098,1.2106157623816715e-06
0.010887475177915,9.839874172563177e-06
0.0190451491817655,3.1831542390700496e-05
0.0143763057396647,5.804218311380372e-05
0.0140832061185075,6.39680366542691e-06
0.0051926765727399,1.3029716946726353e-06
6.175526787892016e-05,6.882369194595697e-06
0.005439483586649,4.052690146292665e-06
0.0168545253990626,7.52403644673403e-05
0.017491405789737,9.38530883530193e-05
0.0097711183996645,3.4926782471556005e-05
0.0196522687625638,3.834266939032566e-05
0.0154364930204669,4.616690523741257e-05
0.0099603583828706,8.558202441862568e-06
0.0152338246807232,3.5901515881621764e-05
0.0101458881561747,9.09240047054618e-06
0.0002193428207004,5.50393720200732e-06
0.0133433386230983,1.559144773479206e-05
0.0174997067618183,6.238752720092511e-05
0.0069828149197498,1.5239675134797303e-05
0.0118753330270035,1.8408985228518513e-05
0.0189636995924391,1.596347647089663e-05
0.0040669169859942,3.7279667869779204e-06
0.0098968899826914,1.4042277984454985e-05
0.0111096327564336,2.6632400662181602e-05
0.0181555210143155,8.281451981809194e-05
0.0148929948816303,5.1658631783725303e-05
0.0124946349692101,2.2773092040769182e-05
0.0158063731900679,5.639506261005813e-05
0.0023853774557494,5.1231098400266636e-09
0.0012280236442655,1.0112676494431749e-06
0.0179005164410908,0.00010773364154511226
0.0034366227576937,2.7004819546066456e-07
0.0058002577843441,1.7360551387114162e-08
0.0008371782526785,1.1993468162181776e-06
0.0046606333024417,2.792926043751076e-07
0.0115530714025909,3.23403399179786e-05
0.0170123538834804,6.181638437191455e-05
0.0045467183367352,3.2453228747745286e-09
0.0175592712239718,0.0001153536459801453
0.0101914778068408,8.73264815609296e-08
0.0187443393220191,0.00012443093009387922
0.0158511247216703,4.95194391983259e-05
0.0011905187599002,5.403015715449404e-08
0.0029516657784127,2.2532904597255973e-07
0.002521229189656,1.894617439954994e-09
0.0011184973748442,2.8754366371961735e-06
0.0062563779237295,5.140549226162512e-06
0.0168262512595531,6.857958341837948e-05
0.00246409453197,1.0290189394091511e-07
0.0108763598378834,3.2055193485776247e-05
0.0039209136272289,1.155670232087115e-06
0.0140775906852129,2.0880335655545384e-05
0.0069885351440123,2.431635332874254e-06
0.0168725791163513,8.334952847223925e-05
0.0042591295679613,4.1518212972636324e-07
0.0060813431490008,1.6409698489923397e-06
0.0138912784256926,5.084757727320254e-05
0.0012441785930614,6.273097602555633e-06
0.0133742251515377,3.8812799568262694e-05
0.006619567350123,1.0466555941417225e-06
0.0068072040713562,5.805413300583535e-06
0.0198237661596541,1.3546848426658578e-05
0.0181057793903911,3.561765075950462e-05
0.0024927892469959,5.391213431104033e-07
0.0199881638242705,1.695668642213914e-05
0.0046911494141253,3.0084010327989746e-06
0.0035314608349458,1.6040964795319477e-07
0.0036351056126181,1.9076303173588714e-07
0.0121200054969306,1.84221985701918e-05
0.0113896296310642,1.5753677339363393e-05
0.0020290398537836,1.0433251623262339e-07
0.0014195735182956,1.7344854649694894e-06
0.0150852338924994,5.283526368710228e-05
0.0189399283503642,5.511020212780428e-05
0.008534903445179,1.8784126967924223e-05
0.0048627279144417,1.3824770677089613e-06
0.0194978608160874,5.191682684603914e-05
0.0108351610325132,1.0765539420560475e-05
0.0024521778653637,3.434297815108025e-08
0.0066696901047804,2.7568084540206007e-06
0.0163414946140253,5.374745169509962e-05
0.0117169386961811,9.860394270084981e-06
0.0079595367029255,1.641756878489392e-05
0.0194976832590723,0.0001346996116543823
0.0187910836298556,0.00013865588743883496
0.0004246238677728,8.902067568915704e-06
0.0122475679858623,4.929806543282347e-05
0.0073786446071405,7.737656380903618e-06
0.0133934460321096,5.094395814377808e-05
0.015227539948321,4.133715844362082e-05
0.0171582617680273,9.598528093536797e-05
0.0119577068548558,2.972236993139718e-05
0.0010931738372227,5.3622803207917955e-06
0.0154483900623227,0.00010338906030676202
0.0123940050554563,2.4263768213669576e-05
0.0087607410773292,1.7950432761800953e-05
0.0076096829138103,1.6236863736164814e-05
0.0067892993497043,3.991838403542526e-06
0.0172208979306936,7.696058320340282e-05
0.0059795767600524,3.4451502791053927e-06
0.0110508051288627,2.2515455432436488e-05
0.0068848181297845,7.261325691140143e-06
0.002926830862268,1.3731363567563888e-07
0.0018853283961812,1.1185783155265316e-05
0.0177880470014473,3.113929628283583e-05
0.0036592499115159,1.5604332537913771e-06
0.0085749934143515,6.599839111143572e-06
0.0090727453751914,3.654452403747367e-06
0.0171212599335245,0.00011503916587628122
0.0065473459025889,1.9087784861486606e-06
0.0150724928138593,3.763935443917851e-05
0.0170352244217992,8.100951419061334e-05
0.0017583056666653,2.5773376936574006e-06
0.0020900835662747,1.7795256015195561e-06
0.0113969460612918,3.243629719801556e-05
0.0013873865266337,5.834876209577804e-07
0.0185972836662813,0.00011797433614384478
0.0101275056668708,5.285083923148631e-06
0.0041063548441511,2.6438555097124797e-06
0.0102509288654958,2.6623247659287727e-05
0.0183850658005004,0.00013413969905976488
0.0105007406105421,2.9571903129479217e-05
0.0115245753283386,4.605899219850375e-05
0.0022588091871238,3.27780918574198e-06
0.0032765421174057,2.7638826409160143e-07
0.0030583734122791,4.515853298697793e-06
0.0162418813765506,1.6298728771095538e-06
0.0053664307236814,3.431238289022172e-06
0.018744815838771,0.00012287192135874257
0.0010561038465177,2.8221688011371203e-06
0.0191609458382394,0.00011264594900661532
0.0159284933387687,4.5398423605074095e-05
0.006192994789473,4.4374849508705696e-06
0.010911281904659,1.6221844317249744e-05
0.003305406226417,2.1445449428014785e-07
0.0003337295875359,6.7335104801929955e-06
0.0045635869051182,1.4565702146131912e-06
0.0038007434823995,2.704031248698901e-06
0.0105189161172294,1.243123119549615e-05
0.0032434490799883,8.589938821004695e-07
0.0133111769461984,4.3739131972965965e-05
0.0101237752177802,1.2674475141320878e-05
0.0168715239273839,1.7755196673017822e-05
0.0136455685418199,5.634599940533911e-05
0.0186919599423097,0.00011344142023258194
0.0122907500480286,6.673121309659058e-05
0.0080996995506693,6.141582244825453e-06
0.0092369002095739,2.02834691043433e-05
0.0153561979503534,9.138535843663457e-05
0.0180433239058952,6.304546997377027e-05
0.0198314531541856,8.265508249611813e-05
0.0092540275568016,1.4741414792287067e-05
0.0062332132353877,7.86597277214427e-06
0.0046644562053407,1.7194522706199867e-06
0.0182971109277997,0.00014887325902685758
0.0193656218145321,5.837357830096958e-05
0.0006964823418035,5.6104640349160506e-06
0.0089376689247907,1.8362811087132236e-05
0.0097543328990336,1.046049176871006e-05
0.0164862479340683,6.731325684144373e-05
0.0150139502612155,4.014703381625795e-05
0.0166726086448527,7.652222047584824e-05
0.0053095049420267,1.9651221785124742e-06
0.0146631000527783,5.0490072716839954e-05
0.0116342648097236,2.1927669507580582e-05
0.0103226153314191,2.4723733419609438e-05
0.0142590565735616,9.517436939620943e-05
0.0040661117400221,4.5859294980139366e-08
0.0111576252122333,3.796776748464392e-05
0.0047300386936297,1.9188829544473888e-10
0.0198469705856539,0.00011643405103600248
0.0051610242154518,1.8606966719048281e-07
0.0057197354679787,1.0265249812528488e-05
0.0094827323952413,4.234923964184023e-06
0.0147462272181389,5.873277152333214e-05
0.0071960506875379,1.504286815034724e-06
0.0021144442319148,5.049296652793902e-07
0.0126748035069431,3.532691492150815e-05
0.004284439056163,7.199644500807429e-07
0.0023846887988956,1.3606175496651593e-06
0.0148072337264192,4.7885893801106336e-05
0.0096633119200433,2.631557286942243e-05
0.011610968043928,4.325814830571721e-05
0.0168203275618419,3.6949160784443146e-06
0.0076375684216747,8.687309477353952e-06
0.0081515933683935,1.702326476538328e-05
0.0002918589413138,2.175864725743674e-05
0.0199410777051556,9.519740512316898e-07
0.0077522770934862,5.277534034038342e-06
0.0105130929962337,4.185360995717323e-06
0.0115350056006155,2.0878689196325683e-05
0.0034835174305933,5.344458803733374e-07
0.0113247575881133,3.284172945007434e-05
0.0047121319839537,3.003085191057938e-06
0.0050704000619453,5.926761460150242e-07
0.006174659304817,7.5493858994438985e-06
0.0159514882310293,8.55978446764897e-05
0.0122831903981917,4.8203073528115345e-05
0.0079541814502301,1.2268397173504123e-05
0.0144403062715918,4.526515443499784e-05
0.017350132508305,6.596341709314962e-05
0.0057083425578222,1.5384965461478346e-05
0.0130419170347161,7.20192089493983e-05
0.0123397479423834,2.0000500185263198e-05
0.0018315054497089,2.9312828092403536e-06
0.0119882441923355,5.93672967022534e-05
0.0070357208870519,1.1206610666027564e-07
0.0103539519455166,3.693080266385727e-05
0.0011458709221443,1.4077491921732172e-06
0.0078534379217871,6.5895870030263156e-06
0.0017660113443674,6.976704102027743e-07
0.0184228174381933,0.0001206556604240519
0.0004280393317352,1.592906709332848e-05
0.0096106716318737,1.998342814881955e-05
0.0087127538540979,2.334539832729219e-06
0.0097802057628432,2.7647391231638145e-05
0.0102860821307706,2.4423589478939667e-05
0.0123874493310482,2.628597723298071e-05
0.0122473045772957,3.1273165696911436e-05
0.0166173518509966,2.5782193901071236e-05
0.0068050798472879,7.888744350312171e-06
0.004029994395611,3.8890847523460264e-07
0.005415240212356,4.684434761738116e-08
0.0041636143063042,4.945146140667353e-08
0.0171169483553406,5.293987563338289e-05
0.0173462168271141,2.486699243750335e-05
0.0167783177321523,0.00010358020905226554
0.0126019118866583,2.628533182292741e-05
0.0100319840612375,3.2084400529427875e-05
0.016590069796363,8.850172376880681e-05
0.0169863170840297,9.462871347263967e-05
0.0003448361484375,5.4779424991799155e-06
0.0120120679426019,1.7507289616686444e-05
0.0045042260536106,3.812386049484731e-06
0.0146997122008442,4.3460096196899805e-05
0.0152702188665821,5.498997399800796e-05
0.0107952268258386,5.046354603485518e-05
0.0127213786876324,3.683434618689328e-05
0.0022615286915319,1.2959781293483164e-06
0.0068687076251737,1.6125595895401025e-07
0.0013638121673608,4.063659219934019e-06
0.0154739296690355,5.78383466749491e-05
0.0120098301625077,1.0428525692851758e-05
0.0006848551410581,8.082787403956746e-06
0.0143502475433021,3.840141104739557e-05
0.0059828505738694,2.191404905766208e-06
0.011579885054402,2.1721915107106127e-05
0.0159052436682607,3.501191370926117e-05
0.011273773174231,2.7787035655455927e-05
0.0062143283750351,8.490769699418722e-06
0.0030645619733831,2.679169177471284e-06
0.0194790104646744,0.00010962691307775582
0.0009589906747411,3.6510319871047665e-06
0.0144064392770823,6.852782919781988e-05
0.0162114603387809,0.00012179424619357488
0.0156871171401331,1.732671209448735e-06
0.0189038791531378,7.16197148507924e-05
0.0016157236607839,4.776533079523602e-06
0.0053145596186031,1.1964608483359377e-06
0.0056902308593414,1.3296786046879237e-07
0.0100130305329087,3.141408050078823e-05
0.0069208869708081,7.337501307176441e-06
0.0174107153924667,9.544736209137463e-05
0.0126215481938296,1.8382249831658106e-05
0.0014357871100871,5.2168666040503235e-06
0.0022784905038707,4.212746144259018e-06
0.0053337522911329,2.6571935649652784e-08
0.0030952945493313,5.462263944421629e-06
0.007868451344581,2.2496844681313365e-06
0.0007473451591563,7.937059407788893e-06
0.0109685014100355,2.121813479507934e-05
0.0105481910804775,3.336277424522602e-06
0.0171531832461419,5.5560473655526276e-05
0.0080528548336712,3.162106272567909e-07
0.0037041948487329,4.83696735333082e-08
0.0152002900198604,4.401030039470686e-05
0.0079243053269678,2.6627732074703253e-06
0.0175185182493533,7.417057278580252e-05
0.0135270280496878,2.815361280638864e-05
0.0048467081732521,5.89634548993634e-07
0.0184848094073807,1.8368296970094717e-06
0.0177926092633064,4.702707107346773e-05
0.0004512610811097,2.4136759332341122e-05
0.0075548954099173,7.43100727701606e-06
0.0107905312971523,6.01513510790982e-06
0.0108967085735205,5.721342793582195e-05
0.016222592385538,5.355509053926452e-05
0.0193849247979859,0.0001005532659946879
0.015293414629321,5.0330893560550145e-05
0.0196239674597572,2.5433207253848735e-05
0.0018381134000539,2.0282525533645654e-06
0.0050050930229726,1.8298341933865648e-06
0.015746252200317,1.254189828878211e-05
0.0170991467126502,6.847220922736471e-05
0.0016321841861102,3.1792414491482328e-06
0.0080269347032498,6.137702331412634e-06
0.0157302692251668,6.543629584112294e-05
0.0056938930961511,1.1722995612025323e-06
0.0063983046798122,2.593601148356461e-06
0.0046405315022789,4.277631026667525e-06
0.0167438635754719,8.400113091219623e-05
0.017593833953553,8.337485087127603e-05
0.011065320298615,2.5469541270918507e-05
0.0127995329465585,2.2248829694016346e-05
0.006252142808537,8.265863236781003e-08
0.0101135083075476,2.2298035699552478e-05
0.0144833350724407,2.5242959469461638e-05
0.0055803312665501,1.0157898368517431e-08
0.0148874854895694,3.3910617460018755e-05
0.0143927824719443,4.726680907052666e-05
0.00285037411853,5.0332031019709024e-08
0.0157696559504163,7.745303313575669e-05
0.000481705061912,7.759679710162691e-06
0.0105004790155433,2.5963275802880075e-05
0.0003756179776141,5.741061940815756e-06
0.0064595714043965,2.462855770095258e-06
0.0112544384381961,2.47290493433316e-05
0.0093582782619424,5.583904286869395e-07
0.0012619880749105,2.8376469931931204e-06
0.0001465664401138,6.351287578953466e-06
0.0189241591901295,8.586882648026035e-05
0.0024331998303363,2.3606984940033686e-06
0.0145600882486813,3.2667107209514204e-06
0.0051106072266126,1.6748248099997982e-06
0.0078439447516233,4.916011657447987e-06
0.0133765757697582,6.62835340346692e-05
0.0005048004953538,6.076903397621918e-06
0.0145163071932744,4.893383747855965e-05
0.0067367498888917,1.3470579766149095e-06
0.019062931652667,1.972898799248892e-05
0.0085515690552972,2.286695352724533e-05
0.0138568975853997,6.429048782116777e-06
0.0005247435473338,3.41999712621713e-06
0.0052175750550886,1.1002552098288242e-06
0.0127932484529543,3.141501759062096e-05
0.0191270137169436,0.0001212041683577469
0.0166493127653914,0.00012199709650226728
0.0080831921934608,5.3254600429730915e-06
0.0060598219770161,8.077882678197727e-06
0.001001805753482,4.328723998357206e-06
0.0176534230442981,4.200620876351837e-05
0.0031063920386505,2.121664985381183e-09
0.0089498226401301,1.3428074258352918e-06
0.0196019968649932,9.823841894754197e-05
0.0006422346140974,5.63325739516086e-06
0.0017331081683452,1.0213194882387803e-06
0.0194187481251086,0.00011890451121519157
0.0153175317027394,4.1858517428876445e-06
0.007418893980539,3.6907283976665447e-06
0.0095500201260819,2.7252374017229845e-05
0.0148188227556784,3.406064061618358e-05
0.0065458663396001,5.929509026696272e-06
0.0078715446030581,6.25459098934052e-07
0.0072291116188003,7.327765188623732e-06
0.0016397618231501,5.455015374457246e-06
0.0091187227669982,1.3482018033928913e-05
0.0067747154886292,1.553365089006251e-05
0.0111854691465561,2.5898735265708563e-05
0.0059119325201616,1.5276000286985744e-06
0.0114636702616449,1.6004686165751376e-05
0.0079882708756292,1.5101647963560128e-06
0.0147147169127239,4.385749080700703e-05
0.0030846867913734,1.4656762163170155e-06
0.002704595421704,1.8033142959290456e-07
0.0195435607059694,1.2136035839169003e-06
0.0107352900461914,3.3344820700244985e-05
0.0046869589741187,1.0251006636165493e-06
0.010618772304599,4.833832996480172e-05
0.008972621682569,8.172785604341338e-06
0.0035035240403545,8.895178892856248e-08
0.0127300708934976,5.011639020244427e-05
0.0118080227708571,3.310194053308451e-05
0.0152144693555689,5.719896424034387e-05
0.0041657778666068,3.5198806447273176e-06
0.0020763996685067,5.943266722822039e-07
0.000368989495934,4.004829983242382e-06
0.0056774553639028,1.722233930617133e-07
0.0011029115690325,8.436304692413954e-06
0.0098931565973756,4.26603467041139e-05
0.0186070303368951,0.00010345048381717413
0.0011943664802018,6.263583480569639e-06
0.0114546569875277,2.797614432643178e-05
0.0190737075554995,7.919833493739494e-05
0.0038870049837387,1.504476711760756e-08
0.0143389129462027,2.9494564234582883e-05
0.0176605112990228,7.485343538751135e-05
0.006746472981028,4.2342544420863965e-06
0.0142119270993586,2.844322718048727e-05
0.0022848622480394,1.2819519155064881e-06
0.0087947687427168,1.1649663648873542e-05
0.0156160530745296,4.473756615549066e-05
0.0079010910045022,1.1866518913336172e-05
0.0092763584831616,1.2149057264753657e-05
0.0049232642841646,2.1848526035311986e-07
0.0046931992070467,1.1460292728982825e-06
0.0087595767523345,2.02584558048253e-05
0.0123523812063876,2.0603647060804632e-05
0.0013384801078557,1.8297282845449585e-06
0.0153043230564114,4.7681474631664605e-05
0.0035072709816105,3.255480733021194e-08
0.0110570420606723,4.122938163071246e-05
0.0073751370827657,2.081104670387134e-06
0.0119517535828203,3.949384170388041e-06
0.0145854244326961,3.675615826196868e-05
0.0005135732335415,2.9972536715535316e-06
0.0127133620484678,6.035433408137091e-05
0.013084560987368,5.3795415848633295e-05
0.0071459492050764,1.606945283622684e-06
0.0059055858698183,3.112929181931401e-07
0.0119104732897963,3.7635919282198684e-05
0.0064610636382757,1.0150114161220077e-05
0.0063397127974687,4.060911898022182e-06
0.0141472671924067,8.620501017123115e-05
0.0025534838922154,3.5502443948907414e-07
0.0104080397242134,5.0018477934320004e-05
0.0018397018429335,1.0100730246004823e-06
0.0125904019932961,2.9477502933251037e-05
0.0103223508155203,2.4273582854774763e-06
0.0027697603792943,1.7527941595734456e-06
0.0070327758549394,9.133982940659065e-06
0.0053678481687971,1.1924538542066664e-06
0.0181275006496546,0.00012888352887900403
0.0162397975352483,1.787517596782808e-05
0.0129999148708328,3.609111191769722e-06
0.0181898993269549,0.00011219964379817764
0.0114697645125951,2.383755045227913e-05
0.0178010995524098,1.6549452676926017e-05
0.0003197528816271,8.938730859485218e-06
0.0072463846543156,1.3845434871567156e-06
0.0080498416066362,1.3578785636195774e-05
0.0189978562540123,7.464069211714232e-05
0.0030360618110157,5.104304141897485e-06
0.0172467564177693,7.504997769919311e-05
0.015877434673183,9.980848941493573e-05
0.0170404548826409,0.00011783057225541511
0.0062874964518251,5.454979525094378e-06
0.009790125638885,1.56744514632414e-05
0.0195616090704722,0.00013869305313624118
0.0029253494422893,2.1616954131563773e-06
0.0015750647161539,2.259292260325093e-06
0.011275792123584,5.561381937372357e-05
0.0159162000710768,9.302055113394908e-05
0.0128225295782494,2.63199935512676e-05
0.0166261011405936,8.298648596868029e-05
0.0082671589466051,1.1199986027640812e-06
0.0188782727825334,1.736901409088031e-06
0.0027786297126855,6.804697472353774e-06
0.0182650521910655,4.816021578952185e-05
0.0133874618881586,4.715909961062458e-05
0.0026137785236622,7.026194957070587e-07
0.0116940353798738,2.606396204012274e-05
0.0169277412064028,0.0001216370361353254
0.0036670064505475,2.8920124520726815e-07
0.0051677488804936,5.364539964861912e-06
0.010986154595815,1.2881621387908724e-05
0.0095066773908901,7.1260652824592734e-06
0.0041590775370729,2.238990640609516e-06
0.0012273002857058,4.825806722577464e-06
0.0154115335525753,7.663587042520163e-05
0.0191452305080162,6.791697229097786e-05
0.0027091824874841,2.0952025833324934e-09
0.0067415523590778,1.13847766741941e-05
0.0012062038505878,1.3625738885347822e-05
0.0031310676159493,1.7330590842443269e-07
0.0131062039572388,3.8334952947042446e-05
0.0003401749642377,5.921721381735315e-06
0.0187113559531459,0.00012033840024105242
0.0130827321489995,3.981430495339742e-05
0.0186776889623897,1.8779921435699603e-05
0.0178936439490483,0.00010025707316528515
0.0154108147870463,1.3950029569322355e-05
0.0137923328747844,2.165781073106931e-05
0.0025953420451476,1.0261689638238566e-06
0.0081440222577831,1.3678800139500214e-05
0.0004054761592458,5.944253718019823e-06
0.0037727697267295,1.3900271839661595e-07
0.0192238901798918,4.692263284463349e-05
0.0035891289906894,1.3174902190639388e-06
0.0009440811241176,1.0571989228946885e-05
0.0117636664148611,2.683821821630659e-05
0.0017625416269067,5.306318402889586e-06
0.0132580442380027,7.242174346108153e-05
0.001125292377252,1.0551855852354142e-06
0.0064128699407154,1.1873490744135968e-06
0.0056937729567674,4.307092372262157e-06
0.0025291581095071,3.851933853179666e-06
0.015535290256791,3.4472278797925235e-05
0.0131186562805773,3.006939152935705e-05
0.0140015740509693,3.456758507223336e-05
0.0141517873859844,8.291479138763632e-05
0.0131993341468137,3.0654296789852367e-05
0.0183350791648626,0.0001523796420282876
0.0027097011682749,3.274612792263135e-06
0.0043004742659532,1.9507844893535387e-07
0.0189477981093726,2.3000691550860607e-05
0.0162172736878055,5.667255890061685e-05
0.0097257726822415,2.118272038738938e-05
0.0035077465844868,3.224928045650075e-08
0.0097787066553706,2.856725061061979e-05
0.0060535188587009,2.617995802592333e-10
0.0009319309246388,1.3802319450793982e-06
0.0118300836327484,2.857924088815509e-05
0.0064348491529638,1.0813088071333334e-06
0.0162476651271496,2.9118280495802557e-05
0.0051128665499015,1.1407843083654952e-07
0.016936018661816,7.454139938678325e-05
0.0120656758442736,3.9635280156206464e-05
0.0109572093740098,2.646017104779987e-05
0.0149081286065322,0.00010142784155995919
0.006805266494852,6.609377900623902e-06
0.0171396997098347,4.2260250247752715e-05
0.0102662484032799,4.130451937026286e-05
0.0078946062380096,1.2210750196549918e-08
0.003123565988819,2.0972224528836058e-07
0.0165609679549108,6.491133309302852e-05
0.0008608910647678,8.345322165845161e-06
0.0185287573390023,0.00010746754850105619
0.0097050456309001,1.580544276940529e-05
0.0003198984501417,5.371260493192721e-06
0.0195072102134202,3.836612825076522e-06
0.0098507755017637,9.686845940441615e-06
0.0164832165565008,7.402263573867839e-05
0.0099662787269532,1.1372751172117423e-05
0.0168620450840849,0.00010882889428468784
0.0194170585349698,4.4807193173160634e-05
0.0190907470743397,0.00012234591198438953
0.0130511285319888,2.6906396164746776e-05
0.009571514343704,3.138081350231844e-05
0.0122272939765023,7.49271213298517e-05
0.0021706049924388,8.416007797943715e-07
0.0106903057810328,3.728140322592106e-05
0.0023280271866017,2.193801705887728e-07
0.0135262137204438,3.403538855334723e-05
0.018590635101635,4.0363054234101035e-05
0.0180123306786575,0.00012011034991210304
0.0092201677726735,2.1794005782679265e-05
0.0154664322886905,5.965109336762812e-06
0.0148709607495669,5.478590270515039e-05
0.0038259815475028,6.94376292872269e-09
0.0004490083574502,3.7850553319881e-06
0.006642083508029,7.507238989201174e-06
0.0150211293637286,3.741366828305603e-05
0.0011533132981177,4.534582086719703e-06
0.0053916713926849,5.131041117189714e-07
0.0090372310959718,1.546967145609202e-05
0.0092084920569676,9.164370114870932e-06
0.0036779997047426,3.2441768464920984e-07
0.0192855962730665,6.157146600226688e-05
0.0173807290821173,8.741453583964125e-05
0.0046004861613524,2.05027407975487e-06
0.0120996067039021,2.1344456322949222e-05
0.0110733915862595,2.1955253101156033e-05
0.0138654980001759,5.340367693332632e-05
0.0139719833409119,1.7425770925336444e-05
0.0093893979351718,1.6106944701288867e-05
0.0133080094575398,2.5268876925558864e-05
0.0020254685070845,1.52697055301414e-06
0.0056433209606998,4.629153977121437e-07
0.0058672257159373,3.644005431638059e-06
0.0182751730236239,3.3687269112986277e-06
0.0026606670388565,8.88472767768405e-08
0.0129303338017226,2.2338494642344617e-05
0.0041379989958189,1.014149487951576e-06
0.017746154301256,2.071649574517226e-08
0.0155500261817751,9.951763154763884e-05
0.0029508827849726,5.804602021537991e-07
0.0068629499066761,1.2391530239323535e-05
0.0157882396202833,5.168401395589327e-05
0.0166361460335005,4.7173363438534805e-05
0.010142839583068,2.5373254911350565e-05
0.0191148760515076,1.973913967887916e-05
0.0011072799396564,1.3373307980762997e-06
0.0039913053542364,1.5847123407105733e-06
0.0040160765367057,6.634699960072552e-07
0.0109192249789212,6.684179672963195e-06
0.0119234130711846,2.9919891555227166e-05
0.0138546007546157,6.140314926738496e-05
0.0179697275814836,0.00013924611131958467
0.0010568086133953,2.3328330632522008e-06
0.012913428435181,4.334063781221129e-05
0.0175909878521115,2.9438047200126647e-06
0.0006395005681974,3.578505405450743e-06
0.0030925174847438,5.222975366651502e-07
0.0161521862978922,6.420227125583575e-06
0.017432178969197,7.997365949718222e-05
0.0142691560482136,7.042650426622226e-05
0.0090284162867987,2.9430511587502915e-05
0.0056013875799784,3.2053754934378294e-06
0.0161142644267103,5.589675616990244e-05
0.006091130955018,1.1331431787069525e-06
0.0090767399452559,1.4645835222127145e-05
0.0088816844941487,1.2704517484422496e-05
0.0079285680597343,6.7493202903425025e-06
0.003365514648085,3.3416401046237587e-07
0.0037137226845851,7.057408209074578e-07
0.0007456498959328,6.814807446164531e-06
0.0049591122286213,1.6323694102900722e-06
0.0152736684771617,6.561911904672445e-06
0.0076450994833924,2.410983240943433e-06
0.0075856876015777,1.0237295348519052e-05
0.0143099993119297,2.4210899733305617e-05
0.0034079683755958,3.1064713529186953e-07
0.0082670695462749,1.8234266000710172e-05
0.0165593702580405,6.93894408469958e-07
0.0133957088624019,9.250576732434292e-05
0.0196873694481201,9.948890676211309e-05
0.0079269836279833,1.4176924913061131e-05
0.016225990298145,8.941294585770202e-05
0.0075910044482936,5.710270501910777e-06
0.012306685402292,5.35713249386907e-05
0.0114528724944726,2.678761158341537e-05
0.009153747288839,4.905571791116407e-06
0.0191155842585844,6.969275133533097e-05
0.0132903905109911,3.911614802335633e-05
0.0081990213027371,3.921490912870352e-06
0.0001409844253646,8.895931991482252e-06
0.0097799418569917,1.3057331952546836e-05
0.0170457719377955,3.742297037881531e-05
0.0096501540009494,1.1794243216349698e-05
0.0101260182377298,2.9734453589460937e-05
0.0086101148922872,2.436954675710387e-05
0.0159503073626506,7.799677737945107e-05
0.0138317514383574,1.1780235492106476e-05
0.0082869251655976,8.62798177750565e-06
0.0095569243942777,7.375240256413605e-06
0.0169164281931043,6.89828578539547e-05
0.0071744215427095,9.885108916278892e-06
0.0143289960640258,4.968142607898291e-05
0.0171511368893862,5.00802660542122e-05
0.0036343077204793,3.652576597988313e-06
0.0137628913202942,3.10705776096852e-05
0.0073669997269489,2.81237174856069e-06
0.0134376800381703,1.169365481698141e-05
0.0004932264028146,2.909184547349913e-06
0.0099994309569889,1.4699724404993979e-05
0.002599966186583,3.1210563359370974e-07
0.012004072055847,3.198939804534031e-05
0.0029737649068188,3.9014790346190055e-06
0.0135539725620051,3.4105670368977654e-05
0.0012715296911994,3.6650621226024796e-06
0.0104649398783639,2.9214227100562217e-05
0.010291618075182,1.795237147581841e-05
0.0081753911863383,1.0895931940870549e-05
0.0196377336584559,8.340066383032809e-05
0.0135498333004338,7.634415909164346e-05
0.0027698722920562,9.946306454458902e-06
0.018713691910238,1.3228484875540722e-05
0.01128416910286,1.8232046809559956e-05
0.0096531616607472,8.06973527774565e-06
0.0161117646137787,7.747699089195391e-05
0.0123991586215113,2.0378050849292432e-05
0.0049228544073874,4.907289629467982e-06
0.0115102112778264,3.833991108369469e-05
0.0094465708019582,1.5284805604431398e-05
0.0037197649832544,2.5839139440462775e-07
0.0110219408530163,3.601686559893059e-05
0.0051221350101845,2.437828696685928e-06
0.0043081027611888,5.256162822501226e-07
0.012647735882174,3.558880305756173e-05
0.0058529164624883,7.753204682461974e-07
0.0009851894042971,4.0786494672742415e-06
0.0010759267941738,1.1708000778077603e-06
0.0009013804916081,8.822471724613262e-06
0.0162631313524299,6.295042039765217e-05
0.0086553920974238,1.9848196476105e-05
0.019507616012788,0.00010054799308083135
0.0096041848555761,3.106160704450677e-05
0.0017306281878323,7.312418009896335e-07
0.009475466449364,2.2189291093015925e-06
0.0116356426291463,9.553458637305461e-06
0.0015652818431737,1.9141060477802272e-05
0.0016632289809155,4.288932653232803e-06
0.0180131417353475,7.423130120551463e-05
0.005535528605549,6.558189578287967e-07
0.0182718741291078,1.963005898150007e-05
0.0051591565609152,3.5237977553152297e-06
0.0084125376360237,4.880589610372714e-06
0.0028264103242246,4.668247277596994e-08
0.0081985802161434,5.535223961109952e-06
0.0092893289543006,2.6555298883396872e-05
0.0004684542306211,1.2813694009923475e-06
0.0040793555939033,9.866734981370557e-07
0.0109457979486872,4.721215097155638e-05
0.0028416689645641,5.312428070754153e-07
0.0042810044360059,1.1232370448233304e-06
0.015793564470952,3.1414801418507465e-05
0.0163272962039652,3.23264952499164e-05
0.018987059312938,6.73383028891534e-05
0.0019996000858045,3.7815485048560474e-06
0.0190512784877772,8.668040295890945e-05
0.0195681555049703,1.46779315073766e-05
0.014015300614526,9.208719125507748e-05
0.0078247061220459,1.0193390988161234e-05
0.0157194483736755,3.6029524040651615e-05
0.0082178405053602,1.2660850020094938e-06
0.0003371072171654,5.034916278294719e-06
0.0074282654877453,1.1272466418678705e-05
0.002186323323198,3.705308384280932e-06
0.0141148966507747,3.734909717571666e-05
0.0124499351867797,1.434675037379391e-05
0.0150966485439172,5.322943615360197e-05
0.019112334976292,0.00011683391812763044
0.0126965491904812,2.258132466123232e-05
0.0088771335016577,1.5320066860755755e-05
0.0059774079151356,8.632556247011952e-06
0.0144794625496077,1.3004676463406152e-05
0.0108552337396891,3.3935652499767657e-05
0.00453829225613,9.92582728493626e-07
0.0016449790997664,1.8946277841362017e-05
0.0011634603520103,1.0258199451427465e-06
0.0043378646790076,1.6975162793029989e-06
0.0192517652113436,5.1069810887339e-06
0.0041211371027735,2.177367390457681e-09
0.0168200009825855,7.709476708030095e-05
4.965595128117339e-05,4.612766358031236e-06
0.0025491938657395,2.293396953005827e-06
0.0019527953569687,4.071107507276104e-07
0.0125344279132728,5.015215692039184e-05
0.0101180105062447,3.1772896279163693e-05
0.0142061803950459,8.441829441184721e-05
0.0108047772619827,4.5342978141133954e-05
0.0126406284447474,5.386236587493978e-05
0.0187106319975684,9.69220238489429e-05
0.0179830679265978,9.814798295507804e-05
0.0033046903109657,2.397975857956246e-07
0.0145972251860707,4.959088249786148e-05
0.0003575849454563,8.421857056513319e-06
0.0100472404991462,4.699598102153639e-05
0.0185642850496806,0.00012577922756580712
0.0188867793355994,9.068090404853776e-05
0.0058003873005685,3.059660700163204e-06
0.0054673672505696,2.009781018478538e-08
0.0112743221555896,2.293104350477602e-05
0.0070763236510812,4.738745966679565e-06
0.0197250715543003,0.00012674010751391059
0.0133677660474178,2.8234017779785532e-05
0.0034321885829424,1.762725949466122e-07
0.0122451535133963,4.7943821211370286e-05
0.0032356715678172,3.014747909989522e-08
0.0191969080480972,0.00010014432923100947
0.0196799494924333,6.984657523866389e-06
0.0102050392533849,2.317864755540683e-05
0.0020131332434049,6.917176363671838e-09
0.0110382465039859,3.2872292707512884e-05
0.0189609865342506,0.00013827103997565178
0.0011938458521511,4.0371576709400076e-06
0.0042330587802952,1.4434550051129772e-06
0.0144663018778208,5.79988120990747e-05
0.0170517499489429,9.454253962219434e-05
0.0188336552700494,0.00011042163165107471
0.0181438367404016,6.531514023431234e-05
0.0036774101454008,1.287053699070077e-07
0.0083824292757973,2.3244993805490405e-05
0.0056126473119977,7.264649992222095e-06
0.0155364676047956,7.135743199855448e-05
0.0111613105051822,3.500531827155438e-05
0.0004420230626676,9.157055562433454e-06
0.0052777971595974,2.2719378414921225e-06
0.0122193604448424,3.160023306231825e-05
0.0065349317530903,7.476432527258026e-07
0.0047472953068213,9.038413288406259e-06
0.0042018881684474,2.922533461246298e-10
0.0192729497220381,0.00016832649482737135
0.0055517008294206,3.367524083768346e-08
0.0179811430022014,6.951146540848175e-05
0.0142566491178091,5.903684666163612e-05
0.0121243406879864,4.0305731142958346e-05
0.0186066575898576,9.973771096741753e-05
0.0022745691906794,3.4143348482529014e-06
0.0049009348417516,2.299296284742531e-06
0.0143742495446106,5.641635333911349e-05
0.0103053538733836,1.0781198802170566e-06
0.014997648754681,7.414200541319211e-05
0.0002693105258059,1.1388207172204429e-05
0.0024171821042654,8.36644985674273e-06
0.0002543410707631,6.2372022452026465e-06
0.0173976841945145,9.81286819653151e-05
0.0067145351502049,6.638912714542329e-07
0.0154467071301198,3.675636440373992e-05
0.0010780659489919,4.067151633229741e-06
0.0179537552841329,8.601863748438791e-05
0.0132791058089986,3.5921245946487884e-05
0.0072633400743286,3.935751347406045e-07
0.0152518720512465,4.952454264233252e-05
0.0010138375451025,1.1016098615698092e-05
0.0162400092155203,3.761592246466062e-05
0.0073701446645634,1.1687083208267146e-06
0.002690344004834,9.317036528339591e-07
0.0046082839061021,2.9265279174804537e-07
0.0089269798060757,1.4238970124045374e-06
0.0142544979143634,7.862365328175913e-05
0.0097538510974066,2.3428628666768965e-05
0.0063641016857539,5.383215969034444e-06
0.0126789165325306,7.006997150548566e-05
0.0061086777437451,5.4377618380156994e-06
0.015613822571821,5.1872569747738836e-05
0.0156730912018249,5.6242747858622775e-05
0.0036344963667231,5.809179243083279e-07
0.0181019447161006,4.827294322914547e-05
0.0132837562980331,4.180940992161268e-05
0.0104948091493899,1.6234084608399247e-05
0.0054888036976799,1.879740251284e-06
0.0115966011741868,1.4064294182447297e-05
0.0172424523822551,0.0001305936327276809
0.0141456214086576,4.622761260459329e-05
0.0073387289304004,5.00509500551586e-06
0.0075011297824151,7.828111649094121e-06
0.0143886942522715,5.0389614224101785e-05
0.0122747554711412,3.015367352451724e-05
0.0043216808385399,3.50407827583302e-07
0.007828419280359,8.162892325123689e-06
0.0059527800832265,5.2185247738706165e-08
0.0079342991555417,5.185724527678885e-06
0.0178783621558395,8.092013639218058e-05
0.0049094673920774,2.249159754774887e-06
0.0141669661767481,5.3316454293475286e-06
0.0148472369657987,4.9237647543862054e-05
0.018618447194853,0.00013253644902054066
0.0127479322724704,3.139098545427414e-05
0.0106684425936748,2.9383526101097643e-05
0.0069209260713053,1.6162588708671273e-06
0.0107479151239521,4.0624386785267845e-05
0.007844750805637,1.718692547120809e-05
0.0080673678372859,1.4413438043347865e-06
0.0025038779200791,2.6922620718225644e-07
0.014143031746518,1.710349561902939e-05
0.0138280799878565,4.880718820565871e-05
0.0074011809884979,1.2952170862077991e-05
0.0019130468990846,4.468581838623831e-06
0.0148306332197768,4.5270710803933574e-05
0.0119833755356398,3.281326313622806e-05
0.0112195537438562,3.442918414416288e-05
0.0110255604038612,1.659743159025048e-05
0.0047087371162973,7.155913549139389e-07
0.0054547964412052,4.4238225139977994e-06
0.0150728406545083,9.605518374003616e-06
0.0184562796774518,0.00010487913750111134
0.0139199738078027,7.378903278224722e-05
0.0073954341874106,1.2453336307981712e-06
0.0030889155042759,1.302532184960931e-07
0.0054887703999223,1.1917569522686106e-08
0.0008492981866916,1.2333726845163293e-05
0.0109659365503888,1.6535900270127577e-05
0.016337252075071,7.539614814299868e-05
0.011742351571542,2.4929287015858686e-05
0.0132759180344,2.4350360257949878e-05
0.0194094076319194,3.086983123297748e-05
0.0186183530540056,8.061350240876766e-05
0.0040010093017223,1.2788371702635182e-06
0.0013581299435979,4.075437182787819e-06
0.002217558523144,4.5784641430154405e-07
0.0128034091134595,3.1980029250672734e-05
0.0097485060141257,2.811282917926582e-07
0.0009530824006147,3.127713799724415e-06
0.0198402787248512,0.00015826676700687347
0.0164528808856352,8.625420752375148e-05
0.0072456314736042,2.118488202578733e-07
0.0042145073997001,2.9332530487423986e-07
0.0056569610959447,1.2126603698186349e-06
0.0054001146244967,2.454293877667744e-06
0.0174784136952035,0.00012916876014919756
0.0125513431826341,5.1474738588022186e-05
0.0189278185383771,0.00011139275836811274
0.0033926033333168,5.744581680411792e-07
0.0189507288140972,2.341111205903821e-05
0.0137197968934043,6.673459661994997e-05
0.001235610695248,5.754296089261549e-06
0.0083067415188625,1.4917776702380105e-05
0.005931168239473,1.2799688197663083e-06
0.0142555607153073,4.9525032217049074e-05
0.0153046857456487,3.756629121130892e-05
0.0167127779752495,1.4388360732211882e-05
0.0053012428231388,1.1751579694910956e-06
0.0074680360286841,5.963535258066059e-07
0.0142042155622613,3.895219211825045e-05
0.0172305406780233,8.388552059314168e-05
0.0023348175299759,8.701922428052437e-06
0.0023299604776317,3.023223297095696e-08
0.01973066568135,0.00014370454030274775
0.0145995973015082,4.0386580691093805e-05
0.0156859439488818,4.748689703248099e-05
0.0052677242112982,4.276816449201986e-06
0.000669444775682,1.9512923805969216e-06
0.0121983330988094,1.6777635010269796e-05
0.00985131318319,7.671009839238882e-06
0.0079721572263771,9.895027046715939e-06
0.0168498828935761,7.342243494835145e-05
0.0075201290734744,4.1596273307001055e-06
0.0050562526631925,8.242889296007197e-06
0.0186172983060623,1.6248343004263934e-06
0.0092459939974671,4.356145889080708e-05
0.0173719286171987,6.573369283921237e-05
0.0038118065577003,7.487893415935122e-07
0.0157450095896822,8.247656767991404e-05
0.0111410765256267,1.4455068845326908e-05
0.0010673746684016,6.799926239116282e-06
0.0180740464269978,7.459089077549773e-05
0.0179971323025259,0.00013783269847737628
0.0138976797707745,3.9360076465297896e-05
0.0085018390715216,2.639645098393493e-06
0.0060912863937158,8.979195529454701e-06
0.0136229079985313,5.275977631431859e-05
0.0133128414878179,9.246892630486163e-06
0.0132203737723345,4.932488260378113e-05
0.0017771089105861,6.312483160057254e-07
0.0079025794547015,3.165697214819653e-06
0.019157030240769,4.574282546682949e-05
0.0017083931931178,4.716004003549236e-07
0.0057161367910896,6.669649620588344e-07
0.0025402991768511,7.869904561739783e-07
0.0017877101180996,2.2031330469507677e-06
0.0035706796711448,1.8828047038391676e-06
0.0105275719163913,2.6254504294228412e-05
0.0135556105152735,8.943041941138365e-05
0.0037902262498931,1.2390702366449668e-06
0.0069529973541839,5.6191866559941066e-06
0.0037147902189599,4.018248561852179e-09
0.010547301030633,1.709458062593888e-05
0.0168955898616927,9.533521052245416e-05
0.0006627893701226,4.127748386179295e-06
0.018851943065516,8.125736621748166e-05
0.0171947365440023,1.8717673721427304e-05
0.0143658574688472,5.954633012723561e-05
0.0190731105013456,8.160391515260146e-05
0.0102034347033338,1.5493201371730833e-05
0.0193681399823485,6.0170740139281645e-05
0.0115869448441703,2.9182328049749643e-05
0.0067633409362224,2.0143603109608945e-06
0.0132714463784532,2.4602187535084747e-05
0.0088141797325192,1.3754004051881808e-05
0.0034271940538726,1.5656519369856556e-06
0.0093361890101246,1.4962794668000532e-05
0.0046410032632768,4.403020555020661e-06
0.0060370678310285,6.477551352320498e-06
0.0168374621168038,7.53076797352135e-05
0.0027871260494498,5.915750974305788e-09
0.0134099427094,2.7833733779881413e-05
0.0174574627091146,5.962684585749266e-05
0.017550150977367,8.49770869254466e-05
0.0133259268343462,3.064405564297302e-05
0.0053089642761737,4.536955475487956e-07
0.0170886591787854,6.213303027322251e-05
0.0158267369603528,8.339620638103863e-05
0.009150012284423,1.723247277696836e-06
0.0027592359358192,1.342149375315637e-06
0.0080840443471105,7.858908971453102e-06
0.0089699368936275,2.2472082283074662e-05
0.0056330528836321,1.0765612193863712e-05
0.0016948681924049,1.9672707015092744e-06
0.0090168091747866,2.9447479622264506e-05
0.0098733625787477,1.542119149643722e-05
0.0128610482197849,3.461947758249552e-05
0.0009581766531965,1.820259836545449e-05
0.0183485064021494,0.00011177598976570267
0.0172144596955914,5.506976580841127e-05
0.0191721315552362,0.00012572398457663138
0.0040639416069317,4.744410239234426e-07
0.0059315855791495,1.284432826118486e-10
0.0043278225883818,2.981839744315362e-07
0.0016510947585155,1.594456160484012e-07
0.0001356165025547,1.1750565712012148e-05
0.0181615300110688,0.0001447044693610388
0.0008953782971047,3.995296252947558e-06
0.0033378488599595,8.125886116919736e-07
0.0047597817044149,1.0202283009257015e-06
0.005738384660113,3.0971312321990826e-06
0.01940987052184,7.724755050644913e-05
0.0041852510993871,4.150144799531825e-07
0.0140515330726333,6.409804483372437e-05
0.0151317597782898,6.401971952009502e-05
0.0176907836266142,8.952225588709935e-05
0.0042344637771502,4.260565703617047e-09
0.0156701637974435,7.519795742679773e-05
0.017537406558891,8.172109178370725e-05
0.0012249933430527,2.9034377708230564e-06
0.0111489513668567,3.701679121720574e-05
0.0173079874959409,5.957965307182969e-05
0.017882889036052,9.306824802995374e-05
0.0174518596085753,9.918546048719877e-05
0.0003901921880262,6.074286345521512e-06
0.0034193846366684,1.3954652597782544e-06
0.0043512774527201,1.1110886850148559e-06
0.006043114594457,3.3339794795164393e-06
0.0052220925131549,3.6278257497425193e-12
0.0055642833155707,5.135993782515535e-06
0.0151395504079608,8.144881802919146e-05
0.0158906563993301,3.069311363623957e-05
0.0177172128588163,8.804046033947588e-05
0.0047449152260456,7.52464791478034e-07
0.0166232430247497,4.495481891720989e-05
0.0036613940349876,2.6580156512352628e-08
0.0149818776216401,1.8088679406370197e-05
0.0074403746629862,8.761021997217537e-06
0.0146504653928772,7.166617282260672e-05
0.0109509812612688,2.2083426096741287e-05
0.0078227656770375,2.0141294516981867e-05
0.0161349584460942,0.00010058098034097436
0.0175284350681439,5.160214304974218e-05
0.0114676709320024,1.4499477628766498e-05
0.0024289167343147,8.367461483341581e-07
0.0116172149406166,2.8111459874109797e-05
0.0039541297040157,7.515764113506639e-07
0.0011931890153222,3.089827024867332e-06
0.0007492491003165,9.766901508368992e-07
0.0135193498070327,3.409790510674101e-05
0.0095474609432032,1.952375439612256e-05
0.008592982635234,1.211018480380811e-05
0.0014309128840367,8.910915287886819e-07
0.0146787297210846,5.070536481774179e-05
0.0082774113172427,6.864644725559615e-06
0.0100707003119659,2.4018266857211746e-05
0.0067204747031531,1.858443604248873e-05
0.0148189403504894,5.541675362899228e-05
0.0132500303068666,7.688726526308144e-06
0.0106665143057473,2.9027448786923434e-05
0.000639283565736,6.1225895850784745e-06
0.0171700141977518,9.083970426270538e-05
0.0042392460599939,2.655197324711526e-07
0.0129361964771482,1.828128622560442e-05
0.0068425553351055,5.0866158634346876e-08
0.0064360054206025,2.910482546250477e-06
0.0027657165492684,7.450762639088081e-09
0.000799649485157,7.3592943658725276e-06
0.0191546478493604,4.214790928516309e-05
0.0042965693542476,1.6886977449798974e-06
0.0143630387261286,6.174359227798411e-05
0.0048300736676302,1.3270191210812827e-07
0.0022398839738371,3.942422921949264e-06
0.0126049305886815,3.6823984021250696e-05
0.0029470955692046,5.478278069901708e-06
0.0132862604372643,3.279813526859191e-05
0.0069555603068325,9.996466834501413e-08
0.0070636816446907,8.392381552312403e-06
0.013405448166496,3.159710757262488e-05
0.0088446202353008,2.6814305025985736e-05
0.0166472019140448,6.346314435906542e-05
0.0164377993961179,0.00011470461410630927
0.0104183429584584,4.238877400679414e-05
0.0173125859600321,8.951130044455304e-05
0.0151360807966975,8.385200703180368e-05
0.012150730054045,1.809072687347506e-05
0.0012591968316289,2.988331905028834e-06
0.0077726345082662,1.8060211935989146e-06
0.002226588177098,2.4738155846092087e-06
0.0064522704576121,5.203791863302153e-06
0.0154397800083389,5.909236942303272e-05
0.0198008856633416,4.102263759915099e-05
0.0191405244911591,8.351090597573503e-05
0.0197818312474451,0.00020393600381996696
0.0006376235306042,2.588693248817873e-06
0.019882426420871,0.00014998328767256572
0.0112998763020351,2.1302981266165457e-05
0.003935086918254,2.792416746280163e-08
0.0157222775429777,5.458331973275665e-05
0.0166972119082121,0.00013651776677655987
0.0070574874339161,7.4061367288095614e-06
0.0055374758016169,5.3361742398411995e-06
0.0147857857412809,4.237624743417367e-05
0.0024967585131803,5.476071137979464e-06
0.0099561793806471,2.4321386139819148e-05
0.0034960343191613,1.6564046387979962e-11
0.0064002943320107,8.70528927231597e-06
0.0062703272636743,1.2743415900547566e-06
0.01403433485851,1.1892475945683547e-06
0.0070376620692309,1.3437403962198543e-05
0.001991694444589,2.055885520686788e-06
0.0191915061924373,0.00012124434917800867
0.0037405984614074,2.038222542597413e-07
0.0010854903279999,2.843199526536173e-06
0.0077021203325097,2.0499941866963936e-05
0.0076885832927169,1.3661057401838833e-05
0.0143236798772835,3.279143272242886e-05
0.0076121799034879,8.039780290320333e-06
0.0026501487151454,1.426203725122112e-06
0.0013585214167688,8.266639780747645e-06
0.0094786121703073,2.483387470535846e-05
0.0151374286166811,9.651763744735265e-05
0.001918849590451,9.853413002052397e-07
0.0023363030521402,2.6818179126527148e-06
0.0092705922309679,1.5606671266542036e-05
0.0133668000244825,8.129687057943137e-05
0.0162081423804729,4.222606150461806e-05
0.0108393317225387,1.9034925753059705e-05
0.0171223702673337,0.00012305323422215282
0.0070531438475852,3.528806964284354e-07
0.0092371341505402,9.209092964143304e-06
0.0079595785710325,3.612906476349279e-07
0.0075083805291426,2.113494744655908e-06
0.0050530911808151,4.910770374348901e-06
0.0188953268415326,9.472018586906381e-05
0.0100886583768561,2.684662316735325e-06
0.0101885750537712,2.6011642105877108e-05
0.0084475860079246,3.7610324582820076e-07
0.0127188654441923,2.0563983281429104e-05
0.0165420789866484,5.205572512090554e-05
0.0057701125910205,3.17046369320106e-06
0.0050602389174299,1.6699288203597775e-06
0.0174372954997767,7.536391182211281e-05
0.0085653357793612,1.6347536430237633e-05
0.0060311867100735,1.6201735299990122e-06
0.0010261409106204,1.044809074990775e-05
0.0131133003597059,2.874758729520854e-05
0.0001431846743282,1.1838795463388153e-05
0.0175368823214394,9.183074602417283e-06
0.013223288795604,2.9403407167496082e-05
0.0168119585673764,5.650602780770173e-05
0.009988244303204,1.9975843953934272e-05
0.0087845656807771,1.5347236636623617e-05
0.0085262824717598,1.0581854125955993e-05
0.0145975538837068,4.776359302100133e-05
0.0005772625014033,7.0675861992112105e-06
0.0124358304813544,5.174248954582581e-05
0.01105847617563,1.6736232060044544e-05
0.0059673834117231,4.032073658597352e-07
0.001676526799711,6.713850445744733e-06
0.0084329247796974,4.08320415681763e-07
0.0098696596361888,3.850884229639471e-05
0.0019602383075663,7.377536722727183e-07
0.0072555623517584,8.300279374020407e-06
0.0073731498403265,8.139457198990389e-06
0.0100115028231448,1.6568911169731945e-05
0.0014745588086796,1.2204447720992307e-05
0.0144457072155168,0.00010092025697038662
0.0095898538896502,2.5293881459135368e-05
0.0090523821724431,2.398395787638745e-05
0.0025238612462016,3.964513612888501e-06
0.0068581525275768,8.231462460067826e-06
0.0082018322385337,2.148723930035209e-05
0.0161697937180844,2.513326946981254e-05
0.0004469340555405,8.094540213290627e-06
0.0157499674937799,6.808186782613786e-05
0.0080481820760111,2.2113237126240684e-05
0.015422916586572,8.401558209236333e-05
0.0194561170191685,9.498941309740316e-05
0.0046387047915988,6.089569674583959e-08
0.0031478106534397,8.612329306744653e-08
0.0001029227831922,7.4755357094868446e-06
0.0062953249727257,3.4348278918887957e-06
0.0088699921790135,1.0945816404750396e-05
0.0050566419599958,5.279274952130429e-06
0.0120010395944409,1.9981884071125613e-05
0.0195654375557505,8.226802992860558e-05
0.0026845141125623,4.70503129278318e-06
0.0167199393714771,9.223966428736795e-05
0.0117012404128118,2.498323531631736e-05
0.0119544265751552,5.120859329355112e-05
0.0173335504510614,7.431866732235202e-05
0.0165275759200359,8.944615090131154e-05
0.0006780733845663,1.9553988467896755e-05
0.0149255968455215,1.2962166073513164e-05
0.0192936154214773,9.5028561061509e-05
0.0193869418693103,6.980950814404507e-07
0.0080233391648099,1.7747145853641776e-06
0.0090520142582318,2.9797482514957578e-05
0.0190388660202405,1.5465156927282748e-05
0.0138067880408716,7.299049315929792e-05
0.003112028588418,1.1410412669038097e-07
0.0044911340568134,1.4318756170720826e-08
0.0164735957927013,3.2154008149684226e-05
0.0038390152289038,1.536307728999436e-07
0.0185039273857724,2.9952156450602792e-05
0.0189880431429335,4.8388902459388745e-05
0.0168834425641078,7.192317490759135e-05
0.0103557683227642,4.5638525237718924e-05
0.0093595460087181,3.150599791429169e-05
0.0177870452836774,9.795996689029086e-05
0.0159386258626494,8.898707785925963e-05
0.006542131800763,9.457642230146127e-06
0.019575392274487,0.00014693316426454887
0.0192728156545251,5.3308397650257617e-05
0.0153214088601846,3.493553443071253e-05
0.0157584617396334,8.439113520139385e-05
0.0092128534264761,1.3694276762266586e-06
0.0137768069116917,5.5231205428514274e-05
0.0025711088310993,3.7569641448256846e-07
0.0099402077772937,2.45247789724324e-05
0.0138955455498928,8.623958345555034e-05
0.0153397810349364,3.078853894247628e-05
0.0140336273173234,8.249542623270892e-05
0.0116282346281538,5.9607013391196565e-05
0.0046670487794575,1.223062686885985e-05
0.0144007279386731,5.145966891172923e-05
0.0048988542453526,4.1781621712520645e-06
0.0136071132860899,4.126323710339749e-05
0.0042479135992956,8.454499412409402e-06
0.0033309206169511,6.0324863501862965e-06
0.0115722089191171,2.631999751581722e-05
0.0091722816106011,1.1406461187450963e-06
0.013750094816321,6.377300803836116e-05
0.0170317406799935,4.3497083490737924e-05
0.0038239685628032,1.1202386055656172e-07
0.008521324804096,4.235732636738427e-06
0.0193533952888697,0.00018894870987762303
0.0059560095882917,4.130928826937308e-06
0.0087524539269267,1.114640785378856e-05
0.0090491451802915,1.6180556183641512e-05
0.0155693774599443,8.116015393024415e-05
0.0017547655464604,3.7725920474098582e-06
0.0047146906976859,1.3509319550534914e-07
0.0148292530101151,6.548799800452271e-05
0.0101739589158205,2.928632124123023e-05
0.0112056484081778,1.9920710008662997e-05
0.0191898781832408,0.00013286325459330983
0.0096795275692846,1.6980039186935035e-05
0.0164751705214276,7.912427442597935e-05
0.0002451183324442,8.185325455928602e-06
0.0179792510391708,4.0078652069049646e-05
0.0078992190594047,6.223396346144394e-07
0.0066908818821291,1.2002214939855016e-06
0.0071484751837789,1.376204157265074e-05
0.0132452134060085,4.736240302498745e-05
0.0132046980895558,4.931573715913991e-05
0.0102436960738384,2.7296560704625665e-05
0.0151976595154233,0.00011819252763888287
0.0060288659914057,4.592568101312613e-06
0.0095272679784976,4.3928401750121e-06
0.0152681401591477,6.149777877006808e-05
0.005795891683422,7.712538593017168e-06
0.0025511529728888,3.87041609837102e-06
0.0104887276184217,3.445709153252137e-05
0.0017501110946316,2.6624220554263563e-06
0.0138053671454463,7.878132875055863e-05
0.0094077795294064,2.1578396394880935e-05
0.0163971912552833,4.7657995473946027e-05
0.0090884352562664,7.570577591931723e-06
0.0091082792508069,3.857476843044236e-06
0.0027892220889175,1.1803584898148076e-06
0.014813241371083,2.481719722968738e-05
0.0157373359554678,1.6025539730189988e-05
0.0006400179537413,1.1839140446652819e-05
0.0051022325993965,2.278215041303286e-07
0.0008773260987673,8.204353567830773e-06
0.0006606680919107,6.269280315184223e-06
0.007289690136146,1.132748882161621e-06
0.007032613604236,2.7441959795892692e-06
0.0125053620301314,1.1075716940043358e-05
0.0165100321620379,5.134707309661101e-05
0.0019208579740579,3.36155856674717e-06
0.018967029502087,0.00012085608211226056
0.0015722135332002,3.2805842036892074e-06
0.0012258843378919,7.090793925197656e-06
0.0011577171248333,1.2924177978203358e-05
0.0017632159205085,1.5181117656832751e-06
0.019772172940943,8.941883075375133e-05
0.0185300252830719,0.00015336715591787283
0.0003110953585402,7.730505744075375e-06
0.0046032497983354,6.373997011601323e-09
0.0137997299969696,3.7342926313582516e-05
0.0190738503111725,4.758412214445661e-05
0.0115878065287425,2.1347397299641253e-05
0.0169345611429558,3.842870951368685e-05
0.0077145713769618,2.9785987745205786e-06
0.0005506321342184,6.000770697991436e-06
0.0169691763071334,7.135327433180316e-05
0.0110735717960361,8.012938304875941e-07
0.0162790950319688,6.645283918395432e-05
0.0141368582567073,2.846277491947834e-05
0.0090036402068038,1.2020890777054033e-05
0.0104135241411977,4.0240685185200604e-05
0.0111116984786419,2.8061341190649417e-05
0.0007383889474,6.79040943547678e-06
0.0189196660314024,5.4008157580587124e-05
0.0113601641810953,2.6061789487055286e-05
0.0148735696832981,8.746549230499393e-05
0.0129497158138265,5.6342403671590204e-05
0.0117841373185352,2.664275679353555e-05
0.0126012074797737,3.793698208141322e-05
0.0053622183538922,3.4012469224929875e-06
0.0122915445883635,2.663609838549483e-05
0.0120297302810671,3.477306574158459e-05
0.014983300573594,6.985959401922565e-05
0.0174458828947718,0.00010619492765764479
0.0028672897494132,1.876155367292788e-07
0.0049385309903066,4.884033671434909e-07
0.0081500637188964,4.217579256868992e-06
0.0111267070179776,3.030754696384238e-05
0.0004204436209015,4.45085952849166e-06
0.0192724032431779,0.00013959581525530248
0.0035186610270828,6.613804415002194e-07
0.0091278000109057,1.6558634235600084e-05
0.0099151832502936,1.5896330866800712e-05
0.0008246841628779,1.979319786571979e-06
0.0083200849174199,9.992867486164769e-06
0.009897858284965,2.0494025572688143e-05
0.0007231782411378,1.5963221848460483e-06
0.0015819824966766,1.8910488163369167e-06
0.0046018227578025,1.7579664233073654e-06
0.0068303165261318,5.962847706734323e-06
0.0147457841642719,8.977788230870817e-05
0.0002973576294935,5.1610487960345325e-06
0.0178922997501107,0.00011958287594128726
0.0041068585054181,1.7340585323096024e-06
0.0030518194832923,2.485121144086586e-06
0.0010269211696439,2.2534821157665897e-05
0.0035429837004635,2.6568940672653213e-06
0.0058603345649216,3.525468669112491e-10
0.0059107294940131,3.0959348063830934e-07
0.0156166533460272,7.891043110493298e-05
0.0082428586525227,3.656669008956336e-06
0.0127547803690784,2.724391123687971e-05
0.0162085869827965,9.482615667879578e-05
0.0035692565455483,1.0683611657047771e-05
0.0161185685698584,7.666244440465067e-05
0.0166089735299689,5.115304907874588e-05
0.0103608554282164,1.1591439988000293e-05
0.0150003217388907,2.645201646992614e-05
0.0137038609522184,3.387092828597141e-05
0.0151048329701497,3.5275584174377807e-05
0.0144518325273725,4.4760725871815974e-05
0.0115742416449326,2.3781436081403255e-05
0.0034211715890778,6.1384913053606995e-06
0.0155818645779806,2.1422716204933084e-05
0.019803501284499,0.00011967673367416324
0.0108939626500809,3.5575023804288866e-05
0.0177267842429247,0.00011987357361523651
0.0140559191128787,4.939202719443382e-05
0.00916321147509,4.029262048660575e-05
0.0051676290068771,1.2544856441085422e-06
0.0097607908818818,1.833918840521507e-05
0.0157023493873925,2.6761671281547378e-05
0.0075715748095866,3.577674962970121e-06
0.0078347339515024,1.5719717984775274e-05
0.0096480544366623,2.0131138171160844e-05
0.0015242204469233,3.870219699300442e-06
0.0019522068695049,1.1596840532016427e-06
0.0177238710788333,0.00010113686383469834
0.0045230643073242,6.97654391931062e-06
0.0152654457146653,5.9377491739129367e-05
0.0153605599437974,8.310197701345877e-05
0.0109206222876646,3.6196836992785676e-06
0.0197173682624537,0.00011530612921514285
0.0104858949649734,4.301854903982465e-05
0.0038748826730317,2.040894574740528e-07
0.0026213458005737,1.3096694475749335e-06
0.0105526211888203,1.6474246092229455e-05
0.0099042386587521,2.911863925447071e-05
0.0188576825727381,8.008813314490157e-05
6.564970220085842e-05,8.925391190133533e-06
0.0110449230993127,2.108111785269294e-05
0.0036374937825975,8.673188753832126e-07
0.0035840071499542,2.3146733895345026e-08
0.0190814951267025,0.00012421259758579648
0.0136187102918924,1.5037873008803588e-05
0.005787525347094,3.1921909827774087e-07
0.0143881755185764,2.995220826652564e-05
0.0006853691528385,1.4777618494103653e-06
0.0134189663403632,2.530266160770658e-05
0.0066440164012965,3.2490067591659395e-06
0.0038311126949465,1.2113673707113903e-06
0.009252558657104,5.8271169822030275e-06
0.0040440346099794,1.4704959118609512e-06
0.0018187755162704,8.151223212819598e-07
0.0045718895074363,1.7240649050003255e-06
0.007157590442422,1.4764140696513994e-05
0.0116210139367141,3.3053832936136686e-05
0.0187451256545539,0.00014757068489416468
0.0187732504462749,0.00014440546148782136
0.0070391098840408,1.1993235929610156e-06
0.0159887469979585,0.00012640079865892435
0.0117993906467789,2.7992756739017656e-05
0.019766464213986,0.00013253470969488176
0.0013326686027032,1.535144662138415e-05
0.018984066178026,0.00014766705690688213
0.0021782123698769,2.5254079330504865e-08
0.0189972197939296,0.00013540035543549615
0.0159965935003827,3.137314700232588e-05
0.0081097473196806,1.0216618791687488e-05
0.018072904080749,6.57290517762745e-05
0.0074512160719325,8.086119675066201e-06
0.0005257231205032,1.4202711789334812e-06
0.0060827743922395,1.4401924149228058e-06
0.0104173042950232,3.2900010198355324e-05
0.0056779186634436,7.243650238101154e-06
0.0079413791438028,1.130938484523305e-05
0.0094758480207703,1.939569050955483e-05
0.0085000468831045,7.32969569784215e-06
0.0157795095693382,9.740138580502977e-05
0.0126699754613783,4.583608932138455e-05
0.0117439450369705,1.7376335349217194e-05
0.0120749528666527,5.36759229342273e-05
0.0111429578343858,1.866738674874987e-05
0.0132884021689329,2.5097970080874657e-09
0.0114425415355856,5.703486764727455e-06
0.0053900621299034,2.359471816488152e-06
0.0076045921128131,2.440937718238092e-06
0.0165639463338902,4.203546280323929e-07
0.0039914126562087,1.5364677667007094e-07
0.0156228980899027,4.717820328546024e-05
0.0136373904327159,7.566896912122059e-05
0.0132228227549007,4.215631770081335e-05
0.0072670016909383,7.467249055509241e-06
0.0061499700231993,1.4714869373476898e-06
0.0001259104299886,6.018423341357398e-06
0.0103392263383676,2.9241079758923404e-05
0.0064588978910774,4.444671340687206e-06
0.0012715875213873,3.8137907184735137e-06
0.0113594630242679,4.4110817765370444e-05
0.0092784370798436,9.580339489425776e-06
0.0163596028885422,4.815062999562818e-05
0.0088972908594408,1.9090311801027436e-05
0.0041262789834915,1.111649966853792e-06
0.008573147181656,3.2033883886443187e-05
0.0096813165328017,7.678326821956728e-06
0.0146606404655545,8.737670750065385e-05
0.0068154918102518,1.0742358987147942e-05
0.0099904219673038,2.3313773772455098e-05
0.0125615049520393,8.865091411059698e-05
0.0160154188483161,8.462752975715365e-05
0.0004604070813131,1.034270065595582e-05
0.0003267396738631,4.996999516391482e-06
0.0192544813150594,1.7391970107322233e-06
0.0061577336275843,1.7694512736300876e-06
0.0075762076132833,2.8016030625338725e-06
0.0112576465178495,1.595587169724169e-05
0.005472629115252,3.911288079533787e-07
0.0149237967609046,4.5290847688734557e-05
0.0058856196674061,1.5313993115438278e-06
0.0021747003855383,3.416834137854845e-07
0.0091310691117446,1.0060799612557415e-05
0.0025609394977913,1.9790735075720616e-07
0.0114815839551705,4.881998157257241e-05
0.0096233109314893,2.2032025614642065e-05
0.0075203647987994,9.359623373883833e-06
0.0027893229058161,5.793408087782694e-06
0.0093504690950608,1.9203467230062303e-05
0.0091302621203476,3.706219702230823e-05
0.0006099811760073,4.7209028694737024e-06
0.0125561401629073,2.5318629134924882e-05
0.0152622392806975,7.572053777649529e-05
0.0170367489532969,5.151081054583263e-05
0.017557231171657,2.704448408832531e-05
0.0086375953515657,1.9551333412942237e-05
0.0162485711565187,0.00011428110450494934
0.0020295177762415,1.0534142540001759e-05
0.0155434303836947,9.058712267428577e-05
0.0039204971349022,7.846757736276539e-08
0.007636458635352,1.179252113201747e-07
0.0147673208856661,7.7794628968113e-05
0.0184400244280517,2.57741627506875e-05
0.0026108975278572,2.054348809433763e-06
0.0158548419097439,2.2537089940577177e-05
0.0027279627494443,1.0840422932071899e-06
0.0089575033557558,4.399918499362262e-06
0.0023521588524981,2.6812763991771338e-06
0.0052223604822363,8.287044995959075e-07
0.0085661730720582,2.9374809421374586e-06
0.0091139571821035,1.7671669223443748e-05
0.0044207270355264,5.995595511779457e-07
0.0117328764912573,3.5466557829412405e-05
0.0163399081843531,3.127599028162462e-05
0.0027671508034764,4.7809105885538614e-08
0.0116385949314348,4.793257138336912e-05
0.0170253967579296,7.623676384344032e-05
0.0176738183262892,7.846967238697989e-05
0.0080433930152862,1.6889076918675253e-05
0.0062671653824361,7.257890362426107e-07
0.0086352847628154,2.2238811085491708e-05
0.0194106866255486,0.00014150549480578307
0.0166652885056003,0.00011170163370170456
0.0091491577506324,3.6585596817535757e-06
0.0165394782197823,2.2234095273269872e-05
0.0065595589613836,9.666653952849404e-06
0.0093600812883578,2.6976353288451416e-07
0.0122339648725402,4.2180453457264406e-05
0.0140791120264059,5.373194958696938e-05
0.0059665834742729,8.927051187083868e-07
0.0069209366104529,4.8784607348839865e-06
0.0012327064689242,7.366383633995467e-07
0.0064469822335906,8.358385032790512e-06
0.008985674405858,2.0986645791747743e-05
0.0157898223526256,2.2250479717138445e-05
0.0022017110299156,2.0954496852846747e-06
0.0164298748792219,1.0924310990370593e-06
0.0189450595259778,8.661927153701567e-05
0.0034832670655343,1.4341872250363653e-06
0.0183871891732173,0.00012602326052835798
0.0100941648509902,1.431400282549586e-06
0.0111821218993474,1.876202338617188e-05
0.0191380913648902,1.031005373205291e-05
0.0117927836017492,4.0443801074995406e-05
0.0028006157474147,1.9355624464006034e-07
0.0033126456968138,6.232853936786213e-07
0.0096537303996417,2.4818299401830516e-05
0.0124528465105518,3.1154344449968806e-05
6.038255859262432e-05,1.7067763766048332e-05
0.0136300364153336,5.375789771248729e-05
0.0158273051747002,3.4182082897621594e-06
0.0097667181333442,2.677606396668808e-05
0.0155597250229397,0.00011053775280190835
0.015234115213203,0.0001013149619441036
0.0054566176526939,2.2329664566869347e-07
0.0095515503334584,1.667528667878564e-05
0.0152917422049568,2.754389969923478e-05
0.0152750395947082,6.446422441740875e-05
0.0136143891389623,4.886465937165363e-05
0.0156745093038572,7.075069004713534e-05
0.0021781463206669,5.996501562389024e-06
0.0159006819345358,6.92339497377901e-05
0.0015201532015871,1.2449245362577528e-06
0.0073341921742447,4.278978985458417e-06
0.0140295190714942,7.073629542406199e-05
0.0118833303954337,2.1497174455006838e-05
0.0181551064799123,0.00013156582297816808
0.0163047709259388,5.55694598207218e-05
0.0039912749993781,1.0141505354550642e-06
0.0171189976975309,3.653438555015659e-05
0.0148216025741184,3.972771350325947e-05
0.0162058016924149,0.00011273233962654907
0.0187777396267069,5.2124290658988764e-05
0.0135294436816891,4.2292745330635807e-05
0.0118786156711154,2.6627076745229862e-05
0.0017720243849105,6.341177127456288e-06
0.0060746401921483,4.62139204341699e-06
0.0183418447375384,0.0001262753587339002
0.0139503099766952,5.953720021435517e-05
0.0136528368855866,8.07374428855675e-06
0.0130679394919259,3.779187445408792e-05
0.0004030556778646,5.435111444309656e-06
0.0127844145439516,4.180404904247523e-05
0.0128179414609859,5.781035689466128e-05
0.0191598272749275,0.00012875631983588764
0.0018113485731586,2.1127679409621554e-06
0.0082959819462013,2.0938585051364304e-06
0.0161554425913408,2.2473605401607802e-05
0.008459951595279,4.633503151506173e-06
0.0102688190547449,1.1998128226386462e-06
0.0165070685201426,3.7215837359085e-05
0.0152672670253011,3.588558530604869e-05
0.0069353654049707,7.087392723118106e-06
0.0027252533498676,6.748351871816273e-06
0.0111335171532598,3.47109032117464e-05
0.0138195194300801,4.112230090014132e-05
0.0109663516989069,1.4459046550990301e-05
0.0122583039784713,3.3914867861298316e-05
0.017311899727634,6.476349232855542e-05
0.0070522072847542,5.33981609605908e-07
0.0178697068559366,5.201683437305219e-05
0.0196672915173734,2.524848915380509e-05
0.0166738396923046,8.431183680643433e-05
0.0107105673907749,1.5577409876199885e-05
0.0099497849767811,3.2402445590098835e-05
0.0099693931612597,3.1131375116328527e-05
0.0121081805453847,2.6563956033346113e-05
0.0145958040985008,1.6389621933350111e-06
0.015023310933363,1.4261405591647171e-05
0.0123707454387501,4.462211242168511e-05
0.0120468509949094,6.705858937842076e-07
0.0135638654661336,3.727806210482651e-05
0.0148002498017612,9.16603256850621e-05
0.0189285771439901,0.00012794267508179426
0.0166123312762422,0.00012576693619353616
0.0094845272256483,3.2610798874233137e-07
0.0095621115272948,2.8552968721654383e-05
0.0147491499508721,6.700237168118978e-05
0.007660985551354,1.878645448972742e-05
0.0156929087501059,7.233572603423407e-05
0.0016112462800319,1.232922614963607e-06
0.0032727785402949,2.011944696720921e-08
0.0155935621957084,4.339991290232728e-05
0.0060581365644819,1.151138394942432e-06
0.0144038350520048,5.702102032918125e-05
0.0173447948543784,7.508775716870029e-05
0.0103962678874025,2.8446571206521337e-05
0.0017061166101045,1.0367100251877129e-06
0.010006617739828,1.4611857706163346e-05
0.0191170936390809,0.0001205280834688338
0.00520610587088,6.330927040041801e-06
0.0147409491692025,7.609119560135689e-05
0.0055545766447888,1.2880272643015084e-07
0.0149362992158431,4.498258412010127e-05
0.0001114383885327,1.1936754323838222e-05
0.0097786230212079,3.250855728916055e-05
0.0072189789687697,9.230109947275045e-12
0.0188248798080623,5.9535461214528854e-05
0.0149567531012348,3.112876097461089e-05
0.0199641732863581,0.00014447785023311585
0.0056891565845421,1.5830834228161183e-06
0.0026373761296289,3.3335379465347916e-08
0.0139089187149049,6.0467071506760917e-05
0.019984962477555,5.184015999954349e-05
0.0016824499599997,1.9764120839411353e-07
0.0192359764057349,8.627985879036009e-06
0.0072903297694207,1.4651195705940138e-05
0.0050331331954095,2.2717548865488257e-06
0.0099238809226619,1.3661519041352289e-05
0.0074492978114284,4.879285721428501e-06
0.006035896956213,8.639113100278744e-06
0.0184998445346693,0.00010376149456956463
0.0081735687020362,5.487495372147846e-06
0.0128257803617317,2.1407210403181477e-05
0.0083530822143181,1.732471135447435e-05
0.0054052099227624,3.92493815193746e-06
0.0185075344820706,8.408911019976214e-05
0.0155963166608809,5.005027546552971e-06
0.0047919988077876,7.603543170215162e-09
0.0110686705912922,1.2857621793981273e-05
0.0011075657578782,4.061089405767513e-06
0.0187305946507938,0.00010235800123413681
0.0035266176919441,9.96142316828553e-08
0.0003775031726327,7.929257157786434e-06
0.0029753497018145,3.6064568433339667e-07
0.0052571480817957,9.117657338361428e-08
0.0054642521936577,1.0674477178147134e-10
0.006074886819704,1.2253435443715128e-06
0.0128595652544658,1.797943796753709e-05
0.0104123547847841,2.369103756133311e-05
0.0134455228087803,2.6006132739150622e-05
0.0074490696293017,2.798050719297444e-05
0.0166990086742221,3.7541886456312913e-06
0.0067912072758146,1.0490247843840885e-05
0.012050912545775,1.5056470918559486e-05
6.150402184739168e-05,6.466718035302004e-06
0.0097421316095784,8.865635934068043e-06
0.0181576947883133,0.00013347313305369827
0.0183852103860254,5.637250743913084e-05
0.0178954776827467,3.241086026625068e-05
0.0094767367866226,3.0036539706547643e-06
0.0120459048549223,4.629419396365115e-05
0.0123397307654059,1.2999273465796383e-05
0.0125420948964026,7.445711199679038e-05
0.0107661152619902,3.534859066871084e-05
0.0142467288853211,3.2734867551375555e-05
0.0086359147272283,1.3204974823691576e-05
0.0117157233064301,1.2425501450705356e-05
0.0090999881532884,7.66941784653085e-06
0.0095991350285879,4.6358505712543e-06
0.0035149442194846,1.0946151037292616e-05
0.0152083837478747,6.0908099901426656e-05
0.0167311787814501,7.441148229973963e-05
0.0032470441257547,1.2603632206904066e-06
0.0066937553225267,1.945633195348423e-06
0.0139398585140131,2.5136867597626853e-05
0.0069225138318585,1.3222762322423126e-06
0.0064465064702054,4.154676973425139e-06
0.0069516760307347,8.990867882242042e-06
0.0169859879214264,3.142416600343126e-05
0.0057268932269653,9.864625860092129e-06
0.0185270038712118,6.895288674572844e-05
0.0101283101315563,1.4390268360461785e-05
0.0055581927753087,5.238740849050832e-06
0.0165063018654267,5.3151307476929924e-05
0.0038875420965382,1.0433638230143439e-06
0.0034358748542156,9.586255889287046e-07
0.0173657138927081,8.972163783193116e-05
0.0082001437835108,6.977585302572667e-06
0.0125874468150476,2.088259295277579e-05
0.0190682024919442,0.00011066251384014222
0.0180240205612148,7.262754584981341e-05
0.002634034108521,4.2721762011477183e-07
0.0172955452227924,8.83056105892041e-05
0.0084344229960448,1.424815949209649e-05
0.0083116709957966,9.14459571277416e-06
0.0011149334390956,4.210993963137214e-06
0.005180691917597,3.9201880427356445e-06
0.0021588142526755,3.4995830101147746e-06
0.0185606970687071,0.000134113956006475
0.0173800025781837,9.006826248077424e-05
0.0117088154166346,3.978895350296618e-05
0.0126547016562409,2.181240670564549e-05
0.0096228138104557,6.206476602466636e-06
0.0152924911289574,3.0539661024841174e-05
0.0118416878880766,8.528991442157915e-06
0.0117289773122416,1.5034483138104858e-05
0.0093265378922681,3.547441863468276e-05
0.0116446207229046,1.357879720282353e-05
0.0066645202867267,3.502192753903604e-06
0.0157670282993515,4.8743282226887406e-05
0.0118154203982501,1.6117193547724768e-05
0.0123980100131535,2.9260317289857898e-05
0.0083749034822614,8.74179378761032e-08
0.01520481404969,3.842171485058378e-05
0.0041285587745932,3.343040018712613e-11
0.004255107419148,9.469800399550521e-07
0.0141623496211899,7.390355154293421e-05
0.0105503000313307,1.4171160862887025e-05
0.0014221169519317,5.436037678773292e-06
0.0034135912132062,2.032944817108746e-06
0.0116693656125099,1.6414108285415346e-05
0.0110044493406078,4.3520245499865943e-05
0.0088724407829668,2.2239310342832177e-05
0.0151871348037501,2.365722394809973e-05
0.006311302741721,2.6419365344387227e-06
0.0083356604968691,3.2470480571739087e-06
0.0032648730786759,2.1609036132245463e-07
0.0168737475532054,0.00010409714482190507
0.0114152915834467,3.474025366015993e-05
0.0098737372352671,1.7940411965638277e-05
0.0145196489836224,5.358506193370737e-05
0.0172208350036145,5.233884676898597e-05
0.0080719331592163,2.21324545190799e-05
0.0104701660847368,2.197897744018949e-05
0.0153631273791105,6.777570236326883e-05
0.0079787729111929,2.785937404233027e-06
0.0053779993245893,7.535418692337023e-07
0.012452113489695,4.2264277949041225e-05
0.0090603357189986,4.500239001008279e-05
0.0129471746275361,7.367739882092468e-05
0.00249349408493,1.776700682158245e-07
0.0157664051262981,5.3521231639154965e-05
0.0118477807764399,1.632110163453961e-05
0.0149700527090763,3.94872289467834e-05
0.009786112090587,1.622932556507672e-05
0.0012331994766511,2.162652494352408e-06
0.007986122154401,1.943176874697283e-05
0.0091263779567793,5.741491272006579e-06
0.013658796566158,6.224465872526823e-05
0.0138743479609808,4.010397204710203e-05
0.0152838046740275,5.7577657046904787e-05
0.0119207669347954,5.288207865247984e-05
0.0138020489058627,9.669470815460533e-05
0.0120691722379482,3.1020880396097345e-05
0.018668248268678,5.619211364765022e-05
0.0176854636376497,0.00010468708006448837
0.0162281559437186,6.71886567009019e-05
0.0001639286032229,1.4829388580016959e-05
0.0069343425388423,6.55257978203167e-06
0.0097406838369588,3.207736647078921e-05
0.0024257162839147,5.376429705248795e-07
0.0198090226322514,0.0001272019348299754
0.0103742337899419,3.3281991012759047e-05
0.0077143662560873,4.9630727530807406e-06
0.0029027296159046,2.178244359929675e-07
0.009902863360631,2.921520804469982e-05
0.0038226919273137,2.855545657438475e-07
0.0004063787384485,6.2882301325524804e-06
0.014068447672164,3.8471271982288354e-05
0.0103474934281682,3.8070456256147704e-05
0.0163154382872927,8.725398674842753e-05
0.0031337057447882,1.4086341316208194e-06
0.0103228313440553,4.122515679745692e-05
0.0134880345581305,3.9154672922582225e-05
0.0006719627062225,2.6293420480246055e-06
0.005667065272196,1.8033168929884724e-06
0.0086269220673801,1.937306613820915e-05
0.0088347847076009,1.3765451924990726e-06
0.0062159315748389,4.018835056308693e-06
0.0156969021619595,8.654232901259549e-05
0.005089954192984,9.18827875759078e-07
0.0187627584112056,0.00010362298896593057
0.0035671917108615,4.2477223588962226e-07
0.002437477623714,5.660551792608301e-06
0.005760695331238,5.8694840691767e-06
0.0131873198058961,2.8235426414811938e-05
0.0074693964689222,1.8186279016186964e-05
0.0080954179643342,1.6317024181065563e-05
0.0105478027704507,1.5100288527398562e-05
0.0126193263341631,4.213361051546957e-05
0.0017681225628473,2.242672838766364e-06
0.0199965989907652,1.680672544777356e-05
0.0159275371524176,5.7637132840580316e-05
0.0083839809089215,1.3733002537208986e-07
0.0109943466697053,6.440952821399148e-06
0.0040276451910175,9.94764076342061e-06
0.0089991837474143,2.8001981565960848e-05
0.0040301543797096,1.344837758251186e-06
0.000777950557677,5.869760185802086e-06
0.0002091576422492,1.0428691090749949e-05
0.0081805750548886,2.8012043209572933e-06
0.0038738440750346,2.5189204734713314e-07
0.0050031253197177,4.2029664992972645e-06
0.002565770710265,3.359043738666918e-06
0.017661725902575,8.738921702327878e-05
0.0099653824619857,2.610557308287843e-05
0.0068229757983112,5.123648791730289e-06
0.011618353660387,3.096856679304832e-05
0.0015108530995961,5.237561216921262e-06
0.0139389952952244,4.00240552785249e-05
0.0078621026727482,1.1018049267710275e-06
0.0075803222002675,1.525929760064499e-06
0.0183193896042607,2.49024525789275e-05
0.0098903665855035,9.24556477153983e-06
0.0056791486398108,1.279482108272151e-06
0.0107545374571323,8.212384456448627e-06
0.0173166918051154,5.424670555615418e-05
0.0016660876433275,6.000763617066954e-07
0.0081363428155205,5.8308759085928805e-06
0.0141474312799728,5.699463761169987e-05
0.011947930521943,4.651737309536009e-05
0.0035034794815918,3.368898863279422e-07
0.0105796226105777,4.498050556884589e-05
0.0135039223540348,7.972072900074385e-05
0.000708231812651,5.120860808381583e-06
0.0123557901573388,4.16649111562571e-05
0.0028660686317809,1.269404257582025e-06
0.0181599715421554,6.700730859694428e-05
0.002239756189532,6.079591083382047e-07
0.0143977576794223,2.155525502113984e-05
0.0154576615841643,8.259383539304276e-05
0.0178161959104251,0.0001196087074588008
0.0134505016778801,4.943042247517458e-05
0.009521714827759,3.3541199036059176e-05
0.0021846399901184,2.3730101023375723e-06
0.004638075058946,1.6498398850188645e-06
0.0191256543923226,1.4146087989455326e-05
0.0120943092577699,2.297897931782018e-05
0.007874017656589,1.2559441287010874e-05
0.0144116198420805,6.765937274515309e-05
0.0133913672407467,4.776097281496962e-05
0.0183194705317372,4.797041556679452e-05
0.0099508244957549,1.0939934282960934e-05
0.0192656166277159,0.00010963949469541544
0.0192352517171223,0.00011696808144151053
0.0113944375185991,3.22242928327246e-05
0.0165286048435449,6.351141385691535e-05
0.0198635482782173,6.847363615963501e-05
0.0162316968695105,0.0001293096704680547
0.007437438323748,5.753065064772403e-06
0.0196415834471026,7.494390161919574e-05
0.0043836047798656,1.1765968915321276e-06
0.0003651672291885,9.428249938787613e-06
0.0003603860422971,7.251187890009418e-06
0.0136685909207129,4.2081725234870014e-05
0.0032003672800088,1.2796701257985656e-07
0.0190838027045652,0.00011016644493748593
0.0023620101980169,8.570580302106419e-08
0.0181643802392038,8.037931263786682e-05
0.0051783834179085,3.545805757115077e-06
0.0100233680340895,1.6825563650884917e-05
0.0179554455198455,0.0001346523663726821
0.0019569335104469,1.4281617008847847e-06
0.0108060525553257,1.5933098934618664e-05
0.0148191993054881,5.2029690853465695e-05
0.0073412063642553,3.324315382735632e-06
0.0088625450532687,1.4393132553164323e-08
0.0105823876372216,4.269442327549095e-05
0.0126768930279614,1.729131649629091e-05
0.0048618799432879,3.075730085851536e-06
0.005464420275859,2.014659211907641e-06
0.013629582120948,8.25833932660658e-05
0.0085034536368795,1.5353941437052884e-05
0.008551171816803,8.272382273123424e-06
0.0085278290150084,2.5596433290012834e-05
0.0031716287908599,5.876035027206673e-07
0.0044180422516538,2.511032800294007e-07
0.0156456663145026,0.00010051347245843692
0.0199334601284808,7.91342356072592e-05
0.0130901850216647,6.120763287209184e-05
0.0010193040869524,5.448587052084467e-06
0.0010871631978259,5.182686074638098e-06
0.0130585501812598,1.3674620072653488e-05
0.0172606192887577,0.00012220183322101172
0.0006221558733945,7.340812376129541e-06
0.0183193159529549,8.630124799647062e-05
0.0150090049910301,3.249059454518313e-05
0.0158739649037684,6.879005505879525e-05
0.0149444126637025,6.547729236210396e-05
0.0024282354564682,4.0058104720637606e-08
0.0196660029375451,0.00010840452698726235
0.013269252136629,2.8877187717037096e-05
0.00719561035561,1.904298385411599e-05
0.0075144893296024,2.389343220129031e-06
0.0134416800976557,6.333298314092533e-05
0.0030959931807552,1.2688975069287818e-07
0.0089376801435357,2.6272031910052326e-09
0.0129508109557849,1.8195909494691206e-05
0.0019128100724063,3.6528214284666383e-06
0.0155155596435822,8.545293742015643e-05
0.0068389906456215,7.150976568270156e-06
0.0086340964833421,4.587015091821329e-06
0.0045091796670098,3.4534601595132537e-06
0.0102760583185527,3.7716236341619535e-06
0.0156270238981427,5.855000697002117e-05
0.0171192475462654,8.026878978084675e-07
0.0142047518207552,1.4401713322669507e-05
0.0049939127474375,4.585752674695256e-07
0.004368182815276,1.3049832087772125e-07
0.0097769500632596,3.796382913786505e-05
0.0070707540236642,4.1916210447584624e-06
0.0145661295967525,4.069547257746739e-05
0.0156107259990732,5.42567504448582e-05
0.0104230667502049,3.923103896044614e-05
0.0163353246037579,0.00013062490276699603
0.0003082494422737,1.6346251796970497e-05
0.0101816327367799,2.3710362225317437e-05
0.0123338333714357,5.466058624740125e-05
0.0003210269550478,1.55298103297197e-05
0.0041005242357814,6.051113554050594e-08
0.0037178236697542,3.6296143964454596e-07
0.0197693079940341,0.00010034459858091351
0.0130613595674785,4.608236252081357e-05
0.002678009175281,4.386597903499688e-07
0.0190604918282431,9.9765909938144e-05
0.017165020934914,4.810386626528868e-05
0.0054401691785934,1.0038236589381958e-06
0.0187075162250524,0.00011316934392339236
0.0005155913718766,6.570983455075083e-06
0.015561093520477,5.6756609879020505e-05
0.0054441488694254,3.2166719011806227e-06
0.0122377254787728,3.688328688035736e-05
0.0058525254309569,1.2782661459518556e-05
0.0049875700817066,2.778507603215892e-09
0.0141122209814905,4.354875662436993e-05
0.0005302027174793,3.462387332390987e-06
0.0099556083787704,1.7111510956300653e-05
0.0063363758825835,3.0640407130294446e-06
0.0068712080942842,5.5315173544733495e-06
0.0133510368234227,2.731757520190106e-06
0.010382214672587,3.66789277447224e-05
0.0134599891213536,2.6868764218773656e-05
0.0006222096166267,5.528027508041435e-06
0.0042842576367453,1.0715418086554481e-06
0.0125681490953254,2.978774559858993e-05
0.005690626487599,4.371124364521568e-06
0.002230741502468,1.7454017377717037e-06
0.0128389383624991,2.575432844164849e-05
0.010056967922037,1.268915906269647e-05
0.0033382321859517,1.7166077275975382e-09
0.0173521654813638,7.808763621453316e-05
0.0080297120147642,1.6524945150501964e-05
0.0152619894832488,8.184932361758483e-05
0.0034192295439313,2.002983594892632e-07
0.0042102805550726,2.4341955121882177e-06
0.0149844190467819,7.678659991535534e-05
0.019570295007906,0.00018581137060835252
0.0121210124841595,5.31574440188946e-05
0.0132383702334967,4.3339933939990434e-05
0.003498790725236,1.1075539731564831e-07
0.0080840029841562,1.298543339020192e-05
0.0114866628728696,5.725411149526788e-05
0.0068821214104702,7.396754944869945e-07
0.017574604733697,9.436566926612877e-05
0.0150694411805599,3.095579270951941e-05
0.0071847627710162,1.0494943411220853e-05
0.0124224978176465,3.0166563861722974e-05
0.0091149439307959,4.629825872287335e-06
0.0072977115390257,1.482939996787709e-06
0.0064954278887587,5.03094738407575e-06
0.0035240799877554,5.861316686364153e-08
0.0036928348730394,2.9539206875349164e-07
0.0127866912109869,3.0519811478527756e-05
0.0057353425020783,4.272155085500883e-06
0.0039790894724898,1.4563336739451573e-07
0.019803746070233,5.2062530323446084e-05
0.0101604422612401,2.8943841762231757e-05
0.0051024322053166,2.8721039079871244e-07
0.0035979698330494,1.1867880647603429e-07
0.016650488739474,7.790621347296336e-05
0.0067576496812993,3.563796855076694e-06
0.0136047713573019,5.03525356955953e-05
0.0011716531056856,3.1773560723448845e-06
0.0198229649708337,0.00011691525355819053
0.0125127454400925,3.2451807963230695e-05
0.0029249497636368,1.1486776193841717e-06
0.0145111310328431,4.805928648453081e-05
0.0171248009012502,6.209913190160681e-05
0.0177735310698484,2.479278859405953e-05
0.0125807162514418,6.843558874214171e-05
0.0081771175829641,2.451443646924769e-07
0.0139119697258424,4.261496179157269e-05
0.0072444767452702,2.7834088212329506e-06
0.0086597544426031,3.162969563412719e-05
0.0161542221865625,0.00010056005525232836
0.0060958554939157,3.459226549505878e-06
0.019520598075715,9.074416548298424e-06
0.0033739669183929,2.7662328566406457e-07
0.0022795331710221,7.186970592307403e-07
0.0143138624912996,2.4197786824882093e-05
0.0056148743439676,2.5215070885374676e-06
0.0088143076379238,1.657140159465529e-05
0.0071369897489698,1.0730602806005964e-05
0.0180338615533671,3.7771211322639476e-05
0.017508442597487,9.946399618835917e-05
0.0099342540254984,2.7943186813304192e-05
0.0023903399153457,1.0192903994636632e-06
0.0091956334733532,1.6556456144544668e-05
0.0097689216364098,3.212038680582356e-05
0.004631903162735,2.7308448558238843e-06
0.0186360309004131,4.735782951070546e-05
0.0135739577853224,1.5362809599175934e-05
0.0100720700578233,3.1782837953087576e-05
0.0067307081221804,7.388169698319336e-06
0.0196853712675205,4.8503112429135154e-05
0.000715193608776,4.503919858277878e-06
0.0097498831331119,2.030391967368919e-05
0.0168941560299394,0.00014261757113698546
0.0196589736217178,7.323629690687254e-06
0.0117590962845349,1.9971659514105656e-05
0.0009957980260738,5.8796339762795785e-06
0.0025248340886535,9.952547581723409e-06
0.014848009340097,8.76477881773337e-05
0.01087205496638,1.415054461775665e-05
0.0099641996270606,1.2148672950159643e-05
0.0136018507999725,7.512921831754212e-05
0.0024920430507982,2.947772835332542e-07
0.0010523627248854,1.9246099358111606e-06
0.0077352746365107,6.7069956450687576e-06
0.0087070573076361,7.023202222054009e-06
0.0027447530410424,5.0044644547626826e-08
0.010271530727884,1.4032863245133103e-05
0.0159735667995485,7.502802671538044e-05
0.0159077209187033,2.0452036477569304e-05
0.018064447924699,8.970415340610208e-05
0.0195639347219139,1.9820837646261246e-05
0.0152586554277526,0.0001150876005630103
0.0048507958892501,3.673215190621715e-08
0.0089751166287177,1.2203673804103863e-05
0.0063456143380865,5.832326251584128e-06
0.0028103960639964,6.035756808100137e-07
0.0189017283334865,4.8985287003010976e-05
0.005445483593271,9.387552615002866e-06
0.0186498689177023,8.138854448624747e-05
0.0118869528437882,2.9390472260520327e-05
0.0175345906903439,0.00010649476433140097
0.0010656578340484,3.746754636518328e-05
0.0054610818940862,1.192432905800317e-07
0.01477185694989,1.79787632702983e-05
0.0025996119744856,3.128676377998145e-07
0.0041796581241114,2.356409528214178e-06
0.0082112167118231,2.0479492213285123e-05
0.0173785228383228,0.00010469304198346416
0.0049790548965837,2.0397431972905996e-12
0.0067072028494062,1.338770944767198e-05
0.0035340322619406,1.2011245727185774e-06
0.009457714618514,4.623997168365938e-06
0.0033723694317138,8.456343360943067e-08
0.0015441989193047,6.4500899285703795e-06
0.0151128016699107,3.56783568693913e-05
0.0098654782462036,6.252667971560405e-07
0.0116897500689437,2.2436072471338294e-05
0.0077778546199822,2.103499922184488e-05
0.0115298071454516,1.5111528943016931e-05
0.0028992809521641,1.302031603583357e-06
0.0180642860870256,2.0748037590950865e-05
0.0031873151514083,4.468016963300926e-10
0.0097542336547961,1.6222990567084695e-06
0.0072606572085121,8.332960490726068e-06
0.010930739289081,3.2370286622403915e-05
0.0184219429903129,6.964732790390721e-05
0.0182704042402958,0.00012763915468574515
0.0108292994555011,3.0425067770701788e-05
0.0099348538431579,2.0661738844132288e-06
0.0093704492627445,2.108943061041903e-05
0.0153214975574021,6.311568419236059e-05
0.0089723709519545,2.920360740397316e-05
0.0041085368718479,1.5747112519729303e-05
0.0057146691416484,7.54011536195857e-07
0.0145213791901905,8.188597721822848e-06
0.0171977857027996,2.540540058510021e-06
0.0119850754388344,6.330151949341439e-05
0.0041899224578503,3.5569141418458873e-07
0.0189868203910259,0.00012238981156081804
0.0131008336698201,5.6403792208254775e-05
0.0036319823010789,6.129164810190716e-07
0.0159457421525359,4.4666978555874504e-05
0.0152704385333103,0.00011890226671604258
0.0036581263405607,4.31320164363298e-06
0.0115446008967014,3.2600345801803214e-05
0.0182171460958192,0.0001089631600582941
0.0180873940055061,9.256959683672916e-05
0.0069126135321439,1.2241081484991457e-06
0.0045079426689197,4.844388255904002e-07
0.0137960986211346,3.014087189618845e-05
0.0093590155981899,8.286221419738357e-06
0.0159907458039986,0.00011013247766610125
0.0194431592931714,0.0001720033545207177
0.0117129995209178,2.999185711931733e-05
0.0152374048925522,1.2500225864568623e-05
0.0166603799460469,1.4002102911957389e-05
0.0043575564966707,1.1158088480173538e-08
0.0104185122332708,3.377644112697598e-05
0.0049660157836439,3.995298008187296e-06
0.0028545521417032,1.3619993571096958e-06
0.0054700006035248,1.179852816885843e-07
0.0117309194874153,3.4028292956281934e-05
0.0037613377130913,1.2382092505571039e-06
0.0177553261619049,7.931604993319564e-05
0.011859108645139,2.0486125639953614e-05
0.005143467608615,3.628436414886505e-06
0.0050714973176155,1.4383701062613375e-06
0.0082537655853385,1.199490010483521e-05
1.1479877219422452e-05,8.913367959385862e-06
0.0142759939638616,6.985247934199737e-06
0.0023829944609176,6.455697984731527e-09
0.0131956382380402,6.448417299854202e-05
0.0025981111059199,5.449577720551149e-07
0.0136612192239793,5.1761679795243807e-05
0.0163459263535,8.128069892735277e-05
0.0053467923979357,4.7286917446150916e-08
0.0086152091478773,1.3939900470938684e-05
0.0164518306892363,5.819932927950334e-05
0.0039720999022225,2.8361297186773243e-07
0.0013593831396971,6.676246704186639e-07
0.0199724560080818,6.97540625496304e-05
0.0145622618423736,7.359014062640575e-05
0.0097344246361837,3.600172300962101e-05
0.0102070867389376,7.149308755396991e-06
0.0103842938894184,4.331271711807308e-05
0.0093651358429926,9.885197162504087e-06
0.014052731596476,2.5996658292067694e-05
0.00170657555632,1.627180676517612e-05
0.0097879990673986,2.6162320303833086e-05
0.0025565410183123,9.243483290194615e-07
0.017229703251569,4.286495621386741e-05
0.0133915477452738,4.499722959982592e-05
0.0057631149324084,4.871819555604037e-06
0.0106805474361292,7.0907605465836e-06
0.0149200238363172,2.9234496507269846e-05
0.0026829711547745,2.553152257010221e-06
0.018524559988885,0.00014583587320273522
0.01252550393792,2.6381681150778166e-05
0.0158717436063898,7.340886821668875e-05
0.0139720732545201,3.515832167215841e-05
0.011284463495968,3.401052505045233e-05
0.002243126376579,2.6469788254439558e-06
0.0144674186688171,1.6129103873973043e-05
0.0129918689225155,2.7248523606312927e-05
0.0056060314026465,1.2954291508313573e-06
0.0177446179434759,9.981589150502329e-05
0.0186814934257049,0.00010618972988884216
0.0175136487829544,2.6324713355675068e-05
0.0035747335775505,3.0675811956382365e-07
0.0189974269118182,3.0644832462423715e-05
0.0003955771874155,1.2953876320707856e-05
0.0084242168053613,2.062328238605775e-05
0.012472891239316,5.073458798385982e-05
0.0157353165208563,2.6576323365207916e-05
0.0051318378089962,1.3304917685006e-06
0.0128388508991171,4.981933944718131e-05
0.0097909003049299,2.2235993660820922e-05
0.0089398968163605,1.942207089220193e-05
0.0104776422826511,4.395157997597244e-05
0.0020314971173475,1.5099588846803422e-06
0.0123377393098636,5.6521593801258486e-05
0.010846405594252,3.761490242513855e-05
0.0100045519711365,2.8548985745243375e-05
0.0028758153694054,1.4570465755818115e-06
0.0088865047587849,2.6412885257671944e-05
0.0150205211591403,7.109480324651715e-05
0.0156979313281665,8.995298588248831e-05
0.0137553105814744,1.7263405821431676e-05
0.0069736235930284,4.617210901980841e-06
0.0028246689131199,5.305171840619627e-07
0.0077684297713713,3.9135142915874675e-06
0.0132118961282241,5.8314333033766435e-05
0.0170471054138863,5.640898250446182e-05
0.0120039428117383,3.2023216058387505e-05
0.0196379914963405,2.4797640710972677e-05
0.0120864713473898,1.4821903133104832e-05
0.0018395067131865,3.719015619025549e-06
0.0100314940354177,4.132500621682853e-05
0.0107694649763458,3.760200197011004e-05
0.0142533983720607,2.8602913934744428e-05
0.0152723699721136,7.671826604636512e-05
0.0197618978820056,8.302460266392793e-05
0.0056988900919316,2.69913938117538e-06
0.0006850534634445,1.2347136824441961e-05
0.015191760013951,9.367088101032919e-05
0.0139970714246998,6.362047163071136e-05
0.000960157477218,2.0085405663066085e-06
0.0076637366335398,1.517287977692902e-05
0.0013665007349557,2.101769794101595e-06
0.0195920836621318,4.038366182444323e-05
0.0009425039394729,5.219096221631273e-06
0.00054459557084,5.330582534044714e-06
0.004513131161044,2.040912813927636e-08
0.0014859793703497,1.414832484719277e-06
0.0022733338485425,9.15070866862389e-06
0.0075819581193734,2.2613133139897543e-05
0.0121297423880374,4.400197951072449e-05
0.0133856172433986,4.240643894744264e-05
0.0045609590764578,3.475139800919092e-08
0.0067618947560798,5.4333027397409014e-06
0.0054502044538938,7.489176387559022e-07
0.0005410564323033,1.1737827558170618e-05
0.005174115061084,2.2016468932033616e-06
0.0001392568872668,3.866823762927523e-06
0.0071464854819188,4.358113164430504e-08
0.0065545150189982,4.2524275273827476e-07
0.0174384173243684,8.018642048242043e-05
0.0010676778519666,1.1754032989975719e-05
0.0165146674523595,2.489826389774788e-05
0.0199378213230151,6.562001631405204e-05
0.000783884937666,3.92297428791174e-06
0.0109066916104538,2.515303393187763e-05
0.0128565162925451,3.812340783781069e-05
0.0090205416114199,1.2673698867816134e-05
0.0007298144166916,5.02364669060949e-06
0.0009890663482503,3.763113838920761e-06
0.001070437619094,2.965365590601894e-06
0.0025379878768732,4.699057001606254e-06
0.0108217972224339,2.4582385751629908e-05
0.0189923504515473,2.383860217481205e-05
0.0054743716834367,3.582953229985541e-06
0.0154679696366621,1.1226960826093539e-05
0.0134037240721122,5.579599137864507e-05
0.0128732800963883,1.226886008444033e-05
0.009240064415341,1.5707611412844572e-05
0.0035027347597359,8.155005737082435e-07
0.002664887814934,5.334854777412757e-07
0.0071103844033286,1.179215256552376e-05
0.0134116357460481,4.5963426459974404e-05
0.0128335362671826,3.8108916960988614e-05
0.0127995725612888,2.111665014301095e-05
0.0060281645936661,3.6037562528338318e-06
0.014768397793072,8.448388469151502e-05
0.003442230735264,4.66696708978421e-09
0.0120089174082474,2.5473416039980873e-05
0.0135895508898082,2.432540930885673e-05
0.0004297258050959,4.541150494358887e-06
0.0103428964347163,1.7135993836835867e-05
0.0129264723227831,1.7226059066598486e-05
0.0058196029032197,1.4982638761700543e-06
0.0036304478435811,2.5643720540932164e-06
0.0044676462248823,2.999896763029574e-06
0.0046811317009896,3.7436094217393737e-07
0.0006649690679309,1.3329045802069508e-06
0.0132534192858554,6.1935735506241035e-06
0.0165335079087334,2.956524933523685e-05
0.0191250221231362,5.984505316959934e-05
0.011970484407015,1.674422175677671e-05
0.0164488385520365,5.350469425069514e-05
0.0078607800795286,1.3550897036279915e-05
0.0137299501780547,3.1200700386257704e-05
0.0143817637319443,3.7975766110853225e-05
0.0130071286657812,3.27974210169715e-05
0.0158202353774264,5.3741445560058656e-05
0.0104045037385179,3.826786229932459e-05
0.005999545608993,2.025446147774377e-07
0.0191817342890124,9.194838539926022e-05
0.0196965039843092,0.00011170903259332264
0.0062551516333652,7.195191594711078e-06
0.0158513042936473,0.00013502949481776407
0.0029848722313744,1.5944219790086852e-06
0.0079030204277868,1.4210624154265248e-05
0.0118618095666559,3.537165999145664e-05
0.0188467408099376,7.531583582479969e-05
0.0117231020042954,1.3865147530260815e-05
0.0144071158336518,5.648098560282534e-05
0.0069120322609008,5.880543467417425e-06
0.0115491013520068,2.8215603430626793e-05
0.0084050704972158,5.984293025516392e-06
0.0016437553997142,9.73914667156444e-07
0.0173167413475057,4.13312776451774e-05
0.0036101019476461,7.439555325903197e-09
0.0174211380571111,9.092558957947163e-05
0.0116267279843999,1.1173632817654338e-05
0.0073490780998709,8.775599910984643e-06
0.0123783141650877,4.203776505568891e-05
0.0158935433241784,4.87214435806595e-05
0.0027547845729869,1.5998460921435537e-06
0.0019051180640325,1.2847371603783045e-06
0.0081181007031785,3.517183984824627e-06
0.0156776336788945,0.00012579586041647632
0.0144795841277269,6.494648595761667e-05
0.0064377592635304,2.014373108478893e-06
0.0013850628354163,6.3121181761362876e-06
0.0195888591648105,5.563015271221944e-05
0.0192663411453663,3.811117236014892e-05
0.011316625272074,1.9276869568514823e-05
0.0047278329604269,2.2097820957788854e-07
0.000529020357937,7.4874012106184234e-06
0.0117785910566024,4.582893038354051e-05
0.0109828148233439,1.2033826818047977e-05
0.0112350849329046,4.139181640373469e-05
0.0034000656055012,3.966484056999013e-06
0.0039321857371904,1.3446524188047305e-07
0.0033946475231054,4.1258386570934663e-07
0.0073987897722859,8.652224735278673e-06
0.0165604051831637,7.774693707043105e-05
0.0107717415474137,1.4735136325242262e-05
0.0153020790331176,5.82030886893437e-05
0.0133805286174692,2.9477558580799232e-05
0.0162008171410126,9.76467499984698e-05
0.0194713728322268,9.292028466443643e-05
0.0054390157186645,2.6559887862432967e-07
0.0183867300828756,1.8245611249981649e-06
0.0070139609607195,1.4186516324101303e-05
0.0149679484101465,0.00010501452759840397
0.0197376736466093,0.00010426526158071941
0.0096783745305406,4.305267475316243e-05
0.0069588327096293,1.9286544179190837e-06
0.0187169188446284,0.00013617558623618188
0.0112749719127061,2.7264679580098106e-05
0.0120576240631203,1.5867097700592316e-05
0.0120895341307227,2.863457575289904e-05
0.0169629836301942,4.115915781771639e-05
0.0109536125609193,3.1023478348186004e-05
0.0136019444364827,2.9832444806895864e-05
0.0129340397811203,7.07602749659771e-05
0.004730007067885,3.130020731212909e-07
0.0100142504477043,9.303502613382228e-06
0.0176717242147606,8.381615645637304e-05
0.0167648164586634,5.163453850811231e-05
0.0084923342037398,1.8413214519853336e-05
0.016255369619091,0.00010650798614877529
0.0004713152371321,9.478945153252348e-06
0.0033100589191458,3.7760961790992953e-07
0.0085075305946489,1.7901461568399035e-05
0.007629200659146,1.648863331740398e-05
0.0020282642342806,1.7893221247485069e-06
0.0068837257028158,2.8692969461787514e-06
0.0056957806036048,3.0493936251930583e-07
0.0106169288221006,9.092086305012352e-06
0.0197677293598308,1.3800899103575413e-05
0.0112091892527157,1.3395267577331702e-05
0.0127168950148724,1.8241040995537294e-05
0.0019221444760641,3.77973154942681e-07
0.0061686904594954,3.7762319503823066e-06
0.0094406999205036,6.538520522018955e-06
0.006844378386287,1.526983400779636e-06
0.0017869891530066,6.2918136634127445e-06
0.0102556589254597,5.272525649371771e-06
0.0148815620903531,4.9471163827470105e-05
0.0091066600193322,1.3777734667727255e-05
0.007382485767072,1.6078774384611327e-05
0.0124539522564094,1.4545644737709078e-05
0.0137114570064842,3.038731793657527e-05
0.014345802000661,7.727812338557659e-05
0.0168421349553433,0.00010177484099049833
0.019004327654452,0.00010814633325032282
0.0124422379068422,5.591143568889361e-05
0.0012725861693758,2.997621513112571e-06
0.0027935537135487,7.193622719592049e-08
0.0174532345446962,5.846480398501071e-05
0.0161531142845831,6.280196499509258e-06
0.0020825961833639,7.946540056410429e-07
0.0085535278841933,6.4900093335123605e-06
0.0046067055297671,1.2426477328222182e-06
0.0160119200987227,6.644719236291425e-05
0.013675949921331,7.170242072489002e-05
0.0161207537072947,5.49223665233968e-05
0.0178383048428263,2.820776122406366e-05
0.0131153330683794,1.8595246813705955e-05
0.0049448790761362,4.495499066927216e-06
0.0067915020732261,2.806744444802196e-06
0.0186428110316213,6.047164377997723e-05
0.0003969263025512,6.806259996189587e-06
0.0049397524871963,3.241412910671141e-06
0.0045944548804789,5.579946719442903e-06
0.0156745129352494,0.0001263382701171795
0.0180940460563009,9.82214376874275e-05
0.0092913405877383,6.257799604517285e-06
0.0108920425607785,9.199979899071544e-06
0.01178093909469,4.701064993883651e-05
0.009178933781846,3.8533412144809e-06
0.0158445086632662,5.866222122707496e-05
0.007745613662904,1.8555653187212742e-06
0.0137008083124836,7.59227536344451e-05
0.0191093509917532,0.00010160401183936248
0.011362025698412,1.8276934110256572e-05
0.0111653562724954,3.696205952326961e-05
0.0121958499799873,5.877664324468335e-05
7.483063620863373e-06,7.70834690804099e-06
0.0172157980294725,1.0776303289312152e-05
0.0092605588170237,2.103179159108673e-05
0.0182128366759567,6.0672980965225674e-05
0.0009969594642632,2.187804018327752e-06
0.0119943146134228,3.0402859119340174e-05
0.0163593705462576,3.6584892437055015e-05
0.0161862739116759,0.000108949581216435
0.0072831205762486,8.165486736585657e-06
0.0076732416448458,4.4745823453525395e-06
0.0032571084871565,1.2149929764413306e-06
0.009035058801976,8.986326188609607e-06
0.0074793191584207,1.1507866140183848e-05
0.0198952997864088,1.0947162330911624e-05
0.0002412368646457,5.170224588594083e-06
0.0060557008638623,6.211241574383699e-07
0.00185429014402,6.057220514039637e-07
0.01168303209198,3.121057942085099e-05
0.0063285888731476,2.821364864960372e-06
0.0012353818755887,1.7789422364432017e-06
0.0117107137040085,7.886556983577743e-10
0.0071814425956971,2.767696263393517e-06
0.0081407529011093,8.983120603945047e-06
0.0031526647410024,3.678719877790498e-07
0.0197021925049219,0.00011569386119039499
0.0192304018206544,3.396592461255969e-05
0.0016318311044917,3.4740548427433466e-06
0.012329300603473,4.2573034064697915e-05
0.0097012762700247,6.250423839535944e-06
0.0003668727463773,6.180966840001491e-06
0.0094426424778836,2.914320818191381e-05
0.0015707406867407,1.3977371025681125e-06
0.0112199311007538,1.3919916511209467e-05
0.0036792259668015,2.7147711042164e-07
0.0127846957225257,2.9698693986433572e-05
0.0048986843515338,1.1938951139703855e-07
0.0179501592668193,8.767173450727387e-05
0.001228316789331,6.189263438572926e-06
0.0138424627920362,4.1654476824980214e-05
0.0105843874720276,3.700390868983056e-05
0.006520138679806,1.1344420772772692e-05
0.0148162484096368,0.00010236664602986283
0.0001321722159507,2.7057633770450524e-06
0.0148306808200862,2.5595086605512602e-05
0.0062908958458454,7.243963501390812e-06
0.0073909126679,1.1460901492842488e-05
0.0106895251105047,3.0966680910195206e-05
0.0095102332936129,2.3285163272562084e-05
0.0113946687567551,2.7526538524856155e-05
0.0086310566356063,1.3324531769530907e-05
0.0179440298188336,0.0001095071732108426
0.0097177229835721,1.4516878885532236e-05
0.0137007290081506,1.435316168532864e-05
0.0117174218518127,3.621496896353671e-05
0.0097244042336994,1.14747310451122e-05
0.0033338627124808,4.3840965941792714e-08
0.0048007694897437,9.045205144272358e-08
0.0065985182613897,1.0892900001459945e-05
0.0088115513803969,1.97726976286045e-05
0.003604222549242,8.487346113549266e-08
0.0159969763003272,2.5505089636077942e-05
0.0025561457665562,1.0398732662368143e-06
0.0196340107916463,6.206425558440263e-05
0.014134303008622,6.978486724708114e-05
0.0099216675460585,3.9364793360734175e-05
0.0135114232262269,7.488044860627284e-05
0.0172836302034001,5.712333463565065e-05
0.0080851188958504,9.36734124846711e-06
0.0022907567062093,6.441061728347979e-09
0.0065771665937761,3.0342398530276515e-06
0.0003748824605834,8.36155477080746e-06
0.00338737666859,4.505484978741239e-07
0.0162651961844263,9.072306214480126e-05
0.0047939118474569,2.4105742652950444e-06
0.0049391399725693,1.2422678177761187e-06
0.0065741150788139,1.4121558082949603e-05
0.0191487963616915,4.9742844321221485e-05
0.005643796080012,5.397364872570019e-06
0.0043758297882394,2.2301380126719142e-07
0.0027987805138566,3.836965916899264e-07
0.0004253697531838,1.039106744567003e-05
0.0030128495802862,7.05370580043291e-06
0.0188697743462921,0.00010161325952723928
0.0170818725397916,9.649691949341442e-05
0.0113582198894299,4.0637942785636626e-05
0.011147882489943,2.4315098487075845e-05
0.0079561455161818,8.245392179711081e-06
0.0156429544111223,4.526113943491781e-05
0.0140796860640667,8.368913911676135e-06
0.001501220410183,2.4020352898706254e-06
0.0120932188214945,2.717081722417592e-05
0.0049507023443344,8.359521801647641e-07
0.0175985594357398,7.868025937596798e-05
0.017235322423435,0.00011421005131675828
0.0053012770027766,6.77875824639088e-07
0.0053469597012317,1.330162794719923e-06
0.0038522665931079,1.487655834398004e-06
0.0124958938797375,2.4383193356344746e-05
0.0174246934379089,6.987244828096523e-05
0.0030581225625954,3.1218746352791885e-06
0.0016441441618072,5.627228093453579e-06
0.0117135533856601,3.173747244584074e-05
0.0114379802828719,7.988368075544672e-06
0.0157620093082377,2.5342480760692428e-05
0.0097231044950462,5.126416993519216e-06
0.0158455577935337,7.026017472426581e-05
0.0199030015413944,1.548182908137669e-05
0.0018558000181663,1.949279860337176e-05
0.009366120868044,1.5798177729312404e-05
0.012837457578417,2.8029777934682308e-05
0.0057448973103787,1.7531731861329608e-07
0.0035414120747304,6.594706441452685e-06
0.0140097301238104,0.00010631438232339298
0.0008184621471471,7.270780172203008e-06
0.0105323855099007,1.5840558415439327e-05
0.0104695403878156,1.3734292368429572e-05
0.0107027785025344,4.448734013928039e-05
0.0109534698342957,2.8146476681814665e-05
0.0069712088647278,6.686267302880721e-06
0.0093244993025111,2.4525927955674273e-05
0.0180294406485729,7.739818226200115e-05
0.0095508709071502,2.5879758479121386e-06
0.0174717133076042,8.46701203800448e-05
0.0003265585422089,5.327393026684899e-06
0.0012346192750538,3.1906160803477742e-06
0.0007742889269482,4.1104108842439435e-06
0.0194062764064046,0.0001312564159970105
0.0117488568901632,3.924767525946061e-05
0.0173630605552463,5.4919768930857965e-05
0.012320330902744,3.9259456660220914e-05
0.0087113268836338,2.2237331954733823e-05
0.0164914815279355,5.848305767779324e-05
0.0127373172092241,1.3564736482138207e-05
0.0138234348732771,1.472378969973567e-05
0.001424774905044,1.6941146454571129e-06
0.0112306927328912,2.4689511393557594e-05
0.0145241309584798,3.0400616277232195e-05
0.0166052009142992,5.30539326507875e-05
0.0021610479834557,5.706307273438929e-06
0.0113303896350958,2.2925170349103603e-05
0.0049444671097575,7.475976817421581e-06
0.0131331768392641,4.834736069667619e-05
0.0083112954220323,2.056185879632533e-05
0.0095947213441752,2.8624217404696512e-05
0.0117144549671789,3.364061756965511e-05
0.0190834593940868,5.414907499194406e-05
0.017613375493843,5.457425089204671e-05
0.0046260861752927,2.4342932008666744e-06
0.0003867036789007,1.1590715666726584e-05
0.0122505514673249,3.613167173029139e-05
0.0137511639100855,3.359110283945363e-05
0.0139769178296454,5.016705391917494e-05
0.0018306137431103,4.878630896456585e-06
0.0152722396812067,6.507885857999275e-05
0.0185947264137644,0.00011095948718777671
0.0047037982250531,1.789022867684873e-07
0.0141129618022622,5.380012193196472e-05
0.0059840704159152,9.575465444288375e-06
0.0133002205056714,2.033474416754791e-05
0.0099579641700993,1.592012403174612e-05
0.019725069812539,2.6714507286565404e-05
0.0101320989062366,2.84482523072946e-05
0.0090428451467783,2.0326303763078135e-05
0.0142192077053701,5.935450759968828e-05
0.0008134271538104,2.647506509109795e-05
0.0057745950748791,1.0092134999194233e-05
0.0038098833802781,2.4212416914955164e-07
0.017596424124778,7.954218520670836e-05
0.0037217462588045,7.97038328603104e-08
0.0160331218101663,3.4621199151398124e-05
0.0088791531836071,5.342028721822246e-06
0.0015440267129813,2.695960970458115e-06
0.0167279737921666,7.214338521748015e-05
0.014900999194503,0.00010262458678341869
0.0050715423313378,9.717606869477137e-07
0.0070410564586079,1.7628917521028312e-05
0.0143107639046927,4.287912480669618e-05
0.0107555180827262,3.084836964994084e-05
0.0112201493565755,1.1897699158591651e-05
0.0156693851684516,3.383103187721619e-05
0.0117620061261848,2.8780312348104543e-05
0.0187505976191277,4.048938874214112e-05
0.0194098974674726,4.000595102945569e-05
0.0198284478681347,0.00013062894856060141
0.0015747307437034,1.8188980641401317e-05
0.0164963293216232,6.201189740937218e-05
0.0010324611830783,9.032801047968948e-07
0.0165609466566129,7.059556440376053e-05
0.009733763246404,1.7240810478538694e-05
0.0083126928708522,7.965358657434414e-06
0.0002754559208731,7.512484267066757e-06
0.0165245457395638,5.976498914418631e-05
8.424692125520661e-05,1.6409830817665944e-05
0.0044799583987727,3.3669142340814013e-07
0.0021746198258552,3.4662184867412172e-06
0.0198298360792231,1.956709190906548e-05
0.0097383687991161,2.7373109221335322e-05
0.0048990357853013,1.0365557313649374e-06
0.0124632063183376,3.5002943252352725e-05
0.016363342550384,7.868883401472552e-05
0.0008473113553255,4.676324343345713e-06
0.0005933413788733,4.571424424009206e-06
0.0102106997271495,1.4251844733901353e-05
0.0024725606065638,1.5890313784826503e-07
0.0027948451600837,5.418313096049993e-06
0.0164213677601113,7.160386873090331e-05
0.0142439730825602,3.300930399691534e-05
0.0022256932119103,2.882686890530279e-06
0.0025563855323077,2.9186620365356493e-07
0.018866291754752,6.290569685285534e-05
0.0163385849706322,8.982352509626655e-05
0.0052942743325997,9.809518872616534e-07
4.0203456312541966e-05,7.889857514849678e-06
0.0168364831868945,6.17983620632883e-05
0.00987691040514,1.4269102052813894e-05
0.008757916965397,2.3716124918542857e-05
0.0063624789417502,7.648764125105589e-06
0.0042011560744755,2.8380423415109865e-07
0.0137109932377475,4.706490259836492e-05
0.0133140800221708,5.4065608318124414e-05
0.0112378877003342,3.114729505987757e-05
0.0073580831455448,3.123917793446531e-06
0.0075215564295881,2.5118119885559836e-07
0.0097946067057024,7.4338900393143696e-06
0.016938639523407,0.00010121456118475906
0.0075160755917317,1.076137790689322e-06
0.0142645108060527,4.191644785883467e-05
0.0060067400800289,3.665660898592397e-06
0.0113958939116642,6.400683717540793e-05
0.0063557183444248,8.646489721018578e-06
0.0073138004797652,6.50757046853805e-06
0.0100314519952018,1.9566813431114538e-05
0.0053709790574471,4.0029361397742406e-07
0.0122438722756543,3.6312406826753086e-05
0.0017078533909289,1.8800000506436635e-06
0.0058418388117364,7.459930334767531e-06
0.0171539310253649,8.327363135539871e-05
0.0101830837263854,3.695269368270698e-05
0.0065155103243169,9.446499251127702e-06
0.0007219693547375,4.68260780897677e-06
0.0148462591537268,3.73248034520285e-05
0.0072954759224921,2.5771249433567565e-05
0.0183979401323761,7.422302274551009e-05
0.0030388273809942,9.311750112475423e-09
0.0174044066928319,5.1729903615328666e-05
0.0035765539678493,3.4363531166789745e-07
0.0169969454493596,7.885916056720291e-05
0.0125517737979546,2.2793583906187673e-05
0.011859072755024,4.843895947307327e-05
0.0048948034599447,3.52872387187139e-08
0.0178648193727129,3.5259543022908624e-05
0.0161489162934458,1.976976228495774e-05
0.0119312668926251,4.591803411074534e-05
0.0006932391096737,8.976496872394976e-06
0.0123273746647531,3.682492326495179e-05
0.0056504492775147,1.7371706192050668e-06
0.0054355147685137,6.049513277862698e-07
0.0124807106802245,4.802200488257858e-05
0.0177499248447864,0.00011964064076832935
0.0095757901696157,2.6021045285100225e-05
0.0166299063016448,0.00011611124772631867
0.0050212554922041,9.133187132727705e-07
0.0068112406832458,2.533617501655135e-06
0.0170517327378093,1.1652719144755632e-05
0.0152543986509813,3.870709786723618e-05
0.0190009006798321,0.00010756560568989054
0.0155260134009232,4.916253162666149e-05
0.0091374826378363,1.605883518203066e-05
0.0194154123673979,0.0001100847427906001
0.0033610199028396,1.0882349332568085e-06
0.0053633336811441,5.539272445350107e-07
0.0048789337454083,2.991055973096292e-07
0.0014068822293748,1.4022207540737509e-05
0.0132211219616656,5.4394274413395125e-05
0.0062115756979026,6.467624239021975e-06
0.0149251347575401,2.344432068596158e-05
0.0140338604014636,3.8996304806719426e-05
0.017874161504224,0.00010552510559136664
0.0155880657254529,3.889631642560707e-05
0.0009758784824391,9.268566143305798e-06
0.0113420243467654,2.0411258192167243e-05
0.0089754546027022,2.3931698171790402e-06
0.0121552990924429,3.738875754762699e-05
0.0005801459853519,7.953692457895132e-06
0.0130765310933215,2.0053021658491535e-05
0.0012084195308194,5.508317624138195e-06
0.0185502750971268,0.0001168649616880618
0.0151066107728751,4.277613508380583e-05
0.0019264490348516,1.0623609425633889e-05
0.0078050594542224,5.138030883001449e-07
0.0029147700495795,2.869365694479073e-07
0.0194686015254329,3.435990098258428e-05
0.0085870468594865,1.4888385410528032e-05
0.0028587563890228,6.160705379512712e-06
0.0121841021624764,2.689005850769926e-06
0.0154996745429225,5.278642916760844e-05
0.010496770150457,1.772439444602623e-05
0.0093402674514766,1.526119975519745e-05
0.0059047667274171,4.323934367027623e-06
0.004027963361458,1.1151445770993512e-06
0.003086310742819,6.17585196226373e-07
0.0088945669256889,5.5482799884095994e-06
0.0008254085662523,1.0398723369930217e-05
0.0060590951195552,2.0560776070427543e-08
0.0007718826510662,1.602584172537587e-05
0.0094960356216438,1.9055241789318063e-05
0.0114062660226737,2.1782099873879785e-05
0.0107225611646802,3.3629287219026306e-05
0.0045534611300301,6.552285606318572e-08
0.0048773124705869,7.740120851214763e-09
0.0025119393691243,9.660265962938631e-07
0.0154479107639909,0.00010437091671608083
0.017473975241588,8.805399863226722e-05
0.0199703790016947,5.7221310080777664e-05
0.0062838427410299,8.426808067072664e-07
0.0070523027144205,9.275860599247629e-07
0.0136775046620535,2.4482134970446888e-05
0.0123600879550662,6.573018274890422e-05
0.0125736884554259,5.080266784382402e-05
0.0045815159887514,1.1915266970156995e-06
0.0084427228231164,2.745157528125041e-05
0.0166629912754623,6.709997792947612e-05
0.0026599409388835,1.828845014049822e-07
0.0046275011816089,8.647616937812116e-08
0.0022241969737029,1.3282012801660233e-08
0.0138724854238866,3.9773099190920255e-05
0.0027179191684199,3.578508122680885e-06
0.0053053857290605,5.735553840788178e-06
0.0164380638966702,5.6677868978599276e-05
0.0133443780507306,6.86191715903e-05
0.0071775707142943,1.3518306470924515e-05
0.0188799815205821,0.00012979552986803108
0.009767328104657,2.3526550476224504e-05
0.0190959668217016,4.993678649915787e-05
0.0142858900592675,8.745523759259358e-05
0.0034208299447454,4.337261370182317e-07
0.0149120437733255,6.035106415757655e-05
0.0180437840821874,0.0001275189384258906
0.0181858040855434,9.308933722310243e-05
0.0050820385564751,6.391634095582224e-07
0.0165404254944175,9.647576279578574e-05
0.0160420684363427,8.152243560142092e-05
0.0136195670587705,3.551819201522299e-05
0.0001959194642924,1.7344229643109672e-05
0.0157881286152942,6.191296211591047e-05
0.0044765384670787,8.674243259407397e-07
0.0125952212171117,2.7740986015045615e-05
0.0096755531740777,9.3025144875417e-06
0.0100204070584088,1.8655232497081266e-05
0.0008650606426664,2.951667215758209e-06
0.0031071266974905,1.2331807621320265e-05
0.0032133391227568,1.0210247758827093e-07
0.006122112249671,1.124957101904583e-06
0.0080449457152471,1.3015954953415613e-05
0.0187209216342107,3.09261327512699e-07
0.0057056529410262,2.0640490097161493e-07
0.0027069233536108,1.429200227583231e-07
8.157369075132427e-06,1.0330904254182608e-05
0.0190175978952507,9.322305237001264e-05
0.0017346254919575,3.295965106625282e-06
0.00616904319738,3.3098124853328314e-06
0.0030315208054815,6.129361968554439e-07
0.0065657839075073,1.2655514691547318e-05
0.0190468697800597,8.159323491484095e-05
0.0091904273998077,3.8928680486857995e-05
0.0122073197736178,1.9179347116370177e-05
0.0091583046349286,4.0777280497710816e-06
0.0183932562732029,0.0001289811347549304
0.0184392819037019,0.00011697207862856952
0.0152120936995727,9.133564596185462e-05
0.0179452722194923,0.00011895906837030863
0.0176037997280919,5.467405914004182e-05
0.0036436246675817,9.310094734287269e-07
0.0022477479859823,2.74493543568158e-07
0.0087103016826372,1.5407767580467838e-05
0.0061342878475319,1.10593703367276e-06
0.0197690926629868,0.00013808347166180743
0.0072925308462347,4.141789860900642e-06
0.0122723688685589,3.772163515759392e-05
0.0126923375418436,3.454986821050331e-05
0.0040301314218901,2.268061883010338e-06
0.0114013894918002,3.3989002241164735e-05
0.0139571572946962,3.6767172760496706e-05
0.0032360664949348,6.561221510979266e-07
0.0009183805402896,3.406161129339123e-06
0.0073622430960739,1.0143433742805501e-05
0.0179423562375929,9.696829839197402e-05
0.0172296454114257,3.930527008806439e-05
0.014555327266989,1.5284765444333054e-05
0.0110405505220312,7.416473198865887e-06
0.0163124178594993,0.00012531758001551216
0.0110472342645823,1.490952739299155e-05
0.0029020220456883,1.001204061958132e-06
0.0148400762256568,5.392283316296771e-05
0.0050329353943499,1.2061035013998403e-06
0.0075928462029325,1.6687346211972344e-05
0.0022763029620671,1.6921522509714025e-07
0.0161075490264946,0.00011593389151751494
0.009334849320336,1.3775466305975572e-05
0.0131991497591997,3.392424569385102e-05
0.0011838102370142,8.676386642805515e-06
0.0164877118955623,7.294517991000394e-05
0.0066786317228976,7.66489375799256e-06
0.0054613472630236,5.837449656923356e-06
0.017096173426882,8.203418793178746e-06
0.0066076130573812,6.429993424047503e-06
0.0027448897376455,7.688521509871362e-07
0.0115877197007871,5.813427486915705e-05
0.0078306983204381,6.993120336184333e-07
0.0188031571580695,0.00012488153838030822
0.0142668390921636,1.3001918299034996e-05
0.0163885590695624,8.455052104903539e-05
0.0014201917939562,5.708939551651353e-06
0.0139562618453981,5.076446448176869e-05
0.0046276605268742,8.537228269204683e-09
0.0085048913848617,3.1493980281407908e-06
0.0051730331033094,6.775635302262856e-07
0.0071603932328015,1.3000458276391496e-05
0.0116332383603545,2.7249715099266233e-05
0.0097590611231989,2.8580331387709683e-05
0.0195867443007835,0.000158427568502656
0.0070213696254036,9.905439170531676e-06
0.0005955949496458,5.290254251444715e-06
0.0050364214283326,1.4013572983979125e-06
0.0011355631574105,5.612951899878324e-07
0.0166758565410119,8.070558048017271e-05
0.0024546793319032,9.349418369856873e-07
0.0174789434759649,7.201033924935678e-05
0.0171866909149898,5.688217160515519e-05
0.0152019914785192,3.998088849735893e-05
0.0081089408944201,6.7239650541258166e-06
0.0079407507838025,1.147361548134583e-05
0.0116451557400662,3.7888207834604074e-05
0.0146001133387803,3.2720606481965063e-05
0.0081907798079903,2.5641141415183875e-05
0.0111093466026232,3.3536357125157184e-05
0.0129180288717751,3.422177770775405e-05
0.0043000425835745,6.24459133395246e-07
0.0104067302410682,1.3166919963832344e-05
0.0076899760957366,1.0995893498795045e-05
0.0034801741926649,2.603408727870187e-07
0.0110042863161225,4.187991744122906e-05
0.0193358146493323,4.370189399271512e-05
0.0025872122761445,2.1982369987866215e-07
0.0183364870107374,0.00010698085329350378
0.0123552078475667,4.3821095866610283e-05
0.0177627732019053,4.610365117348456e-05
0.0181000417017286,5.537380166740425e-05
0.0157652143692639,8.633757756869008e-05
0.0104630607280693,9.312398185637594e-06
0.0179325814555823,3.0616738347750373e-06
0.0097611671934307,9.375464735312476e-06
0.0184433208276317,0.00011855235607885284
0.0031358773615606,3.7166616035439185e-07
0.0141884778632719,6.015781157158482e-05
0.0005184006429511,6.968529933495492e-06
0.0056994683214571,2.1245364794146604e-06
0.0076871794683606,4.8348610232731154e-06
0.0050325292144389,3.402147662226379e-07
0.0016071107674858,1.5727313778441738e-06
0.0132166277389283,3.740078522284639e-05
0.0136430366767584,3.509761627468084e-05
0.0177248868214557,0.00010311726451324083
0.0057711713800047,9.825547622011827e-06
0.0115390647669252,9.675630339889292e-06
0.0113054641572999,1.1315482253352789e-05
0.010705830122622,2.285435362721881e-05
0.0120795735359646,3.7814271029726197e-05
0.0149782809533502,1.996365018798971e-05
0.0066955494781508,5.082493379719851e-06
0.0013301765129893,3.8001196307113286e-06
0.0147937833822825,3.624954120397998e-05
0.0035423444343524,2.6112297653992998e-06
0.0134076521386407,1.4475404371142415e-05
0.0190821813626645,0.00012114271087676708
0.0116878065147339,1.2526804344520766e-05
0.0182881402462423,4.69451574587996e-05
0.0029396513037397,2.0692684064891965e-06
0.0043445577127499,2.695667715368216e-07
0.012999783360189,5.4755128981855524e-05
0.0170965851230144,7.311017473917293e-05
0.0144398088543125,9.38686480379623e-05
0.0074095961510849,3.7968561948474225e-08
0.0055180729453008,1.0192656475006564e-05
0.0183861213516827,1.1846768521613738e-05
0.0171442383111742,8.513893668134757e-05
0.0173208312898292,0.00010010035174518232
0.0104713594390218,4.01464235132735e-06
0.0024189933113283,5.442028763740206e-06
0.0102787355598398,1.4579822858294261e-05
0.0083419061170716,1.3607373579007148e-05
0.0102451735220645,2.4433216487561494e-05
0.000759678465003,8.995285726195661e-06
0.0134036998415177,3.891430693241925e-05
0.0124091683344704,6.847748152714738e-05
0.0043196551710455,4.241029806105938e-07
0.0121137781244839,4.728136678896259e-05
0.0058297067972533,4.63392468771786e-06
0.0023300330777056,1.5521435453840304e-07
0.016843109457566,6.923937195660886e-05
0.0024841090418416,1.3829668906668505e-06
0.0163167072130154,3.0672525712427204e-05
0.0013729712823624,8.96384243127716e-06
0.001257392009779,1.400297324520281e-06
0.0026629108534965,1.6780275831628034e-06
0.0145965793579448,5.115204609343179e-05
0.0065327762683491,3.2740468254449124e-06
0.0028324867159026,1.524472403818247e-07
0.0198372574732881,7.654882748581911e-05
0.0161614691607389,9.665645355127158e-05
0.0059075328746857,3.651230481564383e-06
0.0109574134459503,3.9989027709875504e-05
0.0180608640092518,0.00010665014612660805
0.009468817594862,6.710445520716523e-06
0.0008279600956224,8.829603513834774e-06
0.0146527414361353,9.200708469064049e-05
0.0093305503230954,1.628172001516322e-05
0.0086096207103976,2.4856102540617607e-06
0.0079602181513111,1.8939678618558632e-06
0.0108738251641503,8.993292339268405e-06
0.0087068054960714,2.0106142209042075e-05
0.0184624375904959,0.00010361113827367427
0.0024720449499239,7.632918272429219e-07
0.0049460249997463,2.4726245328259924e-08
0.0149528172761599,4.7026337528845477e-05
0.0120171622736478,5.9476262578264285e-05
0.0179722726026434,0.00015379863524707117
0.0159980624857356,5.3118899552837196e-05
0.0164076105499311,7.792692220277458e-05
0.0171083331563301,4.230687442166622e-05
0.0025530910159874,2.8849923165528084e-08
0.0190099253564903,4.3168059099409425e-05
0.0022680041636636,2.2722937794048943e-06
0.0096733498276934,3.529589008443405e-06
0.0041442210654535,2.229552295636744e-06
0.0088607957395905,9.021985214202862e-06
0.0128737561934583,6.19837161312893e-06
0.0188371463729288,7.702951534904326e-05
0.009216397626598,2.7313473835793452e-05
0.0161733874774297,9.328143503926669e-05
0.0156517833736985,4.0372616289387896e-05
0.0130317636382753,1.3056422003149007e-07
0.0054734532377919,5.328689218757432e-06
0.0151315380423686,1.9453709217130876e-05
0.0097667734303392,2.7377994144691775e-05
0.0032164677750367,2.501826772593007e-07
0.0130891203381921,2.09078708562624e-05
0.0066810125340668,2.4131963353627562e-06
0.0187595154560006,0.00010976458720273998
0.0138560976503316,7.419225170995949e-05
9.541888708497704e-05,8.550095469668495e-06
0.0123599195028886,2.5026422932601298e-05
0.0093390111996883,8.095378641084584e-06
0.0025617011007802,2.560181705317846e-06
0.0044037484887737,7.089692052992536e-07
0.0149769704344924,7.083723694900795e-05
0.0094339574353932,8.434824789059839e-06
0.0126372483626497,1.9270525956412717e-05
0.0015314947923089,3.147351066854186e-06
0.014726533637543,6.982535716831533e-05
0.0170221396252645,3.688840096610144e-05
0.0106119297977251,2.4224003834077587e-05
0.002399674416685,2.388186651065615e-07
0.0151297469462215,7.977585937084521e-05
0.0012992864529605,3.462897281086136e-06
0.0112341583381706,2.1541248457269562e-05
8.044290706682e-05,1.2199215258446623e-05
0.0131793880539907,1.494716058155434e-05
0.0006203729871451,3.756016992250223e-06
0.019333913257682,0.00012319410198635458
0.0082987066782791,1.6635684807736233e-05
0.0164691789234546,5.499893256690383e-05
0.0059807825264925,5.196572877576504e-06
0.0029172010155071,2.4175723822240994e-06
0.0112313170778434,1.7814699755720618e-05
0.0154233724058067,8.90944298945345e-05
0.0190784237541539,3.0967605303763184e-06
0.0136190996689522,1.5949611402087954e-05
0.007905598904784,1.1141609694499496e-05
0.0045838620984069,1.8909418067389977e-06
0.0149520791986278,9.437484588788095e-05
0.0057445187047595,5.164555572260734e-06
0.0177702532251307,0.0001297608005861096
0.0124744587369066,3.149039382576009e-05
0.0163198593154452,4.2919283940645925e-05
0.0053615883146893,5.151497076079061e-06
0.0174619918362241,6.768538289040754e-05
0.0153966207240115,0.00010459632919707159
0.0136430463997413,5.409980497442283e-05
0.0030890664138765,7.102540690674848e-08
4.77465655401188e-05,1.3846914884635292e-05
0.0161129667550891,7.731530871994982e-05
0.0147699665389073,6.710221575306157e-05
0.0038797083638874,5.156039189900003e-07
0.0144750015226237,6.669423109639095e-05
0.0086666879892125,5.929830637791751e-06
0.0070218093135885,6.383489890857614e-06
0.0037631023346258,1.5230691286791645e-06
0.0033584015376759,5.82840793782228e-06
0.017269286628372,1.9161531801795687e-05
0.0166808521656786,8.119453010995281e-05
0.0111117862549315,1.9015665253383387e-05
0.0186971622857275,9.303196359117313e-06
0.0077175730496134,2.106895061086546e-05
0.0185564642185273,1.4693247480724065e-06
0.0095799743178727,3.905775762287606e-07
0.0188205542265506,9.60133209836897e-05
0.0089420636773582,2.3417192591444206e-05
0.0005867845934514,1.8299053824594445e-06
0.0189231311936379,0.00012352599072192467
0.0040681880053276,1.2712299653504114e-06
0.0041407480268109,5.920974404292574e-08
0.0019765333771464,3.711569371946618e-06
0.0021161453941993,6.365928891062625e-07
0.0017180729177325,2.2769758493102164e-06
0.0136405281179635,2.9149607622041446e-05
0.0148615217739655,9.727273205363017e-05
0.0184699180519589,2.125731190901987e-06
0.0063874126532044,9.32596082209767e-06
0.0145632378945997,4.7290446704464424e-05
0.0068273421369327,5.742694537689923e-06
0.0116608954948505,3.0887944019093444e-05
0.0033048209006995,2.5526218751277105e-09
0.0003303024590238,3.0157694795414403e-06
0.016077882780118,2.114596588675808e-05
0.0133558572567952,6.330937813240715e-05
0.0139408985550362,3.7128540810041905e-05
0.0062576764308766,6.4807620080322306e-06
0.01114863479949,2.129758843682475e-05
0.0178403191737267,7.78831113018452e-05
0.00802023007198,5.752921541126752e-06
0.0051116265093893,5.785104993416266e-09
0.0134262109164305,2.8236687145590925e-05
0.0148354016719521,4.989366216232141e-05
0.0143846728510963,6.487081222570619e-05
0.0045521285614669,3.4583555940956735e-06
0.0101641902781952,3.194042377493991e-05
0.017778560195898,5.694961977171078e-05
0.0030612673632147,2.3018014588855002e-06
0.0156320419763979,4.1421627095138534e-05
0.0024864956456067,8.879441376866671e-07
0.0140835989660377,2.5253859629364494e-05
0.0072838128680095,3.4518930444013654e-06
0.0006586461352466,6.179880770594974e-06
0.004205088097849,2.6629942835487333e-07
0.0194057194570152,2.30578924708576e-05
0.0126318021097157,4.2814157708404435e-05
0.0046486297306848,1.9968176290700672e-08
0.0072478519550844,1.1978722944093443e-05
0.0073752992204135,8.057436861179961e-06
0.0186857694253764,0.00011430599031851687
0.0173718821006166,0.0001473599193974142
0.0044538374777016,1.7008324162282824e-08
0.0169521987161944,0.0001239637847083902
0.0145969642032399,5.1328427784130934e-05
0.0185537881768667,0.00012484970564228555
0.0035032091435743,1.0614381221626504e-07
0.0044651989970641,8.036150504405926e-06
0.0003573649385517,8.276770452052198e-06
0.0010172821908513,3.9414176493545985e-06
0.0039040148364612,2.2302072554417544e-06
0.0071803705302386,1.0333193209336082e-05
0.00889712098498,8.057079188800383e-07
0.0021335439966897,5.376444791637572e-07
0.0162328289895771,7.057186168369155e-05
0.003576171486223,2.3579689947158128e-08
0.0008211073203254,1.3473929879863927e-05
0.0036567737182699,1.8735869460230968e-07
0.0132021866097968,2.4059749370144897e-05
0.0040102322422734,2.038614432686727e-08
0.0136394935425475,1.480167253980548e-05
0.014715383792374,3.7088330567655885e-05
0.0052667867008952,6.999389056028116e-07
0.0125711751635955,3.5668603731389654e-05
0.0190037929489232,1.2200919608964004e-05
0.0175313089546381,0.00011072589351821515
0.0169800220931392,6.198374058647647e-05
0.0134572844915506,7.232568629159915e-05
0.0170124837457496,0.00010443224622283667
0.0059610469881065,7.077073903210853e-06
0.0005273260060815,5.557578623383922e-06
0.0163677674178089,7.088462665417745e-05
0.0175545094634889,0.00011281620739142502
0.0030026743077576,7.813095481432229e-06
0.0160879683083235,5.006793461794258e-05
0.0136640938956806,7.750756403096733e-05
0.0055286936202361,6.401029904333033e-07
0.0039759442733862,1.5592084942959276e-06
0.0025616279512538,1.598914662649794e-06
0.0041604280468278,1.256025139185304e-06
0.0135254717866114,5.259892062638532e-05
0.0163930184876597,9.525971554256211e-05
0.0005946397872587,5.329529748896873e-06
0.004932296225858,9.744835179616532e-07
0.0149630358724975,4.534503746127184e-05
0.0118406448752753,4.789445245875603e-05
0.0093933172370458,1.3863993826171507e-05
0.0070128898447771,2.514124693979931e-06
0.0035742148414796,1.468926946820195e-06
0.00290905874133,8.536155432690928e-07
0.0149981072695601,8.215708641857586e-05
0.0191387520559321,9.515510184690257e-05
0.0096352292733405,1.832554090938943e-05
0.0001197419711054,7.853780879445838e-06
0.0080335495259977,1.4493954552699059e-05
0.0103263343360214,2.1270340172421564e-05
0.0057502706149433,1.1572493383122004e-07
0.0039303156097481,1.012334852969447e-06
0.0007712940402197,1.7299210646177277e-05
0.0036737444178882,8.465708582093362e-09
0.0114683006654132,2.7168678720176153e-05
0.0055259766319496,2.0590063916093344e-06
0.0127540536786618,5.366676771997461e-06
8.829899954158283e-05,2.3382137539598733e-05
0.0095998948983554,4.931418275271019e-06
0.0055042876241165,3.000981682066665e-07
0.0105139896339665,1.5171921025034642e-05
0.0143791642111254,9.05130911670238e-05
0.0112181959290566,3.209540357963159e-05
0.0055921310299183,3.7867823676661867e-06
0.0045274812909355,1.828998880797867e-07
0.0183969294437625,7.378431296031304e-05
0.0172897292747141,1.0386447628869864e-05
0.0199254106345277,5.143602632420643e-05
0.0079136292921491,1.1915573682903607e-06
0.0047723222380046,1.8972986637814023e-10
0.0090969109603081,1.0120606893768108e-05
0.0049080762891697,1.606447709670976e-06
0.0138074351054037,1.8131213314581737e-05
0.0189873774960028,8.861131333534707e-06
0.0007540551968809,8.585451784579237e-06
0.0064491020287,2.5122627434852213e-06
0.0145719602347587,3.5539751836721576e-05
0.001134915582616,1.3422884527585384e-06
0.004294177389699,2.449781338970913e-09
0.0078034418007444,7.150837313642945e-06
0.0019723222351091,2.8767587422497762e-06
0.0139575385319974,5.488176809056531e-05
0.0136338662202923,3.179801890044892e-05
0.0054506078191966,8.028176657670746e-06
0.0118674506048525,3.7087548146288565e-05
0.0045071718252463,8.869690351146282e-11
0.0056885053218245,4.1306949871344045e-06
0.0086050412381321,1.737587499706595e-05
0.0051337481704632,6.380582389081132e-07
0.0041720851972262,2.621322659450996e-06
0.0012692060815105,2.2135218516623076e-06
0.0024884045060589,7.458918458981953e-06
0.0049764509678893,4.83757273212983e-08
0.0078131689066895,1.0514620822820897e-05
0.016117019129108,7.730056429830468e-05
0.0049558581341576,4.833733962539038e-06
0.0033359427248368,9.284909500960226e-08
0.0076653123112009,1.0855718460078853e-05
0.0173193059269535,5.9512933107898846e-05
0.0154780717284865,5.1610454225337365e-05
3.799795495407876e-05,7.606807020886255e-06
0.0001957937311169,7.722877509078872e-06
0.0169942645215051,0.00010440323463492745
0.0099584053845668,1.108500254799011e-05
0.0096668500161807,2.4798353625213092e-05
0.0008452039028486,5.4294415097709065e-06
0.0160731363106622,0.00014257580603214382
0.0080535263702621,1.681692057997455e-05
0.0148025953506836,5.541428814728303e-05
0.0114952666216963,6.862550413052323e-06
0.0135413526585179,1.656865642457615e-05
0.0119720939762794,2.6122692858625316e-05
0.0160395922923639,5.5361221009726864e-05
0.019932937332534,6.864859363420967e-05
0.005859711230421,3.815583254635447e-06
0.0054289471393829,7.151050028895598e-08
0.007695117786589,3.4561000416544425e-06
0.0103273170395709,1.4218230740062751e-05
0.0106204229709339,3.702916695200283e-05
0.0092154474510427,9.072839583306438e-06
0.0110184888534424,2.7390584646372514e-05
0.0084467781295133,1.0717741879364608e-05
0.0098767114023359,7.167636734150494e-06
0.0196026384668691,0.0001139379055297307
0.0103630805697132,1.9103390074564246e-05
0.0099809806025076,1.0867700634250244e-05
0.0161644025781473,6.840678322152012e-05
0.0198517883949736,6.443426691010516e-05
0.0008939847674944,2.4765240883901117e-06
0.0128336812393877,6.1271569599726435e-06
0.0182833690414392,0.00011547523263298665
0.0098675762703525,1.1487010508653243e-06
0.0002788810196346,4.702267602596758e-06
0.0181643648922773,1.14654276029996e-06
0.0063671834856187,5.245578846031025e-07
0.0096898803266612,4.3957612969294286e-05
0.0149559804165817,8.299402893752517e-05
0.0128044152650424,1.5782589909275988e-05
0.0036284597773436,9.039574316696416e-08
0.0190749644030607,6.176997189132774e-05
0.0173931884649954,7.122328621032702e-05
0.008964831839844,5.099118569277926e-06
0.0010774467153149,1.1847543774157267e-05
0.0187364747895088,9.663264413252032e-05
0.0078888844233409,7.15673501565118e-06
0.0030886921892511,2.1465599505118037e-06
0.0179329590412654,8.661369616104514e-05
0.0072965355930674,5.575163148888083e-06
0.0074480264844426,6.1588439408403684e-06
0.0192491857740615,8.428987444507313e-05
0.0173716485504155,6.750337181397877e-05
2.7304627119906223e-06,5.908070168296986e-06
0.0048994201992274,6.1531888284727515e-06
0.010131948929078,2.4167701711799975e-05
0.0135530586219356,2.965645017489212e-05
0.0101993080914675,2.4685861956496933e-05
0.0132951196878947,1.3084076133196112e-05
0.0102794513897283,3.6655261875964064e-05
0.0068019827412159,2.9078308978644695e-08
0.0102592726451841,1.0289455644365594e-05
0.00098934110362,4.731408389395872e-06
0.0094306010153671,9.486439686729708e-06
0.0183445867052212,0.0001273586347570013
0.0007159973787043,4.50935570354219e-06
0.0085150596005481,9.674831825197267e-06
0.0161908916790435,5.8134946281504994e-05
0.0155290206978945,4.8510773593364926e-05
0.007815154762434,5.581621745660202e-06
0.0110047697171378,4.243455919655314e-05
0.0174201251404393,2.968985270048279e-05
0.0059350984385474,8.975778375159867e-06
0.0110669524642715,5.316481396563171e-05
0.0038410044841063,2.234020722390594e-06
0.0063733546312945,1.7608203106996271e-06
0.0141248780243518,4.4035001003437026e-05
0.0185994742464443,3.907156931273212e-05
0.0135758697431472,5.670785985439234e-05
0.0046215853924773,5.725082573404197e-07
0.0002191654696493,6.7986461575107855e-06
0.0131581217050118,3.9474043573455664e-05
0.0010428229982926,6.4621551755097684e-06
0.0187656372246513,0.00011671802193237118
0.0080466932462544,7.445375579891279e-06
0.0102462650375012,5.3057410553330736e-05
0.0180989915352318,7.835985880510356e-05
0.0005031582391114,9.316180158912145e-06
0.0073384202787621,6.520134083589542e-06
0.0129554996587336,4.112828335005328e-05
0.0011335107785794,8.998869021106888e-06
0.0132361413961523,4.139637649081395e-05
0.0086923249385922,3.3815954096335305e-07
0.0094799151681301,1.0311025841301131e-05
0.0183844319541911,0.00011826513203788748
0.0004916099138176,6.923057281223088e-06
0.0114043458368292,2.960601475739397e-05
0.0160498046358794,2.9533269569275447e-05
0.0062380962029403,2.8437206326094964e-06
0.0113945701139629,2.548461494035193e-05
0.0174235374532382,8.38922543876991e-05
0.0058614916111814,2.442668337549804e-06
0.019541205951709,9.637035552564911e-05
0.0017337622878855,2.5421223614565934e-06
0.0054890095455748,2.8546960299603912e-06
0.0032418108961244,1.3673196422327686e-06
0.0008858289566336,1.1100587606685962e-06
0.0010623529165943,1.0172251972281746e-05
0.0062824374433908,9.675477611056967e-06
0.0151128900684361,6.637694765475734e-05
0.0034059516828852,1.8771333163539244e-07
0.0152612564056483,7.993362289814124e-05
0.0187471969131954,9.94576676298304e-05
0.0159526243916748,6.330893321910282e-05
0.0008177173350286,4.591661554696644e-06
0.0120661156729345,1.5706721369946326e-05
0.0149571699366662,1.944362747345379e-05
0.0052645059615525,1.081827117022045e-06
0.0057090784059002,2.8715037652787407e-07
0.0185163177521594,0.00016177858854623527
0.0172599786700913,0.00010581157847121344
0.0169214669426221,6.774876041367336e-05
0.0009636771862734,3.927294822792073e-06
0.0176320971421511,6.715232996151106e-05
0.0135985621951771,7.677624456150578e-05
0.0020052208546345,1.19875263703606e-06
0.0157812630460763,2.8126790255351783e-05
0.0023072524550921,5.192659465970264e-07
0.0035047051804626,9.745155194836207e-08
0.0057523216862193,7.786381326726363e-07
0.0172453879109142,3.0010397803764355e-05
0.0020756193350532,6.740546434860267e-07
0.017053259196926,3.838337973346625e-05
0.0076318625812716,1.8257794337597676e-06
0.0012347056601299,8.455763479473105e-06
0.0075010376501446,2.2270198766010756e-07
0.007131514155356,6.846303916905032e-06
0.0140007510447966,2.1519445199427046e-05
0.0183011894956923,5.88881438367242e-05
0.0105940423464986,4.829755304600777e-07
0.0047949482761945,9.386477501930745e-07
0.016125808492199,4.5336177569169574e-05
0.0151019125776056,5.124651314992765e-05
0.0072625142703455,8.488116026546692e-06
0.0145609308527854,4.01638121112844e-06
0.0145416675260213,5.8784667682224435e-05
0.0034277358771155,1.7290550872589942e-06
0.0086195683172669,2.076560403961546e-05
0.0003499951238339,2.058501590583687e-06
0.0093127580287214,2.8977967945821176e-05
0.0129377807030891,2.9905257072548317e-05
0.0084321017615403,6.41285650982127e-06
0.0040658356739175,2.9602949284488275e-07
0.0093811495427501,3.150496410539509e-05
0.0175076284459332,0.00013738440589405708
0.0046612492908701,1.317018782428369e-06
0.0062487555790975,6.828046543026448e-07
0.0019214456771389,3.768898489061862e-06
0.0089411497637932,1.7434978898435794e-05
0.005455187588697,1.2736077314794644e-06
0.0014385400688405,4.2463303272933494e-06
0.0067181217604341,1.962176104334336e-06
0.0068425486639707,1.5502710836566894e-06
0.0128738891563398,3.814629741583625e-05
0.0101936567612695,3.4218669273846904e-05
0.0071455255959559,1.0368181165801592e-05
0.0159348451440761,4.482249099968309e-05
0.0116099528358951,1.5620076224260993e-05
0.0024625594317425,7.785326404428042e-07
0.0120610413979915,5.629066530525576e-05
0.0147973506806647,6.13125072155643e-05
0.0038051508800069,1.3973068759054338e-06
0.0077489557495886,4.246053085225746e-06
0.0069808661249777,7.428568977709808e-06
0.007749601241348,1.6265754359614785e-06
0.0008470163817559,5.044362042445419e-06
0.0053924423448048,8.275113674607824e-06
0.0146007912975023,2.6886397300739162e-05
0.0096796734149542,8.008667149903274e-06
0.0066679068224721,1.3514204619816937e-06
0.0109717960075379,3.10420189054219e-05
0.0161507131749071,4.470083243251894e-05
0.0099935436462625,1.5200044915169924e-06
0.0123533635775798,2.520554474485469e-05
0.0016800053722248,4.35964497672882e-06
0.0172777320329765,5.632504063640117e-05
0.0057595164825458,2.1982024607812636e-07
0.009091164714425,2.6263357237689624e-05
0.0124583265268222,1.6812778173723926e-05
0.0141119277161567,4.6876521172948666e-05
0.0184158549142963,0.00011391019866859712
0.0135581639063249,6.711775438018161e-05
0.0066558298349165,1.7693823724308818e-08
0.0131122515645747,5.904018682990166e-06
0.0103555295545395,2.9551266876573546e-05
0.0027096111862497,8.042330761605863e-07
0.0106722082443406,2.590361538737397e-05
0.0121161594846658,1.7655990335466563e-05
0.0198970063434372,4.1910219843673895e-05
0.0014973516938784,1.03411269656501e-06
0.0005272379224524,2.6755322827641186e-06
0.0033129510319388,8.853799205846508e-11
0.0162176971650867,6.371227190310632e-05
0.0077091755172781,9.04949697319706e-09
0.008113931647117,2.228587010599312e-05
0.0084672044978066,1.0940190926857236e-05
0.0005425085389845,1.1068159612182634e-05
0.0176880704030914,8.108970383761113e-05
0.0136365657684354,4.4457560602321825e-05
0.0067585407815558,5.802968487390343e-06
0.0007245160447355,1.4264870375021648e-05
0.0100518923856264,2.3471630202904658e-05
0.0087072155355433,4.526255301055106e-06
0.0039414831070892,2.0560257009721018e-07
0.0026162501944576,1.5238339139324834e-07
0.0174297004079535,9.888430493506165e-05
0.0036248421569031,2.396555393190585e-09
0.0186011792521431,9.253606428770714e-05
0.0081020845775207,1.1380200821107935e-05
0.002344697342542,2.424262788732169e-07
0.0114805620721511,2.5173568498930116e-05
0.0067373275613607,4.855608338548933e-06
0.013370823922546,5.013577351376619e-05
0.014916481082863,5.156941031561218e-05
0.0001534831754285,5.7418705640396415e-06
0.0045934028196008,2.9597978047383304e-10
0.0177856387180421,0.00012036755351883983
0.0112694906741057,3.978642333062009e-05
0.0094328377783508,4.021687410645422e-07
0.0051410464206568,3.0546532323331334e-08
0.0059472907209631,4.857542337324293e-06
0.0132848029123787,5.693829586802593e-05
0.0116175839858449,2.735118140706758e-05
0.0017194216201318,1.1815264426787324e-06
0.0055419633022584,4.2727563330838206e-06
0.0011669498612898,2.216422974500543e-06
0.0199311538733993,7.289319504583774e-05
0.0023239882416209,1.9061217150887449e-06
0.0112078969451555,4.5895222172814455e-05
0.0199822721931349,0.00011674305363836587
0.0068755775761822,1.1858975003478532e-05
0.0070400697496763,1.0355007890580921e-05
0.0019884190451549,1.5978793930009005e-06
0.0109023840396902,3.331112911891011e-05
3.670539694162756e-05,7.013144673273324e-06
0.0006057070693712,6.954980039318897e-06
0.019519915980359,0.00012921804486477927
0.0070852080649914,1.219507890707516e-05
0.0099543055133579,2.6728417819734237e-05
0.0196707738978505,4.380108288815775e-05
0.009605730786805,2.0765182944774095e-05
0.0198007282274626,0.00010083218082512936
0.0112694771812738,2.8110836952355186e-05
0.0081446998288421,3.5488322760483596e-06
0.0154380809123073,8.762917438961741e-05
0.0180251080127779,8.404403271393486e-05
0.0147188157845044,8.001576568226893e-05
0.0162905082639144,4.933013253384915e-05
0.0038522646645341,1.7881439917118928e-06
0.006362153577761,1.9574969705134283e-06
0.0190719701539437,2.3633721729362223e-05
0.0084147301406011,4.692267706289919e-06
0.015881582578413,6.932954991930989e-05
0.0108090060809612,2.3435715940285956e-05
0.0064762500421478,1.9844445052796348e-06
0.0035341484676812,2.157155368356479e-08
0.0074680249391932,5.190191405805981e-06
0.0045070067690427,3.390060111176746e-07
0.0039362587593355,1.285689279448285e-07
0.0122237199904561,1.8762575522714535e-05
0.016500781230349,7.995017936270141e-05
0.0090354466514953,6.329070575449019e-06
0.0010551307806096,7.955414037634279e-06
0.0080126337398364,2.24203566790953e-05
0.011730459852328,3.359833662927466e-05
0.0110969968584273,3.2101967394723745e-05
0.0046711461223877,1.5542479643147613e-07
0.0135497937036704,3.0126905837429096e-05
0.0020360280034624,5.102158699653816e-06
0.0196792419931846,3.564610994444289e-05
0.0152706091093476,3.291673644918769e-05
0.009824863108251,2.1783330416286675e-05
0.0125495004716144,5.4459140311076195e-05
0.0195910394991073,0.00010055608591404446
0.0018942496424814,1.0818688537431511e-05
0.0049535266450453,1.9626090441407255e-06
0.0083825076458241,3.953807917273908e-06
0.0128864276352689,5.209851100671342e-07
0.0109600437098475,2.4281261146456348e-05
0.0103726318546855,2.4295768109830823e-05
0.0144373450503054,6.67575288681968e-05
0.0189631542855355,7.570816695054468e-05
0.0133828426495536,5.565641302766043e-05
0.0158568125307698,8.342924125493274e-05
0.0164742336884954,0.00011676406228259604
0.0112488329798792,8.73724011284741e-06
0.0142784396089772,3.4188109774276046e-05
0.0095922084647016,1.4260987970285066e-05
0.002945381717186,8.751096941573418e-07
0.0151134566180193,7.326820237600712e-05
0.0188755236639447,9.58798582080249e-05
0.0048719496613665,8.581215853033129e-10
0.0112152727530523,5.848893317317242e-05
0.0127389251780044,4.078377906654828e-05
0.0007007106575331,5.084850049404237e-06
0.0118871720078077,5.5468502629383974e-05
0.0114488610533323,2.825985514590437e-05
0.0151233737646943,3.492603875308704e-05
0.010832496286667,4.894166744726038e-05
0.0177339655716593,7.636596601767104e-05
0.0136818908518376,3.357287842776575e-05
0.0052526033742912,1.6219359413874612e-06
0.0129396553477129,3.5734780505455345e-05
0.0183821090541378,9.832294421652731e-05
0.0196097652965593,3.9564300166178625e-05
0.0013019505274254,4.1736605195251045e-06
0.005961359633149,1.3635083472154524e-07
0.0175841312726842,0.0001016885517447281
0.0040408113596472,2.681946242828907e-07
0.0066583780100247,5.050099642602637e-06
0.0042205663447147,3.247903146861208e-08
0.0013224464808055,4.261193786149851e-06
0.0045949272022263,1.986105916945027e-06
0.0009833905823494,2.0631343198091814e-06
0.0089420320186881,1.8078549928708808e-05
0.0151515393936448,5.342127070802645e-05
0.0117446178679579,3.943295804895361e-05
0.0094351671409961,1.862695854395201e-05
0.0150131500704524,4.503574298456729e-05
0.0078345030969454,6.526758129358135e-06
0.0042782479809928,1.6248075884519135e-07
0.0106997381426003,4.594821244292827e-05
0.0148486162361847,5.50298595717875e-05
0.0016061546381666,2.904485000039919e-06
0.0058839571241533,8.334115431034282e-06
0.0173041356885272,2.723967814568891e-05
0.0085902947033309,1.3987250166747432e-05
0.014137879512288,1.6154278546123712e-05
0.0053257473919024,4.977197726843264e-06
0.0127555851281754,6.591071885884552e-05
0.0025635168554712,1.0184291627096613e-06
0.0199672287676913,9.891129053908123e-05
0.000413337350938,9.514276660389582e-06
0.0086907664799333,2.0750922029379516e-05
0.0149923495571693,3.314605242242633e-05
0.0002977246176199,7.898232230287493e-06
0.0120127307372353,2.1521976537610798e-05
0.0188722932727464,7.487515007516099e-07
0.0003583138305039,1.0346615933857636e-05
0.008728532503134,1.9825054311916205e-05
0.0073150867666365,5.454723721480611e-06
0.0128427630824112,4.699218251390165e-05
0.0112481807193367,3.764027614215372e-05
0.0007446777688144,1.5648883619560117e-05
0.0009705601146834,1.9195824173228774e-06
0.0051084764905708,1.7234203211735654e-08
0.0024426734345587,1.2584208400610005e-07
0.0139289717482066,4.258757456114725e-05
0.0100866012705155,1.3033728381030917e-05
0.0102213172722193,2.1233273700156958e-05
0.0033005352457794,1.3621341421475575e-07
0.0153429670408276,7.252628643526912e-06
0.0091032582100232,2.7344316688892993e-05
0.0181538332255959,9.399719682302366e-05
0.0049663856888999,2.0124107933070878e-07
0.0101220665740925,3.100019977626913e-05
0.0011191905448238,7.475956120634846e-06
0.0063198375112276,4.816036363753705e-06
0.0044795457343535,2.056013672952076e-06
0.0160465207668199,7.44347588662459e-05
0.0041001967078076,2.211641543811854e-06
0.0021872039131835,3.92275837237977e-06
0.0084849513860284,1.9898426298332224e-05
0.0044390270727625,1.6790973270848607e-06
0.0008935244489724,3.769822504962418e-06
0.0123768937039747,3.7258001117393336e-05
0.0004522712456655,3.3900766039306147e-06
0.0134583744893974,2.129316266262209e-05
0.0091978107559253,2.229680467601649e-06
0.0153959306919841,2.8270354559434535e-05
0.0084613446560375,1.0429871309264654e-05
0.0054628426318175,4.6249559606460796e-06
0.0191894195280746,9.415947633057976e-05
0.0183199125379775,0.00010192624194911675
0.0117701340183589,5.8102777661757764e-05
0.0025717480595707,9.850594226269502e-09
0.0084808909724431,2.4626006848056347e-05
0.0059812789971288,4.4124308651361214e-08
0.0015320379008475,2.596201040451267e-06
0.0138750806219504,2.4085982075428e-05
0.0079012602279072,5.4755115246998764e-06
0.0181963821915477,0.00012383753664611542
0.0053337899223817,7.437873664286276e-07
0.0074947977300939,1.4568157686325208e-05
0.0187659378820267,0.00011456207640078693
0.0095287428269795,2.4657112162063455e-05
0.0049346010705918,4.0713319332856415e-06
0.0080719920076262,3.641935550451233e-06
0.0168277415794616,2.8476774185408084e-06
0.0001408317831249,6.219244745835124e-06
0.0163667684239723,7.210968593569167e-05
0.013186080367907,3.6513393385945225e-05
0.0008297573467829,4.7948568993263026e-06
0.0199823892181399,0.00018320560254504774
0.0032985042583874,2.183220436700916e-07
0.0078088980592189,7.129395616636913e-07
0.006381079483286,1.1121424546399365e-06
0.0139292103707722,7.392618931246406e-05
0.0149819703766045,2.0911773962998898e-05
0.0023855524981428,3.9097716431801436e-06
0.0194924177491439,9.56525743847311e-05
0.0049636893669447,6.75353853785482e-07
0.0044397642344667,7.807581328528639e-10
0.0139325993282127,3.0386535125445522e-05
0.0062691857173398,7.586086668805975e-06
0.0081483984075983,1.4358299086411723e-06
0.0153337910352538,1.8068973886917238e-06
0.0082735515256991,1.76701016475468e-05
0.0160146293128213,4.3213282645223843e-05
1.0743707331215548e-05,4.84836939221181e-06
0.0154314664288931,5.8208625981648165e-05
0.0017899364474096,3.3393909810315193e-06
0.0007815870248368,2.3217139260598815e-06
0.0091102332637161,1.04521635313566e-05
0.009242913294335,1.576576604409827e-06
0.0059017065770685,6.972406974492781e-06
0.0133966848711679,2.5103555805350366e-05
0.0097546692942534,9.589586041400205e-06
0.0003550818553662,9.812481841327914e-06
0.0104765435886835,2.5945180002981904e-05
0.0138463031864881,3.998015378467527e-06
0.0169670134690921,0.00011114681607310803
0.0165798464731088,7.953848998486424e-05
0.0113510177197488,1.6197840897192045e-05
0.0125230212604248,2.3668357986603033e-06
0.0197084984387012,5.158428258482813e-06
0.0060372226109953,4.43788673745893e-06
0.0133924615857049,1.7511758675141152e-05
0.0156620922737181,4.982423479047063e-05
0.0191375194863143,6.30707266447533e-05
0.0109206503216906,2.5246219819637463e-05
0.0184068460465121,9.657791975310248e-05
0.0012520547092372,6.947050319483048e-06
0.0080968389247825,3.6422685364194016e-06
0.0165808435923762,4.7870648004380116e-05
0.0145598977522796,6.951261281259853e-05
0.0058095299400351,2.8190056704232866e-06
0.0164269528732195,4.043330499348088e-05
0.0187757233128049,2.969484080384489e-05
0.0046707669582268,2.494166046720282e-06
0.0169229848131722,2.6653304602224862e-05
0.0163088578895781,2.606078543758481e-05
0.0185091672798155,4.037484851401344e-05
0.006748273600287,9.737595547012673e-11
0.0081319844871176,6.2096171529091605e-06
0.0023159813533355,1.013449421945789e-07
0.0194340287893824,0.000103702508651394
0.013033937259735,1.97055363472879e-05
0.0162612373494612,6.027000902092634e-05
0.0080998633978221,3.533093853685924e-06
0.0199831122116583,8.686674966387098e-05
0.013869980824608,6.803779948203733e-05
0.0016893890794379,4.815759149477038e-06
0.0196043962213275,3.341534895001504e-05
0.0027853617414638,5.610002217153653e-06
0.0088966890142502,8.000935633368707e-06
0.005351573299414,1.4816552560698457e-06
0.0106020505902755,5.1073616270834017e-05
0.001946593571849,6.319877102255188e-07
0.018843925104502,7.405239016061938e-05
0.0029520203978192,4.452295268868704e-09
0.017406458850498,4.90263214766853e-07
0.0076884907236278,7.830304670437238e-06
0.0115410348822656,4.015209122268126e-05
0.0075489209209337,7.877956680261622e-06
0.0004914403566687,1.2159709359569494e-05
0.0021271804740803,6.299888470873525e-07
0.0037132709985516,1.7527835229679762e-06
0.0005285493594445,6.364211222791889e-06
0.0050103160752208,8.091166827024622e-07
0.0070574417641564,9.290010557900577e-06
0.000421489492793,3.4519322836793906e-06
0.0031514298730533,1.0904980914945363e-07
0.0087324951342654,2.4891673316397946e-05
0.0027319358176155,7.997620208570123e-06
0.0186224525723957,4.322781682886446e-05
0.0083520212953062,3.40774484854657e-08
0.0047351752454838,1.8228243223743477e-07
0.0033751111182728,1.3638531906077393e-07
0.0062128343384939,5.135552071962829e-06
0.0137971211694843,2.9340504826478624e-05
0.0068013588943956,1.366933248743069e-05
0.0058717302840175,6.028500829436607e-07
0.0029400084673805,1.3061946833924259e-06
0.0057804789756006,9.100357518934634e-07
0.0098443180720851,2.798445761818021e-05
0.0061992598220949,8.045107788764332e-08
0.0179988270604877,9.31461882676956e-05
0.0195570289754163,0.00012657768100562866
0.0006256650584435,1.52179528890173e-05
4.795417442220451e-05,5.3273066649150804e-06
0.0142219575729512,1.4764525019431846e-05
0.0009524554925838,2.2808174025869304e-06
0.0017033968676258,3.169783028343712e-06
0.0059765899305717,5.410040273710673e-06
0.0063668262124938,3.3382331366354174e-07
0.0010674667154687,6.456047350231402e-06
0.0071450678002045,8.876526028825173e-06
0.0086985935550305,1.00957964161667e-05
0.0002831573678411,8.296105373137421e-06
0.0162369560860281,7.986622630265063e-05
0.004122500264914,2.933762666592941e-06
0.0017962058521844,5.9169867696186365e-06
0.0029201341835526,1.185878575845937e-07
0.0015679688698828,3.1628482910032094e-06
0.0028695867169495,1.1859055395920538e-06
0.0160749054962322,6.412246793708339e-05
0.0061074271942732,4.332424782040405e-06
0.0128714571653818,2.835594915512545e-05
0.0180372080798131,0.00013279645687294672
0.0062227910113089,2.5034147707974413e-06
0.0114355651808321,4.3492781687078344e-05
0.015369147228209,5.786034400341025e-05
0.0073713656967993,9.60340696164773e-06
0.0024571729906229,2.047927703057429e-06
0.0100188657111195,2.9411436470934763e-05
0.0011099137459405,1.2456613715943351e-05
0.0109120219905092,3.541068555011737e-05
0.0182350562067334,0.00011763272990542087
0.0159249332222779,7.092770275735972e-05
0.0101689073070699,1.6927572495417598e-05
0.0191694915089986,0.0001731866386949524
0.0006122715456005,6.348641270966119e-06
0.0134004713618287,8.92426953634279e-05
0.019362490013406,4.424558384806167e-06
0.006203187619258,1.2332253239974128e-05
0.0074807610633776,1.6863228676953284e-06
0.0177963237958065,0.00012975489279304782
0.0165717451056704,8.980880796779096e-05
0.0098271553855733,2.033183574498923e-05
0.0097002495113615,2.3092201614925708e-05
0.0094374814110497,1.2175075780335131e-05
0.019170533684381,9.327063667052464e-05
0.0003114575433178,8.361675884771582e-06
0.0127247706410942,1.1625691706718807e-05
0.008004281042615,1.448041366112926e-06
0.0164212007199996,0.00013443192133027316
0.0158446671054221,6.202815083845334e-05
0.0092788418785043,4.209483161967736e-05
0.0027110467479337,2.6597411836553385e-06
0.0128153497666968,2.7866798179133608e-05
0.0123520138732635,2.357028211923885e-05
0.0057739515225791,7.173836229467078e-07
0.0106414930952565,6.6941019405923156e-06
0.0032831746639542,4.268933941081962e-07
0.016613325889399,8.926015648927753e-05
0.0149411996683347,4.316247945245744e-05
0.0046211268531523,1.2750077913436487e-06
0.0198083486424279,1.0498595141833339e-05
0.0142025280579062,6.519339214340259e-05
0.0135178099929516,5.9983481861469784e-05
0.0154211177809924,8.653948533825224e-06
0.0174155682916625,2.6255738273172765e-05
0.0024044319445059,7.983418115079813e-08
0.0135422355477039,2.9336566549625104e-05
0.0077879437135576,2.72022427626375e-06
0.007207411158646,1.4079814460864204e-06
0.008122568425428,2.096591466022429e-06
0.0046192063485694,8.414975731639887e-06
0.0021034178917002,1.9373376248834407e-06
0.0001555503586695,1.635813293108578e-05
0.0046012251050842,5.066524870948166e-07
0.0068468125130069,6.276098848103965e-07
0.0113729913802981,3.785586843419235e-05
0.0028710128084188,1.6646154849514441e-06
0.0074292320250362,1.0559271969356893e-05
0.0026484589432374,5.012117718514532e-06
0.0158466842874341,6.736673559150164e-05
0.0187341117533595,4.8757569813437016e-05
0.0096811626364304,9.537345814170341e-06
0.0083675213104524,5.080415335191709e-06
0.0176374135371801,6.786588191205302e-07
0.0107000316337995,2.1980542785925292e-05
0.0072857823109132,1.7331489624570235e-05
0.0175977830943066,5.386873466326783e-07
0.0188455385566296,9.73419274350368e-05
0.0124972600216956,2.030928295129362e-05
0.0098482376665354,1.2229653970772054e-05
0.0048696261085027,9.052059245503507e-07
0.0190232502595614,5.761632813485579e-05
0.0023688316937505,9.187459918535241e-07
0.0061124630301468,3.119526241379537e-06
0.0048077896705619,3.2819110400576523e-07
0.0160347133042888,5.836750492172683e-05
0.0198274132305427,8.846295936733255e-05
0.0177281285282119,9.689853363442192e-05
0.0180277524486843,0.00014348277455567107
0.0138009968288535,2.251016027526481e-05
0.010198638973869,3.178802916638575e-05
0.0164664414323937,2.889695830319732e-05
0.0087170374332145,5.3333060135521875e-06
0.0120077692941179,8.3066657182621e-06
0.0134190459315754,1.2058316862484627e-05
0.0012640489299541,1.3039101026234545e-06
0.009623128654765,1.7480976317163862e-05
0.0049998186711351,5.362188188140609e-06
0.0085956120010653,1.0293835581717734e-05
0.0160430471835213,2.0902840255246557e-05
0.0160743098703515,5.2855306871087746e-05
0.002485902722158,4.4735789220331e-09
0.0052526933031604,1.0967488760144428e-06
0.0158876361373103,4.5228526620052404e-05
0.0102023026572576,4.498599029266282e-05
0.0070044380905747,4.0746698777847205e-07
0.0123649203698686,3.16037018811317e-05
0.0155385362416406,7.330379724788475e-05
0.0188594310938823,0.00014861012351362842
0.0171488340161955,3.422131932951835e-05
0.0076402768808094,7.7386486991768e-06
0.0080448816551389,1.8667169722207313e-05
0.0189518526942818,8.693932256709863e-05
0.0026985410047309,1.1400493706013005e-05
0.0044038294381254,2.3301653056820928e-07
0.0033700584221579,2.8903350533843423e-07
0.0040353356593697,4.1486867292008944e-07
0.0159753266329628,0.00010403317478657645
0.0071620657729702,4.569154764164766e-06
0.0106725668036103,1.6298210397162538e-08
0.0031843246244987,6.662040340360641e-07
0.0074768180534174,1.0333370466357718e-05
0.0182431342907865,8.804895161458372e-05
0.0138777797115762,5.440281794515271e-05
0.0158461117657015,2.839640243523455e-05
0.0140144780399502,3.164086024927937e-05
0.0036658971550063,4.1880472137201337e-07
0.0132460731385503,3.0109069377988947e-07
0.0184255030559549,0.0001412623387545713
0.0127798161882631,4.088994053347395e-05
0.0163939435188901,8.485005945855473e-05
0.0127582411106415,3.966302764623897e-05
0.0091913839404733,1.8464619113081824e-05
0.0034828563558374,1.3590492924275348e-08
0.015282483125589,9.329453636588356e-05
0.0037999944036234,2.928081353101586e-06
0.002983739763009,1.0325855607166434e-06
0.0134530378561516,6.390911008581189e-05
0.0116855513826283,2.8008349593825765e-05
0.0155857956206283,4.0199726867990784e-05
0.0048866659319866,1.4209313569587003e-06
0.0084326382467364,1.655690417204494e-05
0.0083985772371893,1.2851865766077864e-05
0.004142862687356,5.105844922009407e-06
0.0101399242674412,3.405983078751668e-05
0.0135746863802893,3.6027523495250887e-06
0.0057150864936523,4.10083416120366e-06
0.0129718680537916,1.3107972983223359e-05
0.0153470762447449,5.958234276726522e-05
0.010745333426105,2.6844232915874585e-05
0.0132671980512176,7.22488906361109e-05
0.0144161531901821,4.3026149890302425e-05
0.0136450931107715,2.1589181424422285e-05
0.0096137648454006,2.269020222687829e-05
0.008701123942436,4.2019653640361696e-10
0.003996498028713,7.629165838559046e-09
0.0159151585016749,6.049659456008998e-05
0.0173803710247569,2.4081401640327152e-05
0.0044913642831186,1.392287010638026e-07
0.0193439457733987,4.665331408528418e-05
0.0077224188777876,4.750109934602098e-06
0.0125830256360048,4.7960878402026594e-05
0.016600373170049,4.588767976366863e-05
0.0152780754130937,7.599639284391102e-05
0.015962923401064,6.653534130364554e-05
0.0108585947736847,4.558195915302334e-05
0.0054169060920195,8.717096174228268e-06
0.0149348017774145,6.500583370354773e-05
0.0108220596444445,1.4452793797996413e-05
0.0196514532712187,9.772538389558492e-05
0.0008663725936627,2.3740168800208775e-06
0.0012645845052728,1.1522720402955554e-06
0.0135032190235558,3.9538545020047316e-05
0.0119053988753791,4.08891253615664e-05
0.0025162479415335,2.9758669092676936e-07
0.0140779160982518,5.019432155772354e-05
0.0010096027558283,1.0330365024684308e-06
0.0017308308304779,1.4927304640067855e-06
0.0109603481639401,1.7655853715872412e-05
0.0139466873493373,4.124903439420316e-05
0.0185724527824066,0.00013350414419813488
0.0152571856920816,0.00010301601313733516
0.0018323005365677,3.0189527258854253e-06
0.0150721612698644,4.724616099895589e-05
0.009541796629228,1.8420022545587738e-05
0.008852480826239,1.1947954279805043e-05
0.0106569766807366,1.706368062859934e-05
0.0159983732748462,6.309335276359561e-05
0.0170634557014443,3.189912789296826e-05
0.0156284623030772,4.213363039136648e-05
0.0135768669279969,5.29027618079366e-05
0.0126921912413176,6.444882453750472e-05
0.0049700626118173,2.2684039298765143e-06
0.0191462481224114,3.827516284774264e-05
0.0067354603941615,9.731035681680467e-06
0.0071165023062058,1.3525842826202965e-05
0.0105415821927077,1.3667717194145546e-05
0.0036791693360952,3.1696857720998543e-07
0.0013752263187954,1.736023146654112e-06
0.0128104392794297,4.3078040465803664e-05
0.0126901722878562,4.013560908385626e-05
0.0150167153027077,5.128333672755077e-05
0.0017152501254887,6.8968722571961885e-06
0.0054965688691624,5.862476693690887e-07
0.00132737083975,2.3264335765398426e-06
0.0178123035266812,9.083083543400504e-05
0.0025440754824284,2.999052727242331e-06
0.0039346657832895,5.384957750925155e-08
0.0171848273767636,0.00011757039240194696
0.0073124718377045,1.0709717867208366e-05
0.016043895625662,7.955753098867944e-05
0.0082638807586259,2.5601266038736322e-06
0.0048294669573535,1.3855351591058972e-06
0.0167208576606353,0.00010511313852417356
0.0013336597325884,2.2157076467873596e-05
0.0081728800771863,1.2874288663457968e-05
0.0191346507733621,0.00010172850039677654
0.0124462216014976,2.1063515234286406e-05
0.010213699779557,1.0249254484983899e-05
0.0042739543571976,5.620608527981922e-07
0.0055130911227772,6.970525003691156e-06
0.0060832126447809,1.4639134677589687e-06
0.0162904729857765,7.508582055292623e-05
0.0086267908624542,2.9462133978194888e-06
0.0165873824693107,7.651927279589452e-05
0.0144687169837038,6.670873654598874e-05
0.010904574702112,2.9637647483365004e-05
0.0191405828148299,5.5502718075686916e-05
0.0002222241710971,8.692267468251376e-06
0.0054419526175586,4.625385659446605e-06
0.0100710887151467,2.755860413782008e-05
0.0177637577457721,2.1128363187307158e-05
0.0072823691767759,7.003058337300765e-06
0.0132916120339484,3.140282302826698e-05
0.0195397150521085,8.337495155822348e-05
0.0108333134921139,5.1793503021142626e-05
0.0176057914542536,0.00011248402271305429
0.0198207374037122,9.582049177724316e-05
0.0010644754770679,1.1705789216044051e-05
0.0150002558592749,4.2052777273457284e-05
0.0098912288634592,1.2598166917769686e-05
0.0093711838862852,1.685510509472094e-06
0.0196873015815628,2.6106697693466972e-05
0.0073255574605186,1.408788556936735e-06
0.0064736721219005,4.650346717425992e-06
0.0031299102659648,9.469000719319958e-08
0.0116005162811329,2.1108011375983558e-05
0.008441395768585,2.3234043145197596e-06
0.0021691608573027,5.278696360517958e-06
0.0034070586880202,3.830628888246931e-07
0.0131424284723218,3.450379553298491e-05
0.0070132096005276,1.2635742497543182e-05
0.0085633038279281,2.636143881996098e-07
0.0064297440302953,4.150332737227437e-06
0.0077423722671163,1.8533711802803943e-07
0.0093202874937118,4.9303287072817495e-05
0.0114661320249078,3.477933205236825e-05
0.0069633802447936,6.596286776233127e-06
0.0055150347153431,1.8083966893198304e-06
0.0189286787670665,0.00013279441477415154
0.0185052661252738,9.038274233356165e-05
0.0098960532074629,6.131733483199322e-06
0.0027180930136149,2.1652978761337886e-06
0.0119512901720995,5.2909078934814274e-06
0.012971370933847,7.225154339500796e-05
0.0145302827032304,0.00010518305461317149
0.0169212710018697,7.473929903344734e-05
0.0029088804866989,4.839356039335935e-06
0.0164270449191292,8.002463936824629e-05
0.0050570049782274,1.1610693387772048e-06
0.0182356162864293,7.187516872019064e-05
0.0140290875710651,1.2831777289710374e-05
0.0143170248182359,4.3065600994025835e-05
0.0016821518906541,1.340364713944182e-06
0.0182983790724609,0.00010681467310118042
0.0005404157539498,5.2177714327674686e-06
0.000594753314157,6.971335089930544e-06
0.0033406505622813,4.270981579808092e-09
0.0123372082433474,3.0234511716620953e-05
0.0058034217428212,1.044454069559042e-05
0.0148802609692182,5.7810671445397916e-05
0.0068746701030735,1.759119143739557e-05
0.0172987946423345,8.154839572291964e-05
0.0008646632224366,7.573105124308992e-06
0.0151685348936287,2.201745922927568e-06
0.0141842637532162,6.458001181401313e-05
0.0033552978114583,3.091925873739382e-07
0.0016046197764863,4.051028640858901e-06
0.0150732853987898,7.492355043294095e-05
0.0061298394900451,3.173247760625413e-06
0.0181669091075633,0.0001177462441830502
0.0080503239530872,1.8474784775723135e-05
0.0038292282487477,6.028546228230106e-07
0.0079910249119944,3.6138026189308634e-06
0.0084760420677816,2.5843004902616778e-05
0.0023612051436841,2.2679741976690064e-07
0.007980342309448,5.405954814704713e-07
0.0146083162681663,4.996501640585249e-05
0.0006348737687115,1.3488331149355877e-05
0.0102641420519272,3.8937049388538815e-05
0.0181540572785398,5.930927010476068e-06
0.0008253090335498,1.8928567145164578e-05
0.018218167165314,6.635059666417255e-05
0.0039580910310221,1.0539625872592515e-06
0.0125141774379884,5.0074871039991574e-05
0.0014628409848234,4.5031342075333515e-06
0.0137264326822469,6.210319650790105e-05
0.0100529656262215,4.759563391685823e-06
0.0071263150665067,1.5849615947745982e-06
0.0132098864771101,4.8574293198352125e-05
0.014375474412604,6.0411724249351967e-05
0.0092840696220433,3.178598278508298e-05
0.0037489297034826,1.7854305816314713e-06
0.0181311153339937,3.291697338394965e-05
0.01015989356691,3.7611673259060145e-05
0.0035517364727095,1.6231859453733305e-07
0.007217129600922,6.318990059789817e-06
0.0098704886551384,7.951830352257702e-06
0.0027704991302898,1.1157711663919253e-07
0.0008635273429925,7.85332564109238e-06
0.0069840667250185,1.5945341661413761e-06
0.009350760185303,3.0554570158886005e-05
0.0079268745052079,2.159672263561417e-05
0.0079802258410586,9.597820854267779e-06
0.0016607654795158,5.471559359518692e-06
0.0045625400051018,9.594272173266482e-08
0.0069894275731189,3.6967949496240305e-07
0.0006808585304822,3.8218400288767404e-06
0.0093037795626641,1.9813103759319216e-05
0.0040535536422563,1.5119227295069636e-08
0.0060324298048135,1.2979336584652077e-06
0.0159079784999046,7.304991917954217e-05
0.0180870110189965,9.701501887296034e-05
0.0135424696214945,4.922185009532434e-05
0.0138672429868652,8.177382714039516e-05
0.0106161408859697,1.0810226611108672e-05
0.0127532000306431,4.580821417489885e-05
0.0165220448656785,1.6115836655635625e-05
0.0169725406071985,4.2969808274943905e-05
0.0018037363572505,8.990267697384875e-08
0.0112340074267501,2.0285784873393647e-05
0.0077244140184941,1.4446636197435725e-05
0.0028392500333958,5.0624953327458835e-06
0.0185375891881064,0.00010415712789313888
0.0171146194054576,6.156580018238301e-05
0.0017355914326821,3.240625676085908e-06
0.0054490212252858,4.2522159090963386e-07
0.0039614763559842,5.403870488897401e-07
0.0035831714717472,3.1077473442111976e-06
0.0191989831292615,7.49385406125684e-05
0.0073228350261492,7.203499462573901e-06
0.0143723587164318,5.8490254287710033e-05
0.0125788794676003,2.643720001209702e-05
0.0133710509878862,4.060955630881594e-05
0.0038021057091017,4.107556818609341e-08
0.0051497342867989,1.1061116968662919e-06
0.0076927012189142,2.74282361884417e-06
0.0125760972227815,5.7028882366935035e-05
0.017611034985365,6.196523432434126e-05
0.0007595173632861,3.7479671548286227e-06
0.0198610840835552,0.00014247223659981685
0.0060250706952914,9.113626903290801e-08
0.0119407164436781,4.397627652836078e-05
0.0196256867867938,1.2252079147061509e-06
0.0017765411680903,3.5986909961383026e-06
0.0157012164676455,8.699855472051083e-05
0.0161497567426986,9.788756231072124e-05
0.0025669142383316,7.885654977429205e-09
0.0177635230430804,3.3437031980669285e-05
0.0179559722414797,9.062233587834594e-05
0.0145509559250105,7.42720576297777e-05
0.000436281102279,8.753093104049024e-06
0.01912899963335,8.132222751771011e-05
0.0141512399349123,2.8065350164101626e-05
0.0070851767975375,7.21432392932534e-06
0.0111394614093043,6.1146653602677274e-06
0.0178045264998934,6.03140650450087e-05
0.0121463835469258,5.1263113630311425e-05
0.0169438036683616,6.603526033779107e-05
0.006266950927346,2.776550470516084e-06
0.0096266341403681,3.843209163463018e-06
0.0080501144573121,8.713290999871702e-07
0.0190776804807519,0.00012650395744043006
0.0114915596710482,3.24269104862487e-05
0.0111187198539884,3.43787794390054e-05
0.0004493469523971,2.4644615203943317e-05
0.0189280499742973,1.2310393820396413e-05
0.0018760917935715,6.329249456491786e-07
0.0150990980408682,5.9009881363606525e-05
0.0175569371694121,0.00012279244316966228
0.0036028262183833,2.163161672968355e-07
0.012714563868077,2.743326663496189e-05
0.0020339733414013,2.072936281158487e-06
0.0099029930869645,3.8857604388052474e-05
0.0031983452076194,4.4856653504165997e-07
0.0052507775145494,2.760205117890655e-06
0.0073681987808678,1.3874602681378217e-05
0.0164721745397985,4.1509826791848356e-05
0.0054553176025501,3.3696109014237633e-06
0.011360180337509,5.051666537027173e-05
0.0144587510296445,7.505701346335924e-05
0.0149410020488347,8.130111213527062e-05
0.0001500680448589,8.273155562252931e-06
0.0015223360988307,1.024617348395413e-06
0.0196451549695734,8.181882706202189e-05
0.0064379702016657,3.561157859860931e-07
0.0151644925485213,2.2845515111407897e-05
0.0067869396316143,7.795509813280708e-06
0.0110234286918861,1.6558969991937205e-05
0.0184487309138878,5.653457498323636e-06
0.0013109610341381,1.2152248189791593e-06
0.013965235087148,7.245722128461945e-05
0.0107521978002256,2.4710441660437073e-05
0.018918688856941,0.0001382389920776903
0.0129846551730506,4.068442590124798e-05
0.005167352471191,3.841780689041707e-06
0.0114355783619106,1.606826762653077e-05
0.0058303185605191,1.54291228029929e-06
0.0071045822707954,2.4648998904008542e-06
0.0115759637840592,3.283392265367854e-05
0.0141097293816935,8.240520214964442e-05
0.0185743735169051,8.30882501246355e-05
0.015761103569813,5.1047029341827214e-05
0.0100025222137424,3.1380246678958796e-05
0.0094936545561641,1.571690947781064e-05
0.008639820930214,4.840998164857527e-06
0.0181229614314001,0.00012885635875237742
0.0177308690167557,5.985372071365268e-05
0.0010422243932673,4.421639650713917e-06
0.0059660524679464,6.159114581468456e-08
0.0126831421806675,6.0462016224907856e-05
0.0159874540711761,2.1396467562484023e-05
0.0089846226708399,2.9195267279366412e-06
0.0147058568419944,9.82768909315144e-05
0.008825532351972,1.5291222164125963e-05
0.0002798327724823,1.22529564301735e-05
0.0139465955977264,3.614683330100638e-05
0.0054671961560028,9.499311925157753e-07
0.0158144366855517,9.650257552702016e-05
0.002308999352452,6.644910463659038e-07
0.0184430974672898,4.366670254460328e-06
0.0141754877450639,7.330862657503171e-05
0.0190425279222461,6.951397158706014e-05
0.0115964467043842,2.2836069660349777e-05
0.010157775996986,2.8210857204660843e-05
0.0131801262716512,3.573738258704775e-05
0.0181785391365338,0.0001062638699872427
0.010364400318638,2.6246667613211546e-05
0.0142912487090511,1.235348314497218e-05
0.0045087721363811,3.9428031189031477e-07
0.0092958071006731,1.5707373357493773e-05
0.0100723879721103,3.553217441713294e-05
0.016725777478232,7.696964363913884e-05
0.0169219240371221,4.144144928741913e-05
0.0160126117052941,8.673259856099342e-05
0.0190562708784481,8.121133876097072e-05
0.0109206354614109,2.5732359830088293e-05
0.0191336585552281,0.00011410341831382764
0.0145058227693854,3.330570440936903e-05
0.0002435721657599,9.084530154290476e-06
0.005967221448293,1.1488905091940132e-06
0.0068011065604819,2.554335167917412e-06
0.0176098277119427,0.00010246764429884521
0.0056463720346425,3.5882910556938693e-06
0.0076454225210781,3.347386343031838e-06
0.0119749851762692,3.07156039280903e-05
0.0047670472892623,3.561451520332938e-07
0.0094818339519379,1.0323352254318331e-05
0.0042339068874918,2.9632289262165723e-06
0.0018273089626849,2.266400207539631e-06
0.0042369728696857,2.4354003777733182e-06
0.0089618623191616,8.111383450753343e-06
0.0020508871946961,1.517230858366516e-08
0.0130818138843586,1.1905479808882719e-06
0.0096793741149839,1.7536212591749187e-05
0.0145015277299068,3.3210770359905385e-05
0.0033184143120467,9.318712728185108e-08
0.0024233262160118,2.206085816686612e-06
0.0118799118406275,1.3896620860308767e-05
0.0155653217672332,7.31406530429147e-05
0.0129429536942574,3.422550789850901e-05
0.0028111852889288,8.818773644126742e-07
0.0110508587130853,1.5527735002759945e-05
0.0090031105420572,1.3897673713321084e-05
0.0130041494438876,3.343384404219292e-05
0.0129008967292202,3.20398294126462e-05
0.004907479325444,9.872551495822049e-08
0.0029560537255174,5.065890404825145e-07
0.0069692475635526,1.1698139477755853e-05
0.0105613371326401,1.7571108528019147e-05
0.0017227771413522,1.9738722141543456e-06
0.0122611508415453,4.06817960118031e-05
0.0019840639270796,7.264362033661126e-07
0.0163638569423286,8.362573811249556e-05
0.0088256897526917,7.454257933347256e-06
0.0088750772208264,7.764738013904599e-06
0.0050964821875646,8.073761325941392e-08
0.0048720312879189,1.3994541492577103e-06
0.0170988372327484,0.0001151161803077273
0.0046753580390744,2.3778548733993187e-06
0.0115110433739141,1.1179813829822049e-05
0.0002828541436359,1.7581789522418953e-05
0.0116123045763791,4.0312825611611835e-05
0.0087218174361446,4.1731472956201464e-07
0.0088189864914673,1.4675565546467246e-06
0.0158271697004322,1.852275056136774e-05
0.0100404289359209,1.5920372022857893e-05
0.0039978571667171,2.694191892263862e-07
0.0109100960440019,3.540443477892702e-05
0.0178148387895146,2.1079047383019492e-06
0.0085667283660426,1.2828335005342207e-06
0.001192865828835,2.0250759848963184e-06
0.017799603257549,4.1916654276783654e-05
0.0077834951819513,1.3941325667826225e-05
0.006859393970202,3.3288656191874894e-06
0.0007831328687466,2.638443949425701e-06
0.0004451945317314,5.512235715691236e-06
0.0035494572390629,4.256920197076496e-07
0.0139348338300564,0.00010323878059788466
0.0172774597071195,6.327608175675316e-05
0.0039355261496338,1.0146670511167696e-06
0.0060152432641524,4.741060291241338e-07
0.0174224914524008,8.52222103504576e-05
0.0053595064097525,1.945698509539116e-06
0.0129297348478786,7.859637091209858e-05
0.0028027876260078,6.78311875962769e-07
0.0003197196823891,7.572362766974357e-06
0.0169856130611384,0.00013891165131752612
0.0037406536830721,1.0979402924785598e-07
0.0016610842669869,6.913907363561808e-07
0.0136444873539448,7.040513926095176e-05
0.0076152525477143,2.3533005839240736e-05
0.0088642262124819,8.898428244833096e-06
0.0039548262574371,1.9385879119618307e-05
0.0001959317394508,7.118801522983123e-06
0.0007283880431126,5.5534178800250295e-06
0.0179412295103245,0.00010738304396387866
0.017741814878248,1.6545585123627964e-05
0.0189600504223324,6.116724441051596e-05
0.0170748909919702,0.0001191442715333637
0.0130819185612785,4.5328459471481076e-05
0.0094432954054348,1.1355793913562957e-05
0.0111310555553031,2.4675550910240485e-05
0.0182699693261697,4.2440422115043894e-05
0.0185931906821116,5.846851531120743e-05
0.003580552827016,5.537988584874618e-07
0.0007088154699621,1.0766557706702292e-05
0.0137259542165745,6.009607416620742e-05
0.0017662824081569,6.9331131478220735e-06
0.014929191622028,9.694208275468682e-05
0.0178636839052887,9.05342162848634e-05
0.009033540923864,3.0305903943271505e-05
0.0123910621315728,7.3368799907985975e-06
0.0126571026631352,3.0307314309596063e-05
0.0163569789663344,5.356735230042052e-05
0.0030636548839487,3.107697067523041e-06
0.0058238804869658,4.945025440844387e-06
0.011152560565813,1.8183166047077725e-05
0.019777123418582,2.930305014994147e-05
0.014863827644734,0.00010794573987544552
0.0116900960184129,2.9944988254044184e-05
0.0020597237592208,1.3892831614779466e-05
0.0070696071181895,6.383802857867204e-06
0.0107259107699001,1.7059867682262297e-05
0.012540566507394,2.5659498261089285e-05
0.017335921926789,6.92190441933805e-05
0.0117451776364781,1.4149460892839172e-05
0.0199933441393437,0.0001456470872546528
0.0143164729315693,4.657763518247465e-05
0.0010507159106912,4.2496770826221565e-06
6.865264077177358e-05,1.0932199797777249e-05
0.0106482637111815,1.3939637700646315e-05
0.0148019426769487,6.888982668613708e-05
0.0195641201851684,7.993327823022993e-05
0.0137676527230076,2.276600740610996e-05
0.0037917543694307,1.2293709760882587e-06
0.0194191765822879,0.00011426785642550168
0.0086737530106169,1.8372346120294948e-05
0.0167990665519454,6.609944912533422e-05
0.0034344526938302,1.3139935417871257e-06
0.0186987421254192,2.484891099723613e-05
0.0100606699925061,1.6301609558049905e-05
0.0190316310446079,1.2470429497460793e-07
0.018522444840351,3.4971018071302526e-05
0.0066030418305502,6.431640198012591e-07
0.014689816230249,7.386853540286608e-05
0.0031308477965085,3.525507069798939e-09
0.0129666935811565,6.239653376311047e-05
0.019215904751441,0.00013296973106490401
0.0014974979303867,2.692497433522532e-06
0.0169526688680274,1.9507395839848822e-05
0.0142081317443192,5.410372014189687e-05
0.0020981722994393,3.55577464688646e-07
0.0090321883959075,6.730467530042006e-06
0.005603985607777,4.83312615955334e-06
0.0038028327625895,6.243278482089737e-09
0.0026878199954899,2.6149012154398246e-07
0.0045886696558889,1.0014588254582496e-08
0.0091290728055396,1.2000477474597509e-05
0.0113980848251476,1.1259090870890302e-05
0.0098932511270367,1.900769154696966e-06
0.0060106794783753,8.362057265916614e-09
0.0156352606620873,2.813969980736429e-06
0.0057594833256834,4.500427574086165e-07
0.0044322485086783,1.65860330500016e-07
0.0026490489249065,2.2985074309795378e-07
0.0053287932541352,1.0357448221277049e-06
0.0015072224227768,5.111032326976371e-06
0.0080622721389222,9.019645708762102e-06
0.0073163876148157,1.1393266877317213e-05
0.0171401840560304,0.0001500915741570244
0.0122722123547888,3.3992460228376265e-05
0.0048407873281193,2.8296521408668732e-06
0.0089177335592451,1.3017623656372463e-05
0.002533029415769,4.96774496562327e-06
0.0070567116478288,3.966805249306343e-06
0.0073596314202118,5.7279172440380395e-06
0.0167106892319049,7.655723540114796e-05
0.0049624258448041,1.5494654471092532e-07
0.0103766987475834,4.322966298173119e-05
0.0054927454461225,1.7551045296680589e-06
0.0028483446726327,1.4932650781746543e-06
0.0188923345329548,9.678237159875067e-05
0.0130254209145258,2.9408607911233964e-06
0.0172319867300152,8.108312699178916e-05
0.0059397181352261,4.176786276551854e-06
0.0048759947624384,4.988137961682631e-06
0.01555374558512,5.22181546897143e-05
0.007652181169541,2.1795303224088264e-05
0.0131633143887293,2.2063968742783405e-05
0.0089322419044627,1.0692783972230021e-05
0.0061029252533338,1.056868414093333e-05
0.0121446128391301,3.010331966874707e-05
0.0090537136165354,2.426425337237161e-05
0.0139409136465406,3.58494076460745e-05
0.0043452975736621,1.736299311222179e-06
0.0084207934396745,3.341182413100873e-06
0.006059422754239,1.2468673564286724e-06
0.0107915638963635,2.5860353802148724e-05
0.0107184777307058,2.2229443346354458e-05
0.0159536013254702,6.569104769129417e-05
0.0009512773072426,2.689269877354896e-06
0.0169536897763765,8.432463449797413e-05
0.0096810561845362,5.244667956210489e-06
0.0044582118136032,5.590089456886723e-07
0.0170516354571912,9.025474819617314e-05
0.0012386646535852,2.0858818062132504e-06
0.0185863528546237,7.494512355472124e-05
0.0047359282057294,4.2372071328057036e-06
0.0111522619640424,1.8704954060559788e-05
0.0124058105859904,2.567185458118759e-05
0.0078015497598264,3.1336080146044173e-06
0.0088841084531859,2.25951827960249e-05
0.0009760483625609,5.646646129932327e-06
0.0166544921112729,0.00010175483010877125
0.0156858083860155,6.94009658449005e-05
0.0168100511942049,7.981789653918135e-05
0.0164170061457077,0.00011043565147158445
0.0114145752631743,1.4873483127981617e-05
0.018818619536539,0.00011294677765588919
0.0068165164055831,4.4857962355588985e-07
0.0103668637199619,2.9521464476068122e-05
0.0150268443081049,3.20138279399394e-05
0.007379733960476,1.359777663698272e-05
0.0117841149392525,5.092238850944101e-05
0.0043764134316943,5.2344307549766465e-06
0.0086120319154506,1.7636938922178628e-05
0.0091911402157921,1.5305923843902796e-05
0.0164414188044908,9.7551845480952e-05
0.0085263303415071,2.1752143469257356e-05
0.0135922916006398,6.542451077105682e-06
0.0054575694872977,3.03877747034787e-06
0.0142557391287966,5.489498757141589e-05
0.0021295787867007,4.758419716849102e-06
0.0189783371050327,0.00013624393759158814
0.0188478641725038,9.891694841833815e-05
0.0195773172093965,8.074741366335427e-05
0.0156787106173668,5.280573591810382e-05
0.008066394616708,7.143704065242559e-07
0.0080152239070544,2.3711503271909748e-06
0.0150946934079666,4.030942011139123e-05
0.0090741191434448,3.0655906820642296e-05
0.0150996238820467,7.68702932580537e-05
0.0164202363702518,1.1887497033814674e-06
0.0178713493585693,7.054449652484222e-06
0.0166186045662898,5.779227924794345e-05
0.0134809381788529,3.813011761200881e-05
0.0196725959538864,1.187553693045187e-05
0.0179989580519554,8.59438015226941e-05
0.003461664295011,2.6493320216133256e-07
0.0099401104755962,2.0170999349779912e-05
0.0010581500659777,5.733440249700382e-07
0.0132194857829885,1.734647305436186e-07
0.0017709341091507,1.5430958608081932e-06
0.0105639491181745,4.293389776116567e-05
0.0104617977271402,4.693081969038321e-05
0.0153231517817838,7.92546116372253e-05
0.0163586764760031,8.894699285324435e-05
0.0157432736932521,6.386648555117379e-05
0.0008919395527247,5.293155709204487e-06
0.013501375494275,1.4141622362807819e-05
0.0056100270389542,1.346196826285079e-07
0.0040918106628379,7.138243270855349e-06
0.0140470780100695,3.7914873724957134e-05
0.0064169668011041,1.7467810938470987e-07
0.0017801978287425,3.816230414014418e-06
0.0057074682899847,4.5539673669624805e-06
0.0157764349344834,5.350442330023437e-05
0.0012079152264699,7.412976301118149e-06
0.0117985820567817,3.3498920880185146e-05
0.0005243884867239,1.1753199731356971e-05
0.0147579615712959,1.6463849052653856e-06
0.0039514695417946,5.122462731230622e-07
0.0007262574546555,6.551557753543714e-06
0.0018424356879299,5.982740734308414e-07
0.0159766164931509,0.00010844095995316443
0.015923580517946,7.032167603865765e-05
0.0129571999915059,2.91163302503653e-05
0.005512334993318,2.756288256857007e-07
0.0158602447987108,2.966534971010704e-05
0.0122131103607761,3.365246082390388e-05
0.0165098992611991,3.4436269395569316e-05
0.0081163604299748,1.028328473497385e-05
0.0107549309147084,1.9574555631822517e-05
0.0007750439899375,5.717830327101662e-06
0.0067306397715926,1.5257121930811406e-06
0.0189727200734478,6.953412131699051e-05
0.0042976535326444,1.1563211840308985e-06
0.0182554366937961,0.00011779113412057697
0.0067067413326612,8.374944055357015e-07
0.0197097968924708,1.1552491370403541e-06
0.0190367509988988,0.00010340636633457271
0.0114622473228442,2.942963425174911e-05
0.0069184655464562,8.610461812822474e-06
0.0064720200921444,1.752320660477186e-07
0.0062822456269626,1.2472120965302182e-06
0.0147419933723062,2.2201458911044776e-06
0.0065550772778744,7.373551848957433e-06
0.0174582838239698,5.5594761904899526e-05
0.0191605737943238,9.971393893850748e-05
0.0080967548550522,2.020364628958055e-05
0.0181927726180247,4.4268710639729513e-05
0.017355374477346,4.7789687697867266e-05
0.0108842429404717,4.935854293140188e-06
0.0130881327433452,4.2854524382637105e-05
0.0142841645504191,8.425366821583093e-05
0.0095731601828142,1.2607105956808446e-05
0.0140328892421855,4.4148774322607814e-05
0.008261259337925,2.8273954324421054e-05
0.0122977715990168,2.6445271555592054e-05
0.0012107885479072,3.231136885832504e-06
0.0061351008685972,7.883498191940454e-06
0.0122782170203723,4.554959270276132e-05
0.0103987433251985,8.170998936738185e-06
0.0097505856481165,2.2611100575292438e-07
0.001758478302961,1.0590685385506227e-05
0.009236035376615,2.0639524826157834e-05
0.010035950805453,2.5093205029701186e-05
0.0147953937403309,5.208138314914221e-05
0.012919481460144,3.8929279680574184e-05
0.0109996306681777,2.9925624872984183e-05
0.0018528173760146,1.3812751950876722e-07
0.0055331137461976,5.0354555111568175e-06
0.0088624275300913,2.068830930796909e-05
0.004865481712824,2.8725266335425867e-07
0.0015584471791343,8.898362744335913e-07
0.0150953959713907,2.1362671301209055e-05
0.0028574075930465,4.265896992253736e-07
0.0197109191031274,0.00017346995828771797
0.0179209260520277,8.771972129865132e-05
0.0096520319311971,1.596840780085616e-06
0.0091856744912258,3.927528789197353e-06
0.0012227341075223,3.1298716251396937e-06
0.0134367584692126,4.754050705726478e-05
0.0156120691789034,4.849923621571986e-05
0.0095242684097212,1.552050719260371e-05
0.0116263290864455,2.4355943027889806e-05
0.0082043184777283,1.3000860879782402e-05
0.0126486254454296,1.5769247533648587e-08
0.0183024626975951,4.608856650059138e-05
0.0166306273345382,7.234273881947171e-05
0.0019960195848346,1.1131416238399026e-05
0.0049251597740318,6.953145704066513e-06
0.0155720256594878,4.8382672391581316e-05
0.0042551569950028,5.378861873457348e-07
0.0184190271250404,6.306585556273803e-05
0.0109179977209206,3.8134323206300615e-05
0.0136686115427445,3.5283887168442565e-05
0.0010921300456944,3.1879986628841447e-06
0.0148083619215872,8.690699867941816e-05
0.0100302446721986,4.1448714561676824e-05
0.0075700679830859,7.137550797560229e-06
0.0109041359379699,2.6126717975252277e-05
0.0055917397318868,3.103735696750477e-06
0.0012164472054907,2.529120401656881e-06
0.0025559038425255,1.2166937001311791e-07
0.0192814067754582,7.531822868117716e-05
0.0137412242822744,4.8519994333919605e-05
0.0131204296910648,5.0876137349731766e-05
0.0156744312341722,7.47612407690264e-05
0.0093242070923074,2.0317899298153708e-05
0.0179917885601678,9.804014848361248e-05
0.0093365095774736,1.5895587307131197e-05
0.0059407195616188,3.9522914222204275e-06
0.0172359736427958,0.00011011537852394947
0.004202260865935,5.070412398029822e-07
0.0063212843562012,1.978547519972823e-06
0.0066217662243861,8.205126229378658e-06
0.0023669651901734,1.2259620255438883e-06
0.0175509379551049,6.924448771787546e-05
0.002103026600227,2.0765995409459628e-06
0.0058556037145404,2.6012539160055448e-06
0.0129763472623401,4.1148383257906876e-05
0.0190871955778737,8.643828646155077e-05
0.0032875984016589,3.984231128498297e-08
0.0171224933336198,7.716819571299669e-05
0.0017534288844676,2.2743361896332125e-06
0.0117447861377523,2.1427595188152107e-05
0.0038527437675087,2.8231665223680186e-07
0.0172919153798309,0.00013321522991852528
0.0144095540924449,6.433605589917308e-05
0.0184895822680533,5.379792837172999e-05
0.0082243393505385,1.0413472671294244e-06
0.0059006608181114,4.723059647828462e-06
0.0186571533358894,0.00013215738099535713
0.0131439283649442,4.3215539667765065e-05
0.0162964526628086,7.008271592744955e-05
0.0017107095778935,9.664874234488633e-07
0.0086851668664831,1.66462994654651e-05
0.004423023797306,7.368504128907528e-07
0.0116008013031019,2.314591488274231e-05
0.0181534807102647,1.134267586146893e-06
0.0115705211533956,3.154188190821497e-05
0.0128476711677673,1.4894269699702758e-06
0.0009528555357011,7.825332287621367e-06
0.0104980962016959,9.932354978788183e-06
0.0103478413857732,3.870693613838098e-06
0.0163644193411902,8.006692285316155e-05
0.0089173090561108,2.072441708544566e-05
0.0088064354933357,1.2593224611674891e-06
0.0071920665790757,1.240374095165958e-05
0.0010395949465771,2.6867845267856703e-06
0.0189920210231221,1.7006776339107248e-08
0.0056577791588631,1.8259897596512224e-06
0.0037023055002922,8.94569741749566e-07
0.0037316403422166,2.9242598106325106e-06
0.0037844358517668,1.4974723111149251e-06
0.0080641487513865,1.3040622938525569e-05
0.0020657106052479,5.3986089663375104e-06
0.0007355922347664,3.860319793630171e-06
0.0049546336686308,1.7373625537681876e-06
0.0085711713261631,1.4513334443691597e-05
0.0166531791883163,3.4189745702795094e-05
0.0087099367722108,6.123315041873884e-06
0.0073331446072184,5.122000763990821e-06
0.0065481109480028,2.755662802629038e-07
0.0185628252287555,1.1720382126780452e-05
0.0124651525409916,3.250605212595641e-05
0.006542365473923,8.356154279042686e-06
0.0047247209714635,3.1160158509576086e-08
0.0023499273448697,1.211116339542589e-06
0.0156196570355902,1.4877345751602177e-05
0.0009033199673908,4.812484692618167e-06
0.0060196082234513,3.4575596128039576e-07
0.0151240938122426,5.596928348998032e-05
0.0056659459959361,8.525331623682478e-06
0.0041768586322586,1.8771481922422505e-06
0.0172753446691806,8.289554361067893e-05
0.0125818247635414,3.7849439858630514e-06
0.0022523649535433,1.145839190943505e-05
0.0003770190373264,6.623277621825724e-06
0.0175117235670956,0.00011569755538453726
0.0170011183904278,1.8937021959477363e-05
0.0114028286047057,5.3950075544724525e-05
0.0147996383247578,5.0477617143983945e-05
0.0018555285468828,1.7691818499186308e-06
0.006153876942738,5.312011372351913e-06
0.0155393116903075,1.7336180889416017e-05
0.0070082573694728,1.6835050779240552e-07
0.0098421934528513,1.9261002472186993e-05
0.0135659319822092,3.7915480295005894e-05
0.0006664911978304,5.624956656054297e-06
0.0020799473164078,1.4250630150643996e-06
0.0052279498086059,8.655301896737624e-06
0.0164308789410437,0.0001007062478857036
0.0168603590577805,0.00011707088146122788
0.0183348638422464,0.00011076356762310448
0.0131339624299653,7.02458997307396e-05
0.0165553005313718,6.972364699411803e-06
0.0059260319862438,6.7772984372578195e-06
0.0095889120206873,3.7510182594958946e-06
0.0061265992794463,1.5952818324644453e-06
0.0172101338478374,4.362634193892143e-05
0.0192747176885657,0.00017787342814713737
0.0080199588508998,1.085212749504116e-05
0.0198434472833651,6.643474239200611e-05
0.0134741074101656,4.711060666280783e-05
0.0121694536491037,2.0555905518623062e-05
0.0125443899593925,4.483239256604359e-05
0.0186698754746234,0.00012936650189320674
0.0186582945604571,4.9517442469573676e-05
0.0024307530131716,5.824849335720211e-06
0.0043421880551814,1.08930334420604e-06
0.0077247059951932,2.670778630853166e-06
0.0107515327016971,2.761701251803687e-05
0.0084505573139315,4.4416005337285105e-07
0.0071252580058516,2.315798253298467e-05
0.0008942533426727,4.211635936583078e-06
0.0071764295525297,5.929445955927755e-06
0.0036411074372256,8.475376698856336e-08
0.0194108776266504,5.344988586474537e-05
0.0142570157057811,9.080857042765811e-06
0.0044766137581159,4.390608365142321e-09
0.0115642968652216,5.351998631024801e-05
0.0010864208854213,9.598236629155714e-07
0.00677170122248,9.571159717753136e-06
0.0132133302176295,4.450936843520212e-05
0.0117214188365225,1.9271229436341435e-05
0.0062431002948866,7.520907417803089e-07
0.0044343477470739,1.8373734819216227e-06
0.0050662138878476,9.166004571765389e-08
0.009097645248604,1.1294416796904467e-06
0.007934636183163,5.66384005610107e-06
0.0195738088714725,9.871807155924461e-05
0.0114891595078986,1.6049971184990293e-05
0.00503715529264,2.139962368787003e-06
0.0004965603940321,6.762585590094043e-06
0.012051949720591,2.517060901432951e-05
0.0195571703880986,0.00014826753747533967
0.0184779163107107,0.00010527779485044417
0.0127496122557243,3.0908167085113794e-05
0.0105273739439386,2.1423483560209637e-05
0.0154028094123962,8.360887717534506e-05
0.0043219779909989,2.903304667134183e-07
0.0133725662801054,5.649482921494507e-05
0.0184982625001911,9.712529184262368e-05
0.0075600143575629,8.026730780330698e-06
0.0130913713178722,4.1022408883194746e-05
0.0066740305100242,3.623583954751956e-06
0.0130128100614718,3.3038400239402646e-05
0.0143281978880403,4.8668686948563546e-05
0.0184156341752448,4.0562309799126947e-05
0.0001695350843401,3.1386278516426323e-06
0.0126457569821255,2.279521731793297e-05
0.0154324062213738,6.870681118337557e-05
0.016317318527294,3.337710617223986e-05
0.0046249956710826,3.590173618077671e-06
0.0093037052722123,9.090788671785977e-06
0.0185522672857051,4.17099094674429e-05
0.0112778971997712,3.00391760024502e-05
0.0075438577872571,7.862763564030809e-06
0.0075600988698241,1.4728871310337032e-05
0.0118973516331642,4.296102778260924e-05
0.0123593010206503,4.162963405306785e-05
0.0100050698133732,2.296261322530921e-05
0.0020693437688054,6.716674466636655e-07
0.0016617043939006,3.5432917333346475e-06
0.01562993601699,2.649405221390375e-05
0.0077893272989019,2.6263888939350363e-07
0.0185450016059028,8.302636051417384e-05
0.0158254686413865,7.162697216359757e-05
0.0013792742917618,4.527146773681532e-07
0.0093533851616545,1.1461095680434329e-05
0.0059409912896651,1.0937721922472584e-05
0.0067126206890306,5.0322676508231985e-06
0.009553077431649,2.2245675776971992e-07
0.00688522484414,3.79934519456855e-07
0.0020288408792591,6.497245670736484e-06
0.009860994434192,3.0101162420329768e-05
0.0012464920974329,7.0368425643057754e-06
0.0098859802147892,2.8221320279820697e-05
0.0193338949309881,0.0001053276639484843
0.015496476355788,1.8940409587331494e-05
0.0191278866917101,2.0306455684962154e-05
0.0157119636450892,7.599985006440694e-07
0.0150510090402402,3.309297126529191e-05
0.0089703531796662,2.9029554840336367e-05
0.0118282867007285,3.5290584038355786e-05
0.010008372437521,1.5783807419849085e-08
0.0118118886399559,3.249401822458529e-05
0.0048196360178286,4.22431531528147e-06
0.0139213999556025,2.923383960006974e-05
0.0054427051633906,2.4017799893721564e-06
0.0064130548883609,1.0392985270528477e-06
0.0161641748518434,4.431480913379006e-05
0.0179836787292179,0.00011500626700047287
0.0099522073160384,4.7339284382532134e-06
0.0100421919257638,2.0543177676290886e-05
0.0094145377855433,1.1162803995124214e-05
0.0088288435171815,1.8479526813965122e-05
0.0089244016721679,1.8292753284664067e-05
0.0043474248398086,7.280966428050738e-06
0.0103803550851177,3.0042376467775758e-05
0.0015912522615078,2.2913021971119322e-06
0.0063480674885335,5.0035855725422286e-06
0.0178774584140173,9.740927071817536e-05
0.003539691855779,1.6005967039134048e-07
0.0013428164379525,6.333801298042992e-06
0.0064120169081065,2.3075396107323667e-10
0.0040293142750133,8.178351781651512e-07
0.017225761198594,1.8740046616911296e-05
6.765870111906436e-05,7.3925026841366365e-06
0.0185526412495242,6.694421342340223e-05
0.0141010192613229,2.9813733538898545e-05
0.0129259417882693,2.4132323202882286e-05
0.0140633074830874,8.295969993740211e-05
0.0058817222388591,1.1446301559719877e-08
0.01005829526055,2.4726572049818268e-05
0.0093233597590025,2.7201200594280535e-05
0.0183757335416238,9.766347628760948e-05
0.0048650005101219,6.640749165660264e-08
0.016084560571391,7.235050632207407e-05
0.0034269513896534,4.16240573977456e-08
0.0139147491309957,4.758449204288992e-05
0.0170825197188378,0.00011864123177174746
0.0027392868238317,6.672050359070312e-06
0.0078467974632719,2.4769629310439945e-06
0.0099038483906978,6.040859035489921e-06
0.0062343319438473,6.767711867250573e-06
0.0110221599930233,4.586403998189616e-05
0.0049370957997544,1.1727737280236047e-06
0.0152914314139846,6.886195569581887e-05
0.0112756414738228,5.3824856111747405e-06
0.0007876098723311,5.94212767788372e-06
0.0131627586626867,2.5086663531214216e-05
0.010048924123922,1.2545969033973343e-05
0.0047299518762766,1.1158254819484903e-06
0.0005527978551608,4.345968235143422e-06
0.0172842956922552,7.009987537819987e-05
0.017040448471855,8.443595128573715e-05
0.0144751822540303,4.122905375699613e-05
0.0049996075507499,7.4272589398461974e-09
0.0123653170018131,3.2753726489323936e-05
0.001517466305551,3.3197040343062176e-07
0.0049828938593881,1.57575753143008e-07
0.0166839188278024,6.378505213558106e-06
0.0053539212785284,3.221120813361333e-07
0.0055945664749994,8.591683530218216e-06
0.0187313121226581,0.00014871362289233496
0.0074132201717827,2.1891834419970332e-05
0.0163290945888001,8.23844015929445e-05
0.0059901679319053,1.5174269486062763e-07
0.0184827901852525,9.721545787561299e-05
0.0163037116705682,7.152150275022206e-05
0.0121649236585078,7.131456623030776e-05
0.0191207989053338,9.483003360606716e-05
0.0020776408102615,1.0086267553674083e-08
0.0186512391780096,0.0001254859028220369
0.0172450626909053,0.00010809072112778898
0.0140743276815554,5.8234547776701946e-05
0.0015374631354374,4.569241210952147e-06
0.0162910684115839,6.380622198550468e-05
0.003826887227108,3.5294192250502176e-07
0.0004815484508146,7.538210615156093e-06
0.0156550993246761,3.5310120579222767e-06
0.0100528292198986,3.470472150014589e-05
0.0164028020639313,2.702877655709598e-05
0.016975335166088,0.00011039594324165511
0.0048713751749373,3.46701430172167e-07
0.0085381326143852,1.3958730329006851e-05
0.0016991260733782,4.6476088120052426e-07
0.0157190757022823,1.4766068119984693e-06
0.0182688606784176,2.7112568799462653e-05
0.0038120851641923,3.658041280891603e-09
0.0161248884000787,4.436337575689693e-06
0.0122206310039241,2.6693188897129377e-05
0.0094636639954986,3.0569354861814065e-05
0.0119927194716422,2.6735879708973734e-05
0.0130463730026381,2.7516057823274034e-05
0.0105761402463741,2.8558881595596e-05
0.0008184446354585,8.165254367332728e-06
0.0067988780909411,8.838840139584357e-06
0.0108405320806152,4.193379501331159e-05
0.0039886180939564,2.587739925759815e-09
0.0045341369959576,7.845571960863453e-08
0.0186124474143997,0.00011081518103660815
0.0094376286111668,1.0460674668753576e-05
0.0117199798728683,3.852178022016984e-05
0.0011235369588327,1.1587819666298613e-05
0.0129259564010069,4.26782718339219e-05
0.0173423011572209,8.182274513854211e-05
0.0005801553142262,7.24148714675809e-06
0.001023929688884,3.961362732871217e-06
0.0186880778163296,0.00013971781394273806
0.0071781028956546,3.2473870290785626e-06
0.0024326153729694,3.609301666271122e-06
0.0037699878572302,2.824324398551938e-07
0.0151128402722124,1.890606152254323e-05
0.0198351355307809,4.3547763529812775e-05
4.9085175954615145e-05,1.1000487683275993e-05
0.0026042939361055,1.354169117860687e-06
0.0197447564537219,8.28401096329237e-05
0.0110439033056502,1.950653851588377e-05
0.0069431876171173,9.71773521627568e-06
0.0154328046254533,3.946504106231052e-05
0.0033429632119066,3.986100071340305e-08
0.006242300536345,6.911526913913354e-09
0.0103936207320132,2.167229474251156e-05
0.0193162025860099,7.143282011544709e-05
0.0088011577082961,1.5786740938288796e-05
0.0153094892278086,3.354892806606034e-05
0.0031395770951023,1.2384873058315e-06
0.002023520168172,3.6886890364243203e-06
0.0023400726297012,4.7657730790214527e-07
0.0038790088496533,2.417566933164807e-07
0.0100874549494247,1.0954046043205422e-05
0.0117346108296848,4.578790920035429e-05
0.0130665781208319,1.5209907825416081e-05
0.010837077041694,9.595602896922069e-06
0.0019587944230196,5.15243305996168e-06
0.0039242847777009,8.581442797048917e-07
0.0102691292786355,3.074890673806914e-05
0.0111872132064735,3.8387800545646724e-05
0.0047982270718837,9.530743046169254e-07
0.0001911592654108,5.365420921543262e-06
0.0144070204213093,5.281961803725282e-05
0.0157730434407148,5.7550645347109576e-05
0.0196737282464638,8.749076205353833e-05
0.0005939139284391,5.181261905312355e-06
0.0135480015466457,7.941651087331613e-05
0.0011242074746128,6.843863138280895e-06
0.0124415206395481,1.1126611557202572e-05
0.0168299800603298,8.13159040340967e-05
0.0099005804313042,1.8031359372110572e-05
0.0087850692735244,1.6729892200118556e-05
0.0174746452913716,8.696974670718762e-05
0.0196087250631755,0.00012028537722457096
0.0079886175832584,8.314590987350481e-07
0.001350626051705,6.2383534663401056e-06
0.0156156697296238,4.03303790702851e-05
0.0057526324815235,7.45419956850859e-09
0.002929819188509,8.683188763009773e-07
0.0049374884892471,2.9108104838563725e-06
0.0117930614090197,7.434824002154296e-06
0.0053524897694822,6.627861981167936e-09
0.008937541202784,1.8890645115612118e-05
0.0062402548496154,1.3978259477153381e-06
0.003556984948509,1.1878522461681905e-12
0.004226770795022,9.033935601410876e-07
0.0177726882253014,5.8209517895031715e-05
0.0117508215684408,1.2986695127427093e-05
0.0099374311069366,1.0620348309316637e-05
0.0037535121575096,1.6500340451193898e-07
0.0069367318065651,4.918419740327703e-06
0.0121165240419009,4.391326003130165e-05
0.0065303413866998,1.1187064149385319e-05
0.0092772852088036,1.3458761849687786e-05
0.0105117552347171,2.688490473799922e-05
0.0141218787489306,5.232338566008397e-05
0.0181647697057523,8.713344489638538e-05
0.0138748072334205,4.298935996432683e-05
0.0187448829904841,5.766595671453274e-05
0.0044198843751751,2.0997037184767823e-06
0.0128927074377402,1.2637641051235655e-05
0.0133874461427658,2.5623445421204276e-05
0.0166976768484373,2.6296106261187373e-05
0.0035034977836193,9.440211183136266e-07
0.0163262636358932,4.4015452904533583e-05
0.014850507833566,7.168651446058331e-05
0.0057741333208787,4.985250526874518e-07
0.0092016208161903,6.450213317269707e-06
0.0102873921426954,2.4358934386984926e-05
0.0137114012790056,3.247888085948014e-05
0.0147874857165144,1.6977827200634904e-05
0.008241429599024,3.244303750859286e-07
7.278139163795494e-05,8.467469186423805e-06
0.0082598986472047,1.0745842319747392e-05
0.0163758668817252,3.2594160204811134e-05
0.0038333259622001,2.7511701325718096e-06
0.0013415274169046,2.983398478784511e-06
0.0109661967993015,1.237195640853393e-05
0.0013491760124692,1.1665828483076076e-05
0.0110526134524432,3.377365368464468e-05
0.0010394525679971,2.1279920966675614e-06
0.0106054753549011,1.3319935632468978e-05
0.0028557304554521,1.402341472766257e-07
0.0161490857452421,0.00012653901633846723
0.0163476987545618,6.084362715215119e-05
0.0149829540671118,8.329289106109516e-06
0.0189700583944842,5.733274804467184e-06
0.0186696663432977,2.31102527376307e-06
0.0122614767047378,6.863946344737948e-05
0.0038652443276785,1.8010482818503371e-06
0.0173688916174051,9.69190116886093e-05
0.0038407456654487,1.6087343346036387e-09
0.0044742514110902,3.6573892591629186e-08
0.0156940446650475,4.607369013286352e-05
0.009914971328898,7.229494607548703e-06
0.0170780782440733,8.450079206058598e-05
0.0121239260014689,1.795614136058144e-05
0.0070966969404272,6.220081098604428e-06
0.0116469659259921,2.987977901896631e-05
0.0156490647682279,6.186247938195476e-05
0.0058819366559225,6.295620352713657e-06
0.0105971182868629,1.514579326991947e-05
0.0023941908277252,7.441337529409455e-07
0.0122678744313736,8.639728261873925e-06
0.0124213219171201,3.165609246281079e-05
0.0050203737374652,5.424780712557857e-07
0.0051204047587375,6.970668833660657e-07
0.0177460686436287,6.237636081188209e-06
0.0178835704506341,8.496795994579186e-05
0.0098575935432226,1.9335267409182018e-07
0.0047544167291774,3.8914068448538656e-07
0.0156090851537265,5.5351873204881536e-05
0.0073333635522391,2.8973701411463423e-06
0.0082122841734423,2.4517622906176553e-05
0.0107908364985987,1.1977302695726102e-05
0.008357138264751,1.1448320700989566e-05
0.0173243320858737,6.669898321955146e-05
0.0155288662862726,8.362462017115483e-06
0.0144026162927179,9.193955566216406e-05
0.001374132136291,5.896654137591634e-07
0.0157554454845469,4.866041557780835e-05
0.0017147713058073,4.90986744283809e-06
0.0010855414033572,7.916657036077673e-06
0.0012443269331257,1.2856463659150846e-06
0.0092154596684303,8.887463747666751e-06
0.0054480571102262,6.214287819053067e-07
0.0100305263225609,1.9182196810797714e-05
0.0086124984509085,7.812021864868434e-06
0.0115288503316042,3.9186404439880255e-05
0.0136746503766262,5.8083262217790226e-05
0.0007585346084807,9.746523110082032e-07
0.0040997493360264,1.4733341207793845e-08
0.0178707834812545,4.374677283421374e-05
0.0036942882549728,1.2409693725446199e-06
0.0032143773631855,5.332706665967406e-07
0.0079609459088922,2.595354222301492e-05
0.0039944406789145,3.0044130471817544e-07
0.0096894801595493,3.4821848776659814e-05
0.0169896545734436,0.00010124552061797
0.0137269344301051,7.28419032024028e-05
0.009857722923011,5.078917880244428e-06
0.0152512996272981,7.4942839689556e-05
0.0095494876882413,2.193655494253747e-05
0.0149718866697485,5.217384406304845e-05
0.0066258155139241,5.812564871914829e-06
0.0161668242207389,3.4297046901135706e-05
0.0105777757017975,2.8051847822907684e-05
0.0125384946296848,7.025643494935996e-05
0.0103726846297674,2.9724846182374087e-05
0.0141477121396214,6.663986384651333e-05
0.0168964036247713,8.395498657589222e-05
0.0050630913683215,2.2101277464587276e-07
0.0046062339873764,4.231673925096625e-06
0.0158985482985823,6.436184315418264e-05
0.0170784427002381,0.00011731900450981818
0.01177532509199,9.088211500770526e-06
0.0084764454036126,4.257343106445379e-06
0.0178131139782652,0.00010947391665691132
0.0060085717645637,4.9026379616841665e-06
0.0062308844027342,8.51727612736037e-08
0.0099495746287988,3.638293678848153e-05
0.0194258153795264,0.00015239951066460376
0.0099287015163478,2.1311125913740873e-05
0.015298294864299,5.370232683209667e-05
0.0096145167345829,2.0768241567994962e-05
0.0058737349094727,1.6170819857096011e-06
0.0092809424112402,2.256854213269735e-05
0.0166913989869183,4.862390385141461e-05
0.0193781992969576,1.646442184386001e-05
0.0102865199368713,2.5789595094188093e-05
0.0019126354031795,1.093121947245431e-06
0.009980791301861,1.2382096501457612e-05
0.0163261181234122,7.398141327024627e-05
0.0065459546696891,2.317376387211388e-06
0.0044548508822114,2.780665525993441e-07
0.0022560629425017,1.1127174575908999e-08
0.0118403010912856,4.2778573838160484e-05
0.002353456490492,2.3946513663973966e-06
0.008349864700165,1.5934834102126026e-05
0.0005366093403515,1.1301585551514896e-05
0.0047518336740795,4.353248061147915e-06
0.0026133072309759,9.439923914450115e-07
0.0014342305547461,5.509361431761048e-06
0.0199171555082359,0.00010331893677453476
0.0024481167443786,1.3670748553778156e-06
0.0130664937622345,4.3885149427567946e-05
0.0111368833385216,3.980321379604278e-05
0.0156923166391566,4.556532112715887e-05
0.0153677159835706,0.00010251786781303646
0.009148668729365,2.3952177323331983e-05
0.0138359783213122,2.700907365856088e-05
0.0176925008669592,3.154499062398653e-05
0.0194484767298996,4.820886101747492e-07
0.0151358300053518,4.7611788177539994e-05
0.0057246965241036,4.221070743361326e-06
0.0033404021600346,8.175396741745021e-06
0.0129000292035843,4.259505481999094e-05
0.0089125269763262,8.444604120688867e-07
0.0104169494067959,1.7017831997506937e-05
0.0160933905951906,2.3599791112645993e-05
0.0188225443152326,9.487648441830764e-05
0.0164212505935954,4.2266984572568295e-05
0.0034261172606389,1.5269355823533036e-07
0.0028200555340136,4.8871871643310986e-08
0.001753127301378,8.791580828300669e-08
0.0056476275966718,8.198876384594047e-07
0.0054708113730405,2.7011863138576798e-09
0.0026706005941985,1.2756951572745734e-06
0.01064292009883,2.5223659847307713e-05
0.0109713206069905,1.4994753733780305e-06
0.0143752330052919,5.409731957985918e-06
0.0084807448507849,4.5225396821365854e-07
6.584714331761221e-05,6.8704287200571556e-06
0.0004290186922629,5.269981208079564e-06
0.0105059729793051,2.7251285557955825e-05
0.0044710452359654,1.7759938152633435e-06
0.0162851187637518,9.658455866614405e-05
0.0097704213946126,1.1284378276838612e-05
0.0102477760973908,1.81574415904257e-05
0.0157006218872963,6.900070283607173e-05
0.0087570981902922,2.8346886120072453e-05
0.0087430271884902,4.357780298614944e-06
0.0079510667792341,8.538080389089125e-06
0.0193113248181993,5.143770118989329e-05
0.000494227463231,4.439662025523215e-06
0.0108447499796744,1.770175844966134e-05
0.0189258856414958,0.00012708566060379734
0.0046854242682018,8.774805227829862e-08
0.0005283959414256,5.175195021480293e-06
0.001056907362694,1.3770171796874867e-06
0.0002347713492345,1.0464025221282592e-05
0.0005894490138688,5.945816710975581e-06
0.0121828612470861,4.146578906574062e-05
0.0077496332596857,7.8091408485713e-06
0.0080838122093483,4.373227465852769e-05
0.0157527759757113,6.978609829729494e-05
0.0101527528273739,3.031946003728662e-05
0.0051688109286456,4.020264456316537e-06
0.0107018426022286,2.19112118584203e-05
0.0016565991355368,7.727180343652732e-06
0.0108038006055862,4.028779272252149e-05
0.0123482142470408,1.002752796005637e-05
0.0112960440089278,1.678194188074691e-05
0.0191218062100764,3.871403093037636e-05
0.0090230728058494,1.2548545734956461e-05
0.0104380501503172,1.3916387974110275e-05
0.0004623032467733,2.6707238794448825e-06
0.0063419385001336,2.523578504320572e-06
0.0189610910210184,0.00010597497096577744
0.0008506431914903,6.878314190888227e-06
0.0121881063441125,2.4977196339902414e-05
0.0157707108345278,8.706973976981126e-05
0.0181098694405337,4.071603396843201e-05
0.0082367934731998,6.572430234631903e-07
0.0103866626916899,2.9737006589112414e-05
0.0104643807780678,9.360404580871457e-06
0.0198279724906717,3.4519839647523276e-05
0.0089018420020956,3.052392689392154e-05
0.0150491420195283,8.371155882702087e-05
0.0066383800427543,1.5708899082631918e-07
0.0049439892378937,1.581022554736884e-07
0.0139348710767689,2.328857568896295e-05
0.0092581737620814,1.2093732949763453e-05
0.018108508942228,5.309789533302594e-05
0.0177242157290404,2.819558213241315e-05
0.0008475072692105,2.4860960034058323e-06
0.0006033460288841,3.921444053026981e-06
0.0159963004994102,4.6871635286709725e-05
0.002274123292648,9.887903115882645e-07
0.0131575594642842,3.2511025232346656e-05
2.962786597548561e-05,9.513652851364698e-06
0.0083864706985451,7.128790160572582e-09
0.0106569541436481,1.0438494679945814e-05
0.0008817767311652,4.403008381030159e-06
0.0088374768945672,2.5688076719249157e-05
0.0110861244709383,2.5554391139846176e-05
0.0199454884164805,0.00011329126921788228
0.0035023270928025,1.0292177772624233e-07
0.0025964531813642,9.217906256426642e-09
0.0124835661509336,2.446081581514351e-05
0.0144831284558121,7.934559648961517e-05
0.002503924341361,1.8678288204633034e-06
0.0062495193351756,4.222201471238645e-06
0.0012855800080805,9.77339014825212e-06
0.0184958706686019,3.9909581700025395e-05
0.003418992332027,9.959400482633704e-07
0.0066210764840039,2.775313530027776e-06
0.0147157975413681,9.161409228258845e-05
0.0108227802282455,2.125727793228931e-05
0.0153170135902828,6.370644950958899e-05
0.0046476500007668,1.2850024176985821e-06
0.0102029352439451,2.4017433220032727e-05
0.0148418469088807,1.5982201752705623e-08
0.0187924298943973,9.897710733745851e-05
0.0056364575282669,4.4420785297919704e-06
0.0179625180973888,0.00011960400694481065
0.0192156914236294,6.14406991847892e-05
0.017252545977295,8.394737389570483e-05
0.0066276257115948,7.639217307735502e-06
0.0100291769449497,1.829280440204905e-05
0.0116083041725952,2.5333072682980483e-05
0.0023632466437689,6.0602557199007605e-06
0.0165097065312632,4.328521329132758e-05
0.019592028410295,3.091599007152064e-05
0.0005511748542406,4.3200998240212204e-06
0.0055448678433491,2.1192862958392696e-06
0.0050010041418588,4.1892817523196615e-06
0.0110056686132346,2.4799369520564074e-05
0.0110102126312748,3.530905601730694e-05
0.0076853349006874,1.1697605650250605e-06
0.0124681963027937,6.745892591980226e-05
0.0171757840209497,1.5285515621932297e-05
0.0031436679680144,2.4264628967369306e-06
0.018588217936523,0.0001318447165402486
0.0108235225687129,1.2223917185242666e-05
0.0008824498574073,3.4989578656665817e-06
0.003016024363393,6.516148428572522e-07
0.0031256964660778,3.561850425615599e-06
0.0145107444130007,3.821394846736619e-05
0.0039960980826869,2.56633922136677e-07
0.0161154141938135,6.484829387890735e-05
0.0023885639414453,1.8592129370334853e-06
0.01148768479287,2.5089878787973238e-05
0.0033402385819102,3.6466815214617964e-07
0.0133861766593107,4.9295054293794634e-05
0.0189383950394265,0.00010147723298392693
0.0037003195090392,7.191561287865876e-07
0.0024680921797649,7.455580824803324e-07
0.0134766805313865,1.2078387035073599e-05
0.013596042797008,4.751141913195272e-05
0.0095763712452115,1.4173502419085683e-05
0.0067360136106549,6.326060533622107e-06
0.006908396419712,1.2771621358668548e-05
0.0146854611453615,5.866494902032422e-05
0.0113214501150428,4.9157771958019504e-05
0.0107143482763218,1.270864237502328e-05
0.0153470989110281,6.598532387444584e-06
0.0128363521342718,3.888109451655817e-05
0.0016997368337317,1.952505254984496e-06
0.0001907658637825,9.027412854159432e-06
0.0185010449236654,0.00011085591980118543
0.0153350863788048,6.980848668303176e-05
0.0071890436141004,3.295178063028666e-06
0.0088894080588911,1.1534115866938016e-05
0.0045124025650755,7.385241594332083e-07
0.0182481558671407,1.6681897779063112e-05
0.0195636883878305,2.6238221659569868e-05
0.0017734076245407,1.7110759438162287e-05
0.0128553456302576,2.172735738249809e-05
0.015484611029176,5.49131320464515e-05
0.0113230949085718,8.900754596125942e-06
0.0030986357418949,5.59838184269487e-07
0.0100722322712163,1.8150800911555766e-05
0.0096748892477253,4.461734068643122e-06
0.0115579652099435,1.8600889778078787e-05
0.0053425751569329,1.7136110714192712e-06
0.0143796910681655,5.157704977183993e-05
0.0079501254224276,8.971050989432433e-06
0.0073038164264287,7.116076445200115e-07
0.0168585085821897,7.365805214938787e-05
0.011244478030188,1.1786145517370245e-05
0.0110619980225003,4.265091472609116e-05
0.0074573926898545,5.444091713773525e-06
0.0094364713461868,5.34801371306069e-06
0.0169057789758995,3.7437190455187727e-06
0.0197314852611474,0.00010090474460205182
0.0043595808564045,2.923361356586552e-09
0.0106266051970224,6.948113026186593e-06
0.0104788860669844,4.642306293496849e-05
0.0030921641610078,7.596178565355983e-08
0.0078488810555711,1.0337224469698162e-05
0.0012486529326295,4.840179731104107e-06
0.0025900348844606,4.292387686664261e-06
0.0039376505064166,1.3975042525792296e-06
0.0119001155937743,3.417012058161425e-05
0.0064240150441561,2.1013488570379757e-06
0.0091063412762571,3.477465974727445e-06
0.0011783402656398,5.669611116979695e-06
0.0007476987312779,1.6065505568183973e-06
0.0103248907858369,4.952449544348582e-05
0.0007002200648262,3.386739740972331e-05
0.0045807173131416,1.4328729164453824e-08
0.0102310871661611,1.0484424881097648e-05
0.0002636667144783,1.2829807000722315e-05
0.0149389866416514,7.314632860912863e-05
0.0069941280206635,7.301193396862257e-06
0.0106066238467683,1.530543542969267e-05
0.015549096235794,0.00010822043755790879
0.0186653945421276,0.00013807926194912005
0.016608436172649,3.535049338044939e-05
0.0193981645879065,2.293384818010718e-06
0.0017491346443527,2.96531545137396e-06
0.0155430965812178,0.00010420289958659322
0.0153938975978279,4.18017740538945e-05
0.0114792153898523,2.2948889919107265e-05
0.0151821842097937,6.486624865261185e-05
0.0168625460945559,3.9712340189785306e-05
0.0106079432621277,1.002496683518162e-05
0.0087542130819407,1.6096641136176098e-05
0.0146025879291702,7.66307219203507e-05
0.0170088034954962,7.497027501609973e-06
0.0074802093794631,5.7499094172400444e-06
0.0195312827641591,0.0001544645662184877
0.0004608278643237,1.4839689475048003e-05
0.0114347623894238,9.121594359663286e-06
0.0008807688726433,5.671708465367643e-06
0.0137023637690921,5.577235417272616e-05
0.009695240729867,1.69679900515162e-05
0.0016656235291195,3.648794252684875e-05
0.0168498899312058,9.129618154744399e-05
0.0042358596869699,2.0904467820949177e-06
0.0090282718315727,1.799510719435164e-05
0.0033166764825134,9.567722826187073e-07
1.879876512237644e-05,5.503054701931486e-06
0.016200779082032,2.229134035958858e-05
0.0057136789728782,3.994757515611998e-06
0.0137612168173185,8.947238381881815e-05
0.0030185180815744,2.9627970234494333e-06
0.0011262484488787,4.4133170580399185e-06
0.0096731432632175,6.292024032741245e-07
0.0158006669673103,6.084213198933469e-05
0.0177512862220323,0.0001536388887369566
0.001075061821615,9.999822563912512e-06
0.0144226333933211,5.5219050838734556e-05
0.0048142662334747,2.2733282706835717e-07
0.0008099788633946,5.3185162282306276e-06
0.0029462782130161,1.2825535960332175e-06
0.0158376404871376,3.754817323876734e-05
0.0128660356993867,1.6418022991608886e-05
0.0023575356937338,5.513963517655224e-06
0.0003936319130968,5.091840693691569e-06
0.005319254466342,2.3676892567252967e-06
0.000442428318612,4.787456480600348e-06
0.0175683385797016,6.611143658660452e-05
0.0039080674885661,9.309446274202297e-09
0.012258184611918,1.3984417159056697e-05
0.0109604128631745,2.8590096933562762e-05
0.0044771411473408,4.658915026734805e-10
0.0022462329343066,2.267616131640325e-06
0.0158063154171055,5.4430249672167136e-05
0.0056948573668332,6.867262275568729e-07
0.0133727285613571,5.728875426121361e-05
0.0107624864207073,2.0155843403713984e-05
0.0091769241714281,1.6634194683443585e-05
0.016366072356496,8.282433674259132e-05
0.0154410784439609,2.833372423437275e-05
0.0053358085661845,2.4173777993759483e-06
0.0018786331052433,3.779071572476591e-06
0.0043316861840264,3.0549970032861607e-07
0.0158309288114834,6.898322781331825e-05
0.0006145128102883,5.012620349619892e-06
0.0194071122838444,9.880366897618639e-06
0.0053267278344492,7.932746485241708e-07
0.015480187502952,8.673080084117939e-05
0.0121428165937807,5.1872592688154774e-05
0.0118960125805542,4.412845787176676e-06
0.0041721367127116,1.5239370902844446e-07
0.0152461291359858,8.098337268991859e-05
0.0019915845104384,7.604916812363725e-07
0.0001453954779604,1.7172918748032e-05
0.0115464770924061,3.035060652286665e-05
0.0115476136588151,1.0273070973130215e-05
0.013062624596941,6.688256642994219e-05
0.0126460151684792,2.4407692825630147e-05
0.0033679557493905,3.745059659420372e-08
0.0186524532801732,5.661095051616051e-05
0.0182393063671107,0.00011821840731637297
0.0071052764702162,8.477668492752773e-06
0.0056792294837555,1.8201842188086428e-06
0.0095121125482511,6.683439899185307e-06
4.977495081012418e-05,9.790160971996005e-06
0.0031388806558697,1.8856927376390298e-06
0.0032414831965814,8.725790557254554e-08
0.0085201771638902,2.1596874365281903e-06
0.0048329723238019,1.359366082147538e-06
0.0112680592690352,2.881885266148781e-05
0.0148597698279595,6.47596185602578e-05
0.0043106294829132,3.4741942106950304e-06
0.0145355856072756,5.746881117795519e-07
0.0109123728236267,5.3595584725664634e-05
0.0036801864359499,1.2810669666035454e-06
0.0012604177689631,2.3858167923425986e-06
0.0150833956281038,6.383367180086721e-05
0.0071494562312882,2.965854167186515e-06
0.0175445002053446,0.00013661491107566661
0.0102237679780217,1.3696389625470322e-05
0.0036263648901639,1.2335944517234342e-07
0.0178740798013041,6.596667150125178e-05
0.0052458967106412,2.5161129351402987e-06
0.0194240540894551,0.00010844303410117476
0.0010673537751697,2.764243262840334e-06
0.0081765037166885,1.8276762741690513e-06
0.0172805347550106,2.809086124492549e-05
0.0033884194389864,1.0033755896586863e-07
0.0083043870811151,6.042580482560446e-06
0.0184572296699336,6.766557762085265e-05
0.0196580160432071,8.124165900309426e-06
0.0052830390455391,1.492788525638923e-08
0.0098316458181482,6.602757159369788e-06
0.0035141682965299,4.8246157242257605e-08
0.0022320366706338,6.200567845755954e-07
0.0150828978962391,7.184249860973543e-05
0.0116113135083802,2.9079786070454436e-05
0.0013448790602662,5.60947061979334e-06
0.0182797313776497,8.190468474912241e-05
0.0078359837041063,6.611712456370281e-09
0.0015447670726461,2.925478418480066e-06
0.0129367789348339,4.218336111380083e-05
0.0114671376738611,4.5438107069567953e-07
0.0183019705079994,0.00011152417330531656
0.0149142207822874,3.6168660013368623e-06
0.009955162695206,1.3300803407681594e-05
0.0008986451916866,2.7338504097374123e-06
0.0137610487038125,5.198945165158262e-05
0.0072221819947136,4.005115415903575e-06
0.0097847947919178,2.036743426117824e-05
0.0019606097082561,7.296659756696466e-06
0.0077494756048214,4.865438005906495e-06
0.0015669486517521,6.029137901109313e-06
0.0063125108814993,5.826160379395337e-06
0.0088555754835582,2.707324966709015e-05
0.0171041594461792,6.224189195372059e-05
0.0084185155695543,1.0018924958922053e-08
0.0082685668026673,3.7967921868574574e-06
0.0057597466630546,3.7559910391526285e-06
0.0061223056790379,2.8329932327043002e-08
0.0086265275538723,2.3000569862462062e-05
0.0020574953904435,5.226606487365575e-06
0.0062102442139077,2.2390141888371386e-06
0.0043466524179054,5.604673233689272e-07
0.0082457483414508,8.461156161543328e-06
0.0176149840738005,2.7098278051523287e-05
0.0025316174989681,3.227909933363541e-08
0.0079403909183065,1.3653587911054244e-05
0.011630155168103,2.2647284841273515e-05
0.018293234580218,8.708974155848666e-05
0.0092416328698696,1.780390602028638e-05
0.0091719552591745,6.078256292276031e-06
0.0018439824641982,1.0189257910556792e-06
0.0089779843350645,1.6119715360936414e-05
0.0188563307029273,4.6499706305472974e-05
0.0107051705660815,5.309785977749852e-06
0.0129653095652415,1.007595858790723e-05
0.0097516925039502,3.662261580469684e-05
0.0060828238485347,6.363305219099606e-07
0.0102221880323906,1.2850675073776843e-05
0.0073274456899246,1.0275955605601318e-05
0.0139024213183248,2.6009999258608067e-05
0.0197559890656133,3.566848393487201e-06
0.0123703752989755,3.492801916930659e-05
0.009139958323936,3.7655059580600733e-06
0.0004700620009501,1.3072191821612498e-05
0.0185146176328565,0.00013348685162706682
0.0156699534029159,6.81277524165126e-05
7.140301877302413e-05,8.030984656459131e-06
0.0185290270654748,0.00012889789179155577
0.0178897846496544,3.893119626224398e-05
0.0016870465915446,1.8652581030658065e-06
0.0181919681573223,7.724230034524643e-05
0.0161277999956289,5.399393152479789e-05
0.0125441665232725,1.2110145230914716e-05
0.0032004869846176,5.169514860594564e-07
0.0011627147215813,4.545474653430224e-06
0.010968257465374,4.9146943365611675e-05
0.0144475152507997,1.627203539201207e-05
0.0150646904244215,5.4831617720605316e-05
0.001748691630093,2.1107679821609666e-06
0.0186431722205563,2.384934132170559e-05
0.0189639557082363,4.835116420553755e-07
0.0034702640968718,6.546078762794046e-06
0.0148887521094226,3.033729331980228e-05
0.0078241358260864,4.273299570100447e-06
0.011630391768046,1.5075646338979449e-05
0.0110866812034817,1.0217466718931554e-05
0.0138183983590027,2.4953056752209926e-05
0.0047168177776863,1.425593324817388e-07
0.0064225764647493,1.8295690281904006e-06
0.0155291056756657,7.54681360692524e-05
0.0013100429573289,6.972843556370627e-07
0.0165636854490633,5.760523552948192e-05
0.0148000781728664,8.297955069801594e-05
0.0044111080192427,1.4951698646594142e-07
0.0159148459695625,5.404843737702461e-05
0.0080976645514078,2.0639731165299774e-05
0.0165287286418384,6.714988922064986e-05
0.0073730138580803,1.4418168343486618e-05
0.0014197981181941,1.5176776005207175e-06
0.0018934058049469,7.741359753428036e-06
0.0077601959191966,1.1027326495102597e-05
0.0100222357167911,2.8798139355182658e-05
0.0127552361188773,3.79910600957205e-05
0.011278916494501,1.765803459635279e-05
0.0195409709282941,0.0001565166574318951
0.0155624091962408,1.0758537179472954e-05
0.018858759445549,0.0001267944547651609
0.0055451860235813,7.334953881904135e-07
0.0153084074799174,4.799682284959336e-05
0.017989479899585,9.675668659942518e-05
0.0186216658051105,6.297523715132653e-05
0.0119460132215876,8.412623993246425e-06
0.0181676566780722,0.00010040104843112438
0.0186421053702715,9.322681059581506e-05
0.0085660699780322,1.7118041615470856e-05
0.0005140551144421,7.393401642774946e-06
0.0015983837182179,2.212043521568412e-06
0.002253291932069,2.7510232522527306e-07
0.0165012473381414,7.048512288697887e-05
0.0013546889363434,2.5812008652582362e-06
0.0147848531034435,8.44720163899454e-05
0.0196253485605883,7.653276855245154e-05
0.0184322193383236,3.1666321300441654e-05
0.0118215753288412,2.5538389830934618e-05
0.0008043375397521,9.386577642545914e-06
0.0152553458293986,0.000103244637475532
0.0188112839878482,1.4788931772671918e-05
0.01336403314535,4.773236435273278e-05
0.015878907717891,8.527180990964596e-05
0.019959268428047,0.00013885116865411428
0.0131624010593728,4.880468577962814e-05
0.0187314370715677,0.00012130761045313861
0.0106197489545769,2.560326997080783e-05
0.0086453420699446,1.2991147718839032e-05
0.0101301906896173,4.06914221758061e-05
0.0138747550188443,3.284055412966885e-05
0.0017418164842682,1.1730459412151323e-05
0.0120530156026646,5.639115276839586e-05
0.0157435413449905,7.796549537819787e-05
0.0171662284733169,6.378456002346221e-05
0.0137173474724829,3.696278545416125e-06
0.0090319420792918,1.34170925030237e-05
0.0165975478397229,7.691580789737609e-06
0.0110776958332662,1.8178175278469833e-05
0.0044564691383087,1.1343619953915853e-05
0.0178054251158616,2.7837549655334812e-05
0.0023227849540314,3.0653429082913293e-06
0.0165169989109717,6.06946888296644e-05
0.0013501405958994,5.488472602098982e-07
0.0036590753539274,6.565434609780322e-07
0.0160403788806075,2.7940638082424185e-05
0.0029646446309956,4.615952700016212e-07
0.0006984933446998,7.017547086493179e-06
0.0151348072644816,3.305588217193487e-05
1.4095801546076814e-06,5.5257995498485615e-06
0.0120433319638643,4.376219337052042e-05
0.0161197426907352,7.730681046010927e-05
0.0139746705064645,2.9228520520003038e-05
0.010651735857907,2.934198029754312e-05
0.0170067033042996,0.0001115372630096696
0.0117096477907218,3.1544942764550754e-05
0.0094221944265113,4.435147435410717e-08
0.0072832262945479,4.320376366123379e-06
0.0077753516983159,1.0935433479376196e-05
0.0105237926158339,2.9309895242902156e-06
0.0016271826196163,6.387910256412141e-06
0.0094113076805605,1.922531967063784e-05
0.0074231040606306,7.546738162159447e-06
0.015249376517598,8.710460065899888e-05
0.0094910551662006,1.5534620625839384e-06
0.0039181946442301,1.178310052796591e-07
0.018925550963366,8.00629501547489e-05
0.0118125247717822,5.8458316835291125e-05
0.0093881852244465,1.762500211168887e-05
0.0004891357223721,4.550060313049381e-06
0.012434638941807,5.104055254332159e-05
0.0041772498345592,1.2635127092824087e-06
0.0109209002847745,4.690081916255053e-06
0.00847499430574,2.1514106741610577e-05
0.0095774675990569,2.0436963129782442e-05
0.0188161370745539,6.884543931046192e-05
0.00918277072579,1.9919222985270877e-05
0.0106950440157931,9.311074740765271e-06
0.0030671006356221,9.640948817607657e-08
0.0152819302372688,4.163032780491479e-05
0.0142961491160536,7.906018496931285e-05
0.0184537556019527,0.00013023327644661712
0.0083202473066237,1.0697729094567781e-05
0.0027070229294965,6.031022022751294e-08
0.0061005078081374,2.4802275289125936e-06
0.014186590563873,2.17674303346318e-05
0.0070117936203741,6.109982507843669e-08
0.0004475826301248,1.6345925179690617e-05
0.0155222927070515,2.5522154970389395e-06
0.0100714485470001,2.3404266821515506e-05
0.0133214216310436,3.950883118480629e-05
0.0169573377897392,9.734851329360916e-05
0.0194281933975845,0.00012171057248750815
0.0103624940740725,8.49845143758712e-06
0.0007432052298198,1.4732101614056481e-05
0.009739092999562,2.983548020009028e-05
0.0116612343284015,3.2944889184636886e-05
0.0033109667431406,8.823134995689415e-08
0.0186977542151413,6.140808900439959e-05
0.0052497123480038,3.747135460216814e-07
0.0166819372409761,5.06884844316803e-05
0.010103485425102,3.33790971117808e-05
2.103840078656605e-05,6.480097150263181e-06
0.0076897480771083,4.059222390473103e-06
0.0193769287886607,8.306782895479997e-05
0.0112643887950734,1.6912607377400846e-05
0.0154533550171142,6.503069506465734e-05
0.0059302976368115,7.319049175534414e-06
0.0123679721067768,4.0138944993908254e-05
0.0040242727448437,1.930456046142357e-06
0.00193770315029,8.64320912848825e-06
0.0110925573092823,3.4021239762397604e-05
0.0179341452763331,0.0001379685574859743
0.0154917607320612,5.170486853363814e-05
0.0003114749160819,2.994831320210994e-06
0.0074910480900271,6.922169133218038e-08
0.018971050206672,0.00013034181018314753
0.0014124776941516,5.12822287989031e-06
0.0019971355086904,1.4375622057367093e-06
0.0087022201592134,5.583576731728434e-06
0.0143663098448561,6.968451686160152e-05
0.0164395488884166,4.664199466350522e-06
0.0020439862250793,6.678399537547043e-06
0.0121896901514792,2.7583142803619153e-05
0.0011854004256764,5.163520561446012e-06
0.0049129776657559,8.779618464611784e-06
0.0055445143514976,2.0126093312722966e-06
0.0165225398616061,6.991809041018183e-05
0.0132257144033919,3.121182313903558e-05
0.017009143335021,8.88849480143768e-05
0.018852132077107,0.00010278372850218269
0.0034431114774788,8.632843971839734e-06
0.0141045110711034,6.330456024479031e-05
0.0045509647901306,3.7165726197426908e-06
0.0012782460641242,2.0260751885742106e-06
0.0072557694705072,8.06977467253646e-06
0.0034393094587965,1.5713234511110025e-06
0.0106271343783936,1.0602241177425491e-05
0.007256749309822,1.2699413530524756e-05
0.0028781317405366,1.3762086275503152e-07
0.0091481169684129,5.724885103612582e-06
0.0152410732066014,5.522304490701535e-05
0.0146701315461694,6.883342301531642e-05
0.0150332280227186,4.588762564703395e-05
0.0199810705167917,0.00011539887627033033
0.0093150700615538,7.128471509761913e-09
0.0071129735077246,1.1505533729138306e-05
0.0040719628847585,1.2815670885614827e-06
0.0036848918948036,7.647375945141286e-07
0.0037229275185392,8.771967470861201e-07
0.0009687047139994,4.4353093637182195e-06
0.0070181892213681,8.086095626413672e-06
0.0099181141215038,1.6296652429567736e-05
0.0199762517930258,9.34229963289428e-05
0.0032782985090048,1.8540191628203206e-07
0.0134031788616201,3.973573408435745e-05
0.0113492382788163,2.686130660906879e-05
0.0078370738358576,3.7599505561271475e-06
0.0104922864642765,4.504114207431057e-05
0.0106926976973868,1.3498637110669167e-05
0.004255043359597,2.2470128993033346e-07
0.006705266481633,1.2029896564657581e-05
0.019009540082796,0.00011557008167581754
0.0017560601443439,3.338106693136837e-06
0.0014754828709408,1.586298437996777e-05
0.0006866645329739,1.513547216173595e-05
0.0018521838695722,1.9546904711998537e-07
0.0078268874437084,2.0378265693338237e-06
0.0153348529568407,6.403203245346017e-05
0.0006930380527557,3.243879547477289e-06
0.0105863776816616,2.9025386098737303e-05
0.0144222895896778,7.040700368192413e-05
0.0039596650490297,2.416501788437243e-07
0.0138507688806013,5.1679924925913614e-05
0.0016124770344942,1.893927003007042e-06
0.0017945100120178,1.668052792625752e-06
0.0123901130732569,5.410274487449305e-05
0.0058238202072578,7.393483081710635e-07
0.0028050750153168,5.134091080823961e-09
0.0041845899860902,2.7459168357736115e-07
0.0192745990319384,2.2466942341968353e-06
0.0043624801055332,4.401539558129931e-07
0.0166083805956764,9.198477176023468e-05
0.0074199141291551,4.86432900067622e-06
0.0126269845757402,4.3660580512334484e-05
0.0068819346498988,3.6794508208693603e-07
0.0127629222490442,5.33934930922956e-05
0.0138129229497186,6.005749021806738e-05
0.0015958813940917,9.156693729966531e-07
0.0082671215046888,7.598032582946778e-08
0.0179832878199273,8.080232207647743e-05
0.0141590385939974,5.490233097201085e-05
0.0026599375099212,1.732188418907775e-06
0.0028997019497835,8.675933772134923e-08
0.0014027274936102,5.5944272698314466e-06
0.0172098820593095,6.98050790219761e-05
0.014533787488464,4.000247300199857e-05
0.0137509517255117,0.0001061576522057254
0.0026756744694685,1.756317185547892e-08
0.0133285355974558,2.5064946029489764e-05
0.0092053882224275,2.1519171952029003e-05
0.0107670416759814,3.856856200783731e-05
0.0184890195737755,6.532566673441701e-05
0.0153570292610715,7.83111668443985e-05
0.0056798492849081,1.8233833974003374e-06
0.0157413733363863,0.00010892185165731438
0.0021628177988996,2.2066864975271797e-07
0.0068201061004113,2.5103950443312534e-06
0.0172351317412308,0.00010097308359576236
0.0005164260799897,5.1198875483152835e-06
0.0021595432711706,3.283632186697139e-06
0.0169850226819436,0.00012031912787795837
0.0040875429244935,2.8872604133819125e-07
0.0121737715396746,2.803932996068905e-05
0.0148301726449815,3.5455348610461155e-05
0.0121163804319698,5.931654897999411e-05
0.000899160132013,5.399914031023762e-06
0.0108591026567854,1.9140402642608074e-05
0.0068777978986956,9.080169103071821e-07
0.0032425267380655,3.6763847334611955e-06
0.0016914009633097,8.488745231824104e-09
0.002767458106336,6.956176777411876e-08
0.0111752332502419,6.0208252582949155e-05
0.0168470132659263,9.644295215403717e-06
0.0155230304212844,4.267112922739734e-05
0.0073271152308364,8.449512437902705e-06
0.0178872062924968,3.459891117167033e-05
0.0056877547740735,2.820054574749682e-09
0.0167871599177806,0.00012034913269665897
0.0105473519005388,3.765775429717635e-05
0.0030877013519194,6.533477427378451e-08
0.0015984238977283,4.79933458627469e-06
0.0083100092311368,1.8640915976234827e-05
0.0055644450237553,2.497469203013657e-06
0.005559892616083,5.723834212724055e-06
0.019384646418485,0.00011278332057903028
0.0125213409293893,5.977911702807493e-05
0.0071149318084878,6.4451655082662305e-06
0.0135222806253147,5.9183035611853345e-06
0.01987457336623,5.923004417069182e-05
0.0137461094446117,8.9494031185352e-05
0.0070033138309966,1.3466365520926934e-05
0.019468256686514,9.471191488122938e-05
0.0049507751615262,2.3986536520193065e-07
0.0167651642282405,8.613668699010562e-05
0.0109308665285641,2.0222921733572765e-05
0.0062962822706049,9.350773938981208e-08
0.0131336637926242,4.781609030741857e-05
0.015637996225964,6.344141732194767e-05
0.010793806676481,3.703754175969851e-05
0.0107106063364604,1.5937131948381576e-05
0.0079617382481496,1.4760071345743284e-05
0.0107763005371222,4.235006748950081e-05
0.0076363407246631,1.8058951963687538e-06
0.0112713280632046,1.3103374785144415e-05
0.0164643348352785,4.8756258010337825e-06
0.0135808469671759,5.36309389114843e-06
0.0142118927234308,9.701628318081434e-05
0.0042627729727142,1.6130990471284397e-09
0.0058948148689544,1.0309371329310285e-05
0.0079425745629093,1.855794900831872e-05
0.0040602109406244,8.827831976250001e-07
0.0050709744977096,1.6108752206472806e-06
0.0065534182429097,7.996644449170551e-06
0.0197878384866248,0.00012549734182678326
0.0095326378360159,2.7253039202847472e-05
0.0090613917218692,2.6648255778365305e-05
0.0072178871387321,5.361234501642435e-06
0.0118771011624863,4.630251335686017e-05
0.0176402930771597,0.00013000545931307565
0.0054500545177907,1.105682511889733e-06
0.0126405673194039,3.218389525930223e-05
0.0023072517826622,2.1595038858703126e-06
0.0142944492863003,3.558657021016659e-05
0.0154380917122517,1.5970624368981675e-05
0.0095809779313582,2.288710452052092e-05
0.0023542619861333,1.9741134383544513e-07
0.0098229870593144,1.3929086088708805e-05
0.0182057954132637,4.1943894788062385e-05
0.0199765138484077,0.0001229948463463854
0.0189878348455612,6.783377865134406e-05
0.0034195394889694,4.979548351231802e-08
0.0095293376160292,8.230087227496548e-06
0.0177406282448314,8.458050881191807e-05
0.0147570929978414,9.23742709311262e-05
0.0096025737104047,1.806005205563246e-05
0.0167226392346013,6.238292376420234e-05
0.018335250273947,4.3018991784218065e-07
0.0089574394721391,1.0136435238488185e-05
0.0123685831759928,3.360391550586175e-05
0.0129714574558774,2.5765321132104136e-05
0.0152234439257688,8.777873338659163e-05
0.0153676140030458,6.87677003955213e-05
0.0116604802490834,1.6837922030532816e-06
0.0150055227654457,7.572627141326583e-05
0.013260439902071,2.0411115281463878e-05
0.0140113362316841,5.1832048752601404e-05
0.0046433312743321,1.441170470205218e-06
0.0012682508632637,8.47982434787442e-06
0.0091609475840708,1.3693107129573773e-05
0.0071073704432686,1.0739981532096336e-05
0.0071045326578416,4.822897895085116e-06
0.014340097484262,1.3927031148902416e-05
0.0104575054315777,1.9347851306598657e-05
0.0129525721312946,2.5544264520007015e-05
3.864616138244292e-05,8.209777585315785e-06
0.0177014242292711,8.154463180307271e-05
0.0172940979816685,1.8078688851504638e-05
0.0018852852386177,2.021734429949632e-06
0.0168233786358338,4.259328455030015e-05
0.0193840127554674,5.271058277047477e-05
0.0101251623323905,7.777548666237264e-06
0.0024154985554833,6.903972763788743e-07
0.00812467601849,1.439035140418729e-05
0.001929512330732,3.0216593616895103e-06
0.0108257658224715,2.2066320949193883e-05
0.0109034020191021,2.075027564884717e-05
0.0053010675197516,4.6536124741024376e-06
0.0005421086354842,1.2065454960781163e-05
0.0187862875510726,2.7652060064079618e-05
0.0180899064884602,8.410707089852786e-06
0.0151921568268209,6.678842619481525e-05
0.0044698817917856,9.67246043350282e-07
0.0122531858328121,1.7075839917658104e-05
0.0073627871277801,3.888714590443941e-06
0.0029407764901043,1.417582187427785e-06
0.0153686565630587,5.360398812385506e-05
0.0139708575171488,2.5889910830012215e-05
0.0099962377297319,2.9214387176280584e-05
0.0053295488298625,1.1961503251532706e-06
0.0164989935793157,1.5931291384425493e-05
0.0006862546507069,6.522882990457704e-06
0.0027486958434457,9.624246481653833e-07
0.0040138834395575,4.1791641518400064e-07
0.0073381726252927,6.739327623411296e-06
0.0185041830057878,0.00016125582060129637
0.0032633599526248,3.5978182316896668e-06
0.0055979440488617,6.71900158595088e-06
0.0197707968651438,8.991486796745153e-05
0.0139946701816528,4.371489547855423e-05
0.0158038483878852,9.48562003232344e-05
0.0107748701259688,3.9293252501756284e-05
0.0117206133735148,1.4246198295815815e-05
0.0043299299846769,9.229178853121671e-08
0.0026081017181081,1.3087172641397975e-06
0.0137068111835835,9.624894873587627e-05
0.0034720585118402,3.6218250410983103e-06
0.0090471480322558,2.4145335759254367e-05
0.0198064726519003,3.314870679129494e-07
0.0193414017308083,0.00014231540081375483
0.0101534836027412,6.672008665827047e-06
0.0058030211423259,2.4371324959103827e-06
0.0006755153590288,4.2229262753722764e-06
0.0112822199629637,8.762634585704907e-06
0.0167439602316068,0.00012040599045138382
0.0088284381736708,3.4631572957913337e-06
0.00795168734342,1.071618889458512e-05
0.0111670274311376,2.3479067856945005e-05
0.0004837059395914,3.4585612745893487e-06
0.0080610939757695,1.0172947091557242e-05
0.0137815776647103,6.727365035399947e-05
0.0174071051540982,1.7279279104542475e-05
0.0022148223132058,5.181932346748785e-06
0.0199986648898811,0.0001103180082576956
0.0197376546682826,6.887547128116305e-05
0.0022656983817914,7.362882251127758e-08
0.0081620707707301,1.3648508525078948e-05
0.0108223212761212,2.2417604655562617e-06
0.0096153147935351,1.3291550036155091e-05
0.0197469247334035,0.0001351111841955164
0.0088622781298806,1.3828809090388827e-05
0.017206876817932,5.564589323292991e-05
0.0153732610682368,7.65762549521706e-05
0.0197508879135539,8.785194701610655e-05
0.0081540139852288,9.460332215076625e-06
0.0077865745063778,2.0330672228636092e-05
0.0010521720620062,2.6490034176253424e-06
0.0090103640694399,2.718868418599221e-05
0.009925184036117,6.687982957400257e-06
0.0055755092073041,8.995049472553151e-09
0.0139861271082048,1.600012916248034e-05
0.0051698369808149,1.2073965885165232e-06
0.0123392112368143,3.393986492603672e-05
0.015273033547955,1.6924143798783584e-06
0.0018386972546901,1.7934979365897304e-06
0.0021254058829183,7.672636649962992e-06
0.0111429165451268,2.5753798529346696e-05
0.0137690381554789,2.6584117986977557e-05
0.0162005242310408,5.397779669574637e-05
0.0188086048875839,4.76097250045818e-07
0.000741658899747,3.5994167187957515e-06
0.0163414872019484,5.769562767437134e-05
0.0028417107552674,3.997819200535494e-07
0.0046844858345845,1.0639046840098691e-06
0.0185082633551301,0.00011857104573939742
0.011801816078362,1.652353983261403e-05
0.0054676444750578,1.2391278212523734e-09
0.0170182405614053,4.141773587402998e-05
0.0002150118995496,4.951702277196216e-06
0.000286528812454,5.519999771594174e-06
0.0135251835575227,6.685754700934174e-05
0.0072860977794068,3.3480355617504116e-06
0.0060229422356361,1.1314787490053737e-07
0.0144872764101719,3.983529176921886e-05
0.0051907749469332,7.947055362171787e-07
0.0157529095815095,4.354098199402541e-05
0.0144965831761363,4.1336261974533035e-05
0.0078681420615598,5.647248799859093e-06
0.0104277782374841,1.5412102872310152e-05
0.0040017873685924,3.066995938501748e-07
0.0128406821075693,3.0327871692945635e-05
0.0020459385716587,6.45056191179017e-07
0.015462861153213,1.1463071984596268e-05
0.0145552885718625,7.101438000032673e-05
0.0018628958210157,9.68368976803136e-07
0.0160891027846974,6.514755527518214e-05
0.0046628407443078,4.189894874398834e-06
0.0088322911848881,1.0638916174133788e-05
0.0011148404653965,5.5121707910675805e-06
0.0009080057295177,6.89690439613922e-06
0.0031698400925598,6.456819376818418e-07
0.0129911542350635,2.293337966548558e-05
0.0129638026736048,6.118519315000977e-05
0.0150720497227752,9.171051318342032e-05
0.0189269894662473,0.0001150807903438955
0.0020879354875165,1.7524356993967563e-09
0.0087147406530385,4.80974410634763e-06
0.010733457437819,1.499548051831639e-05
0.0146112964594595,6.633510007707305e-05
0.0125025666600965,4.445738336426493e-05
0.0128722208470612,3.7315740201881957e-05
0.0049696578087084,1.6559446290432051e-06
0.0044872236555466,1.4636579629128974e-06
0.0177598894708655,6.803822360725053e-05
0.0061734758261627,4.404910047423304e-06
0.002344506969523,3.3277876924762403e-10
0.0061719492812201,1.3086630781056064e-07
0.0179306306694358,6.644465354280467e-05
0.0072172670165023,1.2292715929773254e-05
0.0108925813910002,3.511132435096829e-05
0.012123737545094,4.573660950570636e-06
0.0126219573307343,9.696169169677088e-06
0.0025733277271361,7.499006012241403e-09
0.006441263478923,4.316599708999028e-06
0.0167910286161972,0.00012479130919253187
0.0065771959624899,4.010772369229755e-06
0.0048611897165374,7.308306463896908e-07
0.0005783628244369,1.0806588650845661e-05
0.015308696510908,6.045008964387813e-05
0.012837294935251,6.817478448262864e-05
0.0044352061099127,2.614138370808932e-06
0.0027889686808814,1.7877097447660478e-07
0.0066729673397418,8.451671818115717e-06
0.0178818980024122,9.615364423246235e-05
0.0073967794867918,9.151937774799164e-06
0.0042439568719632,1.4225280008620437e-06
0.0028872711685761,9.133142097281636e-07
0.0096314680694397,2.970811046406433e-05
0.0138599327705256,4.462071542025452e-05
0.0092603734286733,3.0723314011199e-05
0.0179044685217489,6.771498822622788e-05
0.0100115009870195,3.615373014492074e-05
0.0025950713403428,1.0109762303998246e-07
0.0062277098439899,2.7766282939691795e-07
0.0050551845669315,1.6692890544255393e-06
0.0029843307909402,1.1403553404934985e-07
0.0115778980365739,7.667594361441418e-06
0.0071453012000491,1.2435403855388552e-05
0.0199837063184603,0.00011577305543541019
0.018504428744592,5.829967092438105e-05
0.0032689104049315,3.455531671279753e-07
0.0169392197196718,9.214306117180441e-05
0.0027628489197687,7.558793096965427e-07
0.0198899018285709,0.0002132814912696875
0.0028628815523396,1.0235393352642838e-08
0.0089607899756078,1.0182845426443875e-05
0.0141960839803187,4.876675630131585e-05
0.0172058503239698,8.13427406568151e-05
0.0104872058918626,9.156125468329148e-06
0.0138430554589098,6.927414930418645e-05
0.007954173528447,1.4980205169959792e-06
0.0123675170180764,2.4808883582327168e-05
0.0085354873751552,1.9017485871525302e-05
0.0154419446012753,3.5643591900542364e-05
0.0184075135704666,3.996028199867541e-05
0.0024248159345274,2.1019969525842956e-07
0.0169757089435616,8.681948107175541e-05
0.0132473715793906,6.288532478667996e-05
0.0098739427686437,8.972354536148537e-06
0.0107594203271483,1.2488942074962585e-05
0.0093372767178023,1.5282194121022585e-05
0.0140208650294529,7.305556830391356e-05
0.0095501612274517,9.514179776353462e-06
0.0146748155446282,1.9325644255960106e-05
0.0001565701639712,4.832463169076719e-06
0.0179131047769144,3.6316476257169636e-05
0.0088160380353282,1.221525015155794e-05
0.0009719339913623,3.117564557189325e-06
0.0148306124492477,1.8491842354861278e-05
0.0178362597006317,0.00011241995464613845
0.0005830060185654,5.206340125243624e-06
0.0017223766941602,3.0561394175809545e-06
0.0179202803467859,0.00013756311970690335
0.0042688881375963,4.767188785012518e-07
0.0129838997747299,7.25600980959299e-05
0.0028884119592404,7.450994993505082e-07
0.0038938080789313,1.8161599330305158e-07
0.0055035831164746,3.441733963014679e-08
0.0150721014216093,8.53666235914046e-05
0.0088715534700662,3.4171889430862744e-06
0.0156800737155248,2.5878367706293828e-05
0.0006352888600178,3.184308943560134e-06
0.0144926464076049,7.830131807403936e-05
0.0137644002422231,2.1451861685315188e-05
0.0048677548076511,1.2594072565832146e-06
0.0128948467616891,1.0919144291175833e-05
0.0100069978791458,1.1254346134383531e-05
0.013663142241605,1.2958576494692782e-05
0.0154160471586761,2.2821027231464734e-05
0.0151708895393219,6.585284264067023e-05
0.0081716221099084,1.8463265058355638e-05
5.861730072801885e-05,1.4928306275260656e-05
0.0185934151337252,0.00013270803253399442
0.0028631242395443,2.385358012612376e-06
0.0047711069652155,1.0880070920360818e-06
0.0176794674852298,6.463315998928261e-05
0.0123441182714044,5.282187447445421e-05
0.0058591159272888,1.4807275133224157e-06
0.0088532899010348,2.3758322696279307e-05
0.0042572936031272,6.702098349513253e-08
0.0116785022575211,1.1298149378713386e-05
0.0129706745540187,4.0391517163271416e-05
0.0016654585744442,1.5471121842438043e-05
0.0083519195417227,2.4328767521568904e-06
0.0030519594190708,1.1892294019795965e-08
0.0188415374066217,0.00010888344865414459
0.0103887886508792,1.4261983037717773e-05
8.331165988950673e-05,2.062004378889901e-05
0.0074739681982023,1.9421060255870876e-05
0.0089697210022838,1.2173406075544443e-05
0.0065170331323525,5.907739868681386e-07
0.0033711128752574,1.152897720338289e-06
0.0150320136857401,9.169899273367629e-05
0.0047759670043631,2.5305491670153892e-06
0.0008203679663189,2.4781395503896417e-05
0.0160634480281809,2.9738782536747782e-05
0.0139112343135423,6.473527437606094e-05
0.0025448363847798,9.490428733681251e-07
0.0050542386693314,5.466669971635515e-06
0.0094719802521221,1.8946076869442714e-05
0.0038535245283494,5.6332322647432e-09
0.0028256420109521,2.162391010999146e-08
0.011503543315424,5.414825375718648e-05
0.0110028208475289,1.7365978849085446e-05
0.0129670736578649,5.195699207653459e-06
0.0082989679776466,1.759598614230724e-05
0.0114685693285236,3.027937842863473e-05
0.0132514815366176,3.4550052066467314e-05
0.0001906196194423,4.503920973534828e-06
0.0194336077668515,4.368046033903434e-06
0.0152502974113301,0.00011412103192724611
0.0127161352331758,2.491269612541688e-05
0.0111763608572919,1.710538209983459e-05
0.0076780655607636,6.227122359482464e-06
0.0089983851696194,4.573097066079144e-06
0.012908696039902,2.074099905270789e-05
0.0043336196056109,2.4983583125339883e-06
0.0155010904086263,2.5553751603355417e-05
0.0041960788791345,6.649828493314744e-08
0.0041290984272724,2.71189552644963e-07
0.0192672661667325,0.0001062158105666568
0.0084236308422724,4.037031241551081e-06
0.0045651893330641,7.956367671911129e-08
0.0111432121132465,1.574676345557657e-05
0.0083163917667687,1.6285760370232792e-05
0.0072179930649749,1.0559558355351194e-05
0.0013440390517319,6.257500546195559e-06
0.0139665012945718,3.149492510935774e-05
0.0136771191153537,3.68115140224727e-05
0.0188747877776792,4.420759927591771e-05
0.0199234730332646,8.482597729778641e-06
0.0173365380174211,3.508759029830034e-05
0.0144756566180445,2.87143145135669e-05
0.0169523291955094,6.319490919745823e-05
0.0114786494448174,3.431669742585257e-05
0.0131068626955734,5.152586127141589e-05
0.002518167321208,7.748682421411243e-07
0.0197932344266308,3.3838761539116297e-05
0.0010598494637334,2.0664736757253414e-06
0.0150030018878596,2.767838437338085e-05
0.0017245300668625,1.8055500254264583e-05
0.0027087290876778,1.9125551424765847e-07
0.0160576270790442,6.791705000059089e-05
0.006536498436011,2.415339950889946e-06
0.0159541896591334,0.00012053283203101869
0.0149373540168782,4.2166270542709006e-05
0.0125095983770486,2.984378282925113e-05
0.0093548603937454,1.0469751130142804e-05
0.0113350493482566,1.014243851594458e-05
0.0020902949057604,9.429728067523746e-07
0.0036322798313006,6.357224351639997e-07
0.0140209177360305,2.7018194976262896e-05
0.0061476498251217,6.46939970008909e-07
0.0107580696972116,2.2631893543502092e-05
0.0109244689640584,4.199145265241989e-05
0.0015764847719701,2.0935029553387617e-06
0.0025676977802934,4.5883834165977683e-08
0.0064202040245441,4.386102545698423e-06
0.0185838487281035,1.1368882547181283e-05
0.0164203881217848,4.9919679878689914e-05
0.0059858523241374,2.631966650261352e-07
0.016364813077151,6.50943102353418e-05
0.0077154535468035,1.3268390217055377e-05
0.0158767108142121,2.7821376563955625e-06
0.0081646744921142,6.884163617350317e-06
0.0196552508368826,4.41272706376105e-05
0.011161760724522,3.8440508253687615e-05
0.0087283370513666,1.0869590528457795e-08
0.0024529584198414,5.540643843910973e-06
0.0066375114108147,1.394618082819123e-05
0.0163052263079701,6.321456816971928e-05
0.0128300843057702,4.8012848230838935e-05
0.010442458462869,4.652620826868513e-05
0.0109024766864124,2.5213190710842305e-05
0.0159904002699733,0.00012460954515687296
0.0121672531905479,4.228056744758146e-05
0.0043921963027987,5.5926687162538256e-06
0.0181656454373108,8.534102764828025e-05
0.0098720564696127,9.750809325113217e-06
0.0094596476037536,1.9685235559231033e-07
0.0034730505298561,6.152600183834704e-07
0.0131089149285321,3.388540790633244e-05
0.0068071114289176,7.5360779742777816e-06
0.0176259557239709,5.169698570121771e-05
0.0054667496781178,2.396614464001644e-07
0.0097465961963208,2.8962640793523347e-05
0.0016192175153845,8.227294136035854e-07
0.0025554545576758,5.056108939231101e-07
0.0146720164161865,1.6210791427451266e-05
0.0018257314690275,4.532965861538489e-06
0.0049874233954442,1.7371690971707103e-06
0.0063952355537585,2.0108322442998445e-06
0.0162830328431782,8.842418583678893e-05
0.0020121937083491,6.898365545025761e-06
0.003488018093193,3.2948172275252647e-07
0.0066935118146935,8.507050916255888e-06
0.0143556845362986,2.4924431738704175e-05
0.0040194844221853,1.269618506253119e-07
0.0109876311211802,3.904494283485393e-05
0.0023473011750933,9.389297957693488e-08
0.0153131652233692,7.027598107223491e-05
0.0034591263777308,6.447090146494947e-07
0.0169496024570224,7.817938047252749e-05
0.0051186704968081,4.575706814604067e-06
0.0161859506883822,4.1394526259995356e-05
0.0172409976556405,0.00010331824356259074
0.0103950135739121,4.791843249827308e-06
0.0064579093977535,6.455369394251718e-08
0.0041192147562493,1.5633832350544564e-07
0.0159148981893025,6.116001450793342e-05
0.0155267291492596,6.220043843252822e-05
0.0189994315949718,6.423802471403424e-05
0.0112399089089433,4.0126052005819656e-05
0.0071966833053208,7.908350349818107e-07
0.0112478071532247,4.4684641308273665e-05
0.0139054198693868,6.264019075749823e-05
0.0127129539963321,2.6756893499819613e-05
0.0025793282012255,4.723711897760731e-06
0.0073120289984336,4.020990441014119e-06
0.0065068466766882,2.500056038815092e-06
0.0064738637111097,6.425564935246694e-06
0.0007221989633565,7.510026572415521e-06
0.0026254365192327,4.5802298889611857e-07
0.0012288893669351,8.422787905370232e-07
0.0005283969717798,2.0990603462080164e-06
0.001150282557605,6.607224391587129e-06
0.0153784275807143,6.983635071538363e-05
0.0055908927803552,8.769212595273288e-07
0.0144558121042637,3.1369783215519184e-05
0.0133826903796462,2.0689011594600772e-06
0.0175310731051816,7.71252859730828e-05
0.0172620856008192,0.00016432775995900564
0.0093628260678363,2.1054884206395993e-05
0.0031113126736867,5.569287207547414e-08
0.0011603108142897,4.898834877434662e-06
0.0133950756038584,8.154404936155937e-05
0.0114766862463842,1.9172211958276592e-05
0.0011644415553036,3.893860179622242e-06
0.0145061971952871,4.4284398933079847e-05
7.21752225087835e-05,3.976659059227604e-06
0.0168667670063682,7.474455667283409e-06
0.013978037636535,7.173048590240798e-05
0.0063335296937411,2.0459955290418889e-07
0.0011265440097777,2.6034781137264907e-06
0.0169830609234313,4.153410863150021e-05
0.0031873638686136,2.133645219484021e-07
0.0186650571982514,0.0001234301319366728
0.0031837567571539,4.673478090707405e-08
0.0135679237689199,3.44541689037182e-05
0.0074590404581614,3.1796636906858735e-06
0.0029310585272603,4.618614476103268e-07
0.0072677168117666,9.573105724830669e-06
0.0056766532565088,1.1966056787021564e-06
0.0195872547115122,2.65010188672161e-05
0.013593957084848,7.929424528681047e-05
0.0028551199732032,1.752153910536795e-07
0.0040930498796873,4.6090298477717215e-09
0.0196336671505763,8.803268538441596e-05
0.004307987919251,1.0144880314236356e-06
0.0088932281368428,6.845560620103122e-06
0.0012396836934858,3.376172380825673e-06
0.0003222691250796,1.540803770472769e-05
0.006737944303509,1.2098482907796855e-05
0.0074275999521184,2.6447180793410497e-06
0.0056444414590835,5.64206740330183e-06
0.0057199818017066,8.983790954066556e-06
0.0169613982477549,5.352507573908542e-05
0.0152832220646697,6.450294691065723e-05
0.0130764833730469,4.29916411017204e-05
0.0131313033518435,1.946593864373505e-05
0.0016776641846559,5.893675084012768e-07
0.0086053287536813,1.3146258736893897e-05
0.0180187985369088,3.0274496807025632e-06
0.0063081143299189,5.042159081322129e-06
0.0195663911529183,0.00013094638045009407
0.0098688231617015,1.7338362598856298e-05
0.0007362607481189,9.055651185105112e-06
0.0051111498723517,4.333815267279417e-06
0.0131421959941679,3.5773710668583536e-05
0.0162470606983372,0.00010483418500007116
0.0016414227471051,1.0899029733985465e-05
0.0129865807310685,3.199676406520727e-05
0.0015465653003569,9.690010997696315e-07
0.0120910925939327,4.880902937540607e-05
0.0003985375268921,1.2455755158866874e-05
0.0044932053770535,2.5114414653840818e-08
0.0080411753839881,3.315911982412478e-06
0.0057878860718118,3.6535335392099287e-06
0.0169142556223348,0.00011069481077399623
0.0132108542848032,3.296647020851957e-05
0.0146568081979723,5.915337342919318e-05
0.0030254024590932,2.9638382882762205e-07
0.0150480993866379,4.382292499396167e-08
0.0147711413509143,4.44736857036388e-05
0.0040984664059848,3.138536996450099e-08
0.01269268253947,2.5678715324055486e-05
0.0101272417464225,2.518381094630968e-05
0.0136211040773266,4.461989452424518e-06
0.0025080016718722,1.8537269896636776e-07
0.0172647708297233,4.2339394275813735e-05
0.0080115940020082,1.4526262144509182e-05
0.0165888316338469,4.622839783964924e-05
0.0008943963674531,4.335147628450113e-06
0.0131920738775062,9.605634122044127e-06
0.0002314526812601,3.6417708096970597e-06
0.0097229938146378,2.970865382765595e-05
0.0058363294461667,8.429238158195205e-06
0.0069248522665454,5.831842645715652e-06
0.012768525809568,2.3867750906995414e-05
0.0030901909994685,7.03761707271234e-08
0.0094826903171148,1.5848720610460058e-05
0.0023834388321394,4.454675790154216e-06
0.0008542793986685,1.2871711164999771e-05
0.0032080483232164,4.4571220579916647e-07
0.0076715346529823,4.441095864985847e-06
0.0053850474042613,1.708908948762107e-06
0.0053035753435676,1.2779092394154237e-06
0.0042174341906323,6.329859419782529e-08
0.0110446888072939,2.1719231881794673e-05
0.0180495774435425,0.00010871504998252917
0.0155607949637078,5.091232389021456e-07
0.0106167346117469,3.5301321979973235e-05
0.0156371029870903,9.717361040604354e-05
0.0185651627053272,4.597121750560377e-05
0.0116596370562133,1.8972915127073828e-05
0.0151972866429164,5.7854975747091556e-05
0.0075171803353717,9.019794693012169e-06
0.0098909572633382,2.4262193780553428e-05
0.0014341593183281,7.054602522676985e-06
0.0111663164953045,1.6712356702151105e-05
0.005113080666368,1.1740788013365734e-06
0.0084972345881234,5.51144815827835e-06
0.0166417158131659,8.57061147541076e-05
0.0009896662945941,5.907479214658904e-06
0.0084912795045117,1.8497974993187653e-05
0.0097525163042072,3.759582219124816e-05
0.0087339486939545,1.869591170417064e-05
0.0033219561015585,5.942275009300174e-08
0.0024777517350644,1.761327817134097e-10
0.0173473043968324,3.8589268604814775e-05
0.0123951901773822,7.199717412729083e-06
0.0162906154298873,6.051970164547466e-05
0.0031384893207937,4.2461687688827935e-08
0.011684747513158,2.6341344015123785e-05
0.0120349898466997,2.035972688753912e-05
0.0104912737109053,5.411952326132552e-06
0.0021642691980349,2.8311087571810044e-06
0.0095335912064478,3.086050086759362e-05
0.0089482305867604,6.327294544301647e-06
0.0129957206404641,7.2793363878372e-06
0.0098461072043664,1.5656560489810627e-06
0.0160653419503294,6.100184518942597e-05
0.0145654577200645,4.795099454635816e-05
0.0045790025436836,3.913464131821283e-07
0.0138427969803308,4.633112185297095e-05
0.0060912467782554,1.1542573263415923e-05
0.0175760200382417,0.0001291359816598868
0.017313294632761,1.9060473954954283e-05
0.003520365827028,5.9149281514273615e-08
0.0135325498568869,2.778128709373041e-05
0.0191007789343881,3.8511755338222316e-06
0.0111901505270267,2.011728478160801e-05
0.0132553730598891,8.537447614672052e-05
0.0178660722061084,4.537175742448689e-07
0.0079749602797088,1.0553672487025752e-05
0.0094963557686428,1.89467661114828e-05
0.0067062518909281,5.238003706863964e-06
0.0154741818852698,6.931997078749071e-05
0.016951002861324,2.601477303404349e-05
0.0077268401883143,4.8989203308692875e-06
0.0020651345563746,1.2830626490968531e-06
0.0079574296056988,1.4691489673592844e-05
0.0175934858418243,0.00010763998059755798
0.0181068229727719,0.00010508408339834667
0.0050876017073918,8.072574122507614e-07
0.0119410763374777,1.768858304714323e-05
0.0150557339307829,4.084841917679697e-05
0.0089849561626463,2.9275262106280815e-05
0.0078874266672715,2.673945351771646e-07
0.0199693716048555,0.0001453603867409783
0.0037480815809199,5.994719794853194e-08
0.0095869845255259,1.5998565460844955e-05
0.011919908638385,4.939214785073499e-05
0.0121199434154191,3.663724059688368e-05
0.0125108156974481,2.0039158907926378e-05
0.0122980072904681,3.841158430426534e-05
0.014667009326946,1.9908466031003738e-05
0.013102251419466,3.832646535716365e-05
0.0174712697772777,4.579390434952392e-05
0.0146956716195287,4.435923110378691e-05
0.0052683959191762,3.0654143182898097e-06
0.0063756060809134,1.8024663012901883e-06
0.0143617459391016,5.118877460412347e-05
0.0139688376777327,4.3109487237162485e-05
0.0181042396033631,8.231467629783319e-05
0.0081402937274052,1.0283539680830727e-05
0.003243463799072,7.760953458808245e-08
0.0133446477198843,4.277752482852546e-05
0.0073194857703936,6.12826001872484e-07
0.0165781564895274,7.043866361356475e-05
0.0019612316276613,9.323734131674949e-07
0.0149382215040654,9.866496388806732e-05
0.0039980408506046,2.4285205406700303e-08
0.0173521038275949,5.358475147515669e-05
0.0176528553018765,5.2976103807556324e-05
0.0055222594328489,2.2519804647386526e-06
0.0090124535119039,7.6516184170042e-06
0.0065636453623571,2.5126007004374e-06
0.0121094583848046,3.709874353392048e-05
0.0179198418802825,0.00010630213972039153
0.0070487392857207,3.400573872420026e-06
0.0115684004854713,2.3064890312287427e-05
0.009894230579616,1.638918655905868e-05
0.0051435239033602,8.827161342449083e-09
0.0014677752213789,3.359921753397878e-06
0.0175800299580813,8.357685668137314e-05
0.0126276625577961,4.195507157427836e-05
0.018089892715291,1.6312250901009945e-05
0.0119765686467872,5.194919023474316e-05
0.0171625553743049,6.63424109858167e-05
0.0017022951164438,5.225185303752685e-07
0.0125788384839239,3.5545907337439455e-05
0.0184185174621761,3.970508099258871e-05
0.0054288080885584,3.384554624777301e-10
0.0152779442693784,0.00011214665670832403
0.0023788689828439,8.39901167582765e-06
0.0147003337775257,8.344787859425535e-05
0.0044929790372963,1.344022614717952e-06
0.0065494561357743,5.042773056104637e-06
0.0137383906331365,1.1298539443922512e-05
0.0093879155009744,1.3829576777611892e-05
0.0153353444313353,4.8011035874588136e-05
0.0036345498971198,1.5709418184252444e-07
0.0057968221640698,6.933062624190525e-06
0.0118216067965421,4.087779844568619e-05
0.0050334536038945,4.647769229496038e-07
0.0050361766523597,2.347016239211043e-06
0.0084811536176733,7.600076640626358e-06
0.0062684104170046,9.27071391058385e-06
0.0087434561041974,2.92552706577495e-06
0.0083292843655683,4.519673526231682e-06
0.0028339283630213,9.214599749902301e-07
0.0059697368162006,8.313406922706474e-07
0.0090676026799839,8.969634378152732e-06
0.0131148789754983,1.7784147846310547e-05
0.0133828870971745,4.575186488342164e-05
0.006012022722362,1.038128902267051e-05
0.0031702195338586,6.595917691472278e-08
0.0068866659393915,9.668188351604463e-06
0.0125515375412196,7.732486561999771e-05
0.010195695511453,5.753825055151122e-06
0.0154865396658433,8.908342122258554e-05
0.0093527689075796,2.3208359274609576e-05
0.0094372581847341,2.0220352407427505e-05
0.008659720065385,3.991309787057714e-06
0.006931526079327,8.798344965861806e-06
0.0155478828268971,6.664969946756616e-05
0.0013989376871353,3.825310605063301e-06
0.0184301454291399,4.206932558237635e-05
0.0139861509005738,3.292783539270056e-05
0.0092255870243049,9.564953434635316e-06
0.0147846645767123,8.152173575207678e-05
0.0029042381825458,4.578521867205725e-07
0.0101420409847562,4.092894049999849e-06
0.0184238323212891,6.948370195304522e-05
0.015973199959774,2.627639416907982e-05
0.0102284230482975,2.687626043331824e-05
0.0199520972597115,0.00010486837730228544
0.0048824356495453,9.41124577449716e-07
0.0010167567138131,3.672641468724852e-06
0.0005109277561823,1.918188167075279e-05
0.0048152773504339,6.087708154958099e-07
0.0138222260473997,2.7727173616402024e-05
0.0036230209168297,9.6114828290413e-07
0.0095996676901326,2.9570863073940563e-05
0.0012384795731527,2.901561600923281e-06
0.0034471412691311,1.3864567133847342e-05
0.0061235882857028,3.4670130599485702e-06
0.0054454922664715,3.5309906898802635e-06
0.006972899033047,4.325310740367584e-06
0.0149807180232546,8.54757565186316e-05
0.0063327802914008,8.454667618252808e-06
0.0048366678690157,5.718320170993401e-06
0.0092790949385648,9.12579544292492e-06
0.019944423751072,3.495613883645312e-06
0.0198687272748931,5.5303001527505775e-08
0.0147125843638285,6.550813752748914e-05
0.0173960138488586,0.00010313399197387657
0.0148149811377378,4.726183447518536e-06
0.0155950993535798,9.390431521106188e-05
0.0019210265079957,3.047242965722008e-06
0.0067649293269935,2.381501227739928e-06
0.0163565602348163,3.2311681224556524e-05
0.0126757314050818,4.0190903574285556e-05
0.0042004957190885,7.791874987866629e-07
0.001222265082033,8.064513389424154e-06
0.0133481926192369,2.9568366299875877e-05
0.0180789183263213,3.0847008328342727e-06
0.0148639200068619,4.1815587019729096e-05
0.0174416395837762,7.667808016382617e-05
0.0092736551811359,3.090152414259597e-06
0.0034981116101883,1.0161168726194493e-07
0.0125294157303464,2.9959231064590288e-05
0.0060677647980555,2.61016953209465e-06
0.0012885571931904,3.3643741825477056e-06
0.0134509117609359,6.12460138176469e-05
0.01431526033933,4.3063332406897375e-05
0.002127486896001,4.025643740777838e-06
0.0084501576831086,8.363876071686362e-06
0.0097774512872757,6.9123296378631195e-06
0.0141895334714654,7.228543027481235e-05
0.0156280510245507,4.6557186813022085e-05
0.0179627736336058,0.00014159875390003742
0.0034793890809368,5.668578433926985e-06
0.0185228709902263,7.063756335870658e-05
0.0088812350053008,2.406291236949055e-06
0.0181235903053998,0.00010191100310253851
0.0030422896853923,2.8500089699464484e-07
0.0146089596039813,1.8220184148399197e-06
0.0054436025580788,7.205816795534466e-06
0.0196051658199775,0.0001523622866069767
0.002646800651003,1.9072042280624998e-07
0.0153191868901424,9.931144133248596e-05
0.0128130513038238,1.3121732469497867e-05
0.003704191778052,3.779313920844345e-07
0.016369064338242,2.9729925900908952e-05
0.0076161042336512,9.484801373514444e-06
0.010704757856227,3.489236041943601e-05
0.0028084438577354,2.622763921478761e-07
0.0186105036676962,1.204061577092153e-05
0.017308859368147,1.0230416580509218e-06
0.0019263704401828,8.684333281097083e-06
0.0161361091039972,1.24194820651609e-05
0.0099721487944008,6.684724767381048e-06
0.004367182711625,2.7541679841781524e-06
0.0016673431484328,3.5220951592892554e-06
0.0157018190312845,8.623920952805899e-05
0.0102069744251244,2.462226910526979e-06
0.0093642067816679,1.105307292296227e-05
0.0157853600660476,6.149875957647768e-05
0.0096997158462684,7.84770232291241e-06
0.0155755154985031,8.381163804639335e-05
0.0117733544305001,6.0170698363895604e-05
0.0050921267886305,2.1134925580337117e-07
0.0007528404422988,1.0555023934612572e-05
0.0029223785690817,2.724207289526093e-07
0.0019690792867709,7.37211083949534e-06
0.0196126018706388,1.8096232227295595e-05
0.0011038550992216,2.8501581194766263e-06
0.001947102180285,1.0366404536370375e-05
0.0149423733272283,1.702813717799538e-05
0.0137537321954537,2.241650328129004e-06
0.0062572647151589,2.7981611738453805e-07
0.0132193409725708,3.98755395014203e-05
0.0090319290011431,1.290781228829119e-05
0.0001107563028739,1.0370704163442136e-05
0.0011580663046398,1.5642764057785318e-06
0.0059118615576762,6.824164791095133e-06
0.006504018434194,1.3695559352837968e-06
0.0014591619716283,6.497735035376017e-06
0.0039690760486501,5.04615036845715e-07
0.0058436752294403,4.648357741838241e-09
0.0066125695821505,1.0033670128928215e-05
0.0054537889608206,6.493602760835047e-06
0.0175316516907217,0.00015138221128547683
0.0046016552113608,6.192884138620983e-07
0.0055947795883145,1.1021944207193822e-06
0.0026979899259673,7.325848692741737e-06
0.0084730835747085,1.5309688289638763e-05
0.0040581577066456,1.7148298958057021e-07
0.0168940392497809,0.0001049561041301905
0.0185828364384758,0.00013990468819870527
0.0175402487788344,9.77644506613721e-05
0.0179890984641119,0.0001408619567553817
0.0125199283247828,1.2094583424640623e-05
0.0012493303554033,4.896737685123398e-06
0.0142623637789294,6.376288040187742e-05
0.0181699924283374,2.7886405891097493e-05
0.0168921999932545,8.6524920150401e-05
0.0175613702099941,9.425976774368843e-05
0.0067700769752007,3.6168701589006357e-06
0.0151182821772796,5.992807605987865e-05
0.0044701888574298,8.799382298708501e-07
0.004760708290921,1.4184996092983437e-07
0.0195349205076268,0.0001343344348179587
0.0007273902862643,4.500039521784521e-06
0.0155622420463958,8.476235271626859e-05
0.0131072996826796,3.185716464672213e-05
0.016600604405815,5.4888645290934104e-05
0.0198427712504452,1.3131035613139893e-06
0.0108240929565603,3.9601620614887534e-05
0.0170039923112412,5.9068956379232066e-05
0.0090094396674079,1.540384501609861e-05
0.0034839570472524,1.4005266415601399e-06
0.0088714102272238,5.138060223733216e-06
0.0065180540974634,4.6995880879403425e-06
7.814796856846496e-06,1.5836485754605944e-05
0.0134762075025024,1.0498218619494118e-06
0.0048388720557334,5.3576856520356885e-06
0.0049610860425917,2.8806554397998443e-10
0.011038102903962,2.6959235300888116e-05
0.008637536386061,1.6828643617295326e-05
0.0024079929843051,1.0562079648003752e-06
0.0172510168747482,9.311085688586525e-05
0.0055402697347876,2.401936593292329e-06
0.0024098188322498,1.6146573770545503e-08
0.0191065575671926,0.00013343511450112722
0.019126272040171,1.27396071387778e-07
0.016028393972395,4.6308251474809825e-05
0.0136287176359788,4.8282617373040314e-05
0.0054631830265245,1.7684354883428678e-06
0.0068790229151348,9.194017439681618e-06
0.0141272262870448,5.453586388840628e-05
0.0140984442686215,2.0684079078855918e-05
0.0054266717685112,3.944210539795269e-06
0.0162186106228929,0.00014380375524595184
0.0113882200024646,3.8247617565457236e-05
0.0160537810691086,8.810131267855881e-05
0.0115119181601958,8.802768529988033e-06
0.0090080069733983,5.03754326628738e-06
0.0103018794413503,4.343552338032979e-06
0.0135509680274221,4.4606179510150816e-05
0.0115455854569648,1.8888744252883887e-05
0.0081067354835137,1.962567494428977e-05
0.0039400467141931,1.1428198290114664e-06
0.015624386554731,4.372235432199907e-05
0.0163002204569051,6.995308154169295e-05
0.0117166119643994,6.474519501668209e-05
0.0163654040349027,2.1064994989759884e-06
0.0087062671672734,5.277912914586387e-06
0.0078357516834681,1.558477064752249e-05
0.0189415077264692,0.00010432242983226956
0.0074960804363009,1.4855884919548355e-05
0.0028481790647842,3.197758202707876e-08
0.0194793208306784,1.6766078688105282e-05
0.0187829524248953,9.544552950412115e-05
0.0115039534632207,3.907977299295086e-05
0.0056977993648022,3.4234558140624826e-06
0.0182907814143008,9.866039019320006e-05
0.001463243553713,1.3160213930593237e-05
0.0082354456236194,1.0792094875259718e-07
0.0090489787410456,1.3627509142580906e-05
0.0040349621557875,5.669844993750544e-07
0.0031594253744557,4.075276673745564e-07
0.0092131184116081,2.0098424406408854e-05
0.0080427748726234,8.412987238820492e-06
0.0109781526031742,1.651332048318635e-05
0.0168286819216773,9.95619838947082e-05
0.0026863557322963,2.585779674428369e-07
0.0115672976655797,3.901616175827571e-05
0.0047255687944216,2.069934050101413e-06
0.0066657633562814,2.713565065979833e-06
0.012423360231935,5.6020874138574915e-05
0.0015581300526605,4.421504588861194e-06
0.0179213164371621,0.00013329757608351194
0.0191189395313383,9.215046043272885e-05
0.0102512065708191,3.891507609984206e-06
0.0101048449565886,2.5210136644127993e-05
0.0092926015111893,9.703388125344064e-06
0.0194313229394414,7.161540292200369e-05
0.0193886206968468,0.00012366943510138146
0.0021958797951365,5.106593042010418e-07
0.0185955187526839,2.823372803896514e-05
0.0055357163462602,2.137034506972903e-06
0.0084804840220401,1.3863184462672275e-05
0.0006552570591961,1.7361381420694148e-06
0.0040666136293732,7.103706335266457e-06
0.0022769730909291,2.5159435309008784e-07
0.005763816469583,4.066911442051006e-06
0.0179588501036322,8.083290168547077e-05
0.0101111687195669,1.7465307176949844e-05
0.0120132185759111,1.6549483920196223e-05
0.0149591977139029,4.460220634764649e-05
0.0155249421664358,1.2559138377175697e-06
0.01795285047911,8.216903779193681e-05
0.0153942412069831,1.8808101542203757e-05
0.004858692348619,1.3854127231669542e-06
0.014118792226812,6.593404619513158e-05
0.0185797717445671,6.61476848502457e-05
0.0154261055157748,7.608925440024491e-05
0.0156038846387794,5.763099239474682e-05
0.0039725038458274,1.8308705687262728e-06
0.0016149789537326,2.477774089885154e-06
0.0074362121122302,3.477962575182764e-06
0.0190190220066681,0.00012163137992220486
0.0140340449522921,5.619745558066617e-05
0.0169991839148056,7.388298680783817e-05
0.0010431357802311,7.295133443725242e-06
0.0003372698857077,1.8372992682126725e-06
0.0189946305466088,0.00011726522470110216
0.0026676540535339,8.824473407432892e-07
0.018636666759361,1.5051027191036685e-05
0.009077238086367,2.2288997618328432e-05
0.0004781026986742,1.9168975163094277e-05
0.0070393434114663,6.989273655633787e-06
0.018000474255655,1.340845171625328e-06
0.0089424810643034,1.6322600551653916e-05
0.0164726145431045,7.794614017759728e-06
0.0098221419227341,7.450202153183416e-06
0.0162440956574248,8.305712632431136e-05
0.010664218714047,1.0707790541291721e-05
0.0016692716562453,7.33322792343262e-06
0.0017721049489674,4.807137317434453e-06
0.0173019375913167,3.872505273846774e-05
0.0070557529155576,3.0357687177372407e-06
0.0155285288098904,4.132419373403274e-05
0.013330877693094,9.526399885242147e-05
0.0172658656624304,2.7687032811802813e-05
0.013218644892879,1.0965673438805893e-05
0.0150475264204749,5.6717725527167607e-05
0.0023837417799256,2.2092019738105248e-06
0.0181265651723434,1.2284698951519587e-05
0.0140193231622339,5.15332415112584e-05
0.0073468341171919,7.821376209290573e-06
0.0002397754641587,4.0236164312683204e-06
0.0141915081201867,4.3426623278145235e-05
0.0102341128471476,1.0598510601338094e-05
0.0077117982956727,1.0503034340251042e-05
0.0039788472419716,3.971571432258176e-06
0.0122834987589457,3.4265371344374526e-05
0.0018551756593765,3.4142543393567195e-08
0.006698147169411,5.664596024238929e-06
0.0049244785793733,9.008274875127038e-07
0.0067054819940151,5.201065688133688e-06
0.0144477666710003,1.0460962507146416e-05
0.0140016393518901,6.398372361912775e-07
0.0053288631565221,7.263534671395846e-06
0.0102214528448018,1.1223934035232431e-05
0.0066848206412247,1.2697448818801466e-05
0.019800657572298,5.6704297687928044e-05
0.0019350039632758,5.733717300214789e-06
0.0169089946839154,2.8973155279289635e-05
0.0119992656795733,2.5761818556180116e-05
0.0196171897404997,0.00021570427380360316
0.0141099388500197,6.326755957501613e-06
0.0069464797385166,1.0239706377786365e-05
0.0037294359792679,3.538618371511255e-08
0.0056481220536049,1.666748488700331e-08
0.0043508677284355,1.8829311193421335e-07
0.0166466216586879,6.033879153836467e-05
0.0158765856790818,2.9333130118885893e-05
0.0102845876711485,1.8915013949337322e-05
0.0068458450867389,9.357617467211505e-06
0.0124225466492296,5.426183371603704e-05
0.0194785118653867,0.00012331800306258762
0.0011202465576159,3.328755085495811e-06
0.0003818660661728,1.0909384118435527e-05
0.0149115154784816,7.762234998582885e-05
0.0001165934370516,3.2766506169981334e-05
0.000620926516236,8.614833070534058e-06
0.0091911350603339,5.9134168669265354e-06
0.0092194749285347,1.473772052202471e-05
0.0018119276925063,8.794834640790093e-07
0.0104252887803259,1.9395458794301032e-05
0.009656466456933,1.8087089520066403e-05
0.0138037898634424,6.319532579184625e-05
0.0184413334979803,0.0001354462353621149
0.00208665327242,3.612111785534267e-08
0.0008177688168249,4.390118857613012e-06
0.0147584391286392,4.580259284636345e-05
0.0196149212549682,5.862060962769064e-05
0.0159463486049856,7.509709103147351e-05
0.0111784531536921,4.2868574328337184e-05
0.0155315918713285,7.794067889817086e-05
0.0150170873858364,0.00011034416435418505
0.0082243396415701,4.558863901549074e-06
0.0040290851117532,1.6762269214129398e-07
0.0199372271145765,0.00014246783357272367
0.0018278337813802,4.3500282606740466e-07
0.0016676673290198,1.0050091333968612e-05
0.0054746739318714,1.0921888348431072e-06
0.0081062377677013,5.319141080978664e-06
0.0092771944641132,1.4800830749789617e-05
0.0003800829182481,3.6803032582668127e-06
0.0191240276046092,0.00012486878982090425
0.0074658275064722,2.6205420239771425e-06
0.0060376481245433,8.694783870580877e-06
0.0084636328958808,1.3379001979695857e-05
0.0116379779003431,1.1525886675638674e-05
0.0098426111233153,3.475263547619869e-05
0.0102670840079602,2.1279708645058138e-05
0.0015128025627205,2.8586351783669266e-06
0.007622097590036,6.801660560883931e-06
0.0156692401664791,5.457776787783124e-05
0.0013279422050543,6.303412128436657e-07
0.0152887266595015,6.385648785711544e-05
0.0036448936364148,2.6941794547061623e-08
0.0135164050579578,5.37850750329624e-05
0.0062670736483198,7.667540531795099e-07
0.0061687149676,1.1230175721407593e-05
3.155006228400259e-05,7.530908717106632e-06
0.0056536313301574,1.6216416526463313e-11
0.0066853972641902,1.2137075640027347e-06
0.0007337333126211,8.071449451792752e-06
0.0079554288106258,1.7006046039969823e-05
0.017449042126002,5.235804468914011e-05
0.0070207486424153,1.7030307677721063e-06
0.0185930723434012,0.00013734615864881476
0.0103437171966969,9.33017147732237e-06
0.0068081520205614,6.4825636078837995e-06
0.0196074045339361,8.835995031990718e-05
0.0023499120919062,1.0928122882960084e-06
0.0193719534191027,1.9543142385744703e-06
0.0094068441834057,7.512743918352942e-08
0.0020237075485541,6.136429030095766e-06
0.0134882787199023,2.8522589405503325e-05
0.0068973348963197,2.6178974959669897e-08
0.0007886905047038,4.044643406424962e-06
0.0104380282899331,3.604303538571335e-05
0.0191537734486985,7.660393026099866e-05
0.0025948655560597,1.2321582021632667e-06
0.0098945591337402,1.9073950344522514e-05
0.010146797525134,6.039335316461157e-06
0.0008500306189193,5.784695786348449e-06
0.0012704023051966,1.5143081067666781e-06
0.0026744866589729,6.161644467188309e-06
0.0114278236906888,2.2206676741427657e-05
0.0114746893468285,1.1039635388880923e-05
0.0119437270719022,4.465277608166965e-05
0.0092153920825043,1.7027885164756395e-05
0.006041236399674,2.505238431761607e-09
0.0117815717066196,5.0118767084946497e-05
0.0140990739516264,1.9808992834043434e-05
2.892364476003717e-06,5.090541586610976e-06
0.0120721562692971,1.7813561448104402e-05
0.0190430450611866,0.00013318862000084408
0.0197878079217534,9.263171349212334e-05
0.0082883656595959,1.4852719257726838e-05
0.0109410970925726,2.1209438539197086e-05
0.0099681855610906,1.2498815447198226e-05
0.0174830117358842,9.188375025254909e-05
0.0026435606807052,2.231599256032281e-06
0.015506953184293,4.864570084280348e-05
0.018001019423154,6.432854170521466e-05
0.0082699790159243,2.0703826820262194e-05
0.013347527018881,3.50002612731739e-05
0.0158734994032977,6.39547175806112e-05
0.0146100729126487,5.437073406532524e-05
0.0185587965818475,5.0779900624645434e-05
0.0171024366512125,1.7362781773651034e-05
0.0097518389811263,1.7938299599978368e-05
0.0054951660557736,5.626149160463434e-07
0.0109737279701769,1.3983565170489948e-05
0.0075408783204536,3.249398423706197e-06
0.0061034318437132,1.3931498423753819e-05
0.0078737577795058,1.9946192124334327e-05
0.0182094245913255,8.456816249025927e-05
0.0099012463225621,1.7330375711406507e-05
0.0005891263288164,1.350367567416132e-05
0.0078858779324014,1.0854874831540734e-05
0.0113544013446153,1.586727840890319e-05
0.0081018745944102,1.0295843631813923e-05
0.0164256776007265,6.75046485517155e-05
0.012313874797705,3.345690421453081e-05
0.0047588910163517,1.2516456453906316e-06
0.0144015733067336,0.00011618245853400278
0.0094486171656317,2.4142838977374668e-05
0.0016056697108806,4.393167834391948e-06
0.0019405875320823,6.991881666763007e-06
0.0025233017181329,1.177233114055854e-05
0.0032048672848133,3.4179618215971168e-06
0.0173907376933009,0.00010246573777439518
0.0170485116128529,6.934765824306434e-05
0.0126566360086229,5.3517890887324404e-05
0.0025954171943337,3.3691812446228373e-06
0.0032695425288447,2.6270290724566396e-07
0.0017489475190573,4.22998459292816e-06
0.0123175507772078,1.4593287085972888e-05
0.0190730713965815,0.00010633038676805162
0.0106522404602432,1.2198487742783088e-06
0.0103582484094465,1.991086956520115e-05
0.0041243152230611,6.425077556958845e-08
0.0111664254044079,1.7084884123772096e-05
0.0007625862746708,1.8993421029653828e-05
0.0196986507332788,1.3408952731197733e-06
0.0189096289483379,5.370127693769679e-06
0.0157971126450852,0.0001045655933368755
0.0061578678576887,1.6197939731209052e-07
0.0109931655614573,3.0253043829124622e-05
0.015460499747128,5.231816958347624e-05
0.0138357676704454,2.0436221170100167e-05
0.0187424084962597,8.588416881371493e-06
0.0195339215216091,4.960416198498664e-05
0.0002038041151216,1.1530306562044169e-05
0.0057310143505194,3.5500410315911013e-06
0.0059586879157485,2.8171591450647493e-08
0.0035706299837189,1.5945746315671575e-06
0.0079513992804099,1.6835459329448118e-05
0.006049558974208,8.65031386268753e-06
0.0182004764760876,1.2069703023512893e-05
0.0065028310015106,3.913326215541567e-09
0.0091880509662091,5.5470870644306556e-06
0.0033151356634987,1.3863092757460383e-06
0.0185055195215908,1.3280474184466264e-05
0.0169055188343695,8.919332869873388e-05
0.013579340594814,6.451440202292649e-05
0.0099814204805039,1.2386524830520658e-05
0.0084007363681368,1.5759202588975156e-05
0.0078635167235621,1.7035775066856838e-05
0.0049153785609353,8.639791487510732e-08
0.0137061286209443,3.996986528036505e-05
0.0085328065647793,1.5202832207654027e-05
0.0112074384846757,5.058864318953698e-06
0.0169465914031299,7.308828498584906e-05
0.0188446355336041,1.2323111064302378e-05
0.0067765920636651,2.9728501281330497e-06
0.0070201712501301,6.318859337709497e-06
0.0046009856702769,3.0605833879668815e-07
0.009556802346397,1.3791929960227527e-05
0.0160761412578789,8.216531175763677e-05
0.001953641217782,5.134383492273178e-06
0.0178215486901838,5.856547280022088e-05
0.0065056333175606,2.729139667971063e-06
0.0036483640685894,6.891533743887034e-07
0.0073923570652757,9.23932561639401e-06
0.01186476443223,5.061568746508002e-05
0.0120152548909048,2.002569201604121e-05
0.0045752325803624,5.2663485533535114e-08
0.0106215536507602,1.7127316009581635e-05
0.0051029585098945,3.666114688635277e-07
0.0036929082224416,1.122398438085394e-05
0.0054529309194257,6.291261118307808e-06
0.0075815444086732,7.39370450543354e-06
0.005355244010878,9.44100517124855e-07
0.0187991048104431,0.00010107047770361148
0.0082017572418305,2.370720489315764e-05
0.0107085667568793,1.2649915856743074e-05
0.0176501346709093,0.00010644633865357745
0.0012120021119938,6.785185145190629e-07
0.0052787702767189,1.938773376035235e-06
0.0074507757277924,1.9848959835296965e-06
0.0152001414874815,6.954032011341131e-05
0.0153609343641776,1.4060808600518382e-05
0.0151456798778444,1.6352376813313867e-05
0.0094454185547771,3.26687533054741e-05
0.0076161595511037,6.221626881539578e-06
0.0037622469374818,1.0672568341259357e-07
0.0007818904191713,5.029189557327498e-06
0.0072996298760845,1.163307576653563e-06
0.0126431424846142,1.9649031487388358e-05
0.0187531678385373,9.359509185155287e-05
0.013498880207934,3.474420881159247e-05
0.0187707535958615,7.562688386329033e-05
0.008695161056593,1.1792366677154451e-05
0.0079797858526189,7.729798401862708e-06
0.0052302333434982,1.6004638918223055e-06
0.0190639641405107,5.5766721470546365e-05
7.0178717681490535e-06,7.177093500517928e-06
0.0039218735624366,4.4312350181718394e-07
0.0003250828968391,1.747515297774949e-05
0.0153893330365154,3.0134587570193065e-05
0.015112940365778,2.3390262259381724e-05
0.0012650202713369,6.963949509576652e-07
0.008683309385195,1.7518874536350266e-05
0.0164871051032996,8.813312868904592e-05
0.0110130078056559,1.1020567968168354e-05
0.0001708183251844,7.897352001520702e-06
0.0156795995031829,7.237385143549412e-05
0.0087479604166482,1.3359335495059424e-05
0.0105789506221482,1.6122620561277277e-05
0.0141604294297161,7.8275422362068e-05
0.0160559575530631,7.386819242667265e-05
0.0007756708304155,5.210818469705745e-06
0.0156606243175285,7.492570763817326e-06
0.0184693479033257,0.00013592102943399103
0.0128633074590475,5.868218254724711e-05
0.0045635839127108,8.013125648100135e-07
0.0122831354376603,2.2390607133898058e-05
0.0101341648561926,3.840576688880483e-06
0.0067630516897812,2.2640167898300187e-07
0.0193579510204827,3.537341140411067e-05
0.0034289992073017,4.0888847400254796e-07
0.0060561880884735,2.853562631285884e-06
0.0139069611242811,6.364530443623224e-05
0.0151927524941869,5.2063018823694095e-05
0.0177610398211529,3.867033021155607e-05
0.002574256820302,1.4452522418296577e-08
0.0191762499351182,0.00012673417896381822
0.0125814617894384,5.294965944003291e-05
0.0069696402992845,7.1252879667526e-06
0.0051491690345504,2.1106691868610244e-06
0.0083085635543696,1.1560956201026243e-05
0.012131609687367,1.855516447973509e-05
0.0140990023685606,9.274705734275129e-05
0.0103485795936731,8.417517775549294e-06
0.0127170560103384,3.99632459438256e-05
0.0108681167201601,3.636034708358683e-05
0.0159329310262372,3.3338303048899124e-05
0.0137434024419506,2.5278734099591534e-05
0.0194169356665735,9.696871302468588e-05
0.0003520671778183,9.730246738772143e-06
0.0044538234683112,5.861199816155518e-09
0.0100053772928758,1.6437851342015858e-05
0.0138958516951752,7.337519414422889e-05
0.0162411810048049,6.919882053251744e-05
0.0197185756977159,0.0001392989305944484
0.005853489617322,5.4689987288151245e-06
0.0148410438551206,4.2958414631502144e-05
0.010844613680162,1.9478593682494867e-05
0.017137538919705,6.277280486334732e-05
0.0022509830569897,3.0048566260802144e-09
0.0146411188057608,3.228179627830507e-05
0.0158303593041837,5.764885748891488e-05
0.0083047626529523,2.0030164568997718e-05
0.0028316049251226,3.174841710033563e-06
0.0098814916700324,1.8382167657976496e-05
0.0130940985778341,1.0151313120100213e-05
0.0010178172659053,5.180708653612447e-06
0.0050193177575067,5.248914145351348e-07
0.0094993886144346,1.695611404372111e-05
0.0003385750570356,1.045949538492842e-05
0.0011756711900173,1.6058271917370707e-06
0.0069892049124359,6.705019137692113e-06
0.0038054761025379,2.2761056853283262e-07
0.0056286629343072,7.030450396473147e-07
0.017951956148921,7.79925829700731e-05
0.0059042349517452,5.637051921541685e-06
0.003901778894811,1.7892714513878933e-07
0.0076036094937833,1.0846613632979594e-05
0.0054712326799624,3.904366257537023e-06
0.0001397699637696,1.2259435248719797e-05
0.0085284458774574,1.1069319315944707e-05
0.0124396098601548,6.1597470997966e-05
0.0060625342759062,4.283344514154606e-06
0.0159392473991637,5.023404767061001e-05
0.0031671370941521,4.888923642139285e-06
0.0173221646053718,6.280216590253134e-05
0.0067943901365604,3.6787902346020246e-06
0.0083661334380921,6.837759883283003e-06
0.0059081952263786,2.5283837853571546e-06
0.0174132006029041,1.5138654516258703e-06
0.0011568725030892,6.671370491304965e-06
0.0190463390242406,0.0001372057975019086
0.0136844002169002,3.4549388518625885e-05
0.0070962991096584,1.809231430041661e-06
0.000728880449409,6.5183092711210226e-06
0.0168695291894493,2.8324586630939696e-05
0.0192044162756306,0.0001110881670414655
0.0101075910669676,2.0007196528068582e-05
0.0014444494100477,2.49925601801433e-06
0.0131346662107959,2.2731856329871897e-05
0.0118585544762775,3.468029151310565e-05
0.0054290342752963,1.1389096593797245e-06
0.0139676643267435,8.016107517510864e-06
0.001841171045966,1.1759001497136418e-06
0.0094985188181351,4.0545944085483786e-05
0.0051159365120247,1.058721528241046e-06
0.0154997693909426,1.618118990373443e-08
0.012182881645555,1.723585991406761e-05
0.018161947316357,8.815187739860878e-05
0.0192378908060428,0.00016529977480211108
0.0147479528398296,4.877467394104997e-05
0.0095807040659205,3.0522528290229925e-05
0.0155201618919872,5.2028136991360696e-05
0.0069104487755547,6.616730027654002e-07
0.0141731704286336,4.475947783501639e-05
0.0063616501895298,1.1566943332224346e-06
0.0174611015708154,0.00011693040931171707
0.007377777541848,2.9437888342331916e-07
0.009379241936618,1.6600994584422023e-05
0.0117748104063871,2.175734013192076e-05
0.0028064947962259,1.018189510311187e-07
0.0192259325573455,9.299960004471993e-05
0.016102691663456,1.957212777068552e-05
0.002398442469984,1.009365329048181e-07
0.0192870669030878,9.720072120739901e-05
0.007891392734724,8.330122358416237e-06
0.004600676230942,8.322072992321364e-07
0.0055781671940987,4.590110944973387e-06
0.0137725574573397,5.0932741986306204e-05
0.0061845088306693,9.065490962344275e-06
0.0020010046861686,5.645665903893236e-06
0.0096586907319604,4.1129040666244684e-06
0.0153142328571116,8.401808730334506e-05
0.0028657297682952,7.22017325459661e-06
0.0103467624648988,3.119477390699289e-05
0.0196045131824153,8.232641141534152e-06
0.0162742215592098,6.52908007935412e-05
0.0071794559488189,1.5921187910742347e-07
0.0041084597598658,9.199430068113831e-07
0.0094213519604079,1.0589178138666522e-05
0.0162619678483015,8.73500388400643e-05
0.0066195855397307,1.0098630861357283e-05
0.0163653112408894,2.9240293068640192e-05
0.0033816492322848,3.661291457095967e-07
0.0042968109367187,3.831724568743276e-09
0.0010425041462509,5.7430880011540475e-06
0.0182096189416664,6.872974756272659e-05
0.0064288831378246,1.0639561760149795e-05
0.0120572841436953,3.794242332496539e-05
0.0110570595353553,1.7872809163032657e-05
0.0183350325592992,2.5490433936756968e-05
0.0054503179640105,3.210458337101461e-07
0.0038996064128032,4.6197396655389167e-07
0.0018280615943548,1.1418334026187864e-06
0.0185839932834605,0.00011174273357104835
0.0103888349733441,4.1291335596698616e-07
0.0147816410382719,4.775522051632495e-05
0.0142418461516373,4.2955653957026394e-05
0.0074685572378584,1.4209266923405929e-05
0.0149219672590579,2.1818286960013498e-05
0.002719977740112,5.011145683616111e-07
0.0076274904868815,4.1023408246665425e-06
0.0051522804826142,2.4485246737266763e-07
0.008738945653387,2.6831869052157213e-06
0.0037215895662518,4.12941490330458e-07
0.0105263072731335,2.5532526028434792e-05
0.0075715971965789,1.8964319038748755e-06
0.0065364958891611,8.444194741670734e-06
0.0108751225849168,3.78077899223165e-05
0.0069730390931874,5.2793359527145066e-06
0.014903758934326,6.465111046200483e-05
0.008845818908563,3.839237409943301e-06
0.0016640075959972,1.1767790539452306e-06
0.0076494248426541,4.297261808004833e-07
0.0172596031541808,5.48570831390427e-05
0.0124267411642821,6.243096040047683e-05
0.0152972668656464,0.00011739181763195569
0.0104486225575391,4.11149457279087e-06
0.0065643691364113,4.75366703646772e-06
0.0142857582267022,3.860662480125262e-05
0.0076112985877256,6.735736651168311e-06
0.0176983349658946,0.00010982658674853306
0.0053754193340636,2.155770717758932e-06
0.0061303430438112,4.1222920741682053e-07
0.0144153764481881,3.6980402404861686e-05
0.0044079669414397,2.5725105263740425e-08
0.002813358432172,3.1420302917088175e-06
0.0112572578214791,5.8032024419577466e-06
0.0012988041502793,5.030976937225055e-06
0.0173478090096209,0.00011366356353851047
0.0104212297365417,1.252706171677867e-05
0.017186603975919,9.141919320984804e-05
0.0148829240391607,4.744497150027854e-05
0.0035593985390019,1.510792790172727e-07
0.0069544061806714,8.55489191220852e-06
0.0189204521625867,9.031685551319245e-05
0.0126076954648386,2.5400991039268615e-05
0.0036978971180719,3.816890016888276e-10
0.0156141825818385,7.902705077608584e-05
0.0189327726485355,0.00013286229991325363
0.0187578894696325,0.00012759114335781182
0.0025345409234926,1.5524756013626077e-06
0.0100425169599162,3.684647844273866e-05
0.0175538610169365,6.952578718308457e-07
0.0128380717337997,2.5101854622804646e-05
0.0092412562077194,9.44951281417918e-06
0.0187739556720223,1.980692056674581e-05
0.0095775380313926,5.025939640755073e-06
0.0102227933680141,2.756513763767877e-05
0.0096371487606284,7.095007899084159e-06
0.0187966296401165,0.00011177923243999066
0.0070554162892891,8.353785969449542e-06
0.0032090921521612,1.0599653048134596e-07
0.012108735495521,2.266420716857675e-05
0.0115914888556313,3.827796895653224e-05
0.0193399571136709,8.493737131554169e-05
0.0139158847014922,3.7907530981261463e-05
0.0125603986894803,7.384552169775278e-05
0.0168969929606383,5.132920425191276e-06
0.013843541830814,4.9670253862138664e-05
0.0113232098102688,9.457697637322266e-06
0.0172017776272014,8.32231718186499e-05
0.0184124954677627,8.501906256806967e-05
0.0157370983350499,4.190742110441761e-06
0.002634372476593,2.519307875542659e-07
0.0019343907276938,2.5007573319564617e-06
0.0106905476870894,3.336427824599209e-05
0.0036904402926732,3.600569956411482e-07
0.0024182890046303,1.1626533523007065e-06
0.0079324773079489,9.260323890825553e-06
0.0066141138585205,3.93307643572823e-08
0.0179291799577419,9.208794993074266e-05
0.0028488711780869,1.6874495108930687e-07
0.0071637379026823,1.0824302387599463e-06
0.0011858458677612,9.532904481740277e-07
0.0074253772452788,9.210734153311628e-06
0.0130181783579778,1.7851713934609567e-05
0.0015038579143708,2.8662056391001116e-05
0.0046138016862235,6.433488515523914e-08
0.0054782971638968,9.300946179860802e-07
0.0076666524051073,4.505023313144081e-06
0.0165478388713968,5.617182420637243e-05
0.0110967870081502,1.254322265756066e-05
0.0120667303555565,5.3771888721875345e-05
0.0061415390047201,4.974164987916524e-06
0.0082776139203431,3.816285912850885e-07
0.0153707888816044,5.246908812202129e-05
0.0045000344495003,2.0205231000313304e-06
0.0085356170649676,1.2319186243399485e-05
0.0036625352538971,3.4700063049129662e-06
0.0120967583881579,3.789323722996725e-05
0.0120541400617754,5.652288389824767e-05
0.0073832688209109,1.0131541203474197e-05
0.0055234849819583,4.308232540429307e-06
0.0039883978875087,2.6681647801469807e-07
0.006023442084512,3.350301618291407e-06
0.005272539643029,2.734476440550641e-06
0.0198832345862306,6.319104015411159e-05
0.0054528844923213,4.803590469677829e-06
0.0029260775640299,6.823023749285147e-07
0.0182233470320033,8.077097516302607e-05
0.0132378943900195,3.6057930214768796e-05
0.0047771036693572,4.681115055257286e-09
0.012947922892654,7.007711085477035e-05
0.0056207977511304,5.573762170790458e-06
0.010762748394634,3.1981775058896604e-05
0.0055234831495637,6.736409119764848e-07
0.0050420135557397,5.9604039065885986e-08
0.0073264828541175,5.762546974961058e-06
0.0138516810556992,9.413324248822056e-05
0.0129565033241151,7.106282632654157e-05
0.0133239777687219,2.6556831575384685e-05
0.0120471948762506,1.8714137969162107e-05
0.0111280043129753,2.624606209695241e-05
0.0193561334736229,0.00012874985614274724
0.0197052735408717,9.79491991650338e-05
0.0194254150787471,3.097845901482024e-06
0.0181553524512614,3.773275589977383e-05
0.0091171378407665,1.7960141673382153e-05
0.0062303875315383,1.1264085395519443e-05
0.008707184750998,7.28482814148564e-08
0.0032578775334311,2.998451998035912e-07
0.015507729625702,5.2919122534009306e-05
0.0093891207037081,7.53220691396121e-06
0.0156878756236302,1.612491260383462e-05
0.0151297352689386,7.48103805978495e-05
0.0130785909964227,3.402973009011995e-05
0.0115506876631139,3.0604164365855365e-05
0.0041145497684421,1.0615862795612649e-08
0.0192025832956113,8.044597470008581e-05
0.0072569130515158,9.38031938810174e-06
0.0121588557561408,3.529501933974623e-05
0.0183821905334569,0.00014140224358466267
0.0160883382209499,4.780233554449618e-05
0.0027571875298637,1.4319319334228235e-07
0.000398304098467,1.727607293620713e-05
0.0188359859937394,3.302517977800286e-05
0.0004253010460766,4.326741856233611e-06
0.0120854740990064,6.748399738892176e-05
0.0025149863083267,2.0759819149990977e-06
0.0122991589180637,5.607237387906659e-06
0.0071706753073615,1.0039085444745095e-05
0.0137909009070651,5.307954886898727e-05
0.0164199304969784,0.00013072657224986084
0.0087654716279806,2.431944138170946e-05
0.0164450294623353,6.063151439151358e-05
0.0087647493057369,1.2040197293398222e-05
0.0196529574415683,3.607053667566368e-05
0.0134560124811877,2.51965517595532e-05
0.0142800882908261,6.09441831987976e-05
0.0112404427062322,3.0897636907993745e-05
0.0161414509943207,2.0186108435963862e-06
0.0035982217972644,1.1059367239804773e-06
0.0027954824603332,1.3391118946386253e-06
0.0045491789886291,4.1803348837910775e-07
0.0061463328770601,1.3116228418061994e-06
0.0067299121807615,5.488401850620887e-09
0.0087930170242724,1.6020941803075535e-05
0.0111223786272095,1.0301253308449234e-05
0.0055463714576357,3.2194332840096452e-06
0.0089423996272964,2.3314966176427984e-05
0.0175619415091674,8.528500764842101e-05
0.0051756352945153,2.693228885358652e-07
0.0057373335419168,2.6425509426622405e-07
0.0180342693627555,0.00011703710816891772
0.0123097130469053,1.836130500647066e-05
0.018865593244479,7.175145686952417e-06
0.0112590787863203,5.1703574284652584e-05
0.0150961098228064,2.5860798942256248e-05
0.0133084025531632,4.439243109082388e-05
0.0155186118277749,3.376922369608634e-05
0.0141624168714561,4.153742198119605e-05
0.0095981041892563,1.0823890408595847e-05
0.0109361842480215,3.110976078436374e-07
0.0042797144518048,7.091663874924375e-07
0.0063408687314394,1.5514512456956412e-06
0.0153145807592545,3.9487874777136175e-05
0.0146092208166958,6.879093374018963e-05
0.0099738631952636,1.82824717609587e-05
0.0130790831126951,7.5805747002272115e-06
0.0047985412245553,8.136599601668556e-08
0.0147472595297595,7.704806205495049e-05
0.0095040842615865,7.979907376138738e-06
8.405214866971766e-05,8.44298194210316e-06
0.016641578134103,7.81291225022571e-05
0.01491518438526,3.3265466980205584e-05
0.0196644075461445,4.279475087325296e-07
0.0153042504219954,0.00010435414093697552
0.0172064422505917,3.44520475621639e-05
0.0143396998169965,2.7705161150219376e-05
0.0145110128099337,8.195937431545291e-05
0.0049701976045081,1.414151263589001e-06
0.0147530190070545,3.977287876788432e-05
0.0016565285543933,2.3044043571726536e-06
0.0132072423997037,6.665743947119434e-05
0.012822567020628,2.5795586128593536e-05
0.000186266028321,6.327150205447073e-06
0.002748040814694,7.973711104528266e-08
0.0165374275592742,2.2521421492347562e-05
0.0150055563917737,9.02758661548153e-05
0.0191105674205511,4.048437102511729e-05
0.0176035464442932,1.859569996356249e-05
0.0171857964967778,7.88310977815768e-05
0.0109491273586541,3.622080436092124e-05
0.0118849618584912,1.558445312837102e-05
0.0030456223429268,1.1356623496146345e-07
0.0168027494021162,0.00010732959024735547
0.0013372798379403,1.3939419503719991e-06
0.0184288808551697,0.00010245027246055014
0.0159218162371268,6.0080644943600635e-05
0.0166095075513261,0.00010710969097121747
0.012599430635284,6.648599671025065e-05
0.0089406761543108,4.3009289166460355e-06
0.0053388296669814,4.2079282073193516e-07
0.0059965457898396,3.1368244702502e-06
0.0192233780156013,0.00010444604965960822
0.018815427505178,0.00010853482347640623
0.018578264716133,9.077408349621267e-05
0.0077891187921092,1.3103878898627235e-05
0.0095667203289996,1.1791388973385036e-05
0.0056777861337034,2.2027109295683263e-06
0.0048777954601883,2.91067418330311e-06
0.0110293948974592,4.352001310890391e-05
0.0120556997121391,3.753118039736573e-05
0.0123902268547155,3.2639148396738864e-05
0.0084429512258525,2.4201786726327856e-05
0.00694676883722,7.134253007077208e-07
0.0144867955599119,8.525828168777596e-05
0.0008992628478751,5.7903252655949194e-06
0.0112139628739815,3.947923214163893e-05
0.0019856862164233,1.483198160747898e-06
0.0126913268799132,5.264776953212605e-05
0.0108707601462684,2.9278687354924554e-05
0.0056461402949042,6.234095778102112e-06
0.0051515646416455,1.745253101888365e-08
0.001689754248462,1.6194600241240494e-06
0.0147205396369106,6.379281810831994e-05
0.0120788054762028,5.185880521162137e-06
0.0194262882613645,0.00011576924591922145
0.0155133618924668,3.963517116912186e-05
0.0071316839048798,1.5555645864675594e-07
0.0170511319307171,5.699788363291736e-05
0.0038249517740611,4.1784209896519915e-07
0.014597278110147,5.10293767451486e-05
0.009755708145642,1.652374680933305e-05
0.0122234720290868,2.965202031625077e-05
0.003859556296839,6.022383170722394e-07
0.0089998987193168,1.8199610571412473e-05
0.0158777647229017,9.954918685691864e-05
0.0077363651530684,1.2144797056764092e-05
0.0186968677848783,9.778381166941054e-05
0.0152353581395959,0.00011128699587470625
1.7208073233516695e-05,6.7776988699786775e-06
0.0093361790070565,1.9589389958439175e-05
0.009476599712018,1.0604068686001503e-05
0.0073807103302873,1.2556801267027986e-05
0.0098302211023539,2.3689375931314232e-05
0.0106424996882379,1.6108254888305438e-05
0.0139407233966537,4.8053339885482066e-05
0.0036354084422973,9.447827125408588e-07
0.0173608238253342,8.169327286043102e-05
0.0141093353513695,3.511436805149403e-05
0.0095665438801838,3.005331570798689e-08
0.0126897721183415,2.8162402506650608e-05
0.0005221820356439,6.2688676729035765e-06
0.0018054709114061,6.057161587942232e-06
0.0176804239138054,0.00013047786017037348
0.0152789868917916,2.4395444901346086e-05
0.0089517971211347,7.313432191317889e-06
0.0112585527811038,2.0344832903024217e-05
0.0157341698296349,3.77168874654435e-05
0.0153315595604746,8.356328211295706e-05
0.0043453417128768,2.0813478379629863e-06
0.0087884557431887,1.8896662360769544e-05
0.0088296933461685,1.4753675875770933e-05
0.0159969912932775,2.033848699181715e-05
0.0133710418387136,2.1156451992966164e-06
0.0108548913918661,2.3266553806820888e-05
0.0123241282870211,2.4911875644874392e-05
0.0002565490837559,2.3737213012057395e-05
0.011586030040768,2.367738330259319e-05
0.0142222235459588,2.6223642993463703e-05
0.0133339344059726,3.9480789883425657e-05
0.0061439864638481,1.3613967514285942e-06
0.0107709624739164,2.8655041822527022e-05
0.0100866518161867,1.1253001225355179e-05
0.0009123519502756,6.488510753168118e-06
0.0064743660366291,2.998766765035742e-06
0.0119595197613259,5.4508980212166115e-05
0.0083548598367102,8.638964916226021e-06
0.0118962902233477,5.460992906758693e-05
0.0022466117172515,3.842416369592967e-07
0.0172305263660488,0.00010748212966177524
0.0141297097756951,4.7769543272878936e-05
0.0066177285210485,1.1430323660711694e-05
0.0033769288368507,1.239503255240953e-07
0.0163445733481781,6.392419652030778e-05
0.0026396119695788,5.130393747639411e-06
0.0156177003632619,6.460482214577261e-05
0.0087561383704777,1.678539932497995e-05
0.0038719280240429,5.7063651797201984e-08
0.0012058990862181,2.043465665439664e-06
0.0065489848855797,3.3052055672608864e-07
0.0073447489924806,4.1702218629786485e-06
0.001187984916862,1.2765535696798594e-06
0.0075371154863249,1.2932073574272294e-05
0.0007511682696731,6.772492978733646e-06
0.006660658376587,5.443265175396636e-07
0.0119390453035462,2.3121844397895644e-05
0.0030248170810618,3.478219456737238e-07
0.0141421387406421,5.6901124028014966e-05
0.0072629538808169,7.2559996018577574e-06
0.0094964551634223,3.824412691476262e-05
0.0174875068626286,3.970982261239753e-05
0.0004118334496781,9.489965174202995e-06
0.0011899324964152,1.3536766592568536e-06
0.0029689512485968,4.2519320772286946e-07
0.0065661284698414,1.713817958005015e-06
0.0007065288757816,1.4312072523477478e-05
0.0125450962502847,2.8373538980955784e-05
0.0180465533822496,5.7188019986794814e-05
0.0038817308221748,1.7614873352975705e-07
0.013953866670141,3.647811959098694e-05
0.0026766738677432,4.147954728920511e-06
0.0067673920180082,1.0765583904737139e-05
0.0138635239969585,3.9852697977047e-05
0.010326614321975,2.555149758911806e-05
0.0111601487056043,5.4532700430059e-06
0.0148506534576327,4.540418734067955e-05
0.0065693757890854,3.1126329924764475e-07
0.0172006939118858,5.592109819676421e-05
0.0145596459293348,4.5887305150059236e-05
0.0066011502946575,3.3534610176536495e-06
0.0185133669363954,0.00011906621762993289
0.0034229376917509,3.9561643433937844e-07
0.0172951444079743,4.841661908360699e-05
0.001481331264559,2.3978290359505354e-06
0.0135175734351979,4.2568479554765665e-05
0.0011847489699773,5.144500036731942e-06
0.0007676790534138,4.621067319456701e-06
0.015049503693077,3.434698399373554e-05
0.0187182713460795,0.0001922888962445616
0.0068414943633416,1.1478424646310353e-05
0.0027674944445941,4.825987371852824e-07
0.0098432981989557,2.0981684453076693e-05
0.0061989078692922,1.0394948611447034e-06
0.0076352474215703,2.7926251095065855e-06
0.008919571648184,2.8682233575548034e-05
0.0072283416487929,7.099149101784221e-06
0.0116893362753558,2.5372257366945796e-05
0.0115262478160828,4.087264452397786e-05
0.0086445963064172,8.165670014061968e-06
0.0165979068013655,8.739767858058687e-05
0.0052521839121208,2.747866843991437e-07
0.019233782369088,0.00012602167183478047
0.0071738884277318,1.5304012005378694e-05
0.0079679585697786,9.133950819496859e-06
0.0177552401256721,7.713846294310493e-05
0.0090243570866892,5.135141854967455e-07
0.0017659018673859,1.8123893818362247e-06
0.0083861523619407,1.4282922355048582e-06
0.0195926988598059,4.155770497470853e-05
0.0061121376935,2.065247708168252e-06
0.0086653090725315,8.609920468274725e-06
0.0146095284914169,7.586041700463806e-05
0.0066865765010982,1.4259365019101828e-06
0.005288551712209,4.085158572103653e-06
0.0119303229261894,3.716356124009612e-05
0.0106126167829174,1.9621250701338867e-05
0.0121711488015818,2.3895512000695026e-05
0.0148338910349007,5.2325155687770006e-05
0.0144674294318024,2.7304635216700706e-05
0.0103321112758051,3.4639148639953886e-05
0.0019314439814911,4.054959204051205e-06
0.0161467246709405,5.812497743552581e-05
0.0109736841633748,1.4528484925347556e-05
0.0142009421264778,6.81862814826617e-05
0.0115220489846126,4.006577140532129e-05
0.0048101671584189,1.3598230232065387e-06
0.0080507532522864,2.413781517065538e-05
0.0113577089726289,3.786943453888852e-05
0.0017371110909213,8.98277615494302e-06
0.0125297859373811,2.795552711523156e-05
0.0044529971667797,2.1548341094838096e-06
0.0154660773662934,7.40255061094944e-05
0.0106188371531358,4.162242540827039e-05
0.0123014453416671,6.671765627031354e-05
0.0077518391063555,1.1672751744766679e-05
0.0167737377611056,2.3491333976655927e-05
0.0198146710338991,4.112250417517365e-05
0.0139848851691551,3.8462012104289324e-05
0.0118101630742012,1.3905974299301744e-05
0.0158819905141642,7.449876345652714e-05
0.0060098365602584,1.859754261179737e-06
0.0020343542787425,5.288576610098026e-07
0.019096823729951,5.603516311142367e-05
0.0007662233824951,4.838848150578831e-06
0.001124426059427,1.4031859171592306e-06
0.0162659016745171,7.279832467531062e-05
0.0105187607873145,3.135259643318002e-05
0.0130903304526363,3.4902055163492845e-05
0.0145371218371337,9.112034204367418e-05
0.0045309266140048,1.027729928752597e-07
0.0035416780461281,1.1255372542516383e-06
0.0107063507146718,6.2754975535267175e-06
0.0073039019211782,3.704961758415164e-06
0.0077470002571496,8.144399128996091e-06
0.0024666823786079,2.9889510185335076e-06
0.0190818053948422,1.5451453452529125e-05
0.0033652581732571,1.1147882396279918e-06
0.0171381481308815,3.0742895832885527e-06
0.0153379633502117,8.858119815460345e-05
0.0049340138710077,1.2445541497371896e-06
0.0161332620733362,3.9681853679996656e-05
0.0171554282944908,9.906842879263688e-05
0.0112328229659793,2.807696702063334e-05
0.0160735525638663,2.0549388960978154e-05
0.0100974964270242,1.8913282876737757e-05
0.0086341338378712,2.6365605208949655e-06
0.0098804753712319,1.041087410442616e-05
0.0088088619107891,1.5319389113583893e-07
0.0091632332049124,1.5014406431645104e-05
0.0158173337743273,8.962735527915187e-06
0.0163434008547487,6.828406978312204e-05
0.0130103326397036,3.161426458129888e-05
0.0014377309298978,2.2785878195495686e-06
0.0140015300517983,4.611631097059226e-05
0.0056924187239375,2.0541350696651542e-06
0.0184830987194664,0.00013265667156003527
0.012340047378364,2.3914654600277224e-05
0.0046050979406783,1.7769684235601506e-07
0.0125317469466584,2.8214432709091656e-05
0.000973454044569,3.1290385641400664e-06
0.0174183354742251,0.00014856737803446745
0.0044810185580868,1.0986818102231318e-06
0.0006099909627051,2.759993190682846e-06
0.0078629841147964,1.901457900974104e-05
0.0081077938136258,2.4676970492118813e-05
0.0044809382272237,5.606608640348348e-07
0.0111758444055946,1.2416369747232561e-05
0.00068966025696,6.94901886702538e-06
0.0174982860433283,2.3571124633078863e-05
0.0067406219017994,2.022602597400529e-06
0.0003423336630256,3.852829988143051e-06
0.0097796347104378,1.9588927765232873e-05
0.0084424411751037,1.0112297446062388e-05
0.009553234886997,2.4977315640464945e-05
0.008241740756166,1.6126468890854713e-05
0.0060502634621058,2.2831516279726669e-07
0.0187964084181387,8.658002298920143e-06
0.0193585670240431,8.325858722244539e-05
0.0102494884419138,3.166678880381622e-05
0.0082616962304431,3.764334093116506e-06
0.0039914574864285,1.0108278716677037e-06
0.012265968633707,2.9092931593002974e-05
0.004912454395987,2.004673107021618e-06
0.0060232175574001,4.379075968277743e-06
0.002183534063642,1.2167102541747744e-07
0.0110921937618115,5.3324335972400054e-05
0.0001244204685834,3.7593883451434636e-06
0.0188397999829652,0.00012172225254088825
0.0057868498073267,7.79822074012523e-06
0.0129145029056414,2.7351990786129928e-05
0.004547208993638,8.08701472261993e-07
0.0171811005795459,7.492306379798503e-05
0.0103942119683683,2.612146568916273e-05
0.0029996256196137,5.9200273964568687e-08
0.0056591708622684,2.4751818468972714e-06
0.0139323943511762,6.606794908374794e-05
0.0167399599867233,9.221842167817376e-05
0.0053550583274026,5.662334609520864e-06
0.0079626352421494,6.260542024784605e-06
0.0019181059058187,6.812835591742202e-06
0.0043288814604919,4.915917267448193e-07
0.0123840643940651,5.830081322940569e-05
0.0090667453832605,6.778265044425508e-06
0.0067636039107515,1.3338799880261692e-06
0.0114506035560874,2.1150182514197948e-05
0.0007936345147898,1.504655988351593e-06
0.0166547462730261,2.3013568927525006e-05
0.0065120098044368,5.3127969414964214e-06
0.0006803345615671,6.904875499578098e-06
0.0144059840813259,5.952533428671305e-05
0.0025724921663689,1.6649221422660494e-06
0.0068897666732152,3.7583296895651574e-06
0.000731331534775,3.3421056180743496e-06
0.0012176590086571,1.0456919041544076e-05
0.0100061404369094,2.4557772912554555e-05
0.0030136609174573,1.0424350920268377e-08
0.0060547885030204,5.244161655052917e-07
0.00344496073652,5.642266775167365e-07
0.0167031504478851,6.147664526265363e-05
0.0128953635998418,4.824097150469315e-05
0.0091235789067856,1.4725838048691704e-05
0.0137574635100815,4.3796470311561863e-05
0.0074126648802914,1.0568396307089709e-05
0.011379058413153,4.3093696306286815e-05
0.0168383586974266,4.6964212275646753e-05
0.0063874528851276,7.011578283807679e-06
0.0096225348431214,3.822382488989117e-05
0.01362063419453,6.492357425570691e-05
0.0040823406801457,1.6790102020000715e-06
0.0062799614255149,2.204876924812046e-06
0.0182562798414122,8.807571122831267e-05
0.0041164548403765,4.003579171005077e-09
0.0113827169885258,1.1394080567524162e-05
0.0195575580182222,8.205920133311803e-05
0.0193946989690501,6.638128482540465e-05
0.0195859402158938,8.400382065440886e-05
0.0138220397819325,1.985934442900899e-05
0.0035990666275043,6.545533016404634e-07
0.014294382764607,6.376448116209924e-05
0.0172078386638307,3.172543656588375e-05
0.0041224919196718,2.2268362951629863e-10
0.0029219848333405,7.900429923238595e-06
0.0138295857425032,7.166479604295091e-05
0.0053482659720193,7.579820275262667e-07
0.0029800519279179,1.6252742067948315e-06
0.0085719537572031,1.2096307134737825e-05
0.0103569731000066,1.7198438172157392e-05
0.0176587818359267,0.00010407569289884816
0.0022736905172884,2.1922439333188244e-06
0.0175906393408705,9.819698248553709e-05
0.0170805602322702,0.00010957586502894765
0.001385021410126,4.5383065631929325e-06
0.0110311476705491,2.633134552941022e-05
0.0038425362923166,3.856753248094013e-06
0.0075823480284232,4.007459845440715e-06
0.0187338201170361,5.194801579337957e-05
0.0101695480575918,4.12470942401003e-05
0.0131595781053881,6.353833788078782e-05
0.0129089142380466,4.4747512439651866e-05
0.0187745810775074,0.0001346699631532219
0.0003141083213457,1.4566138496266788e-05
0.0065149709836974,4.0932510713019515e-06
0.0095287388489652,7.244336751711108e-06
0.0032481528764161,2.4015706707528693e-06
0.0093398999430018,1.060889579789683e-05
0.006237257672532,6.572531501878676e-06
0.0115026777172562,4.519860841103668e-05
0.0199250111828423,0.00020376276432603266
0.0029774648231909,6.693278807029666e-08
0.0028505706548491,5.692472154638148e-07
0.0197506031046026,4.039404280403559e-05
0.0141294872778725,6.234781610480964e-05
0.0133224849984546,1.8680128214040917e-05
0.0119732822106844,4.020023187902936e-05
0.0018061588215181,6.020058326364178e-06
0.0173807184396773,2.0705856425065847e-05
0.0122887204071167,1.3700713218446908e-05
0.0164728509909339,9.038620194399871e-05
0.0055509125557222,1.7053715294094083e-07
0.0018090878971283,1.6485995806928163e-06
0.005527674058555,3.972092139743421e-06
0.0147367030068118,3.767041438942757e-05
0.0141747026638831,4.5295446235336286e-05
0.0005731265507481,3.2807089602855734e-06
0.0152109915115603,7.629259345301585e-05
0.0075006670497167,7.920026604045473e-06
0.0026301629523335,4.872078886754277e-07
0.0055079077732977,6.878832560372542e-06
0.014802772107032,4.753569078359427e-05
0.0111099702604736,9.05439253232524e-06
0.0166317739218263,5.9489544054545765e-05
0.0054459483647065,1.3044019688197963e-06
0.0007587313316676,5.588594035670933e-06
0.0157165083289436,9.998894699717362e-05
0.0060535831527865,3.440981810988702e-06
0.0104184625721487,2.1884191586234533e-05
0.0111114713515194,1.2307996211761246e-05
0.0079417408421689,1.1126314774348029e-05
0.0196874913798061,3.7615908610707145e-05
0.0140250411928825,7.856543205423884e-05
0.0173655509656432,2.9900277524904965e-05
0.0029134009972093,1.1571283243312197e-06
0.0194938107418158,0.00012245068524742984
0.018820161531276,0.00010720691142355738
0.0003819486342373,2.3738942371885262e-06
0.0019119948182604,1.4557523346011382e-05
0.014496397366147,4.016726281264539e-05
0.0134958619395451,2.6221374460372546e-05
0.0192158107196812,0.00014774648786281753
0.0057585975913905,7.48980682750018e-07
0.0083125552259545,1.6069764250293504e-05
0.0081315601683763,2.485524399246776e-05
0.0068519913058553,1.4817947511156561e-05
0.0036605787390164,2.552678560977521e-06
0.0130683489460169,6.399183802946247e-05
0.0155210674274955,1.3390338763053412e-05
0.0039070100032171,2.410419605818062e-07
0.0166792239826135,5.2189519072639456e-05
0.0112562561928698,3.789567539124607e-05
0.0089827373738297,8.209121480951331e-06
0.0190653827854749,0.00016728755220695566
0.0045753546677707,1.4218257715785132e-10
0.0046149979578837,4.624928775023955e-06
0.0183831731122681,2.3075822058487002e-05
0.0183538595913035,0.00010763365365898147
0.0085913542867662,1.0043169475110378e-05
0.0159373448343912,9.188909423794237e-05
0.0033505247624215,1.3078327876716692e-07
0.0148911594178981,8.754692078664526e-05
0.00130563942592,1.6223031019697115e-06
0.0153518597638835,2.445099452972802e-06
0.016879110219663,4.3267864816259225e-05
0.0003177589279947,5.4361588395259685e-06
0.0164266126400765,4.806508080162822e-05
0.0056729237364838,3.5423275555292872e-06
0.0017517046367055,1.2372898908015724e-06
0.00591158117738,5.234491894587359e-06
0.0162360544818748,4.559789244007383e-05
0.0193896090354349,0.00011685976573978648
0.0197654459090966,7.29239976497779e-06
0.0080360973725463,1.2834645011073372e-05
0.0118592261553276,3.291419250148668e-05
0.010745638650022,5.482034654299457e-07
0.0048235839788844,1.2576994720805089e-08
0.0013535203920405,2.616769930117908e-06
0.0117927623792685,2.2829170546906033e-05
0.0098393501194515,2.6360960913264277e-05
0.0104149940074828,4.82233262653636e-06
0.0027285490409017,5.274107638695104e-06
0.0137792681069331,4.683588614370163e-05
0.0006407053425506,9.458297233300017e-06
0.0192505947528712,5.421062390355833e-05
0.0079272288659433,1.4935054184916569e-05
0.0169838086587262,0.00011741269532624747
0.0176700541282571,6.701943348150361e-05
0.0045398184482923,4.0410976999805394e-07
0.0106020017208014,5.0379084746090984e-05
0.012051314558633,3.804905984908857e-05
0.0192551820846676,8.320122341654528e-05
0.0174540788490293,8.67627155043859e-06
0.0176827153776386,0.00010162848071111402
0.0024744996129154,1.0094976240346749e-06
0.0149917927583474,5.921791361410691e-05
0.0192722222845498,7.08394639683471e-05
0.017839272948808,5.268343525688163e-05
0.0031046443859285,4.445352509701082e-08
0.0187164131628554,9.724867915365572e-05
0.008975740049215,1.3111140872925952e-05
0.0192335365864993,9.025972069785815e-05
0.0089595140256193,1.1226698706212602e-05
0.0133032771933163,5.08912246165432e-05
0.0036623740461443,2.9041104441924906e-07
0.010880965844175,2.6476765022695897e-05
0.0185128406103156,1.6247302835802658e-07
0.0157167138066159,5.403547306932805e-05
0.0194572672441368,4.5237674267970404e-05
0.0061723406164596,5.521203262245062e-06
0.0192404841151431,8.097145530264721e-05
0.0073651764874603,5.326302592867889e-06
0.0094275002426488,1.7257327507147186e-05
0.0157275517367416,1.7923421816089884e-05
0.0102206680291013,5.510011647818745e-09
0.0086508539650142,7.914601040750548e-06
0.0133359139510686,5.0186361255435685e-05
0.0083079413360535,1.8388348922342085e-07
0.016146560509695,8.51214864342662e-05
0.0118127428434525,3.0171593154950727e-05
0.0169045512758077,8.613013877658855e-05
0.0093278709574116,1.0370247394636661e-05
0.0138433657186107,5.606468339738669e-05
0.0198861180004107,1.0024654061384395e-06
0.0030795607024411,9.100229492355593e-10
0.0147574662831082,5.9436378364393464e-05
0.013362864252065,3.3441659265666385e-05
0.0040410674639042,1.0217063086837796e-07
0.0138499700719095,5.9354286750217004e-05
0.001628347046437,4.845061758556007e-06
0.0186733328568952,9.556189708075945e-06
0.0093520372954458,8.760747008774683e-06
0.0145529869340967,6.69232581534094e-05
0.0046009993288454,4.43276045297614e-08
0.0197634531491393,9.805865448253654e-05
0.0066396443400611,5.763974118778703e-07
0.0171263306887228,8.486418478271079e-05
0.0192745695372612,1.1342664860641086e-05
0.0075019924913824,4.7679033796974005e-06
0.0121090135052257,5.619557365985939e-05
0.0056038950244037,1.830432031501782e-06
0.0198130986951376,4.893769524216476e-05
0.007308072831117,2.615678267462537e-06
0.0192235627657061,0.00012228878238458569
0.0038746664263969,1.3857249075147785e-07
0.0074380496670074,1.56030173186582e-05
0.0153071084691424,8.861705787529811e-05
0.0040185520501941,1.0536670911537417e-07
0.0168202610244576,2.3935078862213503e-05
0.007444883516972,1.081648843370542e-05
0.015189916626675,0.00011525204872971762
0.0076518925628981,3.7855006406366497e-06
0.0129411302168904,3.5378813621974257e-05
0.0118796207850054,2.7810658608358375e-05
0.013731841873233,3.787623536821594e-05
0.0001320885217957,1.2269822617277926e-05
0.0065745095333955,9.445169229743154e-06
0.0144924324756053,6.384776037151711e-05
0.0141678858601618,3.555183916530928e-05
0.0180405331896211,6.002565004638435e-05
0.0097459770861579,1.1879643103472566e-05
0.0033766732753544,7.351940641175065e-08
0.0050964884703767,7.855903374588153e-07
0.0009199783402411,1.259903074213581e-05
0.0108339339818656,1.246152067481704e-05
0.0004115033739198,3.050117556937433e-06
0.0116488585707584,2.284353212835284e-05
0.0178283852836105,1.335551435675149e-07
0.0010149781778916,5.306147383088756e-06
0.0118221265298909,4.167745268146863e-05
0.0114015825393642,1.3660280040196788e-05
0.0061699473189127,3.4784750733566605e-06
0.0182568168194635,8.377452568369886e-05
0.0033473825617907,7.536871602052935e-07
0.0084262125034603,1.5382546817544594e-06
0.0025940739600614,1.2332945393800985e-06
0.0010069235517101,4.436578803748028e-06
0.0035516360022343,1.692233299016161e-06
0.001815623716121,1.93561366308444e-06
0.0181779219940397,3.630311225796612e-05
0.0081718785010097,6.3213633625394524e-06
0.0122461130473585,5.067371298724994e-05
0.0154120224996704,6.858316103276997e-05
0.0030721055503365,6.828393933060867e-06
0.0048677982231371,9.56163940044683e-07
0.0161983191461826,7.853473369742952e-05
0.0030898484083031,8.551688137095657e-08
0.0143983198119539,5.182347950731263e-05
0.0137288855494723,6.243548441377315e-05
0.0020032829608537,3.613189663853462e-06
0.0059355410097307,4.0054928960963615e-06
0.0168793281559533,0.00011912452049928936
0.0198521935783,0.00013899521572774312
0.0015183957986697,1.0821886793396463e-05
0.002057611307348,2.5822097551972735e-06
0.0171365543904281,7.042214357800331e-05
0.0101585186954802,8.564050363870975e-06
0.0124348158943066,5.7251962954894403e-05
0.0053329500685857,4.12975602194955e-06
0.0130886540904444,1.8001561312345236e-05
0.0039670981910028,1.726065466364334e-08
0.0138521366177469,4.126208606959249e-05
0.0001338423945985,5.546390524875175e-06
0.0186781478603781,8.6507506920687e-05
0.0004062736085688,7.083795024081098e-06
0.0134791264898327,6.530872018789995e-05
0.0130043399430499,2.92680286809777e-05
0.0143218634330699,5.0762224535847204e-05
0.0120794419815494,2.956327570843711e-05
0.0044225015606228,2.3481981941051276e-09
0.0196055326710183,3.796045407507645e-07
0.0164841079654177,3.6556290479311835e-05
0.0078692561766511,6.832359899078429e-06
0.0070099970906757,9.46944769871583e-06
0.0177188744914949,6.459897655757785e-05
0.0136655516539942,8.278753862032346e-05
0.0040336193266503,1.7027691686109102e-07
0.0195564791332841,6.49542093699065e-05
0.0060016458481744,3.450812176481052e-06
0.0006557758781659,3.809105059977044e-06
0.0125649856736676,2.3069087723286e-05
0.0014405313044163,1.1054267006092364e-05
0.0033794340663492,1.7057963549392514e-07
0.019966469810098,8.718042643954394e-05
0.0107997609731528,3.4057599839369835e-05
0.0001539177564904,7.2726617562996655e-06
0.0058663595950987,5.581412034564726e-07
0.0078633188519632,1.002205353728826e-05
0.0129826871001293,1.163596785923858e-05
0.0154035097859906,6.171063310658688e-05
0.0114566977281316,1.7147457720246403e-05
0.0022067883863189,1.0072452003858578e-05
0.0132150943727572,3.8712952628036396e-05
0.0089142502793849,1.128214628248635e-05
0.0049503828249153,1.9367973618712914e-06
0.010674846269003,2.8701479860887357e-06
0.0030352960015364,5.137986958491584e-07
0.0063622200613507,7.723459550509163e-06
0.0020821281496375,1.6782457834458121e-06
0.0129011383884017,3.5414415079826674e-05
0.000771005480518,3.6896528669212656e-06
0.0156976496091775,4.935294907235394e-05
0.0160332090294071,5.8703564573211725e-05
0.0157414861868533,6.9421544449427e-05
0.0171803102305943,9.773538933003875e-05
0.0149292965919824,4.269898680104424e-05
0.0036723318219372,2.8836754969342265e-08
0.0081800410534132,2.613436717819274e-06
0.0120251098869075,4.753144525798793e-05
0.0009825502980766,6.69393300209378e-06
0.009909711990083,7.554960415019619e-06
0.0189129010209708,2.5395249505406023e-06
0.0096466362783872,2.2711123525292815e-05
0.0043293174982761,2.2541925335036108e-07
0.0103620007408416,1.6804636287766627e-05
0.0102820878425077,2.9385911456522277e-05
0.016582127232799,8.979978324260821e-05
0.0109305324061798,5.886301054834461e-05
0.0179607310067851,8.24088292372626e-05
0.0155468973017004,5.470921060955693e-05
0.004613888636298,3.451803013923341e-07
0.0109686209393412,1.872351479497633e-05
0.0186032885151681,5.094432734330912e-05
0.0136448580888819,6.599266861811555e-05
0.0031679816850827,7.541471371753837e-07
0.0002227028168378,1.5215274769419e-05
0.0197979778463654,0.00013977745487966828
0.0005459674089292,7.184537287352323e-06
0.0175862354956889,6.766060001942874e-05
0.0066199020656785,2.0533053249019733e-06
0.0073107232071768,7.279637851088311e-06
0.0122169217778991,1.1780052123811795e-06
0.0057932695037159,3.8794447400538795e-06
0.0182909247435127,8.868413631705836e-05
0.008807034135389,4.576674273237807e-06
0.0042064916364046,2.297988857944897e-06
0.0017384048943686,6.582049941752233e-07
0.0182096509893031,0.00010118994252075374
0.0005541214999994,1.2684763628396789e-05
0.0010578398669595,2.271232618362739e-06
0.0008781635441719,7.29166800785297e-06
0.0137582014954667,5.7390128898983404e-05
0.0158769167003411,4.240415161742048e-05
0.0055039435420853,1.6185474126664994e-06
0.0072740388631739,1.384278415336148e-05
0.012794400639423,1.652291183653935e-05
0.018418091244638,0.00010470833846274767
0.0154248169645551,2.8359591477733685e-05
0.0109258184835934,1.3561066903152471e-05
0.0065657300015415,1.212045314890519e-05
0.0061995939739686,4.294512826331356e-06
0.0166186281543283,6.995070831804166e-05
0.0063733326761611,3.2546189990812373e-07
0.0101878954308591,2.438390650550079e-05
0.0157657911074625,9.208940508943183e-05
0.0087729677361658,3.6334447515243676e-06
0.011524440271564,2.8629852356005563e-05
0.0013311722136044,6.04852712307634e-07
0.0198958402955684,9.984647659292769e-05
0.0125984827053057,4.426007241817153e-05
0.0076828888092605,3.0197821478477296e-06
0.0062195662461674,2.3153610709354944e-06
0.0058671305641491,9.410694323294719e-06
0.0103137595307684,8.100183773498142e-06
0.0079482409038371,1.688052912187004e-05
0.0033030740628034,1.927780963420449e-07
0.0047170979836211,3.1079253672643977e-06
0.0084017975975831,1.1776233528287628e-05
0.0160117118019194,7.149089943875752e-05
0.005725059710344,2.0455746014491397e-06
0.0084144014792079,1.5171891170271396e-05
0.0075771197323353,1.753687595162289e-05
0.0175216699667637,0.0001217864426748632
0.0103502981217052,2.258956679731926e-05
0.0066367604672096,4.591211914484987e-06
0.0160593004904452,5.9194626587128275e-05
0.0121789079998911,2.619708653017547e-05
0.0109691815490803,2.4153168993795873e-05
0.0156338598224368,5.238183373951464e-05
0.0074982698276222,1.642198579541923e-05
0.0170729000138768,0.00010817209459661576
0.0014619506792198,5.269726680855849e-06
0.0016749193462744,1.1109487146522557e-06
0.0168216580016561,0.00010866770712460272
0.0188279822782591,0.00011969021211236065
0.0166530037774125,0.00010574805655759969
0.0073483844907564,2.3688824917678832e-06
0.0030185402336563,2.679207186367791e-06
0.0078768450540698,2.0900312979050442e-05
0.01666101433294,9.13936904964263e-05
0.0085270106138323,7.421105563611762e-06
0.0073008329711434,9.515091441863777e-06
0.0188757734750926,6.145927029257547e-05
0.0197512835296473,0.00015086285475500273
0.0185818523127523,0.00010277682300842966
0.0196084271547251,9.96664757654606e-05
0.0102247849061212,2.0012761746200315e-05
0.0009316525057768,6.4036084350573985e-06
0.0137436578125214,4.948927880664676e-05
0.0057728694679227,6.30305586443599e-06
0.0014917730774201,4.104728528197269e-06
0.0056834169130416,1.1233737444652136e-07
0.0172794706359624,4.863132038058829e-07
0.0126715568670206,6.382953993227364e-05
0.0026792316907115,3.7282176034074226e-06
0.0026618084976515,7.277660851584756e-07
0.0124867689136289,2.9341619497361896e-05
0.0065682653707085,1.93582246277447e-07
0.0070696747733894,2.3123905325624282e-06
0.0104068934511588,2.9249898777171646e-05
0.00171667367749,4.2498365998607174e-06
0.0067189032004289,9.22569104807319e-06
0.0048458468479479,3.2843869868369205e-06
0.0031322255039888,4.7836467602109856e-08
0.0042639122799807,2.5193028198203827e-07
0.0103624062214762,2.8732942472768728e-05
0.0002830599660881,1.261765321119999e-05
0.0027977288440463,3.2569936210203144e-09
0.0177086281163535,7.713373085086036e-05
0.014585210614011,3.3743630463863243e-05
0.0185965646136176,5.522635782226977e-07
0.017001980580392,7.44499565210041e-05
0.0070379260474651,3.7165478156735765e-07
0.0147329808769648,3.570621615189802e-05
0.0066066467823698,7.73277846865885e-06
0.0103121575308682,9.055659846208845e-06
0.0136164746384006,1.6206379369222757e-05
0.0140223144782378,7.152020187747653e-05
0.0143045200127536,2.0152570577556224e-05
0.0111705182678683,1.5092028660560798e-05
0.0127352756582106,6.721604012182597e-05
0.0141810065608127,5.2014258010449316e-05
0.0087610178141713,1.907415596153807e-05
0.0189764943082276,0.00010818998224009943
0.017744966851341,1.2437368413586333e-05
0.0126076829667102,5.994406996412407e-05
0.0105391426690423,1.0562229677481796e-05
0.0016627114374866,2.9203488715739073e-06
0.0151299123178069,8.842483852167414e-05
0.0174085421850381,4.102870723138744e-05
0.0173128359093262,7.447566333215043e-05
0.0040033081572109,8.919904318907819e-07
0.0161280758415276,9.371506165529057e-05
0.0163248771023095,1.0273342993021446e-05
0.0071400936114282,9.256960046299609e-06
0.0037768682030507,1.386374727218901e-07
0.0057691565680245,5.635063970765563e-06
0.0081818134979134,5.317969014247776e-07
0.0120744184698034,2.001793179870288e-05
0.016744618519807,6.109220189961403e-05
0.0096988502814211,2.3459137402954334e-05
0.0192730266066953,0.00013096096465823148
0.0042257146348678,1.454111980584279e-07
0.0025234624091784,5.39546413788849e-06
0.0132444145860594,4.1034249767809923e-05
0.0136071494762351,3.9013709262767896e-05
0.0079567270924566,6.316018400298941e-06
0.0023582051041278,8.951667319325557e-07
0.0083361710301359,3.6840013688982442e-06
1.2097446924843602e-05,1.317930983427098e-05
0.017775995759904,3.5066433290606695e-05
0.0031057898049603,1.1278643209638788e-06
0.0050103549582196,4.503358772426815e-07
0.0122924513489813,4.928750076974211e-05
0.0197206941952156,8.717410371474873e-05
0.0076589091751481,1.0496319446432276e-06
0.0122246720022761,9.035715121035914e-06
0.0087073816385398,1.957409995633038e-05
0.0168997873627765,3.84565182878802e-05
0.0182591387835703,2.9125793089335697e-05
0.0022286540092387,4.8361619103175245e-08
0.0058938271887554,2.637506176142685e-06
0.0074284937269764,2.9943923022565645e-06
0.0101685139401716,2.2165134197370696e-05
0.0036521379183456,6.7346485218288464e-09
0.0136017491020255,4.710123242622339e-05
0.0054247269788328,6.543743534175317e-06
0.0007631704599544,6.058046776162219e-06
0.0187661954507149,8.399843903289448e-05
0.0076174431132583,2.1022382991151918e-05
0.0059876727517318,4.6694232209188195e-06
0.0013497656686228,2.563876455514492e-06
0.013427326933438,2.4835561243131836e-05
0.0066938927558168,9.165501052411893e-06
0.0086185643118794,1.75065353716546e-05
0.0161478929330652,4.327436381656636e-05
0.0017925880030197,2.162937773122845e-06
0.0169958340823457,8.063501929901156e-05
0.0184828200300793,1.3610042403458523e-05
0.0132614062984907,7.009100834438556e-05
0.0073567467474557,3.920373666716475e-06
0.006897111874014,4.426842203448816e-06
0.0177991810211307,5.980987009799534e-05
0.0113843837356336,2.8261172175663713e-05
0.0105377983142429,9.700097905214188e-06
0.004548722250373,9.70611022524233e-07
0.0043092205551977,1.7284637251151332e-06
0.0119655415486543,2.0523574399098943e-05
0.0012207586888484,2.914234675140475e-06
0.0142799574064977,3.7286579088633953e-05
0.0140621730109081,1.0908039270537897e-06
0.0192771802704189,4.327946974748902e-05
0.0114706406849208,4.630410891132858e-05
0.0153695765179625,4.9626106667714174e-05
0.0028416796024186,7.000345151321322e-07
0.0015559853737449,9.337225852082855e-06
0.0009720124105399,2.1183484841372183e-06
0.0053632162120462,3.693845118433707e-06
0.0120156273979681,4.453524943145204e-05
0.0131231521229176,4.7235615638919905e-06
0.0187840152879409,6.531245293366934e-05
0.0034530737028544,8.142468331080224e-08
0.0091769429941938,2.66971624166811e-05
0.0076642785096025,9.727859579821013e-08
0.0009300919600052,5.120954512110245e-06
0.0163592463441921,2.9854598238978754e-06
0.0134633210643409,1.9696953090397692e-06
0.0119100173217065,3.7921045102036856e-05
0.0096472422879234,2.4713534796770073e-05
0.0004492703727917,7.73530837003139e-06
0.002616935866079,1.00624013312404e-06
0.0116966737571411,2.865671616362332e-05
0.0093113214440303,1.8289865063042575e-05
0.0107558056533887,2.845253952504417e-05
0.0088913494886993,2.3227383627228298e-05
0.0036901243641768,8.595136564770357e-08
0.0168049678268279,1.0047189069077213e-05
0.0017510741409547,6.204160369074471e-06
0.017681095304416,4.65569899429832e-05
0.0091929272919521,6.17176132071298e-06
0.0079842605727101,2.204423531443329e-05
0.0133016948038581,8.203928177705308e-06
0.0122784049596576,3.1083021402119735e-05
0.0155399315043518,8.705410806746822e-05
0.0117805494840874,5.946365737219441e-05
0.0075183426746743,2.6775926875427006e-06
0.0167819851490811,8.882510659080948e-05
0.0016061280337918,2.061964429455805e-07
0.0005675255631173,1.2112033644651118e-05
0.0151671706620788,7.5576165753187715e-06
0.0094818875567272,8.256344511514335e-06
0.010473478330802,1.8000003766156234e-05
0.0020712551280327,1.1622306932290273e-06
0.0070512183067388,7.040832800480394e-06
0.0132224882140457,3.723497800909199e-05
0.0089837418725887,3.145258871777252e-05
0.0123552803148463,4.836247572696071e-05
0.0033331176464974,5.6460515495050695e-08
0.0115807263642401,2.217038771061093e-05
0.0060106421842323,2.146454578398323e-06
0.0023065806477367,1.0401267796422964e-05
0.0166513772827958,8.96776657397767e-05
0.0192305651194356,0.00012088704957229306
0.0151429878913463,7.602846385843935e-05
0.0142439895643543,2.482558186491948e-05
0.0162466259289562,7.718200684758651e-05
0.0070906301541996,1.9040721222282068e-06
0.0076375287705937,1.3744460055527395e-05
0.0181218845164173,0.00010926768268144185
0.0001464131826441,4.820538690010709e-06
0.0112613331832306,1.1909173556896033e-06
0.0169309389769076,7.334323365302308e-05
0.0164852632115912,3.657610773616951e-05
0.0009023344610143,7.371236114521041e-06
0.0106046931102889,4.03398584592315e-05
0.0046894041008599,1.859526779610289e-06
0.0154489580915217,8.076593745481674e-05
0.0114041078007299,1.67514957316801e-05
0.0083424946700166,8.918570277515857e-06
0.0003566236536783,1.2726503462878478e-05
0.0110362350236721,1.576064180123819e-05
0.0114918450556541,1.9419124526486024e-05
0.005069470302819,1.8156851744963205e-06
0.0173136170662367,7.130753447364122e-05
0.0040933681116782,1.3899879590298792e-06
0.0076579180500546,6.732081379609767e-06
0.0135336011442958,5.053484808497775e-05
0.0197678938652403,8.139064745633841e-05
0.0172570125404253,7.982746693644812e-05
0.0120071675482787,2.1037157859602118e-05
0.0013370161342029,3.5869267648225664e-06
0.0002549607808381,7.242807825978102e-06
0.011858189209175,3.5503117963038957e-05
0.0015084274139698,5.627028149740814e-06
0.0045480145471821,4.389737859339463e-07
0.0178290822405512,0.00011431060330040701
0.0039259210016519,5.174964412301858e-07
0.0094999509146607,1.7030450288900935e-05
0.0138545198184467,3.630437216632927e-05
0.0036539885834404,1.9198411699367722e-07
0.0162863367597619,5.600898924663665e-05
0.0111064922638066,1.9135285949954845e-05
0.0001488507382314,7.88044602922436e-06
0.0183961525589655,0.0001037407876763853
0.0138257205191297,5.625481534331921e-05
0.0145905605350527,5.796976724690982e-05
0.0153819306812532,6.018674803666808e-05
0.0002641333895973,5.139565447725217e-06
0.00764966277593,6.536362542699e-07
0.0100525622620766,1.2040450664697656e-07
0.004533806295323,6.399710609532887e-08
0.01997126799195,4.0688447034409084e-05
0.0054001233017541,4.93600614296659e-07
0.0125878976166765,4.265360572028958e-05
0.0148678913898562,7.968920991529804e-05
0.0155270685561785,0.00011986075187350396
0.0166471709022834,6.768513286353769e-05
0.0145829722147712,7.82654832715632e-05
0.0129577982954882,4.887497801061256e-05
0.0139364121378929,2.885708806905436e-06
0.0166466793272326,7.388169127020435e-05
0.0103921453627637,2.78497713301902e-05
0.0098590123179551,3.109058637078928e-05
0.0105527798975494,2.373628843273225e-05
0.006266803664241,2.056979657936258e-07
0.0137852366241871,2.037315682683682e-05
0.0113442689641491,2.0933549755974872e-05
0.0123276355773351,2.3254116616328703e-05
0.0187437459161673,0.00010106768456819293
0.0126514471849881,7.565191665671253e-05
0.0122437400789801,3.590171237283086e-05
0.014898959370711,7.36006824068928e-05
0.0127945606797142,3.1669802438693385e-05
0.0045196827296896,5.463545750321495e-07
0.0105548479549258,3.175802728167718e-05
0.0193091951413551,0.00010518215979030529
0.0129509873452401,1.162671637148955e-05
0.0056483387719705,4.081403651786228e-09
0.00663373794288,1.136960015342887e-05
0.0013632772841641,8.862998965396472e-06
0.0167862586449789,8.257540581951768e-05
0.0121234865702953,4.1732880290053565e-05
0.0081219422641463,9.714097304412803e-06
0.0158612698065271,3.381054318431272e-05
0.0005813705468523,6.425206805478452e-06
0.0094368330413439,3.283329405822871e-05
0.0152836683455836,8.696264954520771e-05
0.0117198541835119,4.955699233001836e-06
0.0132800567376395,3.376593081655718e-05
0.0196527932488296,7.242893167492976e-05
0.0041325466588988,2.2731305460937593e-06
0.0172011066499896,5.3475197081585764e-05
0.0177924571224893,7.21384968649638e-06
0.0196159922548182,6.742570867732619e-05
0.010898489101802,1.143846398553398e-05
0.0063413402884902,7.21807079558022e-07
0.0085353799029635,1.3020647263141585e-05
0.0101902363333745,2.6376859567561693e-05
0.0066279721638161,1.1309114112019233e-07
0.0138736133285972,5.0122453934183095e-05
0.0109813654274754,8.667565999867592e-06
0.0103529443558238,2.0322569606647842e-05
0.0028050235311007,9.804314396143312e-06
0.0069686964609242,1.703112654455486e-05
0.0156166512375544,4.851966815227945e-05
0.0171995290213827,1.5234749049353712e-05
0.0084699300451996,2.721543988242505e-05
0.0115711987223824,1.8858181046029715e-05
0.0171993097417189,2.0555178035470734e-05
0.0015350478223491,2.8760316131532904e-06
0.0015911427401698,1.4784973062825453e-06
0.0042824211758002,6.636303421941567e-07
0.0024793345293268,1.212921985215362e-05
0.0033506854113719,3.7814187542777815e-06
0.0047067526085036,1.7022372265790686e-09
0.0075955451791153,1.6390233559421864e-05
0.00787392689688,9.219888716362152e-06
0.0141158704684941,3.839315313131504e-05
0.0120031833783082,1.6100200686867096e-05
0.0107558268273337,4.331276865819383e-05
0.0083785351338414,2.2532215516179976e-05
0.0099565494751402,2.9184469337454338e-05
0.0005760919662918,3.8057175175385907e-06
0.0082078821677144,4.455756295679215e-06
0.0078077238903615,1.6043672619526644e-05
0.0122225201979801,1.00306132603775e-05
0.0157521148325153,6.892866107483877e-05
0.0141752013356098,2.538960149964864e-05
0.0114584881841999,1.951865919333886e-05
0.0079436990578158,8.286749221744564e-06
0.0071974232124575,6.007237185735308e-06
0.0112584793745195,3.6342712234641706e-05
0.0004474542302479,1.8515876320543094e-06
0.000836447268625,3.668500269421839e-06
0.0112263750541669,9.164132556817874e-06
0.0162214370906129,9.5826594780552e-05
0.0134004692981531,4.253538059512453e-05
0.0099845794231286,4.015818671895311e-05
0.0063435414038308,3.681194474961666e-06
0.0051099912114622,3.455842143268731e-07
0.0079618997081595,6.668257431880598e-06
0.0092641312488578,2.141931089677957e-05
0.0008866166136473,2.226693110240954e-06
0.009026019310505,1.5970376372350855e-05
0.0091315477234428,1.4694154436099007e-05
0.0035832570125192,1.6475956651667375e-06
0.0068667438452942,4.86342291977155e-06
0.0139983245930527,6.769675570481261e-05
0.0186367664355879,7.739941289174163e-05
0.0180396496806528,6.0857074159899464e-05
0.0046282227785082,1.7920184199451407e-06
0.0016675653480055,2.1872156145376987e-06
0.0137564457250307,3.560851966271485e-05
0.0023898074887366,4.208397745921041e-06
0.0052469272902415,2.198041732088652e-06
0.0053478228942558,1.1057362021455218e-06
0.0094092220606054,2.8649811020821156e-05
0.0131584241415047,1.8518327947740532e-05
0.000268456118417,1.2467741047693279e-05
0.012144328842169,6.193572211495144e-05
0.0150978653527945,2.2904201315973596e-05
0.0081917012519173,1.835976465046441e-05
0.0037263103662483,1.1034216066731309e-06
0.009860138231014,3.157619627189569e-05
0.0035212688599655,2.525713069158904e-06
0.0014798552984544,2.5035002428456274e-06
0.0082602899847419,9.715390084101043e-09
0.0180587986083148,3.858629603554793e-05
0.0041148773365559,2.2167587596666595e-07
0.0163413859167163,4.5510541266614614e-05
0.001203401026643,4.7099458234065024e-06
0.0056521428133165,1.491311512098929e-06
0.0124741726329555,3.541759101143167e-05
0.0144833426462306,5.705165335344813e-05
0.0090934279537384,4.826482159550496e-06
0.0123266358576175,4.8347013797270526e-05
0.0088169901597989,9.011725206003102e-06
0.0073904663272347,8.778960573357974e-07
0.000910719814017,5.207093441905622e-06
0.0113289923170409,4.156838522069955e-06
0.0070971530106085,3.215713807172873e-06
0.0092653761380936,2.124404435007665e-06
0.0038150465374294,2.9709199689334843e-08
0.0106703700935039,1.9216255048179954e-05
0.0010431982663933,9.283235337678265e-07
0.0076566367184332,3.563255297816276e-06
0.0133492189964756,3.603224748522195e-05
0.001434823271648,1.194242771115455e-07
0.0174735189555367,9.613317673266951e-05
0.0112065295267864,4.370087893450478e-05
0.0082578990801117,2.2409378914834386e-05
0.0150919568874961,9.70607637971106e-05
0.0032803514706588,7.686976133720718e-08
0.0029390967788658,3.3891135431388427e-06
0.0124322410682664,2.671933329536759e-05
0.001282149505539,9.990149112933475e-06
0.0163599197158285,5.8701736843557855e-05
0.0033318297312541,1.3808185320537782e-06
0.0129543279191201,2.5436373682728405e-05
0.0173432385013811,3.583951046046352e-05
0.0194361199359962,4.557376043591334e-05
0.0008377844849596,8.325375151312585e-06
0.0019617473010921,2.8582368343532466e-06
0.0098536492587508,9.584507516279794e-06
0.0113459509339132,2.3157722797743108e-05
0.0191222937257518,0.00011279746341444226
0.0033537304190633,5.969886805814893e-08
0.0048556583837292,2.2190494409031735e-06
0.0056771428512378,3.5644707005274092e-06
0.0130023992164612,4.6489589193413556e-05
0.014832752520314,6.531325690795403e-05
0.0196345220777384,9.820464958484105e-05
0.0040630228901737,1.2945044113677318e-06
0.0170392747207546,7.812008331614916e-05
0.0062225490313646,8.012151579679896e-06
0.0035282271173132,1.6491763200096138e-10
0.0188894060485169,0.00012065046786434752
0.0100938442007384,1.688240793021115e-05
0.0064643550223018,1.197447866740526e-05
0.0173775834146017,3.852454638629504e-06
0.0159942702043477,6.810871303049093e-05
0.006255580426103,9.694503079175586e-09
0.0188049199101594,0.00011326957880093978
0.0047504036700002,1.7955651997194042e-06
0.0008862288087987,4.335022942070707e-06
0.0116784668134342,3.5938015303432424e-05
0.0033568819125208,3.4928467644977024e-07
0.0149829892245009,3.302826536112074e-07
0.0116163477250071,2.05558087071788e-05
0.0128596290236812,2.741662577629114e-05
0.0151395372704214,4.933824793818078e-05
0.0067129872624469,1.6201291205267392e-06
0.0078687246775229,1.8070176795545867e-06
0.0173226439118849,0.0001293139377711386
0.0026065667487,1.668631040453091e-07
0.0073222589637911,1.5325875631472244e-05
0.0057194564406996,4.81023254660675e-06
0.0133631152557923,2.2435116872276974e-05
0.0189753628794659,0.00011347716441099739
0.0164241102423699,0.00010694220185607264
0.0004957267408237,6.5406133220258035e-06
9.962684010194069e-06,9.586184621506789e-06
0.0133623466446096,5.199219717253608e-05
0.0057970543992059,8.701764633157758e-07
0.0166776146858772,9.156119640063103e-05
0.0199203813828932,4.5714825643647306e-05
0.0161927773819618,5.5717376512039484e-05
0.0076710477888613,1.699416674250562e-06
0.0069427542970212,1.6870276997996123e-06
0.0049722289942933,6.7250539427494125e-09
0.0103570809128306,1.5504482124164694e-05
0.0070079029734978,3.37867383477766e-06
0.0151186862949645,2.1741473005974023e-05
0.0107676743932369,2.4475652125231523e-05
0.0065645584535556,9.588143025030382e-06
0.0013979491126783,3.282619689415625e-06
0.0034589531567231,8.64434128658596e-07
0.0104442887084339,1.5211115053555534e-05
0.0169948890699663,7.501365100762287e-05
0.0056114238964174,5.042289130072e-06
0.0121388501371496,1.621832334959689e-07
0.0022380115313629,2.524984362121019e-06
0.0039317534304868,3.922576940444098e-08
0.0106590745590225,2.373679230118626e-05
0.0160161881683289,2.5782565968182844e-07
0.0070808560713776,3.7680248948746183e-06
0.0154314030814596,4.0269272493292555e-05
0.0063268713197316,1.8266397947448384e-06
0.0060496951655817,3.92535980285356e-06
0.0087537541424919,7.950716591440883e-06
0.0011947536061753,1.0137776384420145e-06
0.00805070211971,1.2358309362154039e-05
0.000662577154348,8.062663930020708e-06
0.0150466055439087,5.417214110273856e-05
0.0010934473999394,5.8071023614635975e-06
0.0089738355515653,2.2715910251931635e-05
0.0078403351821276,1.0545371464614817e-05
0.0111313495830944,1.1180417307609802e-05
0.0032738488898581,7.320389674153518e-07
0.0160192057919244,6.480787650814203e-05
0.0053148233173011,1.9648787646139483e-10
0.0029816864618131,4.364094158274658e-07
0.0023524966097126,1.2655918861112288e-06
0.014081598258789,2.9025285926712622e-05
0.0012255178733952,3.3156037735833208e-06
0.0039069201519838,2.725803086119347e-06
0.0141565249506609,3.340691622660267e-05
0.0053460117660538,3.896897770234571e-06
0.0173796621150144,4.816518795301336e-05
0.0159243854964757,6.517075743350082e-05
0.0089441591397367,4.032332991874225e-05
0.0005961907082793,9.289462477311857e-06
0.0004947986197425,6.0233803467470656e-06
0.0004547580431436,1.9082706265078576e-06
0.0145044998577464,1.2040092118263248e-05
0.0072416796004675,7.709749160960284e-06
0.0166682003160361,7.663331306592747e-05
0.0085503508878747,9.25192955379352e-06
0.0145688851046617,3.4303607719134385e-06
0.0196707785066196,0.0001027358238714784
0.0035118825343707,2.2299566694186088e-07
0.003102020945501,1.010087239764371e-08
0.0161251205280435,3.3013966730111026e-05
0.0144929483834651,4.611891564348221e-05
0.0118980371092907,5.6408835708159405e-05
0.002532921190995,5.653492023770408e-07
0.0079547756298537,6.167325742340461e-06
0.017060913638636,7.387108813315652e-05
0.0065476080201341,8.800739251993597e-07
0.0106379763461092,1.7110509516598418e-05
0.0131564868259225,2.8788159561467727e-05
0.0001118832127373,3.280839738799938e-06
0.0039047576605252,4.416143040178928e-07
0.0132306087708635,5.162711564157095e-05
0.0041382326957854,2.8850416592653873e-07
0.0077501667742533,7.015319324968573e-06
0.0167313933000706,7.475028758899789e-05
0.0010258704174152,8.88664501202931e-06
0.0164245565501445,8.247769247044338e-05
0.0102061919056322,2.4943430840869378e-05
0.0013696430101119,6.327200061886646e-06
0.0121496866693989,8.17177684542054e-06
0.0145459850402828,2.399045924193674e-05
0.0051809426669179,1.8692406430815532e-08
0.005385829678365,3.115245800040822e-07
0.0091756415494773,1.533393718231018e-05
0.0048178667019999,4.39853448053296e-06
0.0189409504162915,9.342534780570654e-05
0.0075608613452702,1.5225161400059973e-06
0.0152677841257658,7.513542272393576e-05
0.0108034852677864,1.8335491989927764e-05
0.0014778838878341,3.153546769962452e-06
0.0066479577086392,1.2750680354013736e-05
0.0156943023116676,3.231169149100897e-05
0.0034391153447094,2.0299554694314657e-08
0.0115241301553756,2.5509746437754013e-05
0.0190419055721022,1.1487274044932843e-05
0.0158918631169936,9.829641045552955e-05
0.0096705265409381,2.9622331245534384e-05
0.0195414610415837,0.0001344334548744285
0.0150708763411157,5.54371206094803e-05
0.0151168168188425,6.881771005961056e-05
0.0087295477944473,2.4600797387808968e-05
0.0150403834831774,7.85423608022405e-05
0.0133860902365552,6.558444699084031e-05
0.013369244627653,3.025514380145211e-05
0.0101084680887053,1.6154596184272673e-05
0.0156181293223497,9.732067930314137e-07
0.019132463250639,0.00010703220195913586
0.0140220755907119,4.35070495239342e-05
0.0120287830374103,2.143648427093828e-05
0.0192844036676363,5.170267661363623e-05
0.0087901000223908,9.21853330344223e-06
0.0049945198752239,5.579244596192548e-07
0.0123089769470186,1.5433453265342278e-05
0.0040833328544204,2.1568449972999885e-07
0.013033810403715,4.860955486866102e-05
0.0157921985051969,6.305398178012288e-05
0.0073273550260471,2.0337392385398833e-05
0.0175143940297222,5.135001409613032e-05
0.016828069699045,9.365713827325926e-05
0.0194049872377412,0.00011951509468723754
0.0041325230256622,1.2892528511377276e-06
0.0052700286910915,6.535179629948926e-09
0.0010669044628159,5.014129727663649e-06
0.0104879620695837,2.6844455944339947e-05
0.007800348305735,4.117357106015791e-06
0.0007686244456133,6.4361045067668606e-06
0.0102886937374881,9.833669013667348e-06
0.0096561200372019,1.2339373256483713e-07
0.0182351831221536,0.00017062276790061383
0.013562219630723,3.0285235230174832e-05
0.0138774305626365,5.453919800251981e-05
0.0158524334541426,5.601077179749785e-05
0.0171181038832216,3.234971408402761e-07
0.013208909536223,3.2813829843589494e-05
0.0029029193655427,2.6416893341248523e-06
0.0050257973039879,7.29104197781667e-09
0.0049346435439504,5.378337673823364e-07
0.0165929102803989,4.424431077140593e-05
0.0054221883363919,3.658932669182553e-07
0.0043656576810354,1.0405364343292105e-05
0.0015040441461226,2.433020050763179e-06
0.007344384950149,1.8628034826260701e-06
0.0165821039506616,9.175726971973547e-05
0.0189154180272687,9.221345423104085e-05
0.0162579776607115,1.8564142825233865e-05
0.0180805840933889,2.52864639755854e-05
0.0119322253303542,4.18124109970754e-05
0.0109597438426885,2.590761135916274e-05
0.0194881847698959,8.308772993026854e-05
0.0015898648729805,3.1352843064467213e-06
0.0051440330489711,2.22117489075521e-06
0.0056630519945581,5.420889554082808e-06
0.0180162237793378,0.000100458357408358
0.0086020547865068,1.9154778615335563e-05
0.0159646483970146,7.650108834861153e-05
0.008841298260037,1.1339059964896003e-06
0.0150591595063279,0.00011417889788866109
0.0194840444160821,5.711126730583147e-05
0.0160061018741885,2.498845201678467e-05
0.0064445225251152,6.435586303131808e-06
0.0121322028012678,3.745378927253527e-06
0.0018017216421965,5.158130250130373e-06
0.0076178166680507,1.0518831818357495e-05
0.0021666477397351,1.1369502244930577e-07
0.0192637784067357,0.0001018395930489168
0.0102270883075587,1.6781423435867645e-05
0.015334071026036,5.096341298788754e-05
0.0077911327631528,3.625080069225194e-06
0.0034777134487838,1.4308168185900137e-06
0.0144150536864466,3.107019354489908e-05
0.0194193729388356,8.11988317194132e-05
0.000179610818837,6.7133982064820376e-06
0.0097049900117034,1.522677475730257e-05
0.0010472990736559,4.455894155065528e-06
0.0193366758743733,0.00012833348520052565
0.0067646331602842,7.129790421562733e-07
0.0038756911855391,3.6867791447795443e-07
0.0170106693086985,0.00010984988772167071
0.0039465190181653,1.972199289890196e-06
0.0158954003815489,5.8250602648992565e-05
0.0079891021540605,1.0197880757065927e-05
0.0002952052183588,3.3367499393622283e-06
0.0135475975700358,6.635557455389773e-05
0.0017385676556348,2.383831225585528e-06
0.011276025739312,3.764516575971358e-05
0.0075560842313156,1.6795845693699922e-05
0.0129910324420047,1.2526548452796799e-05
0.0147755972006984,0.00010916599960954304
0.0168147186102565,8.345739764260824e-05
0.0049953280617491,1.4245762986615254e-06
0.0062476163465607,4.548765958903714e-06
0.0045406333411187,2.187057453544691e-06
0.0174989218229932,6.066755141187835e-05
0.0155352504319086,3.6287245109337076e-05
0.0131278146355267,4.6628731330103737e-05
0.0197878907866182,0.00014229399146046417
0.0023629897579345,2.046056848007377e-06
0.0007848307220894,1.3181498883445195e-05
0.0126860538816535,2.6899494017544345e-05
0.0106066522101739,1.4605682477586495e-05
0.0177843456075936,5.744366077947481e-05
0.013596607259272,5.328789330238393e-05
0.0020465041264904,4.994336027357188e-06
0.000927994417922,5.427190758106224e-06
0.0054250279513773,6.402443257101754e-07
0.010133607131733,2.2237685827469577e-05
0.0110367503071866,4.325547644945179e-05
0.014831622680674,2.613183353962132e-05
0.0106623005856347,2.761915865033131e-05
0.0177111913941443,6.705055651914186e-05
0.0189025667120904,8.601185727968641e-05
0.0146948578917573,5.6548368984870966e-05
0.0198743687608025,0.0001533594934765734
0.0042191719401689,1.3442892953944104e-08
0.0060131888761647,3.7360603597588784e-06
0.0081043863164807,3.249190587123371e-08
0.0072313617131465,2.675994415039262e-06
0.0136623469307478,6.216215198721913e-05
0.0198374299103993,9.28415470404053e-05
0.0002765954766299,1.1737307718600234e-05
0.0179055388770961,8.368637714682428e-05
0.0119294102116532,3.821484666781218e-05
0.0060090537452687,4.847505261141531e-06
0.0066501477326763,1.0346553337360165e-05
0.0162093703610929,3.219047972690038e-05
0.0098374360748537,2.718010268328477e-06
0.0009706475000387,7.5195924120699005e-06
0.0082057582888918,1.1573884003363018e-05
2.1112495703921043e-05,1.4293385571164723e-05
0.0096153424535048,3.3561079478857665e-05
0.0082097180879546,9.271614733726872e-07
0.001173712133381,3.324635069737771e-06
0.0098872751353695,2.8247027684284294e-05
0.0080749844816222,1.8730082181883066e-05
0.0146622741802379,4.860355096615953e-05
0.003712335359994,2.847013748605957e-08
0.0056145741629653,1.1215635594772248e-05
0.0147309985876948,4.33052015174897e-05
0.0198660116080815,7.47357105362985e-05
0.0032012667575161,3.5779325001535005e-07
0.0038926303372291,5.769099130673835e-08
0.013706584300648,5.741150803106432e-05
0.0081591230453202,1.1657196155678884e-05
0.0089410026021256,5.6212946664095e-06
0.0090425138857877,1.1007069044634157e-05
0.0075725302511209,1.3480702728770607e-05
0.0161253073155313,6.694613420669367e-05
0.0112720860548808,2.272196683755967e-05
0.0095980401288038,9.938065496815442e-06
0.0100802913167818,3.312590693266283e-05
0.0065636526258945,3.5461361606476216e-06
0.0043932673033592,5.173125178218642e-06
0.0144133695157807,8.384064225649575e-05
0.0036063879736482,3.943477782192923e-07
0.0155632683623893,7.243522649920898e-05
0.0087488137476742,3.841465857563307e-06
0.0089269221790301,1.3065464489972819e-05
0.0168259140366414,8.19942716206225e-05
0.001112839233489,4.288189120870883e-06
0.013513307975323,5.571297216880232e-07
0.0087514416815416,3.605566920611295e-06
0.0171702443344775,4.407530081111046e-05
0.0152066429022903,6.773076576211507e-05
0.0019130717527834,1.5311287136129583e-06
0.015586347330639,4.275834104507443e-05
0.0043829617343065,2.7600671054311216e-06
0.0047330116713802,2.010831443031308e-06
0.0133493419589789,7.522940149627342e-05
0.0195028679478988,2.6370925149739823e-06
0.0069924913482868,1.3914471336197652e-05
0.0004933677487543,3.5401234572155644e-06
0.0046499229555362,2.5035128660125167e-06
0.0025134220476917,3.8619404801209945e-07
0.0019812648893419,2.2662342970942796e-06
0.0136362013258104,3.443267159126021e-05
0.0083663527420324,8.829001542819566e-06
0.0048709005798345,3.3249160492408058e-06
0.0133597579953057,4.877483831108125e-05
0.0124940980039382,5.891160909976953e-05
0.0151518052591001,5.360469297526384e-05
0.0042469035721031,1.287583673082683e-09
0.0004197851778004,8.385317958112838e-06
0.0046084674750202,1.7412239570121697e-07
0.018751728570431,0.00014004786519928705
0.0084157617641021,1.5860036035171714e-05
0.0039390892075751,1.5746045809927105e-07
0.0183831425360255,5.547511643125815e-05
0.0050330577513502,1.6060595504784734e-06
0.002485732245925,7.223247036920435e-07
0.0171813389705619,3.431898617635905e-05
0.0035547160816762,8.39537485423863e-07
0.0011077485771556,1.4240368869458806e-05
0.0083670834963578,1.1519193291632001e-05
0.0192872778617827,0.00016156839843462463
0.0163227008429171,5.3472240654927835e-05
0.0167416265822611,0.00011181743545640309
0.0018136078559643,7.495938705045518e-07
0.001788534800377,3.8967503685971946e-07
0.012941538242305,8.739257737757132e-06
0.0066076107072802,8.01183061222983e-08
0.0096573704179098,2.3345339798519737e-05
0.0069691858528074,5.004455445037715e-07
0.0023621771685889,2.1035141066052465e-06
0.0039566193283216,1.9898146847611635e-07
0.0057128067696915,1.993784722568827e-06
0.0014846738291539,4.24110324348458e-06
0.0195504384646426,0.0001029662806094898
0.0114107180807344,2.5726049528050844e-06
0.0044592872926028,9.38205726965479e-09
0.0021920344213319,1.7441805624031723e-07
0.0063007989176829,3.3266540489243357e-06
0.0152274585357016,1.756683952163148e-05
0.0066044934296359,1.490497041720093e-05
0.0085795073682119,7.237660278469204e-06
0.0099404235744989,1.1101701325161358e-05
0.0146482832836376,4.7399441303354216e-05
0.0194191693853319,0.00011079683122132766
0.0182961833578524,0.00014249883145766679
0.0129100428304591,3.608216145485348e-05
0.0070359954960351,1.2338186075693285e-05
0.0132586672847098,3.440494708013024e-05
0.0009169791065673,5.1502819792066655e-06
0.0116772865143325,2.372993002520712e-05
0.0025487380314814,1.9854360734925687e-07
0.0198243919909923,0.00011079734999708928
0.0111983024460133,2.5504597499980636e-05
0.0051777042174735,4.139096761057467e-06
0.0184581984908878,0.0001403448734859026
0.016057011649028,7.665089430245671e-05
0.0153781038907263,3.876903381049674e-05
0.0020595096504532,1.0617083758460243e-06
0.016023191934541,5.449935800709481e-05
0.0020581364733358,1.2176586784971457e-06
0.0014828455416642,1.4277612336422646e-06
0.0129276550653409,2.9764283048057867e-05
0.0031928666405051,1.0091295066032187e-05
0.0149956843610741,7.049529670092389e-05
0.0053716859008943,6.710138968428138e-07
0.0112551189899023,4.3842850148309584e-05
0.0107458381726933,5.61647283150627e-05
0.0097824420662155,1.7760455950740284e-08
0.0052655367721436,1.6967334930238545e-07
0.0064234338586439,2.9586215448576693e-06
0.012972195917231,7.604164199359925e-05
0.0062788143840983,4.107935909719291e-06
0.0189168255321055,1.4891732336926011e-06
0.0064125842439217,1.6569819673455302e-06
0.0088874168425876,9.094140089912348e-06
0.015206912998905,6.918222196242793e-05
0.0160319261112083,1.8663123440640936e-05
0.0051904803510696,3.5687943787161572e-06
0.0119689221049211,1.9136911421668203e-05
0.0118992191167355,2.0686819403520575e-05
0.0192903553721881,9.7911135851811e-05
0.0125838961711441,5.71443549376956e-05
0.0195360224084882,1.247018382286474e-05
0.0198631866256523,6.373432997842098e-05
0.0100567789122634,2.613934711829767e-05
0.0074131359323451,1.1006616352429187e-05
0.0086382821117269,1.703747800054263e-05
0.0186507909452816,9.265586856320863e-05
0.0090507508683603,8.962994430467994e-06
0.0143761339183232,4.126832341521203e-06
0.0010722933807184,3.7968684015243804e-06
0.0120255405178436,4.166446810387604e-05
0.0093414884509606,1.598608573085875e-05
0.0121013810035901,2.2618138969605913e-05
0.0138617069891778,8.09582740636634e-05
0.0190932802482628,0.00010377488548874801
0.0012123062010071,1.400887413201017e-05
0.0003217244229549,4.3270830173761844e-06
0.0027821584651244,2.410478669500784e-06
0.0131044043808047,4.46836090343815e-05
0.0059306139321917,2.9358017290971493e-06
0.0010044201747302,1.1823191407322874e-06
0.0058873819659057,1.808850882204888e-06
0.007137167789097,3.6748121714592614e-06
0.0021133816844312,1.379486178585902e-06
0.0141858207250378,4.793628374220838e-05
0.0167589564829363,3.890769443548192e-05
0.0096993723523644,1.3284407914969835e-05
0.0079582316808335,8.233276838762091e-06
0.0126674929279931,3.611622232762635e-05
0.0157779975249959,3.655669239191115e-05
0.0185900629291979,4.87165406040381e-05
0.0012363086008946,1.4320031751441127e-05
0.0154950964803736,6.277272900008893e-05
0.0126642129677676,4.174298307892081e-05
0.0076233675022399,3.787878193939316e-06
0.0015356253821971,7.620180061930041e-08
0.0159173273746501,1.1111022419133352e-05
0.0014848090930247,2.9180684425535315e-06
0.0083823169316126,1.286389226515421e-05
0.0139150802278838,6.286046354458453e-05
0.0062711034414555,4.278833866176318e-07
0.0191981744104267,0.0001111304946353451
0.0155915354090951,5.797529950940931e-05
0.0181319815056469,0.00010342210985316925
0.018470300475775,1.1096689383517989e-05
6.188023745091753e-05,8.787764474085309e-06
0.0108486663321629,2.2605835026061888e-05
0.0141865173332125,1.1418908460285183e-05
0.0085359148690751,1.2439945058844196e-05
0.0183888779704746,2.4082263971763265e-05
0.0092386474276024,1.4589343229816261e-05
0.0089798662049633,2.1005405441479936e-05
0.0198782204359256,8.577568872556293e-05
0.0169095009848106,7.242614745350828e-05
0.0023235286230188,1.6631392214517297e-07
0.019959664163927,8.424249784652554e-06
0.0034678842768571,2.881505182339328e-07
0.0183662003109549,7.021885793846602e-05
0.0074091308085302,1.1322776172524705e-05
0.003074069378578,8.372810208943595e-07
0.0083623759725082,1.8392927580368043e-06
0.019967778787653,6.009622804351594e-08
0.0179557526304595,0.00010320008474027372
0.0098831008325106,1.8819914060900362e-05
0.0021441567332902,5.355428572342711e-06
0.0025739388779544,6.674403301863014e-06
0.0177133652211577,0.00012433044914629708
0.0199094955366025,9.974371194105641e-05
0.0102485527561983,1.0273497700711612e-05
0.0152095901580359,5.349588175360916e-05
0.0005585755039473,1.077593025420507e-05
0.0156022589370756,6.75106851186516e-05
0.0186706567947511,2.2667815001536166e-05
0.0018538143270199,7.436186282691072e-07
0.0192926820206371,4.6216319910206655e-05
0.0159450130928826,4.93563842850282e-05
0.0024371786401652,1.2504191532041062e-06
0.0114999893518579,6.55022863543949e-05
0.0179470991586208,0.00010609154823355766
0.005734611311621,5.098422983270442e-06
0.0169571159201977,3.585551422845798e-05
0.0115111816770125,3.968155406169194e-05
0.0062481642633203,5.537009378974692e-09
0.0031856688184462,5.816687691658927e-06
0.0151767688675817,6.213506245376171e-05
0.0103547066934175,7.46083399946863e-09
0.0001315995516329,5.826627335601953e-06
0.0123868421110304,1.007739124819409e-05
0.0126594891578389,3.76925345440953e-05
0.0018371241053884,8.15317999787519e-07
0.0149797476130961,3.9659707277063286e-05
0.0157152315373812,4.046775519808544e-05
0.0034971029590804,8.901013927827207e-07
0.0143390292385748,3.010627443905651e-06
0.0107902202683827,3.288417304285464e-05
0.0156282269054548,7.44723898850884e-05
0.0056651320762613,2.2420357080274468e-07
0.0025488252901064,8.057000092886168e-07
0.0121013380933559,2.0429206961715683e-05
0.0064143935612686,4.450046299364657e-06
0.0190443008079613,0.0001401933429510472
0.0152464435207281,6.679671338528218e-05
0.0164139134890943,7.224589793701784e-05
0.002150168257152,3.017647424746955e-06
2.3984191013193267e-06,8.994375197723182e-06
0.0037340998752127,5.649683926235167e-06
0.0007677817603998,6.5641246455615506e-06
0.0011656877878809,6.479479953110801e-06
0.0176177498721353,8.842102431826478e-05
0.0014320967262504,3.0506168603146844e-06
0.0134523887231653,7.286458697044894e-05
0.0068683314443609,1.0218277569486189e-05
0.0156360415189214,5.480240983234803e-05
0.0047242807432026,2.3874767021266636e-06
0.0033349975007459,5.439865516634631e-07
0.0077841327893789,1.4841652649457421e-05
0.0174655850420577,1.5522883399658317e-05
0.0192912449438122,1.655321455881396e-05
0.0040724905125877,1.6850077073520248e-06
0.0096692134326978,1.4490407341712429e-05
0.0051768143745672,5.693117626992793e-06
0.0104523484286123,2.1129930222069936e-05
0.0110486336313805,2.1882196424280576e-05
0.0047585767640972,1.249248933966502e-06
0.0182710359235341,8.23657232283871e-05
0.0187447206948348,0.0001396786668569618
0.0058452979057097,2.912081578535527e-06
0.0053490300903183,3.108608811297843e-07
0.0095181714710879,2.5426603049342657e-06
0.0174483625234037,9.106993996219256e-05
0.0074499622788266,5.73776456761856e-06
0.0063789230385934,7.337319880394075e-07
0.0095419476113725,1.338846432674293e-05
0.0173041121460395,6.1001763276654196e-05
0.0041016984869904,1.5136199863869273e-09
0.0008320219373104,8.204402774409421e-06
0.0110073035662002,4.226126470838415e-05
0.0149552833254489,6.457851439821097e-05
0.0180071821366613,8.640826754824853e-05
0.014158195054647,5.238524475319826e-05
0.0159094678790659,7.95334145659384e-05
0.0061587990239196,2.114182314249493e-06
0.015637229018981,0.00010856541497782683
0.0105821576064738,3.7523263950664656e-05
0.0100967459860281,3.137673051238444e-05
0.0143559321075008,6.163195929830876e-05
0.0084379174525652,2.011551568254637e-05
0.001007860996815,4.2340648756348355e-06
3.2973216519156524e-05,6.045325933370988e-06
0.0035235733287144,1.8806630067348975e-07
0.0113351816074982,3.077858274936331e-05
0.0007339101475557,1.0585261978067042e-05
0.0148490496892976,2.7753597810895306e-05
0.0146311097596041,6.40131120307161e-05
0.0141553986304117,4.456627923137831e-05
0.004329667539678,8.292340282566787e-07
0.0175956482008693,4.9604042200994274e-05
0.0097225872712291,1.1047206978155743e-05
0.0022316353253476,6.015281560241456e-06
0.0108631594422374,8.257427778360338e-06
0.0019957558714601,2.205743222782124e-06
0.0087752881371784,9.967927740399365e-06
0.0085720104329697,2.385593548806713e-05
0.0194633652168807,6.9562032087295836e-06
0.0030090269185243,6.111949887892917e-07
0.0002692137023466,1.1314044535930369e-05
0.0067460211670869,1.2367093409399546e-05
0.0143447589017921,5.2543708781132935e-05
0.0149785117001382,8.657171285394167e-05
0.0057872881678006,3.3009642963591656e-06
0.0044764557709956,1.4355568773506268e-07
0.0092240019878903,2.686914992804629e-05
0.0046372618083909,1.5398685740687492e-06
0.0176619257266403,4.866204718811346e-05
0.0183494077587602,5.05635454354989e-05
0.0098108775991646,1.0119669580361133e-07
0.0185975081979507,8.58115348001958e-05
0.0175816418665471,0.0001010531404893979
0.0186773681439958,3.396886409489624e-06
0.0199677410881464,0.0001506469400302878
0.0008506962349187,3.5786397584046102e-06
0.0172590268393223,7.556103213228054e-05
0.0061069158111731,4.7184869562954065e-06
0.0196382231208265,0.0001588824286172508
0.0024859985103237,2.2481233733938992e-06
0.0077951946089812,6.9818425870471656e-06
0.0065300401751896,1.0928563867898622e-06
0.0112128998119182,1.528070116752234e-05
0.00705302709143,2.233879670767443e-06
0.0036027409305816,1.539041624343237e-06
0.0027262593480165,2.7402169904088323e-08
0.0018939623084093,5.224727919594663e-06
0.0061088959049609,7.812672565713987e-06
0.0051473780389247,1.5136122697168592e-07
0.0099468053822021,2.7218540396163215e-05
0.0113414338145505,1.2486267890605475e-05
0.0127724529527026,1.421760702802954e-05
0.0017205409758265,7.562634093276661e-06
0.0199293936094365,0.00012497219811546001
0.0142761594068024,6.575440820414627e-05
0.0164869449175943,8.115030508464218e-05
0.0149181601824325,8.296744178856144e-07
0.0093223378610398,1.6394656771392357e-05
0.0087053244092235,1.419595516727254e-05
0.0050654944663206,2.340071557242751e-06
0.0029679234996804,1.7282733255647422e-06
0.007635909552825,6.446821122144014e-06
0.0117828773243264,1.4818973190628486e-05
0.0021849316412612,7.126212065206083e-08
0.008391317623701,2.1522400197804446e-05
0.015560186627157,5.418724975420367e-05
0.0039876027468486,5.693798111773218e-08
0.0006523002788727,3.8265021987652615e-06
0.0078873109260029,1.01855746919594e-05
0.0073590034906125,1.0586518588400519e-05
0.0117443111920609,1.968546610171623e-05
0.0041057768661857,3.4967594744907416e-07
0.0196375892892753,0.00012935248367746996
0.01097411222299,2.300609165957643e-05
0.0072612960152343,1.9357954852070053e-05
0.009130017588363,2.9783279392238334e-05
0.0094779254348204,2.6621704052446614e-05
0.012768089387765,3.184647595426513e-05
0.0043612277656546,1.229295912143576e-06
0.0088855550087968,5.0627051005332175e-06
0.0128577886191488,4.7251826146476206e-05
0.0027771759568504,3.186500522891278e-06
0.0136375891225157,8.571023105478336e-06
0.0044113326378201,3.9180866896091285e-08
0.0157845114636537,9.507989603480499e-05
0.0124875120860059,5.0701611057024866e-05
0.004409424587001,8.339951615377264e-07
0.00849722416435,8.81427525668559e-06
0.0046459349865193,5.380870031132302e-06
0.0127867099665633,5.9834882677628515e-05
0.0118478521795471,4.2579860789612495e-05
0.0136424728859964,6.278545138508765e-07
5.279840909962364e-05,6.698032267628871e-06
0.0195699772245387,0.00012682319648067128
0.0081273173529976,8.453842586198185e-07
0.0127352674289825,2.335082322216268e-05
0.0122309478237947,3.788592010573871e-05
0.0100853429439952,1.0815990530814086e-05
0.0089244196596167,1.1342543736572466e-05
0.0198564936344121,0.00010262635368850098
0.0161544064468201,7.76232282058547e-05
0.0118644115187529,2.007448068557395e-05
0.0196895379877116,4.914789864077667e-05
0.0193258444141948,8.045037694143926e-07
0.0106628064459205,3.713583220449092e-05
0.0124051519468954,3.812901723606239e-05
0.0087467697493719,1.0365721181735522e-05
0.0150072968942288,8.538401781538475e-05
0.0061523624867618,1.3949157025556961e-06
0.0185855550461662,9.486225556732261e-05
0.0106772289846351,7.0730984935153234e-06
0.0051432785628625,4.740523639334307e-10
0.0151594656178217,5.257546534098876e-05
0.0015915702641747,5.704574539097844e-06
0.0156556699482023,4.906144592665553e-07
0.0036916668545719,1.5660342048079366e-06
0.0051399814575858,6.99125547038653e-07
0.0131462211215593,6.209299642375914e-05
0.0017570863894124,6.787827681911405e-07
0.0186854818573275,7.249024941698913e-05
0.0154897622707512,0.00011872440269049352
0.0194089280747341,0.0001339645032613399
0.0188459025493324,5.532498132830344e-05
0.018598650575698,2.8428094575762663e-05
0.0186525011035946,0.000100094072974608
0.0034769635748098,7.68040087838576e-06
0.0072084571417712,2.119040053907348e-07
0.0112623704396445,3.106131859230398e-05
0.0113300929796364,4.598550892097082e-05
0.0181107367420187,0.00010618752596535922
0.0170398453548536,3.159142007726524e-05
0.0142653612587775,1.548103612826521e-05
0.0187040607571883,7.782939201583844e-05
0.0187610556502955,8.26382919255415e-05
0.0045756482164746,3.0835966949420043e-07
0.0188983147407366,0.00010361473168297974
0.0124802582908619,4.368370780395013e-05
0.0055610811772117,7.861285929964686e-06
0.0186752453575147,6.505044740682326e-05
0.0026743995851186,8.691635951764338e-08
0.0123501470967322,2.219528249027204e-05
0.0186820305457027,6.070943341631385e-05
0.019555215744805,7.10107450875024e-05
0.0051479293229154,3.0607362373626676e-06
0.0170543932741619,3.0278120742681997e-05
0.0108081389690189,1.985861932148147e-05
0.0082216995552749,5.785508184638504e-07
0.0015008473103819,7.4995632619317665e-06
0.0042274902920857,3.997243686917856e-08
0.0074858634568496,8.564278154657229e-06
0.005483166968826,5.015607981941756e-06
0.0036957226454287,8.62081449724805e-07
0.0056069059041472,4.53531692679093e-07
0.006488333347714,4.6802798172306377e-07
0.0052942316381184,3.523640447988958e-06
0.0005243395790246,4.462516803672288e-06
0.0146203725682807,4.8064945089929547e-05
0.0088265685116348,2.3660108187524223e-06
0.0176521443577544,9.374183346833123e-05
0.0107855810415584,4.2715642571457266e-05
0.013250779944531,5.2529803411864303e-05
0.0055842862516736,1.42822806345415e-06
0.0023576509064884,1.891059412526641e-06
0.0120370661427364,4.618511497403638e-05
0.0032302874420105,2.828680866132437e-08
0.0036389834537723,5.103221910732838e-06
0.0166704677322726,9.150556110483774e-05
0.0196128982626704,2.257786632695025e-05
0.0005565450284827,4.223323100361875e-06
0.0195349886670572,7.42956150629672e-05
0.014705023048505,8.289939627189371e-05
0.0001408369747332,1.2480151615357788e-05
0.0070423186243376,7.1576563693161564e-06
0.0176152856162395,8.7134313400544e-05
0.0142165124985445,4.6096746816092814e-05
0.0136899958447853,4.571561236103172e-05
0.0159125499820087,3.31425960666149e-05
0.0095142653458605,1.4241996851788315e-05
0.0125865812107997,3.899680266655652e-05
0.0008100367960298,7.421073511985174e-06
0.0198782226927946,0.00013452447952255409
0.0134366181467038,8.151475095897337e-05
0.0136766784928766,7.16653809018739e-05
0.0006466182575398,7.694939659262633e-06
0.0095152383003784,1.22109088064276e-05
0.0099004946234038,7.295549359100478e-06
0.0105574591799363,2.1503687674469175e-05
0.0154511774537936,3.305892261027066e-05
0.0113137803039207,5.480375921241768e-05
0.0121414322739116,9.18179123101828e-06
0.0126607529809183,2.824094136509335e-05
0.0133639453121031,3.767192515984634e-05
0.0121698370795969,1.6545004728940643e-05
0.0107908393481489,3.612424949318558e-05
0.0100227998696853,1.476749358363697e-05
0.0010068803295658,2.048065057060686e-05
0.0070162336126033,1.0608336164200913e-06
0.0133528221864108,4.199869403339045e-05
0.0141554647133239,4.415716471162673e-05
0.0190743765700124,9.473307483564872e-06
0.0042777421679157,2.4273078935783043e-06
0.014252964449866,6.424783647589046e-05
0.0083199149421171,9.922866124166599e-06
0.0155705614551098,0.00011065257059632771
0.0045758274600768,4.955083906963267e-07
0.0077537034770517,2.3718391846022676e-07
0.0054724537074424,4.951188718841965e-06
0.0006087396344897,4.082850009191101e-06
0.0072174932965454,8.176594691135623e-06
0.007323789993102,2.38709820695774e-07
0.0193791510619777,7.528595237994804e-05
0.0118689189975616,1.540905453670516e-05
0.0068406304051822,2.144989578655318e-06
0.0030116480248484,4.9279971909435535e-08
0.0060858984577948,4.912896847352312e-06
0.0024101237399831,2.848979732425703e-06
0.004883875026625,4.477985387794686e-07
0.0121979417591339,5.697358263856684e-05
0.0024410753562152,1.102171706712703e-06
0.0102601472760862,1.2480749111718728e-05
0.0015848025014454,1.6818396178672016e-05
0.0075619445326532,3.917611616703922e-06
0.0118122685773135,5.0895957679075534e-05
0.0015625275928289,2.3560250705537512e-06
0.006932856524699,1.7762426564828575e-06
0.0104779891718445,3.835190040348494e-05
0.0172735527184563,1.6985503840780492e-05
0.0098954759495902,5.438270512655312e-05
0.0006027519977504,8.466350758069921e-06
0.0029739388699222,2.417711957176901e-06
0.0100355421620062,1.8441419077527277e-05
0.0163234163528266,8.630104266737136e-09
0.0111926261361363,2.1980226832434417e-05
0.0143174877207077,5.5297270292151714e-05
0.0160376091057181,6.385640456024986e-05
0.0095086888983546,3.97171678393243e-06
0.003134785202126,1.4646411541034872e-08
0.0150549498993157,6.76451536759446e-05
0.0197654428042617,8.343265755255369e-05
0.0106928691128737,4.210200351329353e-05
0.0133565488497148,3.3858088767458045e-05
0.0170967635264907,0.00010051258108805542
0.0076810854405965,2.4111875131068517e-06
0.0139201199261636,6.25198589584906e-05
0.01665769713112,2.669657141858056e-05
0.0101320520357676,1.3782984801792902e-05
0.0174672154880069,9.246112340294094e-05
0.018920952416056,4.056109183778337e-05
0.0146925202611838,4.8024508420778175e-05
0.0065311999453635,2.2082560408821474e-06
0.019004562210864,0.00011998942947745611
0.0080658962729898,1.1779795385710283e-05
0.0113888839135265,3.4163540799090986e-05
0.0063382920514942,1.577567543356681e-07
0.0145706718816049,1.0161260397434964e-07
0.0083540960378725,2.198865538889047e-06
0.0168809950726706,0.00010978590991350403
0.0029350770227136,2.873675645696486e-07
0.015160076086506,3.430491686625318e-05
0.0190862121442778,7.887381691286484e-05
0.0069363379047003,6.534461498199205e-07
0.0095782756795851,3.3906630835349475e-06
0.00825592754755,2.219112086816718e-05
0.0150341030614694,8.19688846111183e-06
0.013147150739642,1.9208919099387997e-05
0.0055667576424308,2.606850323248156e-06
0.0175819180411335,3.470800319933136e-05
0.0094049400779008,9.340570498822078e-06
0.0179357281101018,8.127141507483724e-05
0.0182308803727832,5.356723388944035e-05
9.381556604990628e-05,5.519299249371481e-05
0.0016919138986914,7.548298455481311e-07
0.0054967104630897,2.4576770444236316e-06
0.0123334468533199,3.121025717279421e-05
0.0189300966070645,6.189586601358908e-05
0.0082486233666378,3.6488294097484777e-06
0.0175640814366321,2.8992659593737054e-05
0.005253129732658,3.2471203703355845e-06
0.0097876163616278,2.416047033630839e-05
0.0148255056545047,2.3649267132309894e-05
0.0008969847346351,1.7810974186088292e-05
0.0063123763623609,1.516884621467904e-06
0.0039565192863428,7.812785299995599e-07
0.0018820916783199,2.2979456589520137e-06
0.0083798581924053,1.8130548405651976e-05
0.0145329549672227,4.8323142296555945e-05
0.0161974117250552,1.4283509281496817e-05
0.0159105954293534,3.124917205914999e-05
0.0061586757156525,3.3006084382630826e-06
0.0106450627680231,2.6430052369343643e-05
0.0168603072541838,0.00010570062458820587
0.0029492951805334,2.1389375284017497e-07
0.0193418687688993,0.00011063768779523047
0.0197101592374885,0.00012968127163255784
0.0068417784430207,1.4580174179173647e-05
0.0186168477899473,4.8036921614179814e-05
0.0091015370043439,3.517471656437113e-05
0.001896688424041,5.537825556986159e-07
0.0113271913803598,1.9347045747686434e-05
0.0180773743557045,9.877992451948412e-05
0.001006050575122,1.1895982408065471e-05
0.0163187001986424,4.446051543256119e-05
0.0038581196583702,7.516922746936388e-07
0.008278759028729,9.29500679941513e-06
0.0009966806754349,8.753574145067153e-06
0.0122007551804164,6.9533511682520805e-06
0.0046078861026315,3.6917499485689654e-08
0.0178468436627582,0.00014566704190151604
0.0166413549607261,7.765391893030653e-05
0.009839322922778,2.5296848313941315e-06
0.0127512917841975,3.256270817689516e-05
0.0113116011986627,2.671685990314796e-05
0.016573588779979,5.743192646329302e-05
0.0043646011651978,6.41720908666304e-07
0.015278933323062,9.590213856716912e-05
0.0026151024344206,4.010727723647274e-08
0.0063201494542379,4.146545479650642e-06
0.0144032948000137,4.829557256997214e-05
0.0087020464043171,4.853945345100495e-06
0.003705285658717,9.317158681758378e-08
0.0017203114938809,1.6837745561173327e-05
0.0113055540988753,2.8220363945431983e-05
0.0061828412878806,6.796629364765695e-07
0.0051431290065028,1.097497538606475e-06
0.0008936801787642,4.819833256143281e-07
0.0039966786970731,3.076052963016759e-06
0.0105827236185201,2.3991622032102172e-05
0.0009695492803493,3.4193804988817562e-06
0.0023275085682712,1.2138349007401028e-06
0.0104945584430029,1.9329559432948968e-05
0.0053124448584812,2.0015345121163476e-08
0.0198959970094578,7.030639650170976e-05
0.0017171500906448,9.438420131014518e-07
0.0167673866258005,7.648615146552105e-05
0.0140437344808073,9.254047998487475e-05
0.0117193407427072,2.2762379351791252e-05
0.0057884486978315,8.742283640608549e-07
0.0151003045706009,4.345402772904706e-05
0.0181046643600127,5.412913164906925e-05
0.0156296677009032,8.784849013210742e-05
0.0008702710949436,1.1753355398264687e-05
0.0155301731570246,8.394958557071532e-06
0.0147362468513064,2.4334857964987732e-05
0.0134435653612389,3.26180563555394e-05
0.012610443076138,6.649875536289543e-05
0.0188642735453303,9.972222336769814e-07
0.0117236393300663,9.201263730465582e-06
0.0078633504929644,1.669585042837689e-05
0.0194085174534325,5.6594592811606614e-05
0.0110641544089047,1.3235525666191839e-05
0.0071460159429226,1.0545837664768416e-08
0.003573463380713,2.494103548647508e-07
0.0053708671573154,3.7868683658882716e-06
0.0028173348639966,2.822333708192969e-07
0.0013955049770708,2.3150295733646408e-06
0.0199107083092997,3.686585783022074e-05
0.009734379161516,3.482042194667759e-05
0.0132562062854576,6.665398853519804e-05
0.008719361914197,6.40056424473246e-06
0.0166153315760069,1.7900705125617846e-05
0.019222652138321,0.00014636787946716584
0.0140905512412304,5.6578146890937435e-05
0.0087666723759046,1.9637077060889654e-05
0.0083409223983774,1.603612165973962e-05
0.0073147942080231,1.1269365339143848e-06
0.0044111918450551,1.248714586878617e-07
0.0120500683337214,2.811502929640198e-07
0.0019456207567506,1.6124227916412713e-06
0.0055106694057921,3.006383439470839e-06
0.0173026049983915,0.00010445062172384835
0.0106164077327252,6.0567289966613435e-06
0.0030818825823879,1.885407129508709e-06
0.0159199512742688,3.5516662819289794e-05
0.0119112935970545,7.72596564340044e-06
0.0112768177738092,9.854574017317608e-06
0.0060714802797979,3.6215299394662157e-06
0.0027124274501756,5.14481361219617e-06
0.0157130030738888,2.883294904749777e-05
0.0031483797242385,1.7002814198190518e-07
0.0068447726716588,1.2923253849604468e-05
0.003342910526039,4.29678893107369e-07
0.002785235065645,6.876472033029398e-08
0.0154642126606931,1.7273387949505646e-05
0.012549908328108,2.6036777942196677e-05
0.014369947147801,8.389384742868448e-05
0.0036149448010332,8.031304807968756e-08
0.0191863210272423,0.00011318523100797987
0.0094236376849276,2.753618973727497e-05
0.0130541772504045,5.8295205551665726e-05
0.0078931754993195,1.5872854316466762e-06
0.0066170411596569,1.486431405250645e-08
0.0190511225163357,5.379824827076065e-06
0.0154173101634181,2.3359180834249994e-05
0.0186007679319581,0.00012098125162646963
0.0064025996783557,5.378671441661772e-06
0.0195857845659074,0.0001533092371061156
0.0035529406735458,1.826323455220131e-07
0.01539458735255,6.455389540357118e-05
0.0086749109215682,1.595504784310676e-05
0.0117095288069967,4.466101652659602e-05
0.0012391075396754,8.561575918020137e-06
0.000198601383069,8.704215880247355e-06
0.0081320042012943,1.1320657140521816e-05
0.0183144179013933,5.662925891411461e-05
0.0137194492909632,4.267382443538325e-05
0.0146724830613245,1.7248599754600253e-05
0.0046626301946267,2.951310710017977e-06
0.0082660329268999,1.2721520349340712e-05
0.0168140190065816,5.449923566417039e-05
0.0012641832744737,4.85718624891575e-06
0.0173516332418436,2.402331250352299e-05
0.0117545863643224,6.201858274560122e-05
0.019082054990771,8.633782850531784e-05
0.0040368465873352,9.628227197893283e-08
0.0131761589627475,5.1230870842282816e-05
0.0039744974710365,5.344883407581872e-08
0.0040958320276956,4.589833840750136e-08
0.0021504530651526,3.2815349414067063e-07
0.0048851358206864,9.576554162002244e-07
0.0186038050341446,3.9858677579831094e-05
0.0031832729100458,1.5667938681412087e-07
0.0118471715513172,6.853506416910111e-05
0.014871249945356,5.204796413287742e-05
0.0180761228940889,0.00012148521862917206
0.009881054277799,3.1456674449701056e-05
0.0078016529669574,5.9529798089727115e-06
0.0063870286284278,5.0628129240305465e-06
0.0191399219525339,0.00015152261463026922
0.0040887770586766,1.35265326806827e-07
0.0053752268265806,1.5573879145202844e-06
0.0027399659446965,3.4315401118469447e-07
0.012717463147328,3.0411983264878925e-05
0.0173995014136862,1.2698253665581445e-06
0.0176570636191103,1.9365783858640863e-05
0.0168466977070745,0.00013417416049299396
0.0147855223599744,6.485049158669383e-05
0.0166620953268078,0.00013847704189560485
0.0181933105934869,4.562277141842884e-05
0.015445526926365,4.992495416742592e-05
0.0132566431826981,4.2569631335349266e-05
0.004503241080202,3.797797736782762e-09
0.0193806834258276,0.000130448027010913
0.0046985034421036,5.367520000609541e-07
0.0169054845180322,6.028950511484043e-05
0.0096148896953671,3.481624443657717e-05
0.0138786761427379,2.6268127923049517e-05
0.0121817717274964,2.87171128249175e-05
0.0074823504230768,5.1878062994452655e-06
0.0106460260477812,2.7923255674256252e-05
0.0124733808419793,6.35390921084936e-05
0.0140634735705886,6.414214906932021e-05
0.0070911945035241,4.865197861036949e-06
0.0147762236703349,1.0860431812445246e-05
0.0020372699178858,2.4246225882528163e-06
0.0160096657368371,8.885677571532003e-05
0.013713558794159,2.4395779587713096e-05
0.0027014238977376,5.140145995120166e-07
0.0057936509912879,4.589832794645745e-07
0.0042820621609371,4.1923743517973643e-08
0.0093581435018279,1.6691620517187982e-06
0.0043450406173512,2.2360034837257592e-07
0.0067377512374576,3.001742108295398e-06
0.0062399276181313,1.610214188623604e-06
0.0035976376140946,1.5273285104233713e-08
0.0055394366488913,1.8039711274606326e-07
0.003181171706901,7.535969819081649e-07
0.0100889586876131,2.8609697658073202e-05
0.013578310989472,1.4423021049846974e-05
0.0061379574986428,8.140403515088032e-06
0.0160406146388881,7.669852536459268e-05
0.0199170220445457,8.071280875760849e-05
0.0060626539166996,3.9297280275787894e-06
0.0121917405386221,7.344994502357389e-05
0.0175138941543543,4.296226222312931e-05
0.0075259012716138,1.1750435247977323e-06
0.0011583565639568,4.219615795287237e-06
0.0045165089619738,6.384789253170956e-06
0.0081668700765296,1.5938355096490775e-05
0.0189185508153353,8.398123766140356e-05
0.0044152858208993,1.3744024992136314e-06
0.0117838467900934,1.6234941133685335e-05
0.003382975091085,5.613028408186482e-08
0.0182065869426205,8.497862798959115e-05
0.0076918423977638,3.4413059229409436e-06
0.0013086033989939,1.0721288869515643e-06
0.0048185094894393,3.5180133683360483e-06
0.0075742302869252,2.0418722609037382e-05
0.0100582565902368,1.660125969744391e-05
0.0067203742995436,1.2733361469949897e-05
0.010088008612462,1.5643191579035482e-05
0.0143825044315088,4.486206001853714e-05
0.0001186247718759,5.774546716439673e-06
0.0160070528081849,3.3954438229213076e-06
0.0183757524699061,0.00011168072206615207
0.0063330214767593,1.3500092436157728e-06
0.015118619920791,3.6804308484271664e-06
0.0088143774026598,1.001441195488214e-05
0.0096292626296173,3.010997589016111e-05
0.0138490781919782,3.328245594176084e-05
0.0023756097082145,7.831907282746066e-08
0.0085314941414565,1.8825856666356356e-05
0.014054400672821,1.4784501270963868e-05
0.0166163554823729,5.520076334798914e-05
0.0167058057633194,5.0196664513999516e-05
0.0189092009061801,8.882230708386781e-05
0.0165044732274743,6.104263057328634e-06
0.0102638477847815,1.0572861537458533e-05
0.0199581157983242,0.00013023567761395508
0.0199921315576753,4.6642502983862736e-05
0.0146664548939378,5.602383049519893e-05
0.0037165548789467,2.634815839702276e-06
0.016593396251853,7.66976972956398e-05
0.0041834177109873,1.1762472226629499e-05
0.0028820747677218,2.2157239584352188e-06
0.0061036225321324,4.448593169202086e-06
0.0197061508634285,7.314969424279663e-06
0.0002680304017543,4.4951527953130555e-06
0.003409271548952,1.3039094056649755e-07
0.0013708024318283,5.581981794263152e-06
0.0120699430567146,5.364941467101226e-06
0.0151339689100203,6.896286258328561e-05
0.0114105694219115,3.7251875535105624e-05
0.0030104867545101,7.153057651470081e-07
0.0082466399107055,5.179465030150361e-06
0.0186976169513496,3.78378395925803e-06
0.0092273068231988,1.630125316862024e-05
0.0019023337541254,1.8422491506733117e-06
0.0037900307697682,1.3331780276904515e-06
0.0041905157966733,6.296011438089895e-07
0.0010314005716459,1.392019162786556e-06
0.0121798555313033,4.1967340826033405e-05
0.0148308105598987,7.939804855520062e-05
0.0025308058430705,1.6546427063061329e-06
0.0197143733431355,5.035478128950831e-06
0.0099837473763975,1.319076652929664e-05
0.0074294545037157,1.2690428841767753e-06
0.0020039804385491,2.3753031512874983e-06
0.0101270934838859,3.452346190043864e-05
0.0147273833420291,2.3746914538403557e-05
0.002575757399873,9.271966752396618e-07
0.0169552552772954,7.156849408563813e-05
0.0029462360559272,7.2059312141021435e-06
0.0003106101774303,1.8030901806851282e-06
0.0161295881957772,9.251576110227534e-05
0.0042489744013131,4.0385379531220693e-07
0.0025479280071658,9.639823631964323e-06
0.0097124487744128,1.616795857909223e-05
0.0160953322777128,7.875368595124624e-05
0.0073704995471553,6.007781832953303e-06
0.0034196735160136,7.24761262281795e-08
0.0134385976533543,4.53817505085699e-05
0.0070867586507446,3.2458997769815297e-06
0.0029622717688682,5.6361567376460646e-08
0.007468063195062,7.238238597147748e-06
0.017254795933047,0.00011273726387339983
0.0167956571007254,0.0001099494913422569
0.0025721289658741,5.735242645518998e-07
0.0028414539581455,2.3541633883102292e-07
0.00185297796505,6.431181660869182e-06
0.0078669120021305,1.693173106411091e-05
0.0102463776681962,2.899597849319145e-05
0.0147535553287583,5.3239247812168684e-05
0.0176012853761137,8.001223606672851e-05
0.010552195610906,2.958470144420364e-05
0.013832918811613,1.9928642809353086e-05
0.0042573202149563,2.864283518271643e-06
0.0150056298378953,6.111984650303456e-05
0.0188928772135392,0.00010369524246141454
0.0132534954491945,2.4569736102494186e-05
0.0172939792580711,5.879750309899206e-05
0.0079397918808566,2.039851708067803e-05
0.0152521958315007,5.055193053062938e-05
0.0113764824501889,3.202905121473193e-05
0.0067190891179537,1.2866354079531112e-05
0.0011783269968087,2.6870750789104242e-05
0.0019613853167591,3.070949433930921e-06
0.0196551536079926,3.2067899477857116e-06
0.0098979141861295,1.6734285588988e-05
0.0181463616154596,0.00014827457113416792
0.0060423974312809,5.684209595842735e-07
0.0152540283966907,8.822261985763353e-05
0.0035046721995433,1.0106446273625379e-07
0.019893541719649,4.568300816256493e-05
0.0111032613910462,4.1683626899059405e-05
0.0192741981822681,5.266266073157918e-05
0.0143144891355342,5.371292155172794e-05
0.0156051578440133,6.347919620672053e-05
0.0160757778242688,8.994610662971173e-05
0.0139967679832228,8.520186853576131e-05
0.0022848160933369,1.582978060293121e-07
0.0184173991261783,3.87836066684559e-05
0.0153732301652259,5.3945173846093804e-05
0.0055768860706674,1.2921150574137042e-05
0.017503893545718,6.705595025035798e-05
0.0132973006020419,2.3271211811074984e-05
0.0140810952344345,6.752501709516062e-05
0.0130561251997608,4.9263364816180824e-05
0.0049709830660382,4.137128738592212e-06
0.0103185078496675,2.5842946377934265e-05
0.0196788721132378,0.00010327405433265394
0.0140352992458791,3.8781218072248126e-05
0.0069069346226669,8.419229711692652e-07
0.0174647009858016,8.158253775988165e-05
0.002082229110747,9.624761701759235e-08
0.008372297148868,8.19426956700267e-06
0.008988128153027,4.1578059951299646e-06
0.0131850366398243,4.470470014148583e-05
0.015625190391528,0.00010992956936367923
0.0155269555353248,0.00012146946001251317
0.0122232664295601,5.2550214176061716e-05
0.014806986824157,4.016714347779443e-05
0.0050196353591219,5.999259906835022e-10
0.0184424422593803,1.530304139194798e-05
0.0017718165737889,2.3168423060516884e-06
0.0144357109655353,3.649199615511148e-05
0.003400382218927,4.90726667304032e-07
0.0023182754289874,1.4001642007507726e-07
0.003313218936743,6.980885746303733e-07
0.005541568229547,4.92334298535109e-06
0.0015372644463269,3.135427869555851e-06
0.0147822057247437,3.575782067796359e-05
0.0063237412686627,6.705709363272522e-06
0.0036667255616526,7.942181495924421e-07
0.0168491112669519,0.00013982497314876907
0.0077253351653989,1.6133148393921172e-06
0.0028646430991283,5.960434435297843e-06
0.0151592579825211,6.130969244789238e-05
0.0131654674258766,5.867486001156838e-05
0.018385798666974,0.00010070314637061299
0.0157185520240535,3.499127772320267e-05
0.0042478411308852,1.0154352709787875e-08
0.0095290941049695,3.2670934136242592e-06
0.0148529011253867,6.436240945874869e-05
0.0099090855982471,1.841268082136493e-05
0.0084828887939953,2.280439650615978e-05
0.0003279649310096,2.8869735774130127e-06
0.0041533743823416,5.114204528378126e-09
0.0179309378434616,9.219385966232852e-05
0.0049941635303835,5.698403419197962e-07
0.0124195336117088,3.768715080414191e-05
0.0186925092643243,0.00011404175816032016
0.0192497996657895,0.00015192913453193445
0.007237607411281,1.0205913375951593e-05
0.0122648786946851,3.340543377201774e-05
0.0004499745078128,3.913779965917374e-06
0.0098221411569371,1.790893217868067e-05
0.0014815556826297,4.2804411128721537e-07
0.0036134475707511,4.990599873391627e-06
0.0073896461552847,3.491071401970642e-06
0.0002307551788609,1.607901921727193e-05
0.014292366651511,7.143511447730987e-05
0.0103139934729552,4.7459892760696364e-05
0.0172133284119994,9.241073576388317e-05
0.0125514846700306,5.409914075257735e-05
0.0054868272382669,4.550165816661232e-10
0.0197301872169343,0.00014815003946048988
0.0174156558556463,1.2893483088299447e-05
0.0040229491174335,1.8230540382600356e-06
0.0085811186012097,6.719480960015042e-06
0.0022291091465239,1.4046180555708813e-05
0.0007056603873462,7.93445121756278e-06
0.0100222402676814,2.365816362628897e-05
0.0190344818917303,0.0001060852328678267
0.00495414562903,2.2777563294470683e-07
0.0159925003178046,7.352300360375802e-05
0.0029731856089302,4.9699444357164296e-08
0.0064985475355133,9.83760904487848e-09
0.0050421239619904,5.702764863272421e-06
1.5087076988304917e-05,1.0662360146269275e-05
0.0076736307368333,1.7244184159794072e-06
0.0054159183823393,2.1818928337175876e-06
0.0112847992980876,1.380475155703788e-05
0.0097537031307615,1.951895945317397e-05
0.0105366601387763,2.7282371637809232e-05
0.0014886589104863,1.2036197476468907e-06
0.0122863163205199,5.4838452461596394e-05
0.0098135482280615,3.5965102114612472e-06
0.0056724031881784,2.629583367446978e-07
0.0150888144560495,7.339906537501906e-05
0.0114195027251162,1.7922980979249603e-05
0.018771036591248,6.674257510684755e-05
0.0173521369803522,2.252812938920228e-06
0.0008840885356741,9.937055834280846e-06
0.0047054581379613,1.4136665748022749e-06
0.0102026150810429,4.537115343393578e-05
0.0026971766868734,4.648866837294822e-07
0.0178467283348662,7.618347893759577e-05
0.0034769251100925,1.0100991805245007e-06
0.0199407504670459,0.00011976459780201343
0.0006476767772755,5.827812343467515e-06
0.0019014999179894,1.8728612619957585e-06
0.0016808770675538,3.116772559352355e-06
0.0175163484507291,4.4722936362196875e-05
0.0091480465115029,1.1376099671506359e-06
0.0128440899160744,3.987176686432161e-05
0.0132158826185325,3.211074069461136e-05
0.0186477885258825,8.678823138428689e-05
0.0122702251146253,4.5734345110548015e-05
0.0191260507931015,2.439709979149786e-06
0.0026558006598392,3.97095507506937e-06
0.0161135940748604,8.560257218187432e-05
0.012591210245601,1.5620338451949504e-05
0.0020969766388677,8.063789991480547e-09
0.0030153610270934,8.203994607669336e-08
0.0137354276052643,8.480202113555426e-05
0.0025130521607563,1.6771338538063481e-06
0.0060116235143021,2.6489026072972467e-06
0.0197390016888252,1.2874452511305047e-05
0.0160882983259087,0.00010321721393464768
0.0038146821224502,3.7747292972245945e-06
0.0175048559303716,4.8875797854333655e-05
0.0150299254046765,4.9551006262617006e-05
0.0069744762983941,9.363966690893553e-07
0.0113275828165384,5.285714451308637e-08
0.01372444038826,4.9285912262704444e-05
0.0187398260908414,1.3098390484839437e-05
0.0060100060352927,4.676254792243313e-06
0.0140300996960189,1.4791442227747343e-05
0.0149409891126987,3.681200648507202e-05
0.0008199475827897,1.4124602507228129e-05
0.0179303942389022,3.68800407954462e-05
0.0184885726265181,0.00011865622159893303
0.0135618246844856,2.235267209870911e-05
0.0043659615799611,6.623179632441078e-06
0.0193744143306756,0.00011458370086695122
0.0007854886712859,2.2003760280722868e-05
0.0143508745136297,3.827902098759925e-05
0.013626271003885,5.681724891900087e-05
0.0153549484765468,6.353671933556901e-05
0.0048142661509165,8.364180269931881e-07
0.0190786387649421,8.704407178644272e-05
0.0134354459058865,3.9398691889659794e-05
0.0114393026787066,9.74733612949764e-06
0.0073564743541397,1.6556336264989407e-05
0.0178734282218836,9.994197175238071e-05
0.0186042532953939,0.00010261971503324141
0.0143353885852316,4.728711854931349e-05
0.0094971689081072,1.5584599031634184e-05
0.0033560678775054,6.769675357635039e-07
0.0042606943939339,1.866581137010079e-10
0.0098641808780684,6.343612943979428e-06
0.0157195776771135,1.013720764603392e-06
0.0130616521813253,4.240362691099852e-05
0.0040568573694098,1.1580455002609791e-07
0.0074402558662477,3.2920262017667872e-06
0.012488716065676,4.598106371709677e-05
0.0067265340652521,2.5832942049364073e-06
0.0177763860150573,9.286324613729068e-05
0.0123127495837061,3.573517090302567e-05
0.0191792305691432,8.42489086933602e-05
0.0002343529346285,4.698210875156375e-06
0.0063880508107242,6.571437533160325e-06
0.0139579546819606,3.0126082972664522e-05
0.0040164817844716,1.4229295443486328e-06
0.0138956461861411,4.614387815871389e-05
0.0178249540230842,0.00012036138182443221
0.002388249604179,1.788194620229313e-06
0.0051516251962066,2.888015213222504e-06
0.0074526385394487,1.1717239671291582e-07
0.017110993306889,6.82544148183457e-05
0.0188654305901987,8.681806950981202e-05
0.0193823561498962,4.1278078674734906e-05
0.0054772763257267,2.282789684239385e-06
0.0063996286009479,3.986649432170663e-06
0.0163434941627366,0.00011771240430790279
0.0016126488598242,4.424674225160462e-06
0.002875694604563,3.944174138462319e-07
0.0131529021743341,4.661479272554711e-05
0.0128758774261458,4.5263059373907345e-05
0.0047785803813743,9.9430200263331e-07
0.0071992018607863,8.021713161364788e-06
0.0112318223020458,4.069462659975823e-05
0.0013826441045914,7.887718203828479e-06
0.0181047092888015,7.974172448575215e-05
0.011942044152762,5.6746981544464754e-05
0.0145292574403026,2.0765365344441012e-05
0.0029389839274006,1.4150002884070876e-06
0.0105270131711076,3.1740291516464164e-05
0.019892244250998,0.00011653720539890508
0.015194918382082,5.040540355071492e-05
0.0152926709649853,6.69151547069718e-05
0.0089349618058209,1.4180574348125681e-05
0.0191108552987076,0.00011801302847701827
0.0020059392842343,2.9421973580398304e-06
0.0055828460390335,3.172225069950007e-06
0.0030872156337617,1.0534699006125192e-06
0.0115604394133657,1.893625137761872e-05
0.0110006696263224,2.53760509272272e-05
0.0161818601936513,4.6002750425476944e-05
0.0061706201615056,3.7035956042379804e-06
0.0043574776337537,2.726417615345504e-10
0.0050280751010307,5.199530446683078e-06
0.0095417996401717,1.2650656839715513e-05
0.0024560871136561,1.2307763428654543e-06
0.0073799393634682,1.5935488292342377e-06
0.0128280850364913,7.861415076606063e-06
0.0168076666937573,7.707390248283122e-05
0.0137959516619315,2.8973972478696022e-05
0.0069333400098662,1.0009069229433238e-05
0.0078230144825364,1.1376043527128752e-07
0.0036578420961627,1.7551036669815504e-09
0.0073908966784289,1.2243165488635133e-05
0.0069240989833316,3.4954231661667545e-06
0.0099792287941374,2.8584605803033964e-05
0.0143656483672519,6.578320626027983e-06
0.015053977203751,3.8941284076946196e-05
0.0158397565058387,0.00010026586981714193
0.0178506133141229,7.351620216598479e-05
0.0014519596104154,2.077292034201594e-07
0.0133822243400887,2.444543270503225e-05
0.0077075758079572,1.1713353979652013e-05
0.0173751432727258,4.415828523652233e-05
0.0122931519563386,2.419119556837069e-05
0.0088457797673911,8.78854453848105e-07
0.0011694471603595,3.973088378697512e-06
0.0158167412700723,7.692335214427204e-05
2.3065104685824344e-05,1.1255288939919042e-05
0.007548668148897,1.7717050023197295e-05
0.008001928807696,1.6098628364643115e-05
0.0086726536317895,1.3490027374121963e-05
0.0061341164178383,3.220529372082327e-07
0.0078914096300159,4.24517108169027e-06
0.0190814632056113,9.864511074887614e-05
0.0109375697181123,3.22873044098291e-05
0.0131618612118178,3.857343273600122e-06
0.0165666237164991,7.671624917269753e-05
0.0005791185689194,5.1094224857464265e-06
0.0170144369470539,0.00010844213785999683
0.0199499122884532,2.8789454265434142e-05
0.0143112240899454,6.227918621198907e-05
0.0154740460393952,4.3564577965537414e-05
0.0149198662819924,5.2322558250544334e-05
0.0090681648248197,1.3255964498549942e-05
0.0059599637238962,2.089711267294525e-06
0.017170723423476,1.7681529593745215e-07
0.0111880285772903,2.5167845188508632e-05
0.018296105603732,8.361059959095114e-05
0.0167120233991219,7.74889920311019e-05
0.0100148582608413,3.087973001846253e-05
0.0003442354565654,5.7315685089320005e-06
0.0191906609426783,6.79603526167336e-05
0.0099732605703707,2.702235554316309e-05
0.0065794859281724,1.7109397419235543e-07
0.0056810473761762,5.426753978825339e-06
0.0158345312577968,4.64640670200657e-05
0.0076500580044254,3.7636528700661943e-07
0.0067098735117163,4.605121612345783e-06
0.0058864896762385,3.612718934135068e-07
0.0129831960384079,6.764201671809255e-05
0.0098920056035627,1.6868420309147365e-05
0.0149019448916651,6.223401751992721e-05
0.0135822843362171,1.1315219422011535e-05
0.0079350896528636,1.8002273136953642e-05
0.0125238035907479,5.483725264143826e-05
0.0059751366882112,1.4361803380681935e-06
0.0199586690762603,2.921135895813213e-05
0.0021220457155305,2.150262658530237e-07
0.0023781413089033,2.7806085564933034e-07
0.0150015820764624,7.023223773895764e-05
0.0009817226681491,1.9658508514394307e-06
0.0187588162021247,0.00014978339464969236
0.0169633125902964,9.993856937518347e-05
0.0112908056123648,3.250671055808567e-07
0.0022016782606517,1.4952448876232894e-06
0.0021479738906124,3.201768540168852e-08
0.012286488617463,4.422705304464204e-05
0.0190391209015173,9.171341617990703e-05
0.0089149747597858,6.297392304700457e-06
0.0063887128473997,3.6380718382623694e-06
0.0198219667654266,1.8501750871606704e-05
0.0061302663045276,1.9219760521682638e-05
0.0154352391084115,8.257509807970908e-05
0.0029545429392585,1.9869860179441568e-08
0.0180753557347068,0.00011863324952583882
0.0066537384292736,5.8170160165714965e-06
0.0148008343905605,5.460317153733199e-05
0.0011749755727289,4.480811258498155e-06
0.0165450444149714,7.051666422989999e-05
0.0041230901037409,5.003070427906207e-07
0.0142533605481598,4.857491960044585e-05
0.0195666454020876,7.815172208882194e-05
0.0010032710398591,6.610160454796625e-06
0.0022957840267958,2.0033175982114377e-06
0.017245074496716,6.800958229877256e-05
0.0010111970633433,4.420393604116345e-06
0.0134483041735794,4.6903173948858696e-05
0.0065263747368308,5.061231939510946e-06
0.0030412024184105,1.2990355292480247e-08
0.0017027350253812,3.462544239672386e-06
0.0147412686057829,0.00011122091255704204
0.0047910209944177,1.2487128609190382e-06
0.0051153550610433,7.932095965934697e-07
0.0028685944699355,1.0986456040540454e-08
0.0139914844525656,6.260613607737824e-05
0.0158093647779875,0.0001117615051230564
0.0149735345421314,3.13041582464675e-05
0.0077498233311079,1.2008397014270218e-05
0.0081055125466846,5.431577550988458e-06
0.0191227175211211,3.537012074278938e-05
0.0097557628726828,3.8842096725176925e-05
0.0193432542155229,3.7915764399328815e-06
0.0013027601482697,2.287989918649537e-06
0.0017131482537959,1.0595919514407861e-06
0.0114359270128319,1.9487463649216884e-05
0.0161948762346277,8.097095971636058e-06
0.0040191411679327,1.4394357091717012e-07
0.0041279122336547,1.4582912167702715e-07
0.0110713656032148,2.988576470764535e-05
0.0181408646656786,5.295262620519337e-05
0.0066157971700831,6.904109369954058e-08
0.0163386233815656,8.012640663941783e-05
0.0061109282007953,1.2630143820000022e-08
0.0196409647123297,9.021342694262249e-05
0.0150007174879531,5.26966756901413e-05
0.0106666168992519,3.7510422964315575e-05
0.0152555561624346,9.572891022705833e-05
0.0097380049892084,1.1790392364666295e-06
0.0082438844107441,5.842627332936382e-06
0.0162221188270813,6.846104262900351e-05
0.0173146491014478,9.124262563825128e-05
0.0138356968010212,6.954481184858044e-05
0.0061314659257657,4.114948714505047e-06
0.0166860919633098,9.361571118869483e-05
0.0106748791864518,3.2301659787633045e-05
0.0167454658544125,0.0001029125925139711
0.0083584652100474,2.319209536782685e-06
0.0169907215950781,0.00011064649355739834
0.0066865356422317,7.343843240898697e-06
0.0047817529552219,2.527191117027898e-07
0.0048574993107457,1.1266947089391207e-06
0.0051560628753461,1.7881412992175118e-06
0.0020590556145564,2.5986124546238136e-06
0.0052606058942235,8.836774848120556e-07
0.0088616490329619,1.3809854003018165e-05
0.015293741684742,0.00012296373171772517
0.0072049796920936,1.5468285290264843e-05
0.0181314906056127,7.048003095437218e-05
0.0001496102043542,1.0335678877496556e-05
0.0108764568546031,1.5163645404057704e-08
0.0073217681339321,1.4450022418015722e-05
0.0022487277353504,1.8547752201836683e-07
0.0062359946985376,1.0130251971630155e-05
0.0176507239763081,3.5775800237015855e-05
0.0191036451127178,4.702525758835323e-05
0.0026015281352383,1.4100139606061944e-05
0.0148832057737141,4.080162663101755e-05
0.016405989600177,5.458127249945474e-05
0.005684051499328,2.9984252842802676e-09
0.0057885659134615,7.423535436552303e-07
0.0107245722396293,6.4103517671823185e-06
0.0028394432570125,4.876347293911755e-07
0.0020212536266023,6.6701754178255575e-06
0.010701265958375,4.095034647195213e-05
0.0193243305993182,7.115033579881014e-05
0.0111840331998845,1.841614229011656e-05
0.0098198169048608,3.23278752664059e-05
0.0182485646834442,1.6599503346842826e-06
0.016860093879491,5.5457831077938755e-05
0.0085507607692733,8.09899630784193e-06
0.0131498118708675,2.283337403467136e-05
0.0130510489131086,4.5973028526775636e-05
0.0014863637291463,2.3087087285147897e-06
0.0089031231304465,5.027360925213989e-07
0.0020976918800024,1.6370286884744776e-06
0.0045968275825659,1.2319022656327572e-06
0.0092846141061195,3.8314345706024143e-05
0.0167445167892092,4.9453418423808015e-05
0.0159352662142248,6.591522632517949e-05
0.0139324375252165,7.513133804666204e-05
0.003413711625602,1.3513763299563539e-06
0.0199243828544851,6.274658171056318e-05
0.0018901690879354,1.8224325608859665e-05
0.0186708599662922,9.514372244098141e-05
0.0038024919439863,4.66340409010583e-09
0.0109804940678602,3.426912072351962e-05
0.0022016554156485,1.1216302406593779e-06
0.0172279874020375,8.884907541129746e-05
0.0037491227783783,4.3826062449129615e-07
0.0169732927511069,9.857554902968544e-05
0.0162566592429618,5.814181149255911e-05
0.0092031825284634,1.3785650293036377e-09
0.002606448924016,2.911766428985129e-07
0.0017893553619453,7.193142673182086e-06
0.006306050866403,1.4113422459146624e-07
0.0054026541190374,4.0080592141142794e-06
0.010963216089604,7.613427223016125e-06
0.0041470856723327,2.0942326193741104e-06
0.0123853449733084,2.389794667835859e-05
0.0043435717518399,1.0709234525105568e-07
0.0098800884616443,1.851561373532237e-05
0.0086272380547504,1.093115616151084e-05
0.0068781054879536,4.8894950455030175e-08
0.0135449034800419,8.119373687533078e-05
0.0070892392917011,5.436049307762059e-06
0.0096807042021708,1.1355192944978198e-05
0.0068083111789189,4.492571085459719e-06
0.0061008951590069,3.5135189294997887e-06
0.0011763394492934,5.606137216595368e-06
0.0084538199269315,1.678433510990696e-05
0.0158854002951845,6.614205230568449e-05
0.017749561115617,7.319685039894281e-05
0.0195883466070114,0.00011376784174724294
0.0095485482033906,5.776244106834015e-06
0.0042536143916004,3.932844125596808e-06
0.0016462149548651,5.2305483428042565e-06
0.0018698277719086,2.9414725403781964e-06
0.017750987604731,0.00010347644238693355
0.0102549468916939,1.6048084113073244e-07
0.0191172407630158,5.067146166264378e-05
0.0003609170993418,2.0920940218042246e-05
0.0097588865402916,1.8365949659751713e-05
0.0151649408721109,4.835965259109955e-05
0.0108859577916225,3.418827733843706e-05
0.0044778989470111,1.5152199946881118e-07
0.0083228277423203,1.2090308895149459e-05
0.0159028599913761,6.96150798961351e-05
0.0197817123021906,0.00014214149713266433
0.0140959257880399,2.931165649457027e-05
0.009841372763703,2.4099761647360393e-05
0.0095335940189219,5.4360923161349146e-06
0.0047396249031015,1.9886135244438235e-06
0.0165000209731865,7.727152489437697e-05
0.0131485035962081,1.9979353728958196e-05
0.0029222328357225,8.980639153410542e-08
0.0195169200693022,0.0001628976625559854
0.0176387747831618,6.522728533544961e-05
0.0130851764341509,3.878082251855583e-05
0.0127581179002595,2.7212285786636692e-05
0.0188279299524801,2.3384962872398802e-05
0.0066196981667229,7.470092182556101e-07
0.0156967514755016,7.862930137412436e-05
0.010890072933125,3.491976280551709e-05
0.0011786389663791,3.366006778376511e-06
0.0025461744184385,4.38128728679737e-08
0.013499578110918,8.033252514333283e-05
0.0049015410809861,3.5926581592621026e-08
0.0077839947436995,2.4290054289866762e-06
0.0083543094045633,2.6366198780724602e-05
0.0083094714544899,1.0800852884331132e-05
0.0019960198364537,4.825774673292307e-06
0.0143439629481118,3.087295862524915e-05
0.0046687342672048,1.892566451753576e-07
0.019509393438496,1.553117392160045e-05
0.0141142039718958,6.888669899741048e-05
0.0151953311320838,1.0831290859823096e-06
0.0111279233614034,1.3765161186076432e-05
0.0033483301144639,8.71082641853938e-08
0.0070398358662864,1.3115892550835614e-05
0.0019235792258937,8.563868777079685e-07
0.0108262402133219,5.9857453416469185e-05
0.0021532345207577,1.462066691680995e-05
0.0060054177934438,4.594749581633544e-06
0.0036500609194207,7.392602303001e-08
0.0030934607835803,6.982589710701604e-06
0.0086664896392909,1.1416437451380303e-05
0.0175135447301106,0.0001041637459459101
0.0169546812149001,2.9777926069159826e-05
0.01108662321445,4.5654135758497075e-05
0.003195934294501,1.4908587432826572e-06
0.0017559424788181,3.3871781449035955e-06
0.0137519116935222,3.426314582956761e-05
0.0073482278399516,1.9825447452478048e-05
0.012911477087302,6.959362868965175e-10
0.0086682737794411,2.9898670636831574e-05
0.0051361073018275,5.756051548461848e-06
0.0165787025109864,6.688638103188846e-05
0.0035383861738736,6.540834550994212e-07
0.0102562963580371,9.811944168225636e-06
0.0045894309358577,2.4846672464816463e-06
0.0032158626673981,7.586229391760471e-07
0.0114901005559908,3.7641801138026836e-05
0.0088904569008879,2.6511640462165795e-06
0.0181148292540216,1.948517516666051e-05
0.0086472492896882,6.297170118819846e-06
0.0088788907625732,3.410473913628893e-05
0.0104311091295794,2.4751167739531216e-05
0.0012828476162114,7.006257724315831e-06
0.0083112314405946,8.999222370142173e-06
0.0005346266359211,6.794865265468147e-06
0.0165466036753359,4.753105342930288e-05
0.0050739088465427,3.5775274825540706e-07
0.0008257813130387,5.606005715725061e-06
0.0169903764919898,1.0406034809418152e-05
0.0087552815609315,2.8466133167801373e-06
0.0048025589040911,4.141069453773119e-08
0.0132078488382386,3.363387071677692e-05
0.0014776298479214,7.188480849770131e-07
0.0108900730526069,1.168329284646557e-05
0.0011995102340696,4.225737367214345e-06
0.0042542530624955,1.724905636642232e-06
0.0177272308450916,0.00018541473161571637
0.0106684446829406,4.952449463233532e-05
0.0006539665815109,5.394152658586547e-06
0.0010612235100668,9.612614609850276e-06
0.0140248926941329,2.5812923649165794e-05
0.0033837183389574,1.6783430542916064e-07
0.0112828936867324,1.8527138106157587e-05
0.0043564063192514,1.0990561290147763e-06
0.0090535303613785,1.3988521531067378e-05
0.0135657381010901,6.364644361484158e-06
0.0187391986216076,8.308508272160379e-06
0.0090032673446428,1.361506815219865e-05
0.0023726633119383,1.3663649846675308e-06
0.0146840612913627,5.716969731822386e-05
0.0082989192575741,6.973162044336178e-06
0.0118606219979678,3.243545114914494e-05
0.0107467151545677,1.5179660607627879e-05
0.0170294151653053,3.733049255989668e-05
0.0133337453526353,8.754234388802532e-05
0.0121111192118143,4.6841530358847694e-05
0.0197161250576502,0.00014527189891702495
0.0015653203308305,8.052777512120972e-07
0.0012728065216341,6.5128443185133475e-06
0.0158909953322151,6.412245250017242e-05
0.0030646772111207,1.5772533339893774e-06
0.014344928712314,1.6327913794890563e-05
0.0069396089567632,2.4009731165731824e-06
0.0071897198218486,1.3727583426431716e-05
0.0163076967782686,0.00010472371458343051
0.012699648788515,2.483519032683468e-05
0.0049489021416972,1.8341509447159973e-07
0.0133572558310928,8.454395169568201e-05
0.0009515275060138,5.26643994560593e-06
0.0105507275974974,2.1477066754618192e-05
0.0013123170826789,7.071562945183733e-07
0.0185920370370241,5.280165188137447e-07
0.0165986489545962,3.280025903956787e-05
0.0016254368372595,6.179222751085565e-06
0.017605045198996,0.00010199512760714917
0.0108974308659377,2.046219678464246e-05
0.0079039958657288,4.4390248188463666e-06
0.0026817955409498,6.797573730900104e-07
0.0167764911656322,3.746301001531126e-05
0.0038746733667694,9.733003330638352e-06
0.0161116850387292,4.7614144884759045e-05
0.0101501194167126,1.2943832464412163e-05
0.0071007141818852,3.502309976850869e-06
0.0179612248180322,7.24811297220448e-05
0.0076186488898065,1.653630733115491e-05
0.0165588647103111,7.466413674720894e-05
0.0025537156927812,2.4947360706696084e-07
0.0102314346545531,4.057637683188499e-06
0.0005678376763618,1.974152385139851e-06
0.0062310001736491,1.0221452913742447e-05
0.0073644996248263,2.7164035578091782e-06
0.0170290635179124,7.977191886334546e-05
0.0065854483661874,3.793221997830397e-07
0.0100782299870878,1.828530707721123e-05
0.0087889479597687,2.0433477055418737e-05
0.0044336328101661,8.29368216065398e-07
0.010916651643057,2.0727306634521932e-05
0.0062282297819446,8.666199018734003e-06
0.013998421306875,3.920664462241829e-05
0.0091933349278773,5.623018314716498e-06
0.0154909285777017,3.997627002497052e-05
0.0166869692567199,1.1583504841194074e-05
0.0160791492963136,8.2534536480263e-05
0.0182896331998367,0.00011292010962768746
0.0194999982596026,5.67579676702386e-05
0.008168807799161,3.2278607954778674e-05
0.0056056375641993,3.495264129571507e-06
0.0116468730367123,1.8878251889903024e-05
0.0140596611475177,8.001923297148079e-05
0.0195876913099285,2.8768292355469284e-05
0.0189542567137388,2.3417574887280717e-05
0.0099982115384072,8.952308415887818e-06
0.0067694485779248,4.174578115314344e-07
0.0174481258348201,5.5693550300774774e-05
0.0080351335607314,6.406403728186427e-06
0.0068772566537499,5.97311136318424e-07
0.0012074026661494,3.628120548570294e-07
0.0028531211307078,3.990103804052068e-06
0.0062833553736532,5.013827984253544e-06
0.0140451170152991,5.876214151680193e-07
0.0185969526526954,0.00011780866105521817
0.0170138960129611,5.280655348630005e-05
0.0179652648848055,0.00011580538517169834
0.0016776761833366,4.206671218335023e-07
0.0041123059932026,8.428243635825837e-07
0.0180826298478496,8.839391459640948e-05
0.0012534108396353,8.379195895322267e-06
0.0047660210778343,6.373528631847973e-06
0.0044665531471414,1.194454805273356e-06
0.0067780612167162,7.778304720910626e-06
0.0177713763187655,7.487294264682264e-05
0.0118729867709967,2.0654632501582077e-05
0.0073201646785221,3.6044405923679363e-06
0.0166297156557059,4.220696220188573e-05
0.0069761065176605,2.4470155548560555e-06
0.0188182063648686,2.1012788796175558e-05
0.0177045444639033,0.00010097061435294843
0.0180726841329344,2.4122117372365378e-05
0.0053783411454001,1.2140935103761165e-05
0.0058937939619515,3.196010546611151e-06
0.0025294045875986,9.766960007935892e-08
0.0138175515466665,1.4458260557900047e-05
0.0044114280775919,3.696572634088626e-07
0.0019629781999072,6.468736335146798e-07
0.0056536063786594,1.9363898633728457e-06
0.0014525660403132,3.642790204150424e-06
0.0074717890442999,2.573010099118057e-07
0.0199978880679192,0.0001625558873342257
0.017876335227248,0.00011704089681406818
0.0060850530231563,4.365482476017313e-06
0.0107830291348053,2.772241361399373e-05
0.0133841210441025,4.260999232381659e-05
0.0079175521309051,6.659550270791652e-06
0.0044169905081628,4.310565524236807e-06
0.0050019809491112,2.659584523880237e-06
0.0043367620959591,3.0319779701764097e-06
0.0064155515183643,1.2755411482613233e-06
0.0017248590157117,1.2385847012287691e-05
0.0099182397930637,3.919797610618366e-05
0.0062701965928023,2.8271711765512243e-06
0.002712837473256,3.157094261988709e-06
0.003110984166943,4.156162735546673e-07
0.0185645675345772,3.1917956982421516e-05
0.0029117716747827,1.7692130104144375e-06
0.005354257163865,2.4400742134861885e-06
0.0005715949192604,3.692683789366843e-06
0.0171714990966665,9.300380997678866e-05
0.0076443057201801,9.30018342755321e-06
0.0114111801451872,1.4294422547674858e-05
0.0191274910918666,0.00015361974332878768
0.0139406364887924,4.216363024479162e-05
0.0126902149724758,2.149266417504525e-05
0.0058280027954293,1.5393962775916931e-06
0.0142811051084262,3.2513787469766346e-06
0.0162967802423893,4.672873693295938e-05
0.0170046911325628,9.714804557515206e-05
0.0135204910253998,5.533067451953942e-05
0.0095819687001768,1.4630846382934247e-05
0.0174897672138072,6.007074892256854e-05
0.0008006116535201,1.0966823222454538e-05
0.0011501615927181,4.214612749737778e-06
0.0149588334298011,3.3598403931621596e-05
0.0184592897567085,0.0001480115089180173
0.0020385794459057,5.636636141261252e-06
0.0076511717001512,1.0228503825052529e-05
0.0022046746078218,5.893847751332663e-06
0.0156352093114868,4.8247659354838185e-05
0.0011756226985831,4.9495234044238904e-06
0.015083763022554,9.45397981363222e-05
0.0185396383829562,0.00013524095076899496
0.0122633234175346,5.028184488096978e-05
0.0190501017131204,2.742146729878933e-09
0.0061962081584081,1.5255942253812622e-06
0.0145083332140816,3.7561644653079516e-05
0.0198038248213518,4.5730271358309206e-05
0.0064014762261631,6.089619408765221e-06
0.0151721532215443,6.0750235246536904e-05
0.0114504107687038,3.263352636847743e-05
0.0038302608083863,2.72108878210107e-06
0.0117323575664995,1.4864007078989428e-05
0.0116268661457323,3.273796139066069e-05
0.0155763829119394,7.813246209270522e-05
0.0002542673781042,6.27866710882005e-06
0.0068267148202329,5.1202458161155555e-06
0.0198443473943507,0.00011174363776297031
0.0034204325253147,7.654594937846646e-07
0.0038322457864302,1.7729451811487842e-06
0.0135344276508648,4.5555933694003956e-05
0.0020282064261335,7.246157883481222e-07
0.0065307365524322,1.4629062976902103e-05
0.0190270910928951,4.985604380403088e-05
0.0110053481441941,2.555865277200048e-05
0.0145034308292101,3.812358056276291e-05
0.0052425263635979,8.772714222570067e-07
0.0006796369212072,2.7675804973780963e-06
0.0068082078490379,7.187409862914148e-06
0.0128077799454957,2.4230033180602505e-05
0.0196637797315619,8.785724227658296e-05
0.01604908182549,6.041333525036822e-05
0.0125089865068216,4.7576389618574017e-05
0.0117585694395025,2.6826308757149168e-05
0.0099963471325669,1.8110557795664595e-05
0.0069059495147038,1.3595589571542667e-06
0.0037878803164648,7.483721121563603e-07
0.006183542633395,4.862185694306489e-09
0.0144027917262505,5.2968855129573114e-05
0.0032208705632497,6.922625405116806e-07
0.0162185789394779,9.633323880067594e-06
0.0179813269524978,6.537343195780794e-05
0.0190499901075768,9.899953425544233e-05
0.0036936015880286,1.1077907291604616e-07
0.0198810063487906,0.00011499600036172994
0.0137204179232078,5.605507878048594e-05
0.0022237873366812,5.247570241133497e-08
0.0142820524923992,3.599276007219685e-05
0.0116941441071161,3.7033035416091374e-05
0.0011394276663844,1.284488688483941e-06
0.0046141464310684,1.3293578264021226e-06
0.0182091298702723,3.19926281021648e-05
0.0011532982343006,8.84124331089321e-06
0.0108950928924866,3.977118578466845e-05
0.0011136908921301,5.479756232687631e-06
0.0133405928685558,6.695033495617657e-05
0.0079856870790905,1.4972512915788076e-05
0.001605779561694,1.4594090234174532e-06
0.0185839520744078,0.00011564140558961891
0.0005843431241595,1.1407492645302908e-05
0.0064594503109417,2.9575050443916447e-07
0.0152648625837288,7.481592836863497e-05
0.0018860104014377,9.536966300961978e-06
0.0025652807971589,3.0277861790988263e-06
0.0005847566315583,2.589708246028461e-06
0.0195828518017049,0.0001223648760434649
0.0140307278443152,2.5401717484240948e-05
0.0101710756280721,1.357992632601076e-05
0.0010069815739929,4.246451830630185e-06
0.0049483616471236,3.184154124762581e-07
0.0091371778964865,2.0766393881641168e-05
0.0059312555889011,8.67418808879325e-06
0.011535161306726,4.236806437020828e-05
0.0122472836047985,7.665228589207613e-06
0.0175836263896989,8.088540388938416e-05
0.0199673413057303,8.61866793674228e-05
0.0196619820941407,3.6549256230795714e-05
0.0140868373707995,5.658428033352188e-05
0.0086358532086653,1.5150343480928637e-05
0.0110441790943972,2.767280773279779e-05
0.0098662215093429,1.8103184085462225e-05
0.0055958375523218,7.81176814591624e-09
0.0192310700238552,0.00013283643778176605
0.0031037111043629,5.7573087119871845e-08
0.010029981797389,4.386864234439594e-05
0.0171739577126585,6.241784726091642e-05
0.0048768358170216,1.4870392811713903e-07
0.0152837253795156,6.203166295946507e-05
0.0144123051879812,1.7125589097636113e-05
0.0003080704892784,5.123657654727581e-06
0.0006168893954769,3.5687458751013516e-06
0.0129509833746776,2.8131985027797605e-05
0.0136711551129268,3.918405199782578e-05
0.0086319928058279,1.1425031691642042e-05
0.0159668696112314,5.5687187367410924e-05
0.0066677902954148,1.2593826622955518e-05
0.0034016863707154,5.531365449707008e-10
0.005321530963082,1.5573391135018238e-06
0.0171146977636902,6.945610603417987e-05
0.0023596205254487,2.3989059040542293e-07
0.0103046466202399,3.626550803335724e-05
0.0176326053158936,5.1343746321587924e-05
0.0157266365963651,7.859849097370228e-05
0.0186965695793718,1.7308155079081342e-05
0.0114069408235568,2.513645519374187e-05
0.0108792545435209,2.032997854632461e-05
0.0156771068452131,4.881262733881106e-05
0.0057392275306466,2.24808067735697e-06
0.0171545944000171,0.0001272088335810327
4.449032278283305e-05,7.157068776466177e-06
0.0054043356930876,8.808662701878817e-07
0.0087208735148965,5.056100474054802e-06
0.0132997135429214,6.106557613613243e-05
0.0125150540941429,5.821079459837352e-05
0.006813065789329,1.2227993890373722e-05
0.0014789413196758,4.34001183682703e-06
0.019962852558643,7.968664759728744e-05
0.0009837162580161,6.7786347458894565e-06
0.01839718875479,3.2915804687796843e-06
0.0115962967539673,1.6834453281034152e-05
0.011225440934872,1.3709442949625423e-05
0.0045262473167414,2.2833969776034305e-06
0.0181896330079836,0.00013652294548615956
0.014497431825542,5.06159072967387e-05
0.0083925629035076,9.81586647455216e-07
0.0139463704367349,5.08646607106698e-05
0.0023474328313163,5.062035175402963e-06
0.0068989443686023,6.516274227415838e-06
0.0004334434350886,5.787335131142305e-06
0.0112451656142499,1.0443819790337072e-05
0.0060458042168045,1.2252849661582183e-07
0.0126926382332017,6.0298577158869374e-05
0.0169813978330659,8.049010680424855e-05
0.0005807188627062,9.512317419119771e-06
0.0009237755528345,1.1602960762073672e-05
0.002038481742287,1.8228331859718472e-08
0.0086170241691056,1.7277164713349162e-05
0.0118987050324189,2.2871018793435465e-05
0.0093834932809253,2.0303310273797515e-05
0.0016143388625142,6.134111948654688e-06
0.0088680825213705,1.8465265366429524e-06
0.0142257981398037,6.60737163213551e-05
0.0128591593702974,6.078423025093098e-05
0.0123829429012117,6.129625172893491e-05
0.0069816947710321,1.3699271721809378e-06
0.0001828254535332,6.716321062393789e-06
0.0045073150595606,7.933897932639294e-07
0.001422683192341,7.369766113873479e-06
0.012021008765631,5.828245360689314e-05
0.0196233295866198,6.742496535415247e-05
0.010849278281015,2.5405872138018733e-05
0.0047963514918101,2.21056691620709e-06
0.0061320427852893,6.921761929587787e-06
0.0135792740563996,6.102255485334718e-05
0.0020067343430678,1.936826063756338e-06
0.0181329839169496,0.0001060230624665359
0.016631449166495,6.362281253086675e-05
0.0047767858459426,2.7998560158611406e-08
0.0125563718369537,4.27615698123564e-05
0.009949299813589,1.5072961580226703e-05
0.0009459670762306,1.7874065513474148e-06
0.0012031443844522,4.0618457710715286e-05
0.0061930591771144,7.713678860136714e-07
0.0054244066523875,5.048045952202834e-07
0.0124556229074305,3.3113529958243264e-05
0.0193744321045689,7.013229957060832e-05
0.0138213269169144,1.819332252461545e-05
0.0156176604278213,6.684599436379133e-05
0.0024044960245425,3.3483989993118194e-06
0.0124012221254075,4.1157632803092023e-05
0.0026944360366695,4.080608262641128e-06
0.018085104387183,9.147236141332733e-05
0.019149848312436,8.743400021656291e-06
0.0059207517538845,1.6582934754394782e-06
0.0119484085967719,4.7400718936303705e-05
0.0037671128984429,1.5242697054763342e-07
0.0162754751422591,6.644131763593963e-05
0.0199781955403611,8.867987782892821e-05
0.00532063468869,1.9019878269695845e-06
0.0037949793744239,2.4870270751462346e-08
0.0037295821506854,3.6086371635893984e-06
0.0123407106730608,4.122228575778415e-05
0.0062960388135234,6.952441926627553e-08
0.0004938523388706,2.443221906492271e-06
0.0111217308060111,3.637586024138633e-05
0.0162893288335371,6.666735671322722e-05
0.0144034280380457,7.077122959968402e-05
0.0019204111037972,2.4656446400440774e-06
0.0162957021723372,6.384493394066353e-05
0.000588836227801,3.462980021234653e-06
0.0174951144302812,7.845532065933638e-05
0.0025676944149167,4.005092107511537e-06
0.0091060539589502,2.10273214703078e-05
0.0019566053211456,1.6325104004303352e-06
0.0189167351305441,3.464472527953818e-05
0.0195336614123074,8.879226250503582e-05
0.0019462541999566,3.993510635436601e-06
0.0195118602249043,0.00013516883380368491
0.005566786346013,2.02600674712786e-06
0.0048090786081812,1.2054031993895985e-06
0.0146856641001452,4.500239446556109e-05
0.0026409789915994,8.663363513553038e-06
0.0034125914057374,8.614067908908451e-09
0.0046980091412535,4.739166614303986e-06
0.0049266960920378,4.680805118496124e-08
0.0086374855132865,2.44456023089538e-06
0.0050106337462412,4.566884048174491e-08
0.0074251374663669,7.436344579818857e-06
0.0037595845425904,2.913061215382126e-07
0.0116073851961197,5.6741526001047505e-05
0.0071063861153079,2.373922828833107e-06
0.0124853028634155,1.7823246385223125e-05
0.0082296384639107,2.8082140920894945e-05
0.0114404404874531,1.355318449321274e-05
0.0010910276977055,6.0291446850236955e-06
0.0074040163146737,2.1796586019337697e-05
0.0105837817195787,1.6837447401009105e-05
0.0153709072602476,4.942210437002544e-05
0.0173289701526999,5.6817332285945594e-05
0.0043670844418594,6.087990092081957e-07
0.0093944951977439,1.6580920067884914e-05
0.0111900928294873,1.2929391418196928e-05
0.003306412036522,3.1164802861261744e-06
0.0101949054484883,4.045107928973846e-05
0.0050240988286743,8.467240142905685e-07
0.0066447377221352,5.470168076440162e-06
0.0084200076378033,2.146640191761944e-05
0.0197512422751166,1.864954553139603e-05
0.0091570777582914,2.3994718761532772e-05
0.0173192800037473,0.0001015417516409868
0.0106840389146719,4.4854829188760664e-05
0.0074567302719333,9.52620068344257e-06
0.0009134777156332,1.1508519982904796e-05
0.0176233455190667,7.99314309182021e-05
0.0011048056318855,9.953607944328828e-06
0.0130678936049709,3.791550167847003e-05
0.0092452665134123,2.3150684994315868e-05
0.0178464664178691,7.129159626240088e-05
0.0080903092482327,3.5941411851468817e-06
0.0088285233876918,2.5951304956755587e-05
0.0115978112395856,1.0530531371501293e-05
0.0121637341958017,2.6555093733216697e-05
0.016277835488714,8.551791416303999e-05
0.0120300674698924,5.540304166179289e-05
0.0048973766889903,3.068750869872337e-07
0.002472320593322,1.7866454641882938e-07
0.0050878937233637,9.112066477878871e-07
0.0132877663153933,4.911253702805426e-05
0.0025660136184078,3.701755836199947e-07
0.0043944661920547,1.0511663787813172e-06
0.0144812035519027,7.355683408800744e-05
0.0017277652282924,1.0316830169108012e-05
0.0140515008853299,3.423221511564979e-05
0.0173973940419018,9.595718587151816e-05
0.0188252730050402,9.145764721169524e-05
0.0156955790953423,5.0904049539913715e-05
0.0031262258901342,5.174109345141377e-07
0.0067339831146023,6.7581408012492266e-06
0.0051330659268736,7.223163237094399e-06
0.0125680686454834,1.8496577148846242e-05
0.0083797138391627,1.1048749390303955e-05
0.0091456869286554,2.6699636413259538e-05
0.0085836953169556,1.3109088424308084e-05
0.0174049917069094,2.0654417233528796e-05
0.0183022814081428,3.420869074234719e-06
0.0059242619840917,1.4706247072719104e-06
0.004530332937816,8.157682826663328e-07
0.0053293547946559,5.198313064493669e-06
0.0152566897075762,2.026223629855227e-05
0.006584058398041,9.957049756486127e-06
0.0116364905661926,3.075448451069131e-05
0.0110472435442678,1.8125986011339227e-05
0.000546327327768,8.247727253172672e-06
0.0178269577946553,0.0001259404731325577
0.0043889297118387,7.512915594581162e-08
0.0087788965787335,1.8059433957143343e-05
0.0129342890490651,5.816805653892805e-05
0.0140165187748891,1.65679568758617e-05
0.0022501849711066,1.2058818096130112e-07
0.0028333128126334,9.400315416433705e-08
0.0003177334299468,3.835433024812291e-06
0.0129238472192346,4.246092692257905e-05
0.0162321939477604,8.161767244859564e-05
0.0049064529508214,1.222133992383645e-07
0.0035881103501382,1.3037318704486052e-07
0.008235634188839,1.4172773469134967e-05
0.0105226946401459,3.9259996561270454e-05
0.0118432072602396,5.175133505046903e-05
0.0012341189055851,1.8313486844133817e-06
0.0153100197773866,5.0735146158696584e-05
0.0182420863213056,6.305442568090033e-05
0.0195517764163194,0.00011499070826855728
0.0019476962201437,1.0192082396932208e-07
0.0195964390440626,0.00014369271176758273
0.0050268157691421,1.1182810142319143e-06
0.0195283953813015,0.00012798775403312013
0.0128238910836877,3.672537499596733e-05
0.0136220980136187,8.024413897431991e-05
0.010159709631982,4.6369715584618264e-07
0.0139214939315936,3.737673436742009e-05
0.0122499679321745,1.3821493640184892e-05
0.0119794219512187,2.8468567732368173e-05
0.0163807804918843,5.760909923750167e-05
0.0041310108664076,2.194123069529288e-09
0.0064775725803459,6.802601197450333e-06
0.0077935223274796,1.2968439018799059e-05
0.0038855660946392,1.407944865330025e-09
0.0194063044308898,0.00014392266952979813
0.0132277159290934,1.981738704441865e-05
0.0127483780557924,2.7166597385443106e-06
0.0199026025752871,5.569915698998494e-05
0.0084385621063533,8.742791495773015e-06
0.0032836016318037,2.2786023717968042e-06
0.0075937469453554,1.4358584881623862e-05
0.0047779469743935,2.6910535799078524e-07
0.0130011911357352,3.982207412585353e-05
0.0176166751681458,8.674102984111627e-05
0.0134450693410451,5.107976158507976e-05
0.0168228290476686,2.210957551313815e-05
1.3637731983180412e-05,1.232295587775851e-05
0.0061081139862532,2.1629471276806253e-06
0.014627301249689,6.965060719025474e-05
0.0045414115664112,1.637106659135757e-06
0.0130365685635705,3.983229766669435e-05
0.0023067608626457,1.5527185599832184e-07
0.0095276925072431,8.6084976513413e-06
0.0109773800585455,1.071109392746739e-05
0.0191096413795739,0.00011701250355958224
0.0105697278610166,2.8931237465235e-05
0.0147667492204073,4.2043466835474734e-05
0.01483249777173,5.451323169817113e-05
0.0144325348642404,5.14385985906674e-05
0.0135494112321695,3.9438819655531555e-05
0.0124697688710548,1.2746491029431732e-06
0.0001422132858571,4.8278253989389316e-06
0.0137023727099144,6.633935632818656e-05
0.0032513424865853,3.45097455470868e-06
0.0064225182971204,8.38847312549083e-06
0.0181241951559323,0.00010552734600053028
0.0028645579578112,1.9153972689534844e-07
0.0082605770090919,1.4944570803240718e-05
0.0116775975805664,3.060082055556775e-05
0.0120238591817126,6.491206168176137e-05
0.0007921953150529,4.55256372431652e-06
0.0041900460385968,2.079995150908289e-06
0.0089141384186213,1.4564780635039166e-05
0.0190780101300567,6.686096063134989e-05
0.0193060627986934,3.0388388134416647e-05
0.0064191364971043,2.1432586430151893e-06
0.0106004231269525,3.4424507229115603e-05
0.0037731697167124,1.4951541192574502e-06
0.0070175923228488,3.345636486583432e-06
0.0091959700831243,2.2064528602339496e-05
0.0028536318417139,2.494294916866659e-06
0.0125483412038085,3.7243658230271106e-05
0.0193862373170213,0.00015600408837639418
0.005801009383487,4.367428434577825e-06
0.0188131997231795,0.00015108615236623604
0.018182333673385,7.657430296907652e-05
0.0191930372744,7.09301500334885e-05
0.0144488864851596,3.7936674908106694e-05
0.0023000287600705,8.956185987997841e-07
0.011630209876859,8.885535851736e-06
0.0088411326429026,1.387536200863178e-05
0.0067199130964373,1.164718067540814e-07
0.0109591169630841,9.68924372484836e-06
0.0150396665466964,6.493225513510743e-05
0.0098757594916274,9.42924133557543e-06
0.0028991283592596,1.0859913795589156e-06
0.0013237066966112,3.982573892889722e-06
0.010900247698859,2.3528688578250695e-05
0.0076835834309651,5.26600723458312e-06
0.0099349532647449,3.005081442853763e-05
0.0083452285252415,1.3407879526616382e-05
0.0039036615962651,5.155629091350388e-07
0.0100114375625358,2.3945627773962922e-05
0.0135552022876765,2.6531491307866146e-05
0.0160399670614703,6.978153270832715e-05
0.0158659504645932,6.426818833719784e-05
0.0194087050559541,0.0001693802258883958
0.0022309031627627,1.305523393435487e-09
0.0053194308485515,2.2136702116470782e-06
0.0129539043504955,4.7600480808307954e-05
0.0102968494340944,5.029490682179522e-06
0.0169144349214868,7.537356127888734e-05
0.0017968207126011,4.557024723317974e-06
0.0159232831772089,4.0589759218987375e-05
0.0150180120556628,8.436892994389591e-05
0.0161851042756661,6.825637259677832e-05
0.0195946483925221,8.882807622301302e-05
0.0138859584640524,3.531583639515339e-05
0.0175156148036213,5.024860505832722e-05
0.0188119704271105,8.858198169986643e-05
0.018274155960888,0.00010519490458667784
0.017103092375101,8.383555013893434e-05
0.0112295143321474,3.544322246879252e-05
0.004218706543926,1.5206729574965216e-06
0.005735376218996,1.8121869370195276e-06
0.0143331911906656,6.52419480776868e-05
0.0098542544468318,8.516093733100911e-06
0.0087998826084534,8.149573798706824e-06
0.0197979430885688,0.00012929102596700184
0.0150906866699173,9.092923736138986e-05
0.0017691758874705,1.757236825915066e-06
0.0164755833010365,6.470113599053727e-05
0.0114580814006822,2.5010651764551878e-05
0.0017020848018087,6.6968932996418745e-06
0.0133083331478826,5.253100196745855e-05
0.0034401300064213,5.651712903305383e-06
0.0013692905261379,6.171858378056216e-06
0.0088115354857605,2.712841301618808e-05
0.0128945560174224,6.643956756859911e-05
0.003400172696657,2.3704620699746372e-07
0.0191970429172939,0.0001307905927253672
0.0163168520838394,6.0442788093393294e-05
0.0036671342344314,2.8352706728588294e-07
0.019088112093989,4.2396192760566845e-05
0.0090097734004706,8.595411622530777e-06
0.0152821602552358,7.400647673837921e-05
0.0147794485010743,1.726588025482808e-05
0.0090365947621977,1.4641932284354627e-05
0.0165565394589982,2.5140666444331327e-05
0.0072700285385836,5.004088762558455e-06
0.0100503755847843,4.325479921312659e-07
0.0131835543759748,3.669823282744122e-05
0.0019998037210042,1.734944995111798e-06
0.0027184442269022,5.065887510940064e-07
0.0114034990070035,2.210332846075583e-06
0.0076494592133625,2.0104278812206865e-06
0.0099316163347711,1.762294722340499e-05
0.0155046868100036,5.427982031832306e-05
0.0005587530557786,2.7101313872430147e-06
0.0117917886474014,7.030260025294837e-09
0.0142236553246937,3.6136638964512906e-05
0.0143871213943933,8.422123062296137e-05
0.0161689805613059,8.966958666275197e-05
0.0035558884721096,7.706594608941097e-08
0.0192505558489587,6.18618069706454e-05
0.0157691157377987,6.0873912633738294e-05
0.0177162944043199,6.232893046804328e-05
0.0094971905325266,1.0146820502214935e-05
0.0053122221858224,1.2710971336974654e-06
0.0196364608113517,8.24226474309715e-05
0.0114465404564966,1.4377284490554078e-05
0.0155372469784478,8.841316954789915e-05
0.0096957739017808,1.3195257735261266e-05
0.0084761556857292,1.9289236767398115e-05
0.0150171138007241,6.009672462507493e-05
0.0169787337708167,2.252878238055625e-06
0.0125672395735006,2.9188148788674038e-05
0.0053511340288035,3.45432236925135e-08
0.0128566878240532,5.1951932638529845e-05
0.0190248051605096,0.0001349569659022963
0.017677627445631,4.142527956867141e-05
0.0175236943138083,5.26744047636794e-05
0.0163662654880982,1.0659079888994587e-05
0.0102478612141213,1.5232037585847311e-05
0.0146131552580092,4.7932266150670867e-05
0.0159699658320792,1.0017415823752732e-05
0.0017291682980541,2.50032407827355e-06
0.0054737996197382,4.47670424646304e-07
0.0084759034535325,9.191184823028573e-06
0.0123268889861236,4.176058673667609e-05
0.0100366890636048,3.247929276644032e-05
0.0103896409193968,4.249115079124609e-05
0.0111573327705868,8.553195285303759e-06
0.0139236780152877,5.140739155636526e-05
0.0059869139729803,2.4377356861835805e-06
0.0088369850568554,1.1190611056710724e-05
0.0173910661478916,3.8085336455830385e-05
0.0091854375485898,3.292088936425783e-06
0.0196240106826604,1.8402090863091993e-06
0.018999416373935,0.0001158888594790652
0.0142757453949882,5.228699424597825e-05
0.013688775941974,9.06225018816426e-05
0.0024045075006566,7.484828009113808e-08
0.0128550062742096,3.474961220113536e-05
0.0117501227677563,2.77421873189678e-05
0.013097320419502,5.964759256451849e-07
0.0138875491178758,7.600991560902837e-05
0.0051360104009824,3.2816904347990047e-07
0.0169695147356921,6.158844164449933e-05
0.0059023052677592,5.27538351481919e-06
0.015869733442234,4.697196786539802e-05
0.0128914351320772,3.285663476582097e-05
0.0044659240305405,2.8917845481967927e-06
0.0191296289980993,0.00010615022998778964
0.0015139256757636,9.288647765748962e-07
0.0152122627065789,2.4072613097277427e-05
0.0106400759542456,2.431876228278217e-05
0.015039048531501,9.498785778209579e-05
0.0046988163580258,9.229954376722783e-06
0.0001682209107491,7.120659212050475e-06
0.0050905626692915,3.536234411382056e-07
0.0022916259171583,2.5209229334045717e-06
0.0073653646180265,3.869511179333897e-08
0.0030615483548174,4.6247573926182974e-07
0.0057847140421959,1.8232316742251243e-06
0.0172642735256151,4.482856135219309e-09
0.0193333848387852,0.00012479756628089347
0.0178244991520012,1.2839005400229916e-05
0.0041459761610806,7.92114069655213e-08
0.0054966938137854,1.1365655984472888e-07
0.0160597955808635,7.337813082253412e-05
0.018243974933613,0.00014432682317348046
0.0009510477996723,7.657447772333905e-06
0.0145136028071153,3.738658598763201e-05
0.0197400805067308,0.00018328413237924459
0.0089819622907384,7.281149629600072e-06
0.012025882342545,1.3959723791417556e-05
0.0177960971531966,7.55775133815073e-05
0.0101433571551414,2.324709223689544e-05
0.0018644012811089,4.935055653160161e-06
0.0109369455087904,1.658852005901915e-05
0.0078243299448614,4.963201855037197e-06
0.0175413362004294,9.835516749422067e-05
0.0085476096613721,2.510743490876835e-05
0.0122029219756234,6.717111411677175e-05
0.0192940597151622,0.00012243192879814996
0.0119983667345404,1.7229037189309755e-05
0.0093120725100536,3.2157160233149906e-05
0.0161082566995673,1.5603844420573703e-05
0.0153899673085093,6.328951330197862e-05
0.0170953017921223,0.00011664160588906938
0.0015751398046731,4.468599478004758e-06
0.0027969857807017,2.8351049230084044e-07
0.013630395264146,3.083262463904103e-05
0.0019243126343508,6.53088866313222e-07
0.0119695691125321,1.0467624377866929e-05
0.0184469378679654,7.725689752117909e-05
0.0163105255354517,6.416516430248075e-05
0.0101592687408892,1.3712900636628747e-05
0.0146080165180064,5.207014926895158e-05
0.0162751253320572,4.482040934726484e-05
0.0065906700029945,1.0020901967523391e-05
0.0183937614991914,8.735520059436582e-05
0.0074674319097382,7.82901943052255e-06
0.0051558344486747,7.541624865250041e-06
0.0188717943369291,0.00012230261480972952
0.0071128020699958,7.73376444990891e-06
0.0141881750722691,3.277283160006079e-05
0.0091101851131265,1.14640150702009e-05
0.0193955776490052,0.00013776883548399205
0.0028794370444917,9.448305534162664e-07
0.0014664467097325,1.614127884654633e-06
0.003201749382212,5.691149893684052e-07
0.0016713779356975,9.769082298100476e-06
0.0088706921109886,1.0018969210308312e-07
0.0192747461172875,4.908357709781472e-05
0.0032923914719629,1.3347410000311274e-06
0.008324252020278,1.3466965874027451e-05
0.0028758548268381,6.038131706944262e-08
0.0061233615797514,1.9909037898847422e-10
0.0094419426381426,2.060783562742382e-05
0.0198860533294293,0.00011616008036573654
0.0044571362945734,5.063954001213008e-07
0.0176215791425041,7.24136742291547e-05
0.0135557277686948,3.3253323871939224e-05
0.0126847707504898,3.154709584010455e-05
0.0079785273509771,1.612336678454624e-05
0.0020868900984854,1.0092849940419597e-05
0.011432526830483,9.837585401069976e-06
0.0024203965841112,5.9105491681398374e-08
0.0196797183769951,0.00014577210750854334
0.0179218866612836,9.152758242989521e-05
0.0021803629663297,5.822187284117032e-06
0.0199779605431584,0.00013744908923981567
0.012291594855751,2.8641723232417743e-05
0.0111494394198,3.395290128533305e-05
0.0078487023976171,1.5573332706485163e-05
0.0192423333174428,0.0001239056055820998
0.0034743766269418,2.7273380672338055e-06
0.0177591187805498,0.00010111037719475744
0.0021782074611231,2.488847171986677e-07
0.0015689255808202,8.22229349394897e-06
0.0112100591501813,3.204197472719614e-05
0.0039781841177198,2.0099574486133312e-07
0.0161571792258235,6.753518391994852e-05
0.0002908085555587,2.2017569562865296e-06
0.0143476557158519,3.825614706343223e-05
0.0059707956980642,3.134794460657853e-06
0.0079789471335158,1.771836164447757e-05
0.0118795316578767,1.8090500605228818e-05
0.0003664262443104,5.412055004190563e-06
0.0009726083934155,6.545972207227655e-06
0.0135529042450018,5.938067237571383e-05
0.0087611635574191,4.09809841487742e-06
0.0102115256285191,2.4766682830838106e-05
0.0021191835844696,2.243637656871349e-06
0.0176901769296129,8.454320846365424e-05
0.0188488267844602,7.063287276895177e-05
0.0039131678348051,1.6399266726946627e-06
0.0048362110271392,2.115210119638085e-06
0.0142358430590151,3.401923937878492e-05
0.0062349831538061,1.1273972682815222e-05
0.0098092350722336,2.7548678127468148e-05
0.0045383150576261,1.8340348671872467e-06
0.0010918279310983,3.443847972148827e-06
0.0033768282267429,1.3224511680691686e-06
0.0093179122718612,1.82249118296575e-05
0.0179864889671776,7.159003234689147e-05
0.0072987304696199,1.6384287219301837e-05
0.0187783537853377,7.729614807502044e-05
0.016944180192145,6.1016690476268616e-05
0.0086219113923952,1.845703423570917e-06
0.0027080561534213,4.364336548371551e-08
0.0091120629680477,5.630082659192817e-06
0.0106822770454947,3.510707993690336e-05
0.0101079662928377,1.275427341420901e-05
0.0183288142322559,8.601691823577619e-05
0.0041787481159484,4.354224024890039e-07
0.0065271324814443,9.793791222747383e-06
0.0089103671582936,3.7915417974198526e-06
0.002824543097909,2.357602971614572e-08
0.0052837904374827,2.871274629222578e-07
0.0155729120335924,9.361278536256813e-05
0.000323371205701,6.542642061504328e-06
0.0105636220329899,1.631474025608224e-05
0.006811138924231,1.4740334157027497e-07
0.0094145822952912,8.275114407705873e-06
0.0103519577818713,4.177023504016868e-05
0.0169772927223526,7.92880002924128e-05
0.0059166525735501,6.941507870943014e-06
0.0186031497646679,2.4312988626277733e-05
0.0185412547548109,7.286025111134246e-05
0.0046164020980652,1.2161987046302766e-06
0.0190283304351051,0.00012689509649663184
0.0093799611812601,1.7238462685325986e-05
0.0041156871952153,1.8255532099244228e-07
0.0037726969823722,6.849403488857656e-10
0.0135604767973062,5.11630417554293e-05
0.0177307913001427,7.75131246520997e-05
0.0100684061138171,2.0373057017355043e-05
0.0094752584638455,1.7068561346743964e-06
0.0154161024153182,8.093871491291285e-05
0.0189829949060133,8.795185804906442e-05
0.0026074467842824,4.725249974486265e-06
0.0180895100839209,8.194131003743269e-05
0.007472268859635,1.39994409904002e-06
0.012401804680176,1.220467421765156e-08
0.0014099506735612,5.532921397624902e-06
0.0002298682741565,7.647793507167437e-06
0.0085493786338129,5.263763522738922e-06
0.0166226467847828,7.333574892140188e-05
0.0072209579384684,8.743785518441018e-06
0.0031024716772778,7.019702497621626e-08
0.0027118390915885,5.174751251418203e-06
0.0198561202833939,0.0001203163814163444
5.859271440784575e-06,1.4030599232637182e-05
0.0038950869067873,7.262691611888558e-08
0.0137574791344034,4.5145535745370046e-05
0.0015364689900049,3.4874875249612167e-07
0.0131561909188505,5.004372616568316e-05
0.0114264481484658,3.271164596662369e-05
0.0128079159560248,5.0664912887069955e-05
0.0034747412781797,6.874116217373714e-07
0.0044226736652677,9.55494740688952e-07
0.0118144143432877,6.777989090102123e-05
0.0035077667161083,3.9131975873039027e-07
0.0172236349601815,8.253848988364686e-05
0.0127125419760323,4.4809065430717374e-05
0.0057080426210934,2.685538745138432e-06
0.0115439945509131,4.888055528791148e-05
0.0116953825883004,3.19222171921181e-05
0.0068515550734014,1.6304077445635044e-06
0.019242915775575,0.00012529611807735597
0.0160650326253695,8.275557100383635e-05
0.0029416650557853,8.57391736582996e-08
0.0063895913049372,1.3479278438004628e-06
0.0043088256471681,2.311122148563502e-07
0.015987825888506,5.7872418275389074e-05
0.0119944085647843,3.007450592814907e-05
0.0096081762546001,1.5790054573453032e-06
0.0106890176776022,1.0359142579103582e-05
0.0044574374593543,1.0367776528597351e-07
0.0156460027980596,5.444606287319846e-05
0.0030890149411016,1.1424648874842406e-06
0.0154223041611422,5.2023731114495476e-05
0.0068468898262042,3.109504469091831e-06
0.0062726880904188,5.775827728504058e-06
0.0188426886219243,4.94015984840502e-05
0.0155633080512497,3.79648227966279e-05
0.0138535217273972,2.0966634386668494e-05
0.0172009465889539,0.00010498772127534986
0.0154689050924697,9.183583409305589e-05
0.0196295851538207,0.00015089850937734424
0.0086273997865346,6.943550295624002e-06
0.0155693628169552,2.97331762457159e-05
0.0014071424716259,5.98740464225889e-06
0.008490208645442,1.0556687464934226e-05
0.0050323307442984,7.086118835972974e-06
0.0121078895405975,1.3619255441547598e-05
0.0175993834389678,9.442842883133509e-05
0.0145914248635628,4.0773833944739325e-05
0.0059990694408007,3.7913980951531336e-06
0.0136345482951342,3.935673123808097e-05
0.0045400208326574,3.603165956241556e-08
0.0068921257255067,7.685488188987665e-06
0.0195303971367253,9.733763274120532e-05
0.0121554695791517,1.6041144543516632e-05
0.0062383026686441,5.650475105537531e-06
0.0008234555668626,4.762659034712294e-06
0.0119538671116343,4.453135755436905e-05
0.0095669885023595,1.5558599452275964e-05
0.0164642184026033,9.301986313954286e-05
0.0182124648208484,0.00010656079773593746
0.017648498486336,7.907552576165218e-05
0.008161005198454,1.1505767240725663e-05
0.0145017772571556,6.557890079117206e-05
0.0107863452988389,1.294904220143544e-05
0.0038669979368259,2.2890687847689387e-08
0.012894680330361,5.1669316801379275e-05
0.0198918772587911,0.000110089125993514
0.0172156196656505,5.3563173029874244e-05
0.0178771874119554,0.00011054494571352609
0.0049637674892408,1.00184754194112e-06
0.0121526194038796,3.1930029479468516e-05
0.0186686307932415,1.0323675411880906e-05
0.0147688106685849,0.00010403088260414601
0.0122640318786049,5.695436119536249e-05
0.0186053127549734,1.2208820370301433e-05
0.0108127856384168,2.28542566616756e-05
0.0077388486547596,9.409692950487622e-06
0.0054228544256293,2.1264376181477157e-06
0.0041767453029755,5.333557275718063e-07
0.0047620875452693,2.55214147940868e-09
0.0081155794372453,1.0534325033232879e-05
0.0112037021252298,2.9185505395184655e-05
0.0165909457117579,4.149026289879505e-05
0.0149785672599172,2.070432074350444e-05
0.0056974655256537,8.786114541214536e-06
0.0018525640199929,2.744199593418172e-06
0.003389075367443,2.998975781270843e-07
0.005455272697242,4.5058887090028833e-07
0.0076983846977655,9.583338669742738e-06
0.0061837467325344,7.392772227299608e-06
0.0143934003001809,1.8184076822518552e-05
0.014974666219621,6.915490976593385e-05
0.0143328212263386,3.645019559345032e-05
0.0157031184786058,1.916532952681481e-05
0.0141786511119551,6.743294182127937e-05
0.011142796327298,4.470610323540201e-05
0.0176516818744844,7.284865139887016e-05
0.0038084762978623,3.5697736657428366e-07
0.0107953221188971,8.057656944561014e-06
0.006697792388786,6.1308968090031855e-06
0.0126673785894221,2.9672979015041246e-06
0.0013290582154158,1.3733879496304206e-06
1.627475376345444e-05,7.447671922126492e-06
0.0093860813627827,2.163458109180524e-05
0.0147809425229595,5.3687117286747307e-05
0.011345067983073,5.0194027014412504e-05
0.005663937157002,3.688818539947496e-06
0.0182818842517574,4.627205479986125e-05
0.0008568981179676,6.375150205194764e-06
0.0169562313439189,0.00012988147687182925
0.0074630898024085,9.464086884195566e-06
0.0001116082778239,5.297938508748097e-06
0.0142791709589841,6.608511209239823e-05
0.0103727283307925,1.7847528663678786e-05
0.0191415022629292,0.00010674972417969468
0.0048046507298881,1.0288646764002167e-06
0.0136098478651143,5.0014266686718755e-05
0.0041420213003035,8.239531933856667e-07
0.0197153169305656,4.5519700111141474e-05
0.013733763612618,4.6429474067169796e-05
0.0118033543799137,1.6733011663277105e-05
0.0102133292111251,3.074367686360106e-05
0.0141293074345556,3.658091516997961e-05
0.0004945372486929,1.1244164712020832e-05
0.0123887094386363,2.9653139253851403e-05
0.0089101426660539,8.068010042838736e-06
0.0051968475700314,7.267573360249717e-07
0.0037859437351879,5.836613180252027e-07
0.010613184793843,1.5099813808256998e-05
0.0039845893206702,1.2520762155081758e-07
0.0001388808409146,1.2031069290590856e-05
0.0050002808709878,2.181752663226965e-08
0.0072410078745287,1.5077564238493215e-05
0.0145279531645831,4.0524064478216684e-05
0.0075421237566896,4.379261556619948e-06
0.0085369433872298,1.5554914952422786e-05
0.002145301538093,3.036232850309365e-06
0.0195282307604152,6.469102463621485e-08
0.0077495703792894,7.332002916761586e-06
0.0158691224383997,6.965967567261637e-05
0.0163802657611372,8.499152467332356e-05
0.0157975259101657,2.427411951965126e-06
0.0041341522977072,2.169035212927873e-07
0.0168699757797116,2.0824892622395374e-05
0.0162697653589555,3.9672552957298096e-05
0.006097953537184,1.1972420383598612e-05
0.0153532277634725,2.01710322281131e-05
0.0045332217102013,3.381226257746367e-07
0.0059212381780991,2.1163999747074179e-07
0.0004075995090888,8.506325794310867e-06
0.0092071356635729,2.4541203820753343e-05
0.0193875370693979,0.00017041134488543665
0.0127372212258965,3.813772068005863e-05
0.0099593800002516,6.010876353044153e-06
0.0174090815695921,5.0429720714893027e-05
0.0046546155978715,4.567530950731804e-06
0.0183256979957575,2.8925091765189404e-07
0.0185340314193583,9.918125206836073e-05
0.0153409191281093,5.280416785778025e-05
0.0123292665558843,5.269751947599673e-05
0.0180004602186126,3.5016384590871904e-05
0.0100131246069454,1.807171510587907e-05
0.0105585877287661,1.4894648832976867e-05
0.0189787856270231,0.00010735498863597905
0.0033516188168923,1.8196029502790612e-07
0.0184863222390452,0.00012074062007545372
0.0030634475556699,6.345947885523895e-06
0.0159007420514834,4.747604778154732e-05
0.0091071845761722,8.837181493219247e-06
0.0152412760528182,8.179519931553266e-05
0.0126730285821043,3.830248955946178e-05
0.0107882204813515,1.4311363490313751e-06
0.01497333912031,7.247043659206578e-05
0.0085567102809098,1.0686639157742565e-05
0.0070150188358495,3.7293154913397716e-06
0.0089040879771499,1.7283222899662795e-05
0.0138637412890839,3.7640113606361344e-05
0.0165059842339224,2.2195476844783718e-05
0.0035650087457571,1.0151150761166949e-07
0.0137439186948286,5.695286932346018e-05
0.0149510839679574,3.643861530295662e-06
0.0161122325688023,3.125793186569514e-05
0.0099897930740747,1.754106814200188e-06
0.0014171694083381,3.7921948508466726e-06
0.0089415789168561,2.300723059942348e-05
0.0110999066363069,4.8482638521078155e-05
0.0055665175805599,6.679443489862336e-07
0.0061547567569605,2.804806814576017e-07
0.0103050640815551,2.998828526480228e-05
0.0007649310602965,4.482840835953175e-06
0.0147873710608486,3.438949669893128e-05
0.0065593342111359,3.536627922150688e-07
0.0151479581328765,4.2567321881804e-05
0.0079525957956863,7.658005812471537e-06
0.0120936871947634,5.24238701815154e-05
0.0047635071727332,5.956665289932329e-07
0.0128689275237438,1.9380975749881315e-05
0.0032670400906119,1.3214726987081138e-07
0.0132824740037777,2.5449998680097583e-05
0.0164327505913232,8.267625857170946e-05
0.0045679205184301,1.6868365116617272e-06
0.0185462830012459,3.6152474751458065e-05
0.0184632120535459,7.251136748012979e-06
0.0177875810206656,9.701893562707439e-05
0.0184095050165759,0.00011860652315936729
0.0029503839990589,1.784012257499405e-07
0.0159835063843276,3.969122989416789e-05
0.0144377670874898,3.7658057188574674e-05
0.0035188444890029,8.537607177678774e-06
0.0157442872858397,6.901830942402354e-05
0.0017855438481074,1.1571682354239688e-07
0.0137007905154011,5.0983971235164304e-05
0.0170788407720434,8.577603328945928e-05
0.0001286222614969,1.6696010997349984e-05
0.0145471231774954,2.1364429747639954e-07
0.0060907816623828,2.5312847629207373e-06
0.0115466182513471,2.620836648178727e-05
0.0057011344253652,4.817482973702184e-06
0.0142553254817827,6.439241218708434e-05
0.0134607181908114,4.0220827617210323e-05
0.0198777355384604,0.00010971942847722475
0.0030724088329963,1.242557710882526e-05
0.008815315424872,5.298730999130191e-06
0.0162554997183733,7.305045356334148e-05
0.0062416421246249,6.222946997926872e-07
0.0041963078511799,8.443800069332672e-07
0.0058430238575338,3.4971799933975485e-06
0.0125033581014885,1.967901153988177e-05
0.0179211331963864,6.218896988872923e-05
0.0020865790613586,1.4933892471144266e-05
0.0081723708413292,8.147023627113883e-06
0.0174992219577873,0.00013378137349219014
0.0014619129575422,2.847353209639123e-06
0.0132118486601757,4.421963687596385e-05
0.0178278933943015,1.550646803855191e-07
0.0045191676680572,2.631406986436903e-06
0.0028842375382995,5.131063127220022e-07
0.0039946665976864,7.369471674292287e-07
0.0046268572049163,1.6046564804478367e-06
0.0096370917835837,1.61044759916561e-05
0.0039928248448369,5.330536775487497e-08
0.0109600890464357,4.649166127818302e-05
0.0073138088930778,5.0245715191618035e-06
0.0087592897219085,1.9405157203273864e-05
0.008950727576062,3.6105241064410954e-06
0.012008858847327,2.685277044895728e-05
0.0058962225736341,5.173528197631033e-06
0.0086578695695104,1.8492850007886646e-05
0.0036505570139666,5.965601365552329e-07
0.0167196554994845,6.367832854019636e-05
0.0093336314225272,1.1509879571885303e-05
0.0076244909738137,1.2533876853139126e-05
0.0047206993310977,2.5481592937746504e-07
0.0196074091725126,0.0001312548723473891
0.000348023476471,8.626891642159227e-06
0.0169682170539875,8.688463991379614e-05
0.0150256885308213,5.852810373629507e-05
0.0021978038011676,7.043164008445266e-06
0.0067375177134967,5.865805930514454e-06
0.0149307107914197,5.0511846200487736e-06
0.0191199882218082,0.0001100657426073595
0.0067657977171457,1.8693233736453094e-05
0.0042983431736153,2.1467800371569165e-06
0.0008711878817835,3.0260667494809357e-06
0.0022675598628135,3.539470660759969e-06
0.011739879800894,2.8602156695366543e-05
0.0154747814406923,3.674407406055982e-05
0.0176465841023095,0.000115420303159153
0.003633683746576,9.40758887140048e-07
0.0157708891824756,2.7086025277347806e-05
0.0043822711350581,1.3336274055898443e-08
0.0180085513453043,5.82260621431726e-05
0.0024626132014828,1.1611489366528531e-08
0.0028995092649776,9.518159083997702e-09
0.0135608158665643,5.510709679584748e-07
0.004915872214669,9.675388379162218e-07
0.0171739363018133,4.784726602657829e-05
0.0127273289725152,2.7140271975475078e-05
0.0095386523452431,2.812968274495032e-05
0.0174482056766338,8.095718708785879e-05
0.0061448324917248,5.910232731919438e-07
0.0126885921474276,6.831256349994921e-05
0.0032680906182707,5.241478813540965e-08
0.0168265265333836,1.6834147305960752e-05
0.002778446449886,1.0705226694138768e-11
0.0144809062459099,4.616486782173823e-05
0.0113044596162029,1.1911998389682901e-05
0.0153195155142121,6.262085275430858e-05
0.0040807750880197,8.730080784156005e-07
0.0130152497563369,1.908916184524906e-05
0.0043759314632043,3.100066587223525e-06
0.0084331410695679,2.8014652384713117e-06
0.0025153844141744,5.323102713860571e-06
0.0159497772496138,7.104370123684706e-05
0.0010752588674747,3.910633789593257e-06
0.01038969932379,1.2098467334529477e-05
0.0036549945199081,4.646910287711602e-08
0.0174232222920445,6.164901452910061e-05
0.0198273965765513,1.1459509937664072e-06
0.0124590030389566,2.0308182303124317e-05
0.0190492253279522,0.00010852332630416495
0.0057250135642024,5.324416555452687e-06
0.0085028665307349,2.273940745115291e-05
0.0192806656229258,0.00011474727631582606
0.0166582186426837,2.7384562946302808e-05
0.0016865172420574,3.246817624367644e-06
0.0093973719723407,2.4915639467588434e-05
0.0113669032594074,4.338078505760285e-05
0.002418603407529,7.610539183001162e-08
0.0113783449454617,3.2741919637934785e-05
0.0195079707678959,0.00010977439884817054
0.0152424004202715,7.954059531750444e-05
0.0114875758521583,2.295896057633539e-06
0.0028255122424141,5.056632365561752e-07
0.0184791994114688,0.00011045193115186487
0.014107941502169,5.950561144352867e-07
0.0055110203938018,3.032445018724056e-06
0.0090907078167685,2.4799401999848663e-05
0.0142727405557671,5.971325637274399e-05
0.0029850010702254,1.9815236260516632e-07
0.016399341210861,7.37347536549322e-05
0.0080791562105601,9.114371642364356e-07
0.0148319439141472,6.522985481202621e-05
0.0057680515903444,2.0627111768645687e-06
0.0129694110368803,4.907392749837693e-05
0.0011165522912946,1.3741926089626686e-05
0.0167863973554582,1.3430923201352849e-05
0.0093539819436012,2.3582950598792667e-05
0.001547709326283,2.801056817138497e-06
0.0156526586657942,5.522950256191271e-05
0.003057525477522,5.462822848332174e-08
0.000399323912496,5.777344964067611e-06
0.0114492485066609,1.551624135645287e-06
0.0124392920879279,5.068340489683503e-05
0.0135704331228077,1.469249962763767e-06
0.0103782524293204,1.5192974157857818e-05
0.0176968567329682,0.00010241496490878586
0.0188901994752526,0.00011828744006548096
0.0111978015630234,1.2009400319107412e-05
0.0005707495829773,7.700409151397076e-06
0.0162789799260091,5.825819997420502e-05
0.0038193800634822,9.216916141043808e-07
0.0013108390087817,3.652192261699941e-06
0.019248461119778,0.00010117879217706345
0.0106981833347563,1.2470016441961332e-05
0.008103089816681,7.538712575499382e-06
0.0072100230995049,9.46587018706038e-06
0.0085981386646861,2.7112020200628754e-06
0.0173512755753207,7.294647551183438e-05
0.0087188595490698,1.813907090130123e-05
0.0136812980753116,6.205505366595441e-05
0.0011465754457306,4.463226372496259e-06
0.0025221428725617,3.977375483526868e-07
0.0120441032775803,4.799554599378617e-05
0.0031557302978342,3.2258547311397463e-09
0.0132430935011866,3.3783332197995415e-05
0.0018958105138001,2.465681733525019e-06
0.0081814813643979,1.149567067220591e-05
0.0182772796657106,0.00010260991739691276
0.0134051905495196,3.6509766643471754e-05
0.0010936684606772,3.6562748949211736e-06
0.0122119690640037,3.527779161175309e-05
0.0049038362126175,1.9291422172906204e-06
0.0054316584806041,1.6240296166805767e-06
0.0143403963548383,2.6969870823430698e-05
0.006383065014038,6.429141199315912e-07
0.011717642518746,9.477022600229176e-06
0.0075381593051571,1.2746935605158416e-05
0.0072572860989556,1.7230422542105332e-05
0.0194827093904706,4.1894268494053355e-05
0.0037116291436092,2.9667904611862178e-08
0.0133162071965363,1.3845628061775014e-05
0.0155652169612599,1.3910485425379095e-05
0.0111935648304251,2.50950207417315e-05
0.0188251225249055,7.521216624555939e-05
0.0138592824041705,4.3495687536132515e-05
0.0145558038450599,5.531008309633379e-05
0.0083660815767233,1.9966890819765085e-07
0.0062899854381833,1.5021541390041747e-05
0.0120195938132661,3.5418374832083685e-05
0.0159756604325231,7.111122396571744e-05
0.0081987621306595,1.5354780688896286e-05
0.0044200277809658,1.0413397709578676e-06
0.0069813128673415,8.855358991252971e-06
0.0031202170168358,2.884921942109262e-07
0.0165831583407804,6.372679765056988e-05
0.0155807323051075,7.702183239791634e-05
0.0161928747870583,3.7782860182621744e-05
0.0136462967327583,4.992701112324408e-05
0.0027633528146646,1.327534050301088e-07
0.0116591828727988,3.571651257864929e-05
0.0094636027481648,1.4510133917769501e-05
0.0113623756162659,5.169410059313839e-05
0.000198363686199,3.592053481098335e-06
0.0182778406504569,3.4750474958917205e-05
0.0071311336836866,5.334766543358726e-07
0.0153147459525464,7.955065299602713e-05
0.0189754382376028,9.200937784490634e-05
0.0089358156169231,4.2585826883591675e-06
0.0021529710565091,1.7497462405221075e-06
0.0172574184728412,2.0850466900128136e-06
0.0155307350913046,3.402210464804997e-05
0.0098352194802135,1.9286689705812812e-05
0.012026536587705,2.1868726248253577e-05
0.015586300513741,6.965200033048595e-05
0.0032308909863687,1.765047693924484e-07
0.0119126698517113,4.606869255113868e-05
0.0141931280616443,4.2319425200231076e-05
0.0079733302140213,2.1776393098005423e-05
0.0111875034679709,2.338366159783339e-05
0.0143716202091562,5.8996262311725674e-05
0.0164876169342985,7.72244627628326e-05
0.0084850973261946,1.722826557877631e-05
0.0114447363590393,2.430076239763556e-05
0.0161002572347339,0.00010988054915128144
0.0126197487950294,3.454339169198583e-05
0.0148333137279221,4.000532223924436e-05
0.0130605477466438,5.3014597114114444e-05
0.0194182037199213,0.00010943626724660038
0.0170028559723863,5.0017417846462176e-05
0.0102966085358881,6.746751483787104e-06
0.0176366463070989,7.402452298542399e-05
0.0097962556050464,5.318397069196844e-07
0.0119698679729296,4.162914070466875e-05
0.0179410080299634,0.00010077433161346147
0.0155541102438703,5.7970392975347544e-05
0.0114749290076035,1.3535705939319938e-05
0.0040557168116993,4.3707231299754785e-07
0.019809911461445,0.00012664559811695244
0.0019741622950995,1.2481174376194405e-05
0.0093064614661035,2.1591931468542513e-05
0.0141908944162504,5.180794212476933e-05
0.0127381924976078,1.764586301627153e-05
0.0086283019442211,2.040775136806889e-05
0.003651918381415,1.743742177923287e-11
0.0176643977608349,9.118300959656918e-05
0.0057167280649125,4.639808980898825e-07
0.0086446864757566,1.1104772881570759e-05
0.0186054650590133,2.195910051552326e-05
0.0176610048912258,5.089302280428794e-07
0.0178154186901856,9.003097589737413e-05
0.0023510313075405,1.007507050876616e-06
0.0080078183462943,4.483276428471564e-06
0.019032885946805,8.925945837297489e-05
0.0003656021052664,3.3149535419677237e-06
0.01153659267566,4.289137542853502e-05
0.0168122215801733,9.673422533584436e-05
0.0024404458281104,8.971758298250229e-08
0.0066027156976426,4.5753778222261133e-07
0.004687447325798,1.3004836229449186e-06
0.0114684172422805,5.915988193145979e-06
0.0198099393157654,0.00011937017418538452
0.0077606159028871,4.312910065987902e-06
0.0082976446507471,3.537592492292048e-06
0.0186086749151977,8.630996615891468e-05
0.0135561195762711,8.278809283477266e-05
0.0034997385809861,6.484486867361242e-07
0.0047348194975715,7.916520557326599e-07
0.0156733708023935,6.565490000039896e-05
0.017656074491137,6.319244764341947e-05
0.0010216062388998,2.670312909821331e-06
0.0191223307502619,6.11047676953393e-05
0.0059294268100088,1.2382298559874319e-06
0.0053787098166165,3.208394942058697e-07
0.0034134807336032,1.2082282694638751e-06
0.0182608261489536,0.00013601162000171466
0.0093399339173199,9.327291029908857e-07
0.0172301866463979,9.746482890609687e-05
0.0045674010510819,9.402982226363832e-11
0.015965284844889,5.238935514065306e-05
0.0071806636276547,3.5287127210930373e-06
0.0050672725774654,3.5222647220257633e-07
0.0143367010827381,8.061401587324691e-05
0.0065907242955759,3.7295680305554835e-06
0.016494495241476,6.875728256393259e-05
0.0054985197085582,3.256226837034687e-06
0.0071402735078039,1.884593201308614e-08
0.0022902385954006,8.118966674768255e-06
0.0152484865521017,6.0880760168016993e-05
0.0030840851477865,8.217936492778357e-08
0.0040564338805417,1.2402272738085804e-08
0.0116703663274531,8.88761619629307e-06
0.0176869903727336,9.85318076920958e-05
0.0135150573510689,7.73479539638291e-05
0.0145969258032808,2.774556214849762e-05
0.0152480573311906,1.2330563417782837e-05
0.0066628583885137,3.77163564977244e-06
0.0080601000674705,6.309171216089121e-06
0.0040888356911223,1.3094988766376522e-06
0.0050104078144979,1.743384766514603e-06
0.0160766836914521,9.819687173043627e-05
0.0026783683405112,8.063667430458723e-08
0.0161821679330119,3.2623892831796874e-05
0.0126895829135247,4.751281359634444e-05
0.0031441723341869,1.1384164819221634e-07
0.0179636550588441,5.6500997026740646e-05
0.0128350289553209,1.8717332215374534e-05
0.005298378216772,3.5275649111974813e-06
0.0164168906677313,2.7053829588936304e-05
0.0158899373170034,7.235171632379738e-05
0.0047472165923514,6.060847158562092e-07
0.0084750343208439,8.765250331670918e-06
0.0176484361641336,6.222666403494003e-05
0.0022774956357413,1.0041451478794866e-06
0.0124607341976153,8.939055294799994e-06
0.0133981404956022,3.1546687109333785e-05
0.0182053870718855,6.814151565858567e-05
0.0043864942463911,7.119139353341998e-07
0.0199477002841134,8.49293592593994e-05
0.0025774588690923,2.3068185929134676e-06
0.0125709334711476,5.802130044820843e-05
0.0176342935031664,3.4214761768547725e-05
0.0050258754605627,1.1651849530518464e-07
0.0007913409739527,5.041994553121802e-06
0.0138038639389079,6.758837844080815e-05
0.0102099080803328,1.5044482835955818e-05
0.0141401106051501,3.954606029297354e-05
0.002143903782039,4.025133638047344e-06
0.0128283827736688,2.3279437056906666e-05
0.0058293151427426,1.0663817475693879e-05
0.0169913171824443,3.8720241123151876e-05
0.0158618501652769,2.4568310131741098e-05
0.0087457357248377,8.839469878408117e-06
0.0039211302398417,2.9398874370326354e-06
0.0083785617007244,1.076369109202675e-05
0.002339657391704,1.0720179060415307e-06
0.0032160663045576,1.654940257022619e-06
0.0067423558523248,3.0639630275161874e-06
0.0170976030363274,6.165996887472501e-05
0.0043395928555471,1.6848909327031618e-07
0.019189067642075,0.00017420920413563845
0.0074693962338325,2.3635342029702827e-06
0.010747071507863,2.390367229184668e-05
0.0106622288719788,1.7435100390204638e-05
0.0090080973757419,1.928464802870706e-05
0.0054862346021224,6.214159630708632e-07
0.0118355135683151,3.555365304723057e-05
0.0149193545558058,7.493844885679386e-05
0.0160743714493127,2.3383783553917336e-05
0.0041321006722825,1.3891818201406436e-06
0.0196718514104215,0.00010793563255388422
0.0164861169372983,6.53991041537996e-05
0.0194941780562441,0.00012637374257096478
0.0104097767776488,8.77636514618486e-06
0.0168947806417133,2.3359188452730164e-05
0.0131054307521503,4.380769033846621e-05
0.0122924052755029,4.4067222397526187e-05
0.0067658882645806,2.486214823806206e-06
0.0077042201464381,1.4039864374709533e-05
0.0133716189151338,5.56590964611226e-05
0.006952714974142,5.807321273355309e-07
0.0191825074891325,3.379617029650473e-05
0.005812734292959,6.574136047302938e-06
0.0109468922447362,3.506408322454779e-05
0.0057829298593793,3.979819570038481e-06
0.0021050244891628,5.1621712278304525e-06
0.0090678479387328,6.052828976400971e-06
0.0085536057728853,2.0241728378790528e-05
0.0030668964490135,2.9819673198038374e-06
0.0117005159483627,7.91911409451967e-06
0.002834940903875,3.758202627303017e-07
0.0021084525671469,2.3169517573861964e-06
0.013426269955341,3.7616310588541966e-05
0.0051827292717626,9.999736578272693e-07
0.0155592961871823,6.444008453117405e-05
0.0125593444550392,4.127933496434913e-05
0.0176850197999559,9.490216490812534e-05
0.0017320064122542,2.778436981987593e-07
0.0092966374402104,7.913959736256073e-07
0.0113257287043726,3.2205067365265216e-05
0.0164151177476637,3.0437472210188188e-05
0.0048269191150933,2.3902611251982366e-07
0.014976323026094,3.1309102336173677e-06
0.003769688970292,4.365004886832304e-06
0.0062254691061955,4.1449895829233e-06
0.0156980796743148,3.74859917889475e-06
0.0151728003898255,3.913884711327301e-05
0.0078867580120566,1.7519036118494158e-05
0.0032560949137967,7.190833740438081e-08
0.008390487303829,1.00875830184947e-05
0.0064907403315309,1.0340090268518894e-05
0.0134265232601956,3.632542617196859e-05
0.0035502461863616,4.881047828845923e-07
0.0174119694873729,0.00013470155490287287
0.0094595909978406,1.1555990327844638e-06
0.0030377139715351,4.949482877449151e-06
0.0155831189899616,8.901968189883518e-05
0.0159612259300126,1.6709949059735977e-05
0.0092696701975766,2.7025571129249413e-05
0.0118174980114434,2.133999548285526e-05
0.0069946855674781,6.498163200660351e-06
0.0080027924212015,6.74820397371062e-06
0.017753267614826,8.496066985237973e-05
0.0178176547952052,6.367429708027173e-05
0.0113953616250823,4.7504560001877314e-06
0.013804930367328,2.5750231028077703e-05
0.0102063064585096,1.0771581749626791e-05
0.0093551866137247,3.165666662673477e-05
0.0054499588978213,1.5398214341492128e-06
0.0022872434903985,4.260037863488687e-06
0.0086215476717624,1.9312394586852847e-05
0.0176610691816889,0.00013179827975932936
0.009756071775988,8.47669929393708e-06
0.0122118867303711,1.545034790646452e-05
0.0162115095961347,2.732090949401637e-05
0.0109127571101646,4.664579681107155e-06
0.0145732471221491,6.258427283546059e-05
0.0011542530917602,8.835565832711278e-06
0.0129057495083859,1.0711706162974942e-05
0.0037938880600376,4.264662911133504e-06
0.0190197097445378,8.383180207099243e-05
0.0059682024813092,5.331687428347421e-06
0.0195947020372281,4.400979345616689e-05
0.0163542920515093,1.4930798068264988e-05
0.0001693329658476,1.207367695357484e-05
0.0149068169353749,5.33013678349436e-05
0.0006262078128911,1.0918963943844245e-05
0.0052515108917943,2.3180557552405074e-06
0.0121500816226509,5.954878513771723e-05
0.0036303485365216,7.700572686460795e-06
0.0064395527520588,1.3947742506407387e-06
0.007138308314668,3.6021042414395866e-06
0.0049575946067424,2.4662095880414668e-06
0.0188823951769377,0.00011905545707832296
0.0035760262900278,5.388060178341946e-06
0.0051200050726244,8.924997665884851e-07
0.0062107117132391,1.1701118504708044e-05
0.0049279157398669,1.6711700364401305e-06
0.0085247202402586,6.93431457790611e-06
0.0007790408822583,1.3569746437423313e-06
0.0006436770248112,6.127283774424913e-06
0.0046416273733929,2.8707123382949123e-07
0.0019347185910615,5.19145396448296e-06
0.0194664716086213,0.00011499907067088126
0.0125716641071136,2.7217346058227346e-05
0.0146918133416222,1.8861719489011028e-05
0.0032338497505171,8.679507858568655e-06
0.0040190329171575,2.982418159663583e-07
0.0036919113641279,1.5991223501388635e-06
0.0134528508501773,3.481489437421037e-05
0.0022990583598568,7.429000027021807e-08
0.002161253960558,2.3625509306499455e-06
0.01794847608035,5.371830393595285e-05
0.0129125784993436,3.274675046240421e-05
0.0076998587715643,9.06682077583583e-06
0.0175209572027142,8.589605394732948e-05
0.0137593594762931,7.979200037350522e-05
0.006354312056248,7.280379625024385e-06
0.0044499531465241,2.1673696342089344e-07
0.0077602741500629,1.738366372920477e-07
0.0028837410845544,1.6151617876788088e-07
0.002275319974305,6.273679006100579e-06
0.0001033545399765,5.1533195193472865e-06
0.0020902716580852,1.8391742023827303e-06
0.0160126768204797,0.00010366004895342208
0.0055633406451006,6.348272338727797e-07
0.0074301180809553,1.5531442552427495e-05
0.016087373283764,0.00010053807250916097
0.0106436819885049,1.169104307277095e-05
0.0198164167021548,0.0001094108778709161
0.0139257521176345,3.610388230527128e-05
0.0196044160939112,5.4679919132211845e-05
0.0008737846820488,7.771153974574288e-07
0.0068939044530922,1.9002851986542846e-06
0.0151634268086985,9.477309732009222e-05
0.0017156159449055,2.716229023373506e-06
0.0184986901959028,8.371458639651714e-05
0.0151737068557139,1.41424638054845e-05
0.0065481343651695,4.224490341226746e-06
0.0158569987630425,7.349991584409805e-05
0.0035650432637935,2.6750405672958103e-06
0.0064695479576719,1.4783755334285171e-06
0.0049660419359855,3.367565708089258e-06
0.0077153644470214,1.6146596220302693e-05
0.0031325086886618,5.279053128240148e-07
0.0190960441598953,0.00012488048770870346
0.0008904629601912,3.81695015066649e-06
0.0156032961922978,0.00011215161702457055
0.0136496255286537,4.292277768800392e-05
0.0104507335270913,3.690453983036481e-05
0.0075042316411431,6.298271608424397e-06
0.0012145473269675,6.087867028427558e-06
0.0061708681202107,1.0158196163823825e-07
0.0066398740492732,1.4404617581519493e-05
0.0061083165219085,4.187740210463337e-06
0.0115110737988339,5.0078135553587524e-05
0.01784119264405,1.9477709625410916e-05
0.0091464242162036,1.934659585739203e-05
0.0194118859408229,6.154231839587968e-05
0.0059695367532589,3.794459842069628e-06
0.0073191896510393,1.3605647692619292e-05
0.0166626885456777,5.829939387120966e-05
0.0099112230242101,1.756189488172917e-05
0.013444398472964,7.782822943618494e-06
0.0016822453235088,3.663878148903264e-06
0.0022789976073612,1.0957103200540959e-06
0.0027039320483803,1.0849089014956458e-06
0.0059293922348122,3.2128165756498747e-06
0.0049406306311582,9.743824058858164e-07
0.0100039416665442,1.4776110466114455e-05
0.0044457765428524,2.300789927677269e-06
0.0156703820430708,7.950573479652249e-05
0.0029931539015806,3.1915511393147717e-07
0.0100236487630541,2.069891304824397e-06
0.0197610265408024,9.08876400595505e-05
0.0140874032940376,4.469712619123344e-05
0.0073862076554651,7.8369882524322e-06
0.0046852615073858,1.708494703308712e-06
0.0088547309671756,8.333439927683803e-06
0.0133113609940412,7.32759202281082e-05
0.0112180853009408,3.111427079441872e-05
0.0087755708711089,2.4961671918236125e-06
0.0072696749389443,1.4437907541524117e-06
0.0112534264803502,1.219364268947252e-05
0.0156368681180787,5.809455906085515e-05
0.0086391119735727,8.216827107394048e-06
0.0033423094503624,3.351613883691858e-06
0.0165931300765155,0.00011862466428527031
0.0034136885660878,2.974234684559916e-07
0.0145485393043659,4.1350579608146826e-05
0.0106107292070435,1.5854242024236092e-05
0.0021402019317581,6.965544360268147e-07
0.0111511700661814,1.0010103678980842e-05
0.0055622318880638,2.2910762729359497e-06
0.0037905664496688,3.5555721813706897e-06
0.0197923968898942,0.00011094769319563892
0.0126534575098049,3.557814814553583e-05
0.0085457499856247,2.146499368260364e-05
0.0146753617808651,4.7525375240924755e-05
0.0180909158237087,2.4054770495068342e-05
0.0162310259582461,7.574873915209852e-05
0.0034010518413638,1.931161085943855e-07
0.0161731000363579,4.533622659281268e-05
0.0158026327462005,1.458718452973755e-05
0.0075559353201534,1.0169697810061457e-05
0.0153685229027561,5.5997445880651485e-05
0.0132355676861704,3.444621947461912e-05
0.0130289190010858,4.12927373975791e-05
0.0050659528982854,2.3335695704537e-06
0.0120190961743737,2.4295121779887946e-05
0.0088547022356315,1.3578607315835076e-05
0.0137254665030589,4.151825412344135e-05
0.0148338755974969,1.303995940439267e-05
0.0125848755360313,1.8661309965030036e-05
0.0193954526666401,5.115535633308745e-05
0.002700875435646,4.6366384245776876e-07
0.001968140408093,4.536369344243632e-06
0.0019810515637215,6.707134009267324e-06
0.0151204674200446,6.160167231004343e-05
0.0059306645451475,2.144730201121025e-07
0.0015780908546534,1.6546281613698804e-06
0.0073712540095911,1.2819532581083996e-05
0.0118095696898922,3.401410420553543e-05
0.0020871177839968,2.334360193665349e-06
0.0122197451762398,7.007654376253432e-05
0.0140257335461808,2.5560462042836895e-05
0.0065884286450374,1.0133408164827808e-06
0.0010913823096546,1.645112105011171e-06
0.0064826402583936,7.157552257364235e-07
0.0002570441321993,1.0824203342630372e-05
0.015903570867454,0.00010181973739172735
0.0052255433445169,3.335893875350119e-06
0.0146198251696931,9.191625441335858e-05
0.0013647956339663,7.33959809870976e-06
0.0017515755651548,2.037924707174022e-06
0.0002667028076049,9.98339657789135e-06
0.0002937734301585,1.331297015165853e-05
0.0118448126574115,4.6430963549846e-05
0.0130358186481299,3.0922192718917484e-05
0.0178266836823246,2.5521359368436893e-06
0.0009361444721865,1.6520940336010094e-06
0.0074649232864011,9.321426335863207e-06
0.0150650017699586,1.1390894205512719e-05
0.0172889369965186,4.970876250256769e-05
0.0094941641700643,1.4663246671977356e-05
0.0129549709566782,2.5047837194897442e-05
0.0141870807333068,9.018731909477457e-05
0.0061739316055716,1.2601973287986388e-06
0.0148254808077019,7.910460308699048e-05
0.0012866407900258,6.288746593150352e-06
0.0002981481371943,6.209435063703914e-06
0.0059381872233384,3.5280921015939833e-06
0.0061776912375584,5.508844626481446e-06
0.0016059617948702,6.068199928940885e-07
0.005375384366305,1.2177398163219195e-06
0.0105913291677078,1.5297336655834397e-05
0.0151085849821373,6.689978446590232e-05
0.0057844962496326,3.751795427134759e-06
0.0027770748155051,2.2463354897218528e-06
0.0065038535752277,1.5657403909567694e-07
0.0170790629656966,8.98473620005127e-05
0.0129903625845201,5.849509711728531e-05
0.0184692169480259,3.523166492080874e-05
0.0046578708953855,5.13468473340255e-08
0.0174681064657712,2.0896992286708785e-05
0.0009352624238523,1.7736187006953962e-06
0.0097708740576352,1.9937931224477417e-06
0.0191227379297344,9.402062958321393e-05
0.0151314316660515,7.041057511270958e-05
0.0024968863149066,9.579998678573745e-08
0.0186245239130117,0.00010450825537266966
0.0087922485045562,7.880512485415324e-06
0.0097216379916452,4.199465826103964e-05
0.0071704341255584,1.66211722297928e-06
0.0071301796431248,4.7580353771757355e-06
0.003699723148502,3.999363128579648e-08
0.0164348339736874,0.00012463866784978965
0.0010636532254026,4.137039091376721e-07
0.0083095574362367,1.520461576318464e-05
0.0097379826616842,1.3013391936920163e-05
0.007270662821726,8.116120715968844e-06
0.0112586842560051,4.864841569830665e-05
0.010470832828519,1.8411673731543608e-05
0.005682528744565,1.23651162812281e-06
0.0196106928060481,9.747072309147122e-05
0.0120654676892271,2.7898977668041806e-05
0.0165585263925933,7.220803145142358e-05
0.0174780327710092,5.2898364657522115e-05
0.0184037065203889,5.485364301036296e-05
0.0184425963729236,9.152704418935875e-05
0.014629817860037,5.152859296609867e-06
0.013218159834881,4.1901424178799e-06
0.0139570529508493,4.3804224572059654e-05
0.0168300079192827,7.646522188571044e-05
0.0126667956020277,3.476897637991264e-05
0.0040212219197213,2.5708324281644603e-06
0.0017501457358068,1.4886707036844265e-05
0.0025128155211181,1.8707336913930627e-06
0.0168305110303502,0.00011704687812725248
0.004869958240933,5.698965564307454e-06
7.55548776389059e-06,8.411462928942141e-06
0.0066544297680608,1.2291217893220136e-05
0.0125577130511592,3.3766329909121474e-05
0.0006802708692686,1.6820521431662405e-06
0.0005247788609478,1.037318412341528e-05
0.0082585318264769,1.5889013570562364e-05
0.0189055342405177,0.00011452783686594919
0.0192939354626224,0.00014681534189849517
0.018513453350706,1.829280379051228e-05
0.0037699094437502,4.2310982537401606e-07
0.018866837800925,4.022810149881875e-05
0.0083659377083418,4.834226672566972e-06
0.0106259599164057,1.285555494796819e-05
0.0194137094384944,6.897234643200151e-06
0.0076547299806367,2.1646673945323948e-05
0.0104316958958577,2.4305400341688154e-05
0.0008383303308497,3.799049704920173e-06
0.0048233453763912,7.580538722891973e-07
0.0156281856377732,2.670416005255839e-05
0.0135735083486253,6.253620281356191e-05
0.0089754720747643,5.9597152738159686e-06
0.0012760367474314,3.283185507395468e-06
0.0113477080300085,1.470442729091599e-05
0.0052733271592047,9.717257558734696e-06
0.0187901593308517,2.1157811427482305e-05
0.0018357255535118,1.4194338195168797e-06
0.0113103606440777,3.0349297100065653e-05
0.0155608271038212,6.015384994695321e-05
0.0143294257394255,6.609744931109805e-07
0.0062982563197459,5.218827984442979e-07
0.0178903608893698,0.00011298950770769823
0.0147725835562266,5.8826843089042504e-05
0.0175317835173766,0.00010545650063903091
0.0093553092831911,8.997473770080977e-06
0.005222842377411,1.677832287674709e-06
0.0131922538151873,3.8020757203167625e-05
0.00243957871471,2.419513607834171e-07
0.0088821708218303,2.3527841125329846e-06
0.0183926926609001,9.427992672551607e-05
0.0127970618620863,2.6942876880890816e-05
0.0149839467856277,3.8267107927627635e-05
0.0163474204268896,4.0719388949974795e-05
0.0023550245079832,1.0249423826259232e-06
0.0099708900175641,2.8208212880214712e-05
0.0106683859078456,7.117453530842856e-06
0.0128005855573809,3.0959884560776554e-05
0.0074084107448547,8.132354401806285e-06
0.0120891395653369,1.2131509543376813e-05
0.0130939600464185,5.4174894831817056e-05
0.0164294436340107,3.713977708539565e-05
0.0059443862738829,3.2347613412854935e-06
0.0123618380202765,1.8739516493500304e-05
0.0132020786184569,6.310173103064825e-07
0.0154860811589906,7.933206261428441e-05
0.0061346761637963,6.966381739755081e-06
0.0130441669743877,6.484666506348434e-05
0.0138769840170138,1.7107682005068157e-05
0.0164983163240699,0.00010142428790024531
0.0196585066807382,0.00012882499714933577
0.0157655300433927,7.76859647274655e-05
0.0159512692570408,6.886694816742346e-05
0.0087441705847289,1.1847321139758226e-05
0.0096420629026487,1.2571802398096504e-05
0.0142047882882323,4.390570212845816e-05
0.000755585726398,3.8004333909817284e-06
0.0049723536325958,4.251305993477021e-06
0.0007773577471375,9.965452594037138e-06
0.010665093269331,2.692762915510471e-06
0.0154844393853324,4.9966866731563056e-05
0.0156701547217434,7.40805874204192e-05
0.0008599960054595,1.1352016136839729e-05
0.0018941764450033,1.4816880255518602e-06
0.0003707673536628,2.705787648223363e-06
0.0173646136730341,0.00014151797841201224
0.001868299050778,1.784926714557861e-06
0.006933394108601,5.279226002293817e-09
0.0089260082807055,1.1588723448190024e-05
0.0026230470574782,1.3989339947713807e-07
0.0009938406057309,1.5691966220264225e-05
0.0172520566235411,4.765487985232944e-05
0.0158095569644256,6.322123400094436e-05
0.0199525422837646,3.6352172852729444e-05
0.0071864386742912,5.712686800262795e-06
0.0085077619666325,1.0915113603447287e-05
0.0115381106612952,2.6526232557164277e-05
0.0007022353222348,3.937728920580568e-06
0.0189784078946692,3.8455788290897744e-05
0.0002958844420658,5.213337862627451e-06
0.0070010712508405,9.364059021325988e-06
0.0122812792467521,2.128776191463762e-05
0.0026666619547301,2.6919723356873142e-06
0.0010870201572671,4.274104816574094e-06
0.0007786193791728,8.73547349147678e-06
0.0169847146452774,8.898769771761877e-05
0.0117189566044593,1.1348323319737247e-06
0.0054780476231095,5.794503523342714e-07
0.0094234433090784,2.1998542184037326e-05
0.0119405494679678,2.300464962846042e-05
0.0172972682850492,9.219385058651634e-05
0.0151135955113024,5.133907265039599e-05
0.0064524044017038,5.622473188515609e-07
0.002542482606492,2.7582563180171995e-07
5.763358262467211e-05,7.536678392116417e-06
0.018486355008775,8.949394164095506e-05
0.0133057586849413,6.407818795705167e-06
0.0077363174009855,2.1606919618346676e-05
0.0017659251376769,8.065420448177842e-10
0.0169730763285441,8.489965417711289e-05
0.0120240099671619,1.8379308820973014e-05
0.0192550037850921,6.967461490290318e-05
0.0161926028775027,7.23862860284576e-05
0.0143260860053805,8.339759791072657e-05
0.0074295837937062,5.656012645401582e-06
0.0192917890752801,0.00010120303861289265
0.0194560270663638,4.029130912782959e-05
0.0164238801153248,0.00012063599704846057
0.0139733332115642,4.1883543728552016e-05
0.0014926046845282,1.3107595634529233e-06
0.0139954324670587,9.063643833776485e-05
0.0082749262390994,1.3957539375827963e-06
0.0142648117967161,5.348356621497662e-05
0.0182641004247423,0.00010272387179121821
0.0008954209282007,7.708991942188902e-06
0.0032353137778999,7.391005255651396e-08
0.017013687091932,7.095858688202691e-05
0.0128370694482218,4.891341815313899e-05
0.0019308534447385,5.366377947522578e-07
0.0153851008687864,5.1712661784644075e-05
0.0178005983378422,5.4291323987578776e-05
0.0050833327193428,3.325793308655597e-06
0.0192929557437077,0.00015077152261780373
0.0146360774148361,7.415988502884807e-05
0.0087898858208263,4.5556136045729075e-06
0.0171424340987375,4.089628101078026e-05
0.0100479477786321,1.0638729830559691e-05
0.0099296608211341,2.996271202718653e-05
0.005990194687031,1.9696695667107126e-06
0.0198973705618446,6.942151137952644e-05
0.0061353991034763,3.3385477441004944e-06
0.0118495591878148,3.2506696427584414e-05
0.0005302717313324,4.616261371770789e-06
0.0060712275437846,8.172169334859432e-06
0.0026578616283651,2.4329123408849428e-08
0.007022654262944,5.016625441637212e-06
0.0077506193946283,1.7535035882643205e-05
0.0039755285628392,1.684960724713442e-06
0.000741434441886,4.974969016600801e-06
0.0019491787713835,4.0892372297004377e-07
0.0072553388182388,7.686123275698566e-07
0.0049929738384158,1.4757074039903297e-06
0.0126238264176052,9.791458344032831e-06
0.010287222666404,1.68892012505224e-05
0.0083804331097732,7.486566979355239e-06
0.0065735755585178,3.686300609893967e-06
0.0183480157422266,0.00012704843216331194
0.0163308250696934,0.00011582265636260044
0.0133409265058297,2.923814389955254e-05
0.007362654118117,1.3383640635409344e-05
0.0147093712325948,5.023241096092434e-05
0.0044393056558796,1.427605840062609e-06
0.0112853585734351,3.444323957757655e-05
0.0096035456302595,2.9010692850577887e-05
0.0145974165905899,2.373043628246909e-05
0.0045598876735082,2.970953673958323e-07
0.004887820705128,7.782515675688964e-08
0.0005063298526246,1.2702146450816472e-05
0.0176762354003073,9.304092500421194e-05
0.016673398598464,6.478017152515733e-05
0.0134660465094518,6.073995507040483e-05
0.0106913464184469,3.1082017912343136e-05
0.0199603861457614,3.0040263429058688e-05
0.0144514156367787,4.652647810372734e-05
0.0037194687152513,1.9844140825841195e-06
0.0142310090956384,4.516686946313376e-05
0.0154025133771297,4.9436781962390556e-05
0.0087340707035418,1.2901262234205885e-05
0.0170585061634857,5.30160877804051e-07
0.0142486956445663,4.994457515432714e-05
0.0132783974909471,4.002879855909378e-05
0.0155816630444394,5.221585501121795e-05
0.0091097045025026,1.0141021803287432e-05
0.00271152576275,6.890840278101288e-08
0.0026968817102645,1.3835114648147214e-06
0.0195609472239384,0.00010841229003933996
0.0017440315877372,2.3941578034547544e-06
0.003689649953897,2.7372573779207683e-06
0.0085655502144546,1.9414030457127965e-06
0.0140260186804854,5.76540055728159e-05
0.0027780361814662,5.88309801340946e-08
0.0055699334724958,4.183769739675133e-06
0.0174858175704699,5.207276662558143e-06
0.0002946143449397,2.6553258811389456e-06
0.0083647411573162,5.416802492432789e-06
0.0145268274187504,5.153496704043705e-05
0.0098056868866779,2.5265472408803494e-06
0.0172499562586006,8.383740730689958e-05
0.0089585463578696,4.310025208643397e-07
0.0077745644823588,8.981402217813066e-06
0.000613259005241,3.361737696185169e-06
0.0006560990332239,4.475637554822458e-06
0.004644668604761,4.872178417625977e-07
0.0174018424996751,7.127463876221781e-05
0.0071027986061273,8.702786007118481e-06
0.005844678917708,1.5170502409903888e-06
0.0122017949509828,3.4384628387143747e-05
0.0097420525559111,8.267030972332784e-06
0.0146826275653904,6.751864109513972e-05
0.0186693221462277,0.00011898087181005617
0.0162323479249122,3.052278771406598e-05
0.0038273015086656,1.5851229099435003e-07
0.019635283322681,0.00010807720187469162
0.0193006556273251,0.00010397861523618323
0.0044409086791871,6.432008797124799e-09
0.0068292385775266,1.3706040767804896e-05
0.0193846798815311,2.8091321547733033e-05
0.002382009453329,1.032215088744071e-06
0.019645432949953,9.247054802425566e-05
0.0147517091207795,7.148630743819552e-05
0.0148315959089519,3.939508690167992e-05
0.0026988696771081,1.5519217726249548e-06
0.0176938812290735,0.00012566444363708328
0.017306670071653,0.0001364360517310385
0.0097448180144625,2.5327114934808473e-05
0.0171393368325841,0.00012927846198489224
0.0029594336794651,1.0744716972321187e-07
0.008625178205032,2.9143760432572256e-05
0.0183933285365619,8.304612211408755e-05
0.0065710468309233,7.123013567760484e-06
0.0008251038507384,2.6341720970054765e-06
0.0056519781509524,1.1553674493218886e-06
0.0198157640911176,3.160879140919808e-05
0.0177083323586633,0.0001690708677992801
0.0103354711941161,4.036253649200726e-05
0.0012667337696466,4.099023166272803e-06
0.0177088310716431,8.974020418232448e-05
0.008699615513704,1.687904330879397e-05
0.0033605745987608,2.3905518923080024e-09
0.0101882349047385,1.0364017671214108e-05
0.0130763078722875,1.9193958550419778e-05
0.0170925278951793,0.00010122326351179994
0.0056234342418428,7.766599298015875e-07
0.0063642955962868,7.923961666850327e-07
0.0199593312383762,8.576382155564765e-05
0.0102065750878187,2.2600192087290895e-05
0.0003530353181459,2.2348945768947306e-05
0.0098981134758879,2.0423163309412825e-05
0.0027061105351764,1.5298844868555067e-07
0.0159034924055598,0.0001007630802800177
0.015543752888611,7.017052963970003e-05
0.0199839188992779,0.00013238938839357008
0.0163022462691495,6.210806668351623e-05
0.0169560306352474,4.6067687778631283e-07
0.0189519175205984,0.00011515252157793094
0.0037939091690765,1.3554765069801788e-06
0.0092194989356899,2.8605186625267907e-05
0.0103051282032213,1.8502571329264277e-05
0.0035510270288258,3.2488396769402997e-07
0.0163244649513852,6.88231617098049e-05
0.0183477456889417,7.69635011032246e-05
0.0174857274847161,3.625797469782469e-05
0.000192554915813,9.023909935174472e-06
0.0138457126659434,8.96788132753327e-05
0.003665023505147,1.5106092423400245e-07
0.0155589605352032,6.72056723008557e-05
0.0135085317129745,3.4907460425090635e-05
0.0004102854636924,6.770689282792916e-06
0.0053194255303877,7.779487080506997e-07
0.0139483533018125,3.462277583238992e-05
0.0139370269993723,4.562317137707452e-05
0.0146546178144169,3.3043337650595446e-05
0.0097857566163851,3.178526053619449e-06
0.0149673965891202,6.477334733966693e-05
0.0098774606494435,2.3013537409695285e-05
6.163216727967713e-05,7.388010969276096e-06
0.0067135369343966,2.9400005890293575e-06
0.0033366800500454,5.780959815840983e-07
0.0062274591476663,3.3256133591843574e-07
0.0168651590867559,0.00011301570260091312
0.0142249123795783,3.1167047615076576e-05
0.0118382681296498,3.496428720634138e-05
0.0125976943365827,2.6798454257422364e-05
0.0116678825735248,2.3961105128094225e-05
0.0137722171858733,2.3324659132692212e-05
0.0149275064850686,5.5626174918123245e-05
0.0158064476603651,3.6791588481292214e-05
0.0128713222973597,2.2738568465622307e-06
0.0020158008172323,1.796723997888928e-05
0.01735641835876,0.00011750393291947812
0.008809109185361,3.211914883548875e-05
0.0197513396672829,9.596002077028691e-05
0.0118268977553923,5.042697963741798e-05
0.0159863867334853,7.288372580694956e-05
0.0184701174105001,0.00013749294802483996
0.0024995903343415,1.7541818799929838e-06
0.0154794492452618,7.04645707225348e-05
0.0030755831251014,2.5278179600207033e-06
0.0131396923249714,4.181858169541996e-05
0.0060052093187447,5.047792299711749e-06
0.0034699264716745,6.8605415416490505e-06
0.0187518868757877,7.311590396716816e-05
0.0102496814027701,2.6915121953983356e-05
0.003715302937088,1.1459520407236032e-07
0.0020270297703091,2.3084884610419662e-07
0.0129638417320357,5.024704840567167e-06
0.0122908239897623,5.139432241646805e-05
0.017495853850007,8.007364067085158e-05
0.0075113868761982,1.2365975156164478e-06
0.00728103776992,4.732301591480956e-06
0.0045573517107854,1.7361413213622452e-08
0.0163672461659273,6.735358941753194e-05
0.0085740382055502,1.7958492978812427e-06
0.0084114286028053,6.144856139308698e-09
0.0155339547694169,3.461230555881718e-05
0.0001962895703865,8.688573765348225e-06
0.0014755394618829,1.6478801602673053e-06
0.0151221167141551,5.922313521875218e-05
0.0002921281972341,1.1689847199491156e-05
0.0017498589729582,1.4396108992965827e-08
0.0088548712082463,5.1601332819088095e-06
0.003724152611962,1.0285420598010649e-06
0.0173446848942279,8.68118866216848e-05
0.0124918642469524,2.8127387250406824e-05
0.0193049622703602,2.0576319102273264e-07
0.0119714926010689,4.291066062803793e-05
0.0190006340326605,5.882058060491003e-05
0.0192339043008116,0.00016347148452323053
0.0045694844298946,1.2410728561487145e-07
0.0151594965335874,5.6955549020274534e-05
0.0151869047376159,3.405478823699981e-09
0.0086637453767688,1.0104507458576911e-05
0.0042623605548174,2.82871067389425e-07
0.0157951862548838,7.917304587839373e-06
0.0192838298610269,8.262336719613973e-05
0.0018853090102859,3.066821093858103e-06
0.0088209764177171,5.564906684619755e-06
0.0163255993217648,0.00011550276150840159
0.0189607430753702,8.66589932510069e-05
0.0168389636454013,7.935472673904416e-05
0.0064473371895173,3.599274566819163e-06
0.0129610229557945,4.6166237732235195e-05
0.0032260557985004,2.6647911697915206e-09
0.015965954773388,8.847887707844644e-05
0.0084055637106507,2.483915183823341e-05
0.0091040248973556,5.430809096747409e-06
0.005063508488828,2.552825971923492e-09
0.0161744292633329,4.568033177463314e-05
0.0181071958047208,6.976881265738344e-05
0.0136653720892784,9.47699795344383e-06
0.0015029919925435,3.8615935890870775e-06
0.0167984697647019,9.881788154659913e-05
0.0030235552018124,1.1507391743709611e-06
0.0156970400809158,2.805803146525063e-05
0.0077652903681509,7.493601846320959e-06
0.0167438014482339,0.00012595459842561647
0.0011130817544594,8.618602560272339e-07
0.0110185953706977,1.4650175881313007e-05
0.0007640733756824,2.0823041214168986e-06
0.014734760488454,2.038734658704314e-05
0.0108646955042348,1.560060161434839e-06
0.0051923068110735,4.3586932301220326e-06
0.0036625393976381,1.2911266794905135e-06
0.0107100544379435,1.437052037758967e-05
0.0063692152959565,1.4766324394063534e-09
0.0031813033148879,5.000670800107423e-08
0.0052095244678286,5.701974512507996e-07
0.0024441130383238,1.0996819744900659e-07
0.0086554430863774,3.0573505024387634e-06
0.0192296939235208,4.776694690146271e-06
0.0156519181911748,6.437659204577536e-05
0.0035392388276946,7.731948858613786e-08
0.0115500996797469,9.046521553956596e-06
0.0134897695013753,6.210830251209003e-05
0.0158643724552952,4.798316227727928e-08
0.0062445337181801,4.486227150605368e-06
0.0118498580441726,3.967662594797999e-05
0.0094576646603101,7.171232570655073e-06
0.0069014689420389,2.311648534670391e-08
0.0135157548043582,1.735774260084382e-05
0.0130314951350604,8.447908693697586e-06
0.017747219488165,0.0001353166608525762
0.018000756663444,6.041689534952261e-05
0.0167166693221614,6.371642411348925e-05
0.0162677389509688,7.92593998219906e-05
0.0012650859723953,1.7854091733333342e-06
0.0107994111856689,1.4021982641033675e-05
0.0100977147778509,2.2719888745008005e-05
0.0062459521845441,1.817385542348936e-05
0.0172605680804287,8.621757257043761e-05
0.0116962439665314,2.98086148777364e-05
0.017054496991019,0.00011369350415321505
0.0137808310942606,7.260146412061814e-06
0.0032852856786194,2.6433921339396275e-07
0.0043688668156316,1.634127097077635e-07
0.0067138141081017,8.832379395462522e-07
0.0035278382331084,3.403588859525957e-07
0.008970054571748,2.838082920539245e-05
0.0102385798699796,1.5578003580531297e-05
0.0010234890389955,4.705152874465533e-06
0.0104455226758889,3.0821652986351705e-05
0.0134453299278313,4.9385506404264445e-05
0.0021416874838856,4.524321962961053e-07
0.0145756021204382,5.135263311171549e-05
0.0042148135916214,9.211355583057645e-07
0.0193903205538425,0.00011605236178020977
0.013069206529132,3.490476619137394e-05
0.0103341798129154,1.2070584874902526e-05
0.0121947316108238,5.788145237047772e-05
0.003354923749027,7.1533265985151755e-06
0.0168237522997529,3.781664960019861e-05
0.0107942210831667,3.90542180885493e-06
0.0046451116605223,7.660964751337174e-07
0.0189894646419663,8.271551003627423e-05
0.0105101457901597,2.0606181745246056e-05
0.0061147354213846,7.913590765124715e-06
0.0132853803264997,2.4822233215281482e-05
0.0193530634044039,8.079511146006351e-05
0.0145511281064444,6.13504926330437e-05
0.0093878219196995,1.8723309087675586e-05
0.0130378413509398,1.5499037635293548e-05
0.008143927640461,2.196424304565e-06
0.0090619769844718,1.89851985017077e-05
0.0044861646539413,2.620262991193272e-07
0.0018799125959275,1.3264300765804742e-06
0.0021851232986308,3.313834483771819e-06
0.0049666080026126,3.213458327512942e-08
0.0097071618271946,2.5780992393086538e-05
0.0128976310047793,4.9403509784979436e-05
0.017688207031377,7.03110907792227e-05
0.0148955621185727,7.629153217549476e-05
0.0087740529781892,1.9108434785465383e-05
0.0099408694794765,1.5590514642687934e-06
0.0091645281919207,4.5360634327563165e-06
0.0088082439682647,5.130031843490377e-08
0.0106899725424241,1.2105818101110585e-05
0.011594957739118,5.262691233834689e-05
0.0012829366636035,3.0995832898492375e-06
0.0110109046885847,7.674902190815456e-06
0.0139354078219357,3.677551614139702e-05
0.0067271185238112,3.715355514792121e-06
0.0139139980891102,6.845539016060044e-05
0.0185131355039672,6.92372611987159e-05
0.0118737242239498,2.556301021724469e-05
0.0017358036567938,2.182038239642571e-06
0.0014039854948791,5.0671674897817086e-06
0.006359469773634,1.430146774951425e-05
0.0055579007857266,2.320069295092986e-09
0.0169415287315153,0.00013601295997445743
0.0035672575528815,1.5244055258888374e-06
0.0177221781552071,6.418994136415543e-05
0.0002834678775786,4.76819452438486e-06
0.0093125952087418,2.085988095217408e-06
0.0127765866045498,1.9388782045572748e-05
0.0178427394098658,9.127670601584965e-06
0.0098806032141332,4.239834396312039e-05
0.0060990829020775,8.058575391807958e-07
0.0005847775440248,7.3664295989174e-06
0.008198269314077,6.355394083355938e-06
0.0142277411127289,3.98859073238431e-05
0.0190671547655422,5.981221010279173e-05
0.0144734775238596,3.0358003329654528e-05
0.0117835783609613,3.282125972876967e-05
0.0053923801020377,3.736712671078868e-07
0.0055004668672586,3.410388777889064e-06
0.002501627914366,5.198288897918657e-08
0.0102672030868808,1.4702499943885084e-05
0.0116975744577065,4.447299229993596e-05
0.0183368543818354,2.444640551214654e-06
0.0082226233712836,5.342607143544293e-07
0.0142974161650076,3.3639785362812524e-05
0.0017916088200466,4.915836687506915e-06
0.0038903790061087,4.4813142608549947e-07
0.0122568899531021,2.3532664412066872e-05
0.0013497184766926,2.53825165892814e-06
0.0090486488833135,2.6493587211998148e-05
0.0161486644464501,5.576940313933549e-05
0.0167242943912963,8.794523375178467e-07
0.0011547376883083,7.6038050616493714e-06
0.0100393225258742,2.4045380392013604e-05
0.0018146919204083,6.403141328647395e-06
0.0045761298249689,8.451475664430089e-08
0.0010355340884528,5.686616912018813e-06
0.0190483642448154,0.000197058871622531
0.0077271552089417,9.984549763873968e-06
0.0021570428383367,1.3282818734569214e-06
0.0120141001508375,1.4210239656578417e-05
0.0157451261225545,3.110479148212122e-05
0.004659628987513,2.4700396371968807e-06
0.014915573842975,5.1964097262090166e-05
0.0037022880053662,2.685710208673118e-07
0.0063306008346473,1.3951394627579557e-08
0.0189652346776892,5.828039595219338e-05
0.0142224311141204,4.327336659860578e-05
0.007971821171178,1.2646887191085819e-05
0.0153928080028442,3.5522522159200902e-06
0.001082971774042,1.879385311375379e-06
0.0091970377572475,1.5262038655345862e-05
0.000761317257502,2.087097352544973e-05
0.0186131794951525,9.402179988554686e-05
0.007702604197042,2.7082606244593937e-06
0.0121337406267012,8.896544035826243e-06
0.0067639981887765,3.955670008188858e-06
0.0117045618185807,1.7613891398099268e-05
0.0168992320097631,9.560821212188086e-05
0.008107750051707,9.360461712824125e-06
0.008690354916237,4.278626632627325e-07
0.0078791184686271,2.8178418191449253e-06
0.0009642181608976,8.221821608591708e-06
0.0196669723086251,6.871900442926337e-05
0.0084054843727823,1.3283117104589524e-05
0.0036823826975011,6.778561225856594e-07
0.0193289170020814,0.00010117914527094824
0.018566420325821,3.969639018796853e-05
0.0129345789729554,2.1887005402097486e-05
0.0092728397606409,8.564393693596595e-06
0.0095930185229478,3.181652148142034e-05
0.0010815321752275,1.3241832631181436e-06
0.0132613758683264,1.851692185360452e-05
0.0047500572964352,8.771229405370823e-08
0.0100801121482039,1.8473837900664814e-05
0.0054495166388274,2.4109394872809048e-06
0.0125936012462073,6.768445436912164e-05
0.0018787214693476,2.845041779722486e-07
0.0188510118884853,6.349525813745235e-05
0.0003738311434976,1.7058835798201494e-05
0.009668415248404,3.0954383971606825e-05
0.0123648012408406,1.579030909639663e-05
0.0193382215887135,0.00012620507179147666
0.0111209567768541,9.120631228908067e-06
0.0055132810984962,1.7471148094973522e-07
0.0156298160788596,2.8663256839995773e-06
0.0080919891647152,1.2243125243597068e-05
0.0130687328969185,4.827913538967376e-05
0.0116524378786239,3.37465871255776e-05
0.0120646546450296,7.600556406790197e-06
0.0159910929779814,8.429013093031892e-05
0.0156213700825224,7.464543265250908e-05
0.00674442083788,2.51458721562871e-06
0.013139526780501,5.330459956893179e-05
0.0138781588116615,5.7549841641449135e-05
0.0049069534481501,1.8095846988704847e-06
0.01291464565941,5.6776141390663276e-05
0.0140241578995821,1.8576803433889747e-05
0.0135399003197173,2.8069979153611888e-05
0.0005266370033434,1.234615756511048e-05
0.0157773680274143,6.081579329730169e-05
0.0084677281315767,2.084450927563367e-05
0.0155548695513762,4.148875950753169e-05
0.0174058497769753,7.657635287312481e-05
0.0021760610756936,4.817628658533347e-07
0.0148736559816188,6.334527815225441e-05
0.0092603480734525,2.1976089744930198e-05
0.00221158860155,4.367443711477391e-06
0.0185876976283015,7.769355577834701e-05
0.010175969923584,4.206735378433534e-05
0.0067910785771325,1.1878547789688327e-05
0.0149127917665633,5.120008882273745e-05
0.0094829655105885,1.9096480099706462e-05
0.0159442647247332,0.00012541890892928134
0.0165030068489008,4.6028559074375954e-05
0.0080754261241456,3.949868982857581e-06
0.0001824469639795,8.103394487457413e-06
0.0024732810436537,9.815273940421704e-08
0.0122610107399093,5.914858250126885e-05
0.002442574059247,4.118794806469745e-06
0.0191132315898747,0.0001184629387219475
0.0102284719812694,2.2271989147946003e-05
0.0190445583215322,9.818774677204485e-05
0.0196968846108334,2.079555436713842e-05
0.0192071573412806,7.958816832193591e-05
0.0054970873664747,4.605269232917065e-07
0.0196368715378597,5.936723322578061e-05
0.0186106597691102,4.6453926659400035e-05
0.0085094948257214,2.179649699613954e-05
0.0018467707606444,1.0656092758656076e-06
0.0190116572870656,0.00017412154798240954
0.0067171002120071,4.2280407660955875e-06
0.0165566179242026,8.494416594976483e-05
0.018624337464366,0.00011852203078389827
0.0173650869995585,1.856636125718669e-06
0.0039166690931165,9.711760676032602e-06
0.0039532640588575,3.156886077253639e-06
0.0046430872921748,3.159535190715455e-07
0.019658906572012,9.480115389452954e-05
0.005841769934274,2.184925295518018e-06
0.0090581867030603,2.0121548044024583e-05
0.0119271928029142,1.2922584672925156e-05
0.003231901082512,5.798283061964667e-09
0.0162875604180157,6.867361784123564e-05
0.0170679823794233,5.178613377586352e-05
0.0089732115262838,8.238345974395295e-06
0.006821663763726,8.27967981061245e-06
0.0199301464216313,7.943502628360526e-05
0.0116273535793798,3.567634434374109e-05
0.0079036043172801,1.6413147251304405e-06
0.0085690870146002,6.286713225897162e-06
0.0062669234128398,2.4537813465540845e-06
0.0083446241994564,6.704075655742263e-06
0.0045361131197757,3.262510314756466e-06
0.0022254112325023,1.924124179386544e-06
0.0013425936275858,7.900380134185785e-07
0.005163588766401,3.6191781133735035e-06
0.0098244529596351,2.3435500752676285e-05
0.0124314960028915,2.983978616033057e-05
0.0085207486205082,1.4587256313369635e-06
0.0056036694236967,1.665938118356038e-06
0.0146475128631062,6.474940499360406e-06
0.0070868754775657,1.777202789838914e-05
0.0096324286193644,1.2543005970316345e-05
0.0110159193564629,1.879891162505944e-05
0.0015797216928823,5.207221814081986e-06
0.0175862209412281,0.00010051959142708202
0.0189421392644237,3.403521221228013e-05
0.0192437298753448,0.00010015306321925611
0.0005616173075627,3.953980914153263e-06
0.0016040853758275,2.0943959942975825e-06
0.0018290623151539,6.759401215149208e-07
0.0192955269962262,0.00011816292810270245
0.0126330292882152,4.44934527653808e-05
0.0074569310580545,7.427715249120368e-06
0.0123683787681915,3.521900570364096e-05
0.0114544026576689,3.62758132107244e-05
0.0133815510156018,4.017436202098147e-05
0.0141311055352262,5.723180555348417e-05
0.0011991888631813,5.5621287312843504e-06
0.0039467097055614,4.6443003195439676e-08
0.0163493903600072,6.29423945280743e-05
0.0187478470082556,4.2901420223276926e-05
0.0151224368740895,2.3305136584115316e-05
0.0037130249621355,6.2124257430935685e-09
0.0100014556280488,4.009484885276407e-05
0.002269476571092,3.687329274520832e-08
0.0155617053336224,2.493060647719235e-05
0.0163256977344841,0.0001010206519284839
0.0092268198618889,1.0103924996696394e-05
0.0053573179018884,8.939621508050011e-07
0.0170846920962362,9.078677460595693e-05
0.018454111474611,3.3352123236128206e-05
0.0191171812838557,0.00011442811649564311
0.0038928689411891,9.034926444675509e-10
0.0028228787896483,1.2083309024554264e-07
0.0034719466746924,2.336542632281092e-07
0.0105348279794671,2.6300528202877275e-08
0.0133573740451011,4.9880274885781086e-05
0.0104591576384812,3.875487636274083e-05
0.0180644076732624,8.228947783085996e-05
0.0170559644581209,5.77747731912093e-05
0.0149276045789632,3.531516117250904e-05
0.0065652933441084,3.2957773973326484e-06
0.0108824625131555,4.214612116124296e-05
0.0116731595881708,4.888911025297959e-05
0.0099018362567166,1.6848888239577673e-05
0.0065900365999092,1.6219223020460577e-07
0.0178884361882419,0.00010260597394296276
0.0060124550927651,5.757650051537784e-07
0.0123449084361769,1.4771309600150485e-05
0.0085134047261259,3.7578659952309127e-06
0.0102206989485392,1.4570152979380302e-05
0.0199982460516258,7.645549498304615e-05
0.0007736585245467,1.5470538557669462e-06
0.0126168709182225,5.598371288462067e-05
0.0016471383027058,3.490694499415721e-07
0.0194151512924538,0.0001730204026817868
0.0090684953050782,9.991127832864919e-06
0.0176460422438679,2.565407637938201e-05
0.0020525163331702,1.2820874747778103e-06
0.0174346152540107,3.953312312770118e-05
0.0027442689073279,5.786308988283812e-07
0.0115563410751808,3.1997136658572546e-05
0.0156411593047668,2.928495216759342e-06
0.0102237354459202,2.7460798413755907e-05
0.0165491729661765,5.188575561716166e-05
0.0040899299194349,7.482360914052132e-07
0.016797581793141,6.800398298448465e-06
0.012910279327589,3.2297522014974106e-05
0.0070428377000157,2.00427273943316e-07
0.0069971559664007,2.5849576066015674e-06
0.01811732229098,9.191569079645879e-05
0.0051924144238025,3.9957315333874994e-06
0.0143705006507725,3.6615241227758215e-05
0.0050249232976779,1.248296758833932e-06
0.0079107542157109,1.6174869943955812e-05
0.0017050227036294,1.0392768866632259e-05
0.0019057142309024,1.2296722625552917e-05
0.0016114293295798,5.179462922550627e-06
0.0075020296058578,1.2126439986675106e-09
0.0027905176943159,5.282170988079098e-07
0.0074012882677242,7.944109897942648e-06
0.014867270137739,3.8601702327708705e-05
0.0063365389238034,4.705531367160667e-10
0.0009861745154789,1.4274723661638761e-06
0.0174000196340129,8.816319930438376e-05
0.0097554731323328,1.71179754349676e-05
0.0065412240542336,4.087478012700011e-06
0.0067985034307047,6.351630217004415e-06
0.0194031333243709,6.567051441303753e-05
0.0071446353632843,5.4266970710090905e-06
0.004028207295173,3.707442828532088e-05
0.0081103508548431,3.887669441818824e-06
0.0013181422770877,4.2901682065831535e-06
0.0072991593181788,3.2480947823921663e-06
0.0122217307039541,1.5735157564942157e-05
0.0019330360382035,1.7309194292635817e-06
0.0029179250329396,8.58788411648467e-10
0.0042771670798178,4.252879308194078e-06
0.0007454652204138,2.4779383186808623e-06
0.0050080470313543,1.8987173478752689e-06
0.0039346544448259,1.2544721010897224e-08
0.0171591249873578,8.338848829727407e-05
0.011038580901156,1.516594392500856e-05
0.0012746583877341,4.088404945086393e-06
0.0069700111388388,8.15770062135868e-06
0.0044074984942144,1.8459657542394184e-06
0.0176431035111015,7.739203169980993e-05
0.0020394828718247,1.9028464131175025e-06
0.0135881749206903,3.062491345772379e-05
0.0022097518261784,2.460821320083304e-10
0.0063506767713965,1.9473735788461896e-06
0.004154693760134,1.2901693295516384e-07
0.0110893264486702,2.7563453761942968e-05
0.0183509868225654,2.3976316226301433e-05
0.0020385412915224,1.2536310800351168e-06
0.0106330052229477,2.1793646316390804e-05
0.0051743579627227,2.3746370992584533e-07
0.0182775328308951,6.76384296706185e-05
0.0170442683843252,8.117946209243828e-05
0.0118141080661443,1.4069193074462377e-05
0.0067614675765804,1.0666536493068623e-07
0.0137818722531093,2.8106607032209372e-05
0.0088805905103845,1.3142166822668591e-05
0.018497774538823,1.0458001641343878e-05
0.0104805030083419,2.4335233257581612e-05
0.0127165055540864,2.2133253127488113e-05
0.014527833315283,9.25525512971587e-05
0.0072634036877931,3.2065742695515778e-06
0.015743738423485,5.995727200450762e-05
0.0161192075981642,4.593656596363716e-05
0.0108177520597327,2.8014827163080855e-05
0.0002530306207382,9.347566267871566e-06
0.0060262895245169,1.1166964408993745e-07
0.0075392244377489,8.07507870440615e-06
0.0033019285801947,5.1089204672389236e-06
0.0194797677058413,0.00010510667637576526
0.0071603252355652,5.893877205793765e-06
0.0058321198991348,6.377180448776179e-06
0.0193080720451666,9.707148418130958e-05
0.0047720944128853,1.983533828559398e-06
0.0174035666733721,7.679875186710297e-05
0.0050351060842739,2.4065961249979673e-06
0.0096545734821704,1.2510316355257332e-05
0.0138615968585402,3.651022294196145e-05
0.0057406231928162,4.5372058720789916e-08
0.0191800237215507,0.00011355394403328067
0.0078763167727178,5.3683009719447705e-06
0.0131881600576595,1.5475621045092028e-05
0.0004282743341881,3.582688881196429e-06
0.0190086262417583,1.768859421381139e-05
0.0143779014851893,3.737653940217418e-05
0.0159712053294304,5.409340873982946e-05
0.0077598039419945,6.993738776366027e-06
0.0013391756171045,4.153364445828376e-06
0.0169818197774874,5.066084406717293e-05
0.0167180030545719,4.983804831918031e-05
0.0135580239873688,2.8592479362893713e-05
0.0030520588760135,3.230404646614596e-06
0.0161468116890222,8.815902316332154e-05
0.0065510803616654,2.217101310478782e-06
0.008681842266867,1.1740658390279308e-05
0.0099645448291674,1.3100837611236466e-05
0.0171594293226832,9.232912695195721e-05
0.0037250863287525,1.5190225658475444e-07
0.0106241814217899,3.6296214140981016e-05
0.0126105695659478,2.4411052440074104e-05
0.0167316028558968,0.00010489916507660668
0.0152935094821097,5.815270973926825e-06
0.0100454389354269,8.942697556456425e-06
0.0131677113404734,7.053042503348953e-05
0.0164539924103117,4.290980678762007e-05
0.0028307063438949,2.3884786531112455e-07
0.0113928861995183,4.3801603895297026e-05
0.0152274460569846,5.882102003707773e-05
0.0027662831951354,1.7090694500852634e-06
0.0144178780351381,7.97453283496854e-06
0.0112067763129127,4.2822954085878964e-05
0.0187124855912148,1.6155985604639173e-06
0.0158018743065222,4.125944670239042e-05
0.0184653980131737,4.352606566667416e-05
0.0191929830046704,3.854045891504947e-05
0.0018103913117837,1.8165827907918912e-06
0.0007043905229948,6.976572230252257e-06
0.0135082681536303,5.9169985654441545e-05
0.0168417250785399,8.842101070314941e-05
0.0104750907226083,1.4328098383263891e-05
0.0011493725653722,1.4983580825484694e-06
0.0191557989325799,7.112641700997147e-05
0.0159603974025781,7.631651049243101e-05
0.0085121488366525,8.2642406242893e-06
0.0166915749594185,9.965587303567128e-05
0.0180397593336741,3.867449784218219e-05
0.0169188059868682,7.465190522970619e-05
0.0127221951865612,1.7938163041655884e-05
0.0161442021253992,9.740520304624234e-05
0.0144507898449237,5.030032044089533e-05
0.0169847472251388,2.676586487233998e-05
0.0170156244655733,0.0001048957861618688
0.0088122734902416,5.7717554181437966e-09
0.0188902238068604,9.410027487600417e-05
0.0110173790120487,1.6133990005477573e-05
0.0045281487591347,6.161679182217717e-07
0.0141406512681032,2.739859706289112e-05
0.0037480614180643,1.2423213843762793e-08
0.0135700416756701,7.346570698052535e-05
0.0141500491104935,8.674486570268636e-05
0.0008753499848319,2.688614996101292e-06
0.0107781600351789,5.055385936083321e-05
0.0193697508698938,0.00010648237121009515
0.0066034323046755,6.736313472318521e-06
0.0179452979524941,7.736713996206647e-05
4.0311186770993766e-05,1.0665570655888766e-05
0.008457191586825,1.9068661814584e-05
0.0195763903956625,0.00010193197429357996
0.0028650180733344,1.2635601566706876e-06
0.0084284761187822,7.083723323028757e-06
0.0178538960554537,9.255824391212684e-05
0.0159210070630577,6.560267359075556e-05
0.0172034327828107,5.2696399021696556e-05
0.0111468058286427,2.3309548891461942e-05
0.0037794371429774,5.150561598256427e-07
0.000269864626902,8.468646675284913e-06
0.0067670505327862,7.199287960719817e-06
0.0196924379064105,0.00010881806454231371
0.0018981031455358,3.8555377747340224e-06
0.0078401762940604,4.973180075160045e-06
0.0128576406267471,6.945046659316987e-05
0.0038540287980456,3.8318955556413226e-08
0.0046020250222732,8.101279965654443e-07
0.0148367348146815,5.7413256324141593e-05
0.0116251682761753,1.8682044645897874e-05
0.0135352950411434,4.838785045572286e-05
0.0171684714474459,5.5809916781902225e-06
0.011111523384149,1.0484030992030013e-05
0.0184234316714166,9.191034150893382e-05
0.0083680367789743,2.6251259924074112e-05
0.0189378409789583,9.230669299471487e-05
0.0089347410523344,2.9344216358133573e-05
0.0140562588416502,1.4233077157296483e-05
0.0130555955100763,3.4933172299580154e-05
0.0149968001396193,6.505728336371468e-05
0.0092088574107979,1.6880522751245636e-05
0.009823888062516,2.911561599025453e-05
0.0170397740283782,4.2786018460896725e-05
0.003930456183414,1.2937087042311185e-08
0.0101934008926071,1.9210198777727006e-05
0.0043390085981859,1.6680299443475712e-07
0.0083917584768267,1.3691780238688686e-05
0.0038456225959832,5.197380321117465e-07
0.0010727301274759,7.036058167987803e-06
0.0067148185359917,6.820402778182617e-06
0.0072364032054533,6.991924877673211e-06
0.0182168322176431,7.409457004914077e-05
0.0070583255566281,1.2980569239534662e-05
0.0015726910045712,7.981023543426103e-06
0.002481141934886,6.095115997021449e-07
0.0035162384651597,1.7162582748914775e-07
0.0066734190967434,3.5949561870667008e-06
0.0180732335723833,8.184825112603776e-05
0.0191273339504586,7.927034065352887e-05
0.0179834749497157,7.314589735895135e-05
0.0188814837937804,9.963524747861099e-05
0.0082116079103347,6.131321304402095e-06
0.0142601103082276,6.348273874398015e-05
0.009827603661948,2.0604456649532557e-05
0.0189999518945502,3.290152399319686e-05
0.0047200966964983,1.2401426674382868e-07
0.0171648544529337,0.00010306403306233674
0.0109387649520633,1.4928797667468837e-05
0.0017730083035836,3.7839932036841135e-06
0.0198484548332213,4.425817879749785e-06
0.0009546710526378,3.98002898999678e-06
0.0011433722846431,9.229858038016703e-07
0.0122022869806839,1.5570303325700042e-05
0.0130284882085733,4.9781897183257025e-05
0.0053169908971812,2.46789790611631e-06
0.0160395052269689,2.0377238644310007e-05
0.0001092547197465,1.1319780479726271e-05
0.0117781343232941,4.758655197573768e-05
0.0006908213665496,2.371690492204265e-06
0.0124027101067236,2.8089920089383916e-05
0.0129555589778446,2.521231926106901e-05
5.158129227329722e-05,8.806040477186793e-06
0.0112450616491478,3.745175588181216e-05
0.0070095810529086,6.745368405500581e-06
0.0105934477196981,4.102651242492535e-05
0.0052924804561821,8.059089040524963e-07
0.0175418382423333,9.374958311170574e-05
0.0171026157084939,5.481123367210021e-06
0.0019109591807399,8.179597402270476e-07
0.0101192641425637,3.6587559984806396e-05
0.0135317784759945,6.328031053930283e-05
0.0080782852564263,7.241879477728541e-06
0.0167950635527314,7.372924577448273e-05
0.006510038000915,4.1186889729479276e-06
0.0164117498220641,9.469730022920024e-05
0.0157801609685839,1.7627888133588475e-05
0.0090859044950137,8.420633175131174e-06
0.0006291067346545,5.851262791423326e-06
0.0126253835424422,6.845243382094664e-05
0.0178650646999591,4.6207261099832056e-05
0.0070923876377589,4.362331910284802e-06
0.0070811806401911,1.4379635312667904e-05
0.0147698726882821,5.2274080423580875e-05
0.0161283432090852,1.978235619587254e-06
0.0030842398047368,7.909889332252007e-09
0.0089268055818274,5.2041715545666295e-06
0.0192714723713555,0.00011607069737028049
0.0094294799507788,3.059292914660791e-05
0.003592279138922,1.9620999446401258e-07
0.0175307616537074,4.081276984016007e-05
0.0047278488569284,4.572688993924343e-06
0.0009774040738648,2.3712004613661907e-06
0.0024656016472797,1.073089928203711e-06
0.0157549761691719,5.4767530933408525e-05
0.0196877828116227,0.00010015940506795956
0.0040202539179975,7.35879940591966e-07
0.0151840343664501,7.084305640624533e-05
0.0074918246039194,4.476493240155694e-06
0.0096217990466765,1.2808861487220333e-05
0.0196087956072901,6.939969273569946e-05
0.0056473361110127,1.4470847799853937e-06
0.008317775411953,9.102984491912057e-06
0.0146072966223576,8.544157375135056e-05
0.0090983971138835,7.418525995840891e-06
0.0152443369093625,8.026776309146332e-05
0.01914725853614,9.068272929482337e-06
0.0097793119650477,4.0255986217750445e-06
0.0106986725675419,3.479914240631082e-05
0.0185192345470196,0.00017036297952055372
0.0018640938619136,3.643190657143273e-07
0.0002102820903748,3.555005296151166e-06
0.0116677844795889,2.8524421747943806e-05
0.0015529956837469,4.3668160886659765e-06
0.0069680576920777,3.659826022453621e-08
0.0194550914654572,0.0001318252623550873
0.0052692106012699,3.364633915252778e-08
0.0032902190308606,8.160649199594701e-08
0.004947984933915,2.9352572768147717e-06
0.0033385261878192,1.1428860323484122e-06
0.0077079901583779,3.3371517865936107e-06
0.0129888838440521,4.5319402319316836e-05
8.442626361299777e-05,9.086091570139982e-06
0.0192367841632435,0.00011033747116823217
0.0054815434542123,1.7016510965615237e-07
0.0119508234810908,2.4131547184401634e-05
0.0033111752819929,1.8690710560534468e-06
0.0123793645545494,2.2522852145013616e-05
0.0162947817658447,8.36009324771501e-05
0.0115422435101976,4.55231025242127e-05
0.0041349371942384,4.403361541656385e-08
0.0051577616351129,8.122006011711465e-08
0.0070585870121726,8.92533094818013e-06
0.0138908590263547,6.685430370180041e-05
0.0088078573958369,4.234550193596592e-06
0.0169416854583248,5.8634029015962404e-05
0.0092081683365911,1.8393346348316175e-05
0.0124661215775712,4.3751971561469434e-05
0.0051109397851192,3.5098225343921517e-06
0.0185942183403318,4.9564451803869526e-05
0.01689981532846,3.710041812096636e-05
0.0176887787818155,4.997656308784454e-05
0.0154932534151997,2.6260178125605877e-06
0.0189793704337295,0.00014224203457268705
0.0149856105319883,0.00010930376345722248
0.0170927477901696,3.0750389819115066e-05
0.0003292129280418,5.029872563981974e-06
0.0112614829450758,5.564732816538818e-06
0.0144545355955873,1.8285150697962706e-05
0.0043213311619392,1.9695151651311345e-06
0.0160886290149828,0.00013859920619103256
0.0035860096207501,7.711387923894604e-11
0.0128749032296146,2.587357929422114e-05
0.0080690563397957,4.366310081589101e-07
0.0194567856053236,7.6500799591679e-05
0.0066423473075435,6.173999300235278e-06
0.0007697980405944,5.708083865951694e-06
0.0144631381981576,5.350656057607714e-05
0.0058598368706066,8.223135770510734e-06
0.0179613609552256,9.433768574311834e-05
0.0106637385985341,8.22485017709194e-06
0.0185402570587472,0.00014157668117635846
0.0193940697953696,0.00010890640662274183
0.0171271119753463,9.462157597689707e-06
0.0061670100579529,2.769026900622805e-06
0.0156475025987015,3.8273579515828586e-05
0.0198864611378306,0.00012186527958689186
0.0154926777560746,7.995936703541085e-05
0.0188011767176646,0.0001308284149571109
0.0176617466946903,9.303785041103544e-05
0.012713901136576,5.1279716854345105e-05
0.0002155890914267,4.921978781114786e-06
0.0185665903070212,5.454781545761426e-05
0.0198128515861359,0.00010820309488084139
0.0049044278576267,6.539458902017842e-08
0.0143918545789808,5.241193107358677e-06
0.009338734079131,2.2001837259966458e-05
0.0105739991264898,1.107008205138487e-05
0.0019023327971221,3.4815396900473803e-06
0.0176055286031595,0.00010483816725099555
0.0041179981924479,4.445062473664968e-08
0.0163966741332732,0.0001112599608002097
0.014808258460357,3.0409475658771725e-05
0.0015077254336137,5.1549950867236964e-06
0.016765819911621,8.84496227023929e-05
0.0056268531462716,2.1715024583177788e-07
0.0138585118026486,5.245246506998791e-05
0.0199399746138635,9.521147549981667e-05
0.0078164489390174,2.3787384325656634e-05
0.0199240480871679,8.308767344803883e-05
0.0116414574877926,7.3596222766427935e-06
0.0175537798463487,7.036979629990766e-05
0.0006399273577549,7.728179727769683e-06
0.0041663430888477,9.570481960469896e-07
0.018669771129888,0.00011720018127043222
0.0026635639053795,8.127470298555177e-08
0.0075816474389853,8.0048183739545e-06
0.0097405710141069,2.2756955984441277e-05
0.0022531841102139,6.492645937478477e-07
0.0125456015529397,3.6719007672037354e-05
0.0042350644697044,6.348280748345706e-07
0.0188142386070498,0.00012271952437659467
0.0144960616471279,6.041199290902049e-05
0.0049423979099566,1.4840210124058945e-06
0.0116857516779228,3.72928441567714e-05
0.0126447029778021,5.171401022481554e-05
0.0155522911884059,4.279561324365558e-05
0.0122113485036135,4.434728353474957e-05
0.0168751688611248,8.000845947857452e-05
0.0084675060584,2.3994671090002895e-05
0.004922614576536,3.49319239546585e-07
0.0018417830492868,9.367587518985231e-06
0.0091810957220883,5.453859614997632e-06
0.0055164295926844,2.6559361271112573e-07
0.0140286173054635,3.8246370249122737e-07
0.0009534737845564,1.01745538267228e-06
0.0161573075632594,4.3608005102276145e-05
0.0199367637684644,6.240227419963809e-06
0.0158003434827579,6.99427093538823e-05
0.0061376579785756,6.708045068474833e-07
0.0022294803310634,5.431716035984751e-08
0.0135518040298415,9.595572922355349e-05
0.0100611673853731,2.183096860564678e-05
0.0020286235317787,2.2748305998205673e-06
0.0143686852816237,7.871844695505256e-05
0.0074269366381876,1.130162239918759e-05
0.0167964105199387,7.958139386803115e-05
0.004606927689677,3.678778687167435e-11
0.0006605634611375,5.734667658205142e-06
0.0129776689951432,3.718620980737497e-05
0.0138868193513107,3.6829794899690425e-05
0.0162516361613251,0.00010800366036787731
0.0081304349544894,1.1049961914562192e-05
0.0075530887373471,7.86881636300366e-06
0.0198568361551852,0.00012322731055247109
0.0192399132991005,0.00010292812634394842
0.0100316027482963,1.9191626917462407e-05
0.0061790820525584,9.015603534564248e-10
0.0008262978826312,1.644377130799164e-05
0.0033441885206361,1.4031163464181165e-08
0.011188364974017,3.194991664815851e-05
0.0007504482513341,6.692978482304332e-06
0.0098336783338847,1.7394685551347698e-05
0.0118851043269686,3.1496158848367475e-05
0.0093328065078875,2.4354668811876494e-05
0.0009572519909408,1.3933072892845594e-05
0.0114224693385468,4.0738753743457516e-05
0.002100578615968,5.46036937257371e-07
0.0191167521777997,0.0001425529689033018
0.0161845956637052,0.0001050736323836596
0.019887202341013,0.00016247101283283963
0.0188366473919244,6.2998072333941e-05
0.0042203381356677,6.156369591876915e-07
0.0055009415033708,7.710536250636799e-07
0.0186571234709913,0.00012942777032052947
4.167755240359617e-05,5.724379364027148e-06
0.0181749303169956,2.963605444969629e-05
0.0020085361923134,7.772594379530323e-07
0.0043153990161876,4.086055573035194e-06
0.0186850816729048,9.950642168636557e-05
0.0045046253468424,7.713069156292965e-07
0.0150621549461693,3.3113245550529555e-05
0.008127348093875,9.627618871080787e-06
0.000769247494995,5.199068612394116e-06
0.0088574529924677,1.2216809162691249e-05
0.0085985827955786,5.160276771700518e-06
0.0181068521058935,9.27558363043784e-05
0.0051051599482433,6.368405970624814e-06
0.0067370880325527,1.1882068041526665e-06
0.0115795655771919,1.3116063962150896e-05
0.0064110046280503,3.450404389428693e-06
0.0124822620297751,7.43912124694909e-05
0.0080473454835224,1.135652947097162e-05
0.0176748918437593,0.0001014978415230044
0.0085748902626827,2.5936390814688185e-05
0.0130970988666045,5.126880570466139e-05
0.0174821269884918,2.3128196281648818e-05
0.0038161024951385,8.60293904013006e-06
0.00810492209451,6.530968680001544e-06
0.0091265205619307,1.4032534849768884e-06
0.0140328758818724,6.977335254320311e-05
0.0162832819024973,6.958340944070489e-05
0.0168583214094795,0.00010940973547383745
0.0034438830754472,1.0261531156362364e-08
0.0118551081981648,5.636102862345567e-05
0.0181485523485992,0.00010880761136430344
0.0140133918685922,1.103202508580128e-06
0.0064197491265816,4.826505563642902e-06
0.0107913508117968,1.0220836349304787e-05
0.0016563904142897,1.349828113087947e-06
0.0199886997855886,1.2231965138378987e-05
0.0075719522889622,3.4244946483103597e-06
0.0057734154539297,3.234659452876041e-07
0.0059907996340974,6.039196633012883e-07
0.0126012304963555,2.2441438401072874e-05
0.0118324996332328,1.603684525512065e-05
0.0079853612213942,8.742944358145108e-06
0.004917080291939,2.424166321970378e-06
0.0034419783282837,5.309780596959562e-08
0.0028750586643565,1.6188364347669852e-07
0.0145524015160236,4.955214866887158e-05
0.008632502459163,1.5118037507175602e-05
0.0010602293790787,1.5662784281656312e-06
0.0067871459903365,2.553703954064368e-06
0.015800408019745,8.062666553443724e-05
0.0069674036385408,2.3482075742154564e-06
0.0194754287471085,7.701090421321339e-05
0.0084087321819314,1.730217484272392e-05
0.0150467289147894,2.533686929677541e-05
0.0147691858194994,4.5891043109746314e-05
0.0015476580921487,6.198016028454049e-06
0.0114879358200861,1.4451424324673142e-05
0.0016118011474861,2.5492966134094106e-06
0.0056710443175796,7.549503738013016e-06
0.0198507148517043,8.333661961956016e-06
0.0145676991133011,2.235515946158283e-05
0.0056809535780662,6.358268465363526e-06
0.0114539079539932,1.2001530760685601e-05
0.0026725283922423,6.81997540711565e-07
0.0180204742110216,0.0001205575801401477
0.0185513925444395,8.523581773717075e-05
0.0036128728073433,2.6954752944363646e-08
0.0097835807651362,1.3407739419620854e-05
0.0020727117844881,2.529548929548908e-06
0.002251074492078,1.0021764636298871e-06
0.0081045605169986,2.4554259530080826e-05
0.0131176780475406,6.454670812775799e-07
0.0117353133808589,3.458498483205531e-05
0.0190720651077508,0.00013853532709383172
0.0153811893260638,2.481012216044935e-05
0.0135101489279841,2.4436877786208155e-05
0.0133310379906523,8.72764351454054e-06
0.0028952169258401,2.739828954912035e-06
0.0165832398108695,6.811926326268437e-05
0.0127639927624809,1.0694721886228435e-05
0.01573439244134,5.8759837244315656e-05
0.0141418407352794,7.698539836963807e-05
0.0011677517855815,5.8426051984588625e-06
0.005462515355532,1.8259421580065001e-06
0.0010046413410739,7.692554743130933e-06
0.0096071168033456,2.996203908893574e-05
0.0001340068283103,7.232015789728655e-06
0.0082256308903525,1.3482704697643784e-05
0.0082430295769406,7.928385504912644e-06
0.003481020944775,1.7675904433099624e-09
0.0171730342483783,0.00010405441146643784
0.0163177355929331,9.483856230295206e-05
0.0063570527970007,4.910716195486209e-06
0.0119355579418288,3.8573221462056265e-05
0.0176535307810571,8.292041127521306e-05
0.01160791035978,4.992650175511916e-05
0.0110133770341831,2.238243128366079e-05
0.0084743165871136,2.9470256966186123e-05
0.0180357088325752,3.443277777531635e-05
0.0171318717880876,5.112860272512149e-05
0.0185006340106943,6.59451222739533e-05
0.0055948355549284,3.855670054403303e-06
0.0120865528710115,4.143430601812874e-05
0.0197077523815069,0.00016916051354630136
0.0192854067808162,0.00012224051603000575
0.0009029338235131,3.0435632045980484e-06
0.0194014712841678,0.00010429458153772286
0.0058365944421873,2.338481308919339e-06
0.0180916627431238,6.095769121240863e-05
0.0052969906182958,1.503001537141943e-06
0.0022249505146384,1.6876452571200954e-06
0.0170411616674591,5.934604839823914e-05
0.0011197913697969,1.2081206829341556e-06
0.0168250566999061,0.00012080045718662358
0.0052058244019822,1.8832852105175966e-06
0.000169479456287,7.904878833806275e-06
0.0108516406583138,2.70878779957457e-05
0.0188555586795411,1.810953894827582e-05
0.0029898869165388,2.305255131283874e-06
0.0130380360988595,1.758164883210992e-05
0.0079596933264705,7.390733337818978e-06
0.0160454098883485,9.591713210579109e-05
0.0062661365572492,1.0906454102637173e-05
0.0035092472065647,5.100071597753341e-08
0.0151877736806928,2.9073010173422496e-05
0.0149256393863068,5.5330419085613415e-05
0.0107443451844267,1.3618014005030768e-05
0.0156828704352592,9.907052496111815e-07
0.0114365094084484,3.385405539289543e-05
0.0196099519611821,0.0001365160761503284
0.0021573521275242,2.202329043029252e-06
0.0026231554342609,1.8837244924821427e-07
0.0093250555249121,1.3791070453893839e-05
0.0006059087774682,1.7469407087451813e-05
0.0080852775469088,1.189730098363403e-05
0.017760213520474,5.8152664545683586e-05
0.0096529651391879,1.3442078337184527e-05
0.0163501021940933,8.823216864549102e-05
0.0034441986544515,1.9864756389935585e-06
0.0183929620561321,9.362554801142125e-05
0.0160662915460884,5.382759803549346e-05
0.0131241496577716,3.125373945109097e-05
0.0110917299506786,8.9249094557952e-06
0.0018206456940881,6.074367799533344e-06
0.0136047916587153,1.044671640762335e-05
0.0194720572323495,6.143167209486155e-05
0.0077966536749354,2.0426773910153772e-06
0.016945858337075,0.0001029525286073437
0.0099143514872693,3.8831951181713866e-05
0.0129928968200195,3.770313893679535e-05
0.0135225405598857,3.716673125204556e-05
0.0034613008599741,1.3965912355581785e-07
0.0001200171008187,2.704332204220515e-06
0.0088977912296574,2.1421577284729213e-05
0.01770261758332,0.00010297118419580494
0.0058745232112344,3.478349246926701e-06
0.0028802044169468,8.018489487469771e-07
0.0093214220929654,2.9830767521661604e-05
0.0067051365645808,5.553838270246371e-06
0.0123873546897415,5.649331874175689e-05
0.0027987928861324,6.166080614328513e-07
0.0148780412570737,8.987091499971198e-05
0.0179217889452291,8.13122569500289e-05
0.0059564114306741,1.1666606664261408e-08
0.0183457415032176,2.3166695184419475e-05
0.010089675474084,1.8512735216812163e-05
0.0169768817547126,1.6138908446898975e-05
0.0102328456169348,3.4877579424631535e-07
0.0176209400121819,3.31944503065029e-05
0.0007785357749542,3.0154804426204615e-06
0.005670781265135,7.799776554610363e-07
0.0054356542073865,4.809465235242847e-07
0.0156760778114338,8.698920932942901e-05
0.0124897568129869,4.647550468725155e-05
0.0197140091176921,0.00010043157140085235
0.0081821860691142,1.7059112968878783e-05
0.0045957502209406,3.7651002585490193e-06
0.0160608397294906,1.9165657890104655e-05
0.0152249132715177,3.463498450315998e-05
0.0010806063076653,1.747662135908233e-06
0.0044972225941063,1.5310097746024178e-06
0.0183969748766329,0.00010608270153874156
0.0125493347752917,4.1015557695700126e-05
0.0111472170057585,4.1223959235374984e-05
0.0135883093243751,5.268207064286528e-05
0.0037320863118387,6.75030204073663e-07
0.0047466467523426,3.126892389760033e-07
0.0042136298984076,1.0735678601121388e-06
0.0155478719622995,2.0725177782039204e-05
0.0134132888532629,7.08031545008119e-05
0.0198611512651591,7.008184238748173e-05
0.0022813563223186,4.953098441381502e-06
0.0079994955093312,1.830531325148815e-05
0.0150085005155628,7.660727362197765e-05
0.0153232715399934,1.2721538691010296e-05
0.0133791516199384,5.278514150317296e-05
0.0032486227065491,1.9822300905995162e-08
0.016791987108813,0.00010501825240329103
0.0192954835691512,0.00012980312545641872
0.0189731565057865,0.00018768425039600824
0.0051735684428038,9.505516514228225e-06
0.0106323101090475,2.161963379560222e-05
0.0035498178892958,1.2192305789332243e-06
0.0153762624789836,7.637443985769967e-05
0.0064820417205827,1.5922752463655339e-06
0.0054440203647168,3.2884708429937626e-06
0.0051663551463421,2.506575105612122e-08
0.011905486307225,5.094718760792975e-05
0.0100247879571477,3.7412509203423716e-05
0.0171108962256634,5.529841360736638e-05
0.0095442129896462,4.051301105625442e-05
0.0175997602138177,1.6266920922714043e-05
0.0183221236335251,3.769024141073012e-05
0.0136949859681861,5.175894960364909e-05
0.0087695275507991,2.726932974567382e-05
0.0008800682811311,2.208220988891631e-06
0.0048586898236434,7.82802164802878e-07
0.0021553275918802,3.4024545089861477e-06
0.0051452416575429,1.2481676714488516e-06
0.0042027554451957,1.3698334821276001e-06
0.0047726469253007,8.108467486035678e-07
0.0125675987457841,5.723753192191268e-05
0.004326294668387,7.098220082730476e-07
0.0141874569953805,3.848783267610836e-05
0.0155433525376625,5.3401779348753636e-05
0.0163439484336426,0.00011365480451765439
0.0105996674774285,1.6916559615430596e-05
0.0072135676472175,2.552015829073414e-06
0.0034114704588147,1.1219394385733868e-07
0.0048914935543999,1.1798322530177874e-07
0.0111298945036246,7.0576210201897595e-06
0.0164625671245381,8.690888813289599e-05
0.018980498773414,6.5512535228246e-05
0.0149289010786992,4.5359576303732374e-05
0.0074573633979627,1.9546361735427457e-08
0.017167081818533,2.8323869940984876e-05
0.0037589990612782,1.1054103415453344e-06
0.0122826200190948,4.4753203094281494e-05
0.0033210062617519,3.4747683819598466e-08
0.0179530512099793,3.445367949881885e-05
0.0045592562796139,1.640568225560411e-06
0.0154885249809039,6.468945662946897e-06
0.0040153548465583,1.8709860628220605e-06
0.0148744402312097,4.6830552991845705e-05
0.0125078794023109,6.759961420425256e-05
0.0137204745968425,6.421515701286984e-05
0.016592314331341,3.368112224962729e-05
0.006867448264542,3.570749054797069e-07
0.0163443381358291,7.2992079217008e-05
0.009214066371423,7.319697127545195e-06
0.0009600795919197,1.0257707604756272e-06
0.0105245610514672,2.3603047006312184e-05
0.0109048867284854,1.4278899118323478e-05
0.0164579102278249,4.257867741859849e-05
0.0110840134066401,3.841702169974702e-05
0.0182761807170036,0.000111572940199619
0.0121303363032795,5.502915000008628e-05
0.0153767146866024,7.555701216635925e-05
0.0003685306620286,3.920362762835936e-06
0.0051512612610479,1.769041919523973e-06
0.0194557736396657,3.3426727822520597e-05
0.0077039112550736,6.091678637650568e-06
0.01984245954857,8.790707714646859e-05
0.0175510367524347,9.10594815069124e-05
0.015287429620421,7.455063043362589e-05
0.0081104617986649,2.5208982019091565e-06
0.0198448428500589,0.00018860371223087158
0.0036548446368381,7.230224358365506e-09
0.011760660973569,3.333953602610482e-05
0.015121258581654,2.997443474658203e-05
0.0151446580536264,7.826232072004108e-05
0.0144624187604957,6.026169814406316e-05
0.0171065027596612,0.00013525001274218565
0.0080374327237876,2.6690917978119304e-06
0.011795065238416,3.7894329574749836e-06
0.0084926507628353,2.199968546161599e-05
0.0050351574176917,4.398921899661389e-08
0.0101556491219408,1.012337589885008e-06
0.0145225740021848,3.492236404838411e-05
0.0029950762239295,6.87190307367386e-07
0.0143748254984148,4.6883801356058454e-05
0.0178962329334181,1.7269216228603778e-06
0.0068193443283948,2.0169854442098944e-06
0.0085596308994793,3.532455262656514e-06
0.0008866540257466,2.6060308299140396e-06
0.0148324432872556,4.67239134702967e-05
0.0162442471039929,2.5309165539466227e-05
0.0069723512386268,5.265352203290511e-06
0.0183497862279298,0.00010466551612402865
0.0145154611283972,3.531952627632237e-05
0.0138067046892283,5.5629963865888456e-05
0.0187707292478682,9.153399392692249e-05
0.003483948800149,7.063336916760665e-08
0.0025356506430543,1.659961690826202e-06
0.0133664591439032,2.2129821258744076e-05
0.0148896606163805,5.9783580114446735e-05
0.0002479231499582,9.308242920456873e-06
0.0105004423344599,2.4669543658593113e-05
0.0162554131665317,2.6538873196983916e-05
0.0149160324774934,6.909634029294976e-05
0.0044548307169631,1.2994975705727223e-06
0.0148256673859122,2.6403835566335385e-05
0.0158317823793239,5.697683962530879e-05
0.0020777831787567,3.427442937551895e-06
0.0115182117896623,1.4664056819787203e-05
0.0082928573510477,1.159826437957624e-05
0.0027643877366488,6.843207897535007e-08
0.01813765577831,0.00010283235877317087
0.0181164298265985,5.457603253059046e-05
0.0117151017433817,3.344406649472804e-05
0.0013093871934598,1.5007842665478324e-05
0.0075701707269751,8.801701538492635e-06
0.0185523759037031,0.00011094264326642069
0.0143908559219641,1.8153668430625538e-05
0.0065612834353659,2.5753117010354164e-07
0.0188397552194697,0.00011044002654324264
0.0092473341226582,1.1790488247635375e-05
0.0047167622990333,1.4771009233242436e-07
0.0071501459466176,6.888062986861109e-06
0.0011397467027067,9.185715199268069e-06
0.0193225261941758,0.00015511898893425964
0.0040222380437392,2.6338868065681793e-08
0.003432853224774,1.5218572389008522e-06
0.0028033363720552,1.2128521919713886e-06
0.0061321348094335,4.366860980981742e-06
0.0053842337256813,1.7069282532445969e-06
0.0042082840060504,7.750109419118187e-07
0.0162231052747399,7.6447693117386e-05
0.002116304311156,7.128384673483594e-06
0.0075175603606925,1.8891338764735945e-05
0.004924470775699,9.835094658232238e-07
0.0006338087492283,4.9215389481099835e-06
0.0044020125261565,2.221722875726449e-06
0.014002393250199,2.5029467797556402e-05
0.012176421627338,4.615939417253963e-05
0.0144706182338428,1.9057412044304398e-05
0.0042489920115818,3.3048207014341397e-06
0.0159688211498017,4.3785163507548106e-05
0.0154110009344122,3.134222929431219e-06
0.0091577203175865,1.6962016652517957e-08
0.0009255984396368,6.157500940447009e-06
0.0069321591886241,1.2877143197734058e-05
0.0068655033820542,1.3224948342748024e-05
0.0024672615169994,7.308107388881031e-08
0.0104451216856903,2.0349743980237935e-05
0.0120882974898068,5.535620431306729e-05
0.0131457669912811,5.074695169112554e-05
0.0113402688377031,2.4138171747168284e-05
0.012633795707314,6.289349958122037e-05
0.0088281319859726,7.849601641767795e-07
0.0112706698696902,3.77506913276768e-05
0.0047565574144977,1.3004334782777317e-06
0.0168586183842854,3.628939405502112e-05
0.0125782772765771,4.0421036033776675e-05
0.0082766304281658,8.191655209847254e-06
0.0177463145985588,0.00011498741529822185
0.0028451977528349,2.6240834057529863e-07
0.0180490962180366,6.30461482912466e-06
0.01641034787036,6.935027809970508e-05
0.0089225874402384,1.7495106584874042e-06
0.0002002270301612,4.889862386168038e-06
0.0153249704275463,3.854183637126151e-05
0.0021277061722921,1.5057048158971219e-06
0.0162543416865748,0.00012380513862017838
0.0170625825541418,0.00011077165155414665
0.0142894720447496,4.845861263803929e-05
0.0174134090252443,5.1199193669987554e-05
0.0143115963744539,9.096529101857779e-05
0.0124177520573039,8.328232248317513e-05
0.0047063562615037,1.3926927879567373e-06
0.0177349135321749,9.525149549113525e-05
0.0094117166879084,4.601147382974227e-06
0.0147067212511153,5.7891455220988155e-05
0.0126833409198737,3.315622846291753e-05
0.0186095714418551,0.00010761719980202232
0.0133755021881951,5.422572289183785e-05
0.0114902459580994,4.562372321402033e-05
0.0100194226537071,2.6349681283320274e-05
0.0079852289948925,2.34107485652625e-06
0.0143514990637194,2.316542964542397e-05
0.0123781735434922,4.709867895153174e-05
0.0115797358225321,4.1604312926254316e-05
0.0099253105048851,2.2180055929225387e-05
0.0141611132904552,8.328973597103575e-05
0.0075814921004101,9.405543465549197e-06
0.0061031069041889,1.0299622950486398e-05
0.0148702267905392,5.198949062627117e-05
0.0167005986278442,3.9962070064183065e-06
0.0075582401719979,1.3176117496936721e-05
0.004019407899505,1.4176369263783331e-05
0.0184682265015663,7.824769624592415e-05
0.0173333430727303,0.00011382937709453008
0.0186269413719411,0.00011146304210589586
0.0066073077778702,1.5598220100471654e-05
0.0122419483999444,3.7609969540392244e-05
0.0042149858735256,7.556393428426115e-07
0.002238320430979,3.057539374368567e-06
0.0155512113647076,3.0184521832280757e-05
0.0054470369150188,2.3193929900034546e-06
0.0132340532429393,5.332868664334997e-05
0.016155196997624,4.605454853067034e-06
0.0016903964274563,4.748025667057428e-06
0.0086976505025388,1.2336115256940134e-05
0.0137910363601476,2.9679649451632743e-05
0.0103217176422631,3.1245871573705346e-06
0.0067878247671215,1.3375485591244615e-07
0.0184378382995528,6.06599913712053e-05
0.0094149500030423,2.7215111476163935e-05
0.0156395667345413,9.91555565405631e-05
0.0061652827428113,2.284352608209782e-06
0.0121260849124412,2.701318725102021e-05
0.0025802591582137,2.3184596017013777e-07
0.0067678418504234,1.595576341870959e-05
0.0194626576134449,0.00012193866550898255
0.0117672442966635,1.3006180345488803e-05
0.008030176865881,2.0682243945954787e-06
0.0039203173206744,3.0513914273677695e-06
0.008878199449023,6.103652768054257e-06
0.0007071145959078,4.00199825684779e-06
0.011555036655954,2.3887514875102545e-05
0.0095421701752966,2.664850754236344e-05
0.0186602817720329,8.235621549890662e-05
0.0106706845641794,5.727599589476075e-06
0.0068690296997553,2.170112506545313e-06
0.0193847464649787,0.00014139717665618892
0.0055920778570511,2.989198140570837e-07
0.0181560533042099,9.185725385474438e-05
0.0176807083075871,2.78057699876757e-05
0.0045975871898996,1.0426383226723448e-06
0.0067759504222554,1.8114261148279144e-06
0.0043023263413321,9.218514577494131e-07
0.0091471746092432,8.062481017115426e-07
0.0030986314316662,1.9498426116372226e-08
0.0180693322354581,7.391672474051675e-05
0.0032662229478243,9.63054723646743e-07
0.0143599451058975,1.0626272072421663e-05
0.0011375393885264,6.209243635574102e-06
0.010863476833379,1.5471546466117486e-05
0.0178907865324289,9.230030166281595e-05
0.0166939610728066,7.518814450701414e-05
0.007390330132047,7.956503445835174e-06
0.0077801236133266,1.4830182029412585e-05
0.0126053576491911,3.736585921008532e-05
0.0151966325285061,6.942048210400645e-06
0.014347667416495,4.722213463243822e-05
9.225424508232828e-05,2.7174515792692775e-05
0.0046755421661631,6.702699917082261e-08
0.0197184770690276,0.00013045679549960988
0.0094190075629348,3.52197715542238e-05
0.0064981791007448,1.8311914644354106e-05
0.0077693882784243,7.360937882103172e-06
0.0103061973663611,2.5739651108071276e-05
0.0127044899575481,6.936669591959468e-05
0.0126125902977363,1.5119357633654013e-05
0.0017173616692122,6.703265222247266e-07
0.0030786253493524,1.5576589114326236e-07
0.0110462077472308,1.7743648371659377e-05
0.0137014493527905,6.830235148570828e-05
0.002158163325866,6.288175660499929e-08
0.0056507681653328,1.391902796631086e-06
0.0116810286527295,4.3097396126009515e-05
0.011978732010803,1.676693351364964e-05
0.0142021098687177,4.4446636536825075e-05
0.0154209812352186,2.904071324648284e-06
0.0110182566942632,1.8495648617945037e-05
0.0164995513659708,5.398324257056601e-05
0.0086391133736942,3.886400406961385e-06
0.007201440525583,5.264519851844158e-06
0.0056277315132521,2.650522007363705e-06
8.095734783680975e-05,5.444188546295544e-06
0.0013870547689192,1.2744507479591051e-05
0.0188420398537265,8.332867909805542e-05
0.0086944680472116,2.5802430874661205e-05
0.0083186886815853,5.679835088860618e-06
0.0029383542530476,1.5913978642759968e-05
0.0028623880620124,1.035227912395296e-06
0.0177923175850843,4.309532992613014e-05
0.0041240021010564,2.393600498535584e-06
0.0061627346686251,8.715041365350026e-06
0.0195569450395712,0.00016170627963014742
0.0156322255777418,5.424207089604036e-05
0.0077689366799303,2.2012878886852122e-05
0.0014340755592292,5.18009524798468e-06
0.002270741689333,1.5679912296342277e-06
0.0092931589700433,1.3059834900814506e-05
0.0127759991569981,2.5989336405337246e-05
0.0179473654800814,5.866132693866619e-05
0.0111315435260543,8.877115487988096e-06
0.0024796441161303,9.004775566621875e-07
0.0195729514961535,1.0373714462079368e-05
0.0033195490267363,1.6772998893235208e-07
0.0128701126028552,3.155045208670721e-05
0.0152240220960329,6.989943552385659e-05
0.013983244461423,4.5971220629687545e-05
0.011583871772045,2.5138151667825812e-05
0.0186890315128739,8.780949966673977e-05
0.0041623271669459,2.1410454811484764e-06
0.0117280235285126,3.3891290138825787e-06
0.0137792155492145,3.145605593294923e-05
0.0059646697622591,5.95665153115619e-06
0.0095560273346726,1.2381170152426959e-05
0.0027660479778394,3.232326742940233e-07
0.0131857036595931,6.893031554834374e-05
0.0196416113790751,0.00011821732466242831
0.0155022484859043,9.01486661147767e-05
0.0115188503345858,1.4276216904242665e-05
0.0073762968061053,6.270068982272421e-06
0.0039669567682086,3.1000306007948028e-06
0.0133705880641318,3.450147600424517e-05
0.0061764784588204,6.812513650398806e-06
0.011904026179891,4.1998912923813606e-05
0.0116852189260586,3.3106386737495345e-05
0.015863071379487,8.46349005853398e-05
0.0123177710146036,2.2682599217569756e-05
0.0120212723219114,3.686287911785184e-05
0.0018441868977867,4.0504026316310905e-06
0.0067298411629713,9.504430361707292e-06
0.0046377563236873,5.000794358312251e-07
0.0113876280417635,5.83767826830349e-05
0.0034875700557496,2.4574149708201556e-06
0.005208381956628,5.718380134808633e-06
0.0130822788515132,4.406543698137998e-06
0.0156112114435126,9.009037780512162e-05
0.0048983087769747,1.0755326660471893e-06
0.0183063571484527,8.669758596515026e-05
0.0085350771861754,6.7318733299682315e-06
0.0121316437394167,2.2906905056436172e-05
0.0054047181195577,1.832014772540563e-06
0.005438677773592,1.9582846346670958e-07
0.0084926806934966,1.3535433578613769e-05
0.0136441404091751,5.29553722511148e-05
0.0118922423119169,2.656203208316075e-05
0.0010692620874356,2.3613041900532108e-07
0.0096577363012624,7.461934813812108e-06
0.006904051038695,9.308332769060205e-06
0.012206401786397,5.234609451691518e-05
0.006869674827876,2.8855589567510466e-07
0.0109119167387863,2.5953091977490864e-05
0.0090513624825181,5.2989029263942574e-06
0.000751514925797,4.601508574126369e-06
0.0138470337427853,2.1293847716640334e-06
0.0160540919804843,6.21499159885274e-06
0.0036930938670345,1.5342050141337622e-06
0.0089666639863905,1.9893623807424933e-05
0.008692834875997,5.1939206299158244e-06
0.0107423002201797,1.5064044291107989e-05
0.0142896884464806,5.585457502992986e-05
0.0131612362293353,3.4003170091334436e-05
0.0178041925481826,3.691074661262562e-05
0.008010220846775,2.160904599369031e-05
0.0146300404783339,5.6116418337856905e-05
0.0098335991395056,1.9676798326267326e-05
0.009183756861516,1.4558689930780374e-05
0.0188946738397069,0.00010242094657915733
6.235723314131248e-05,5.261026831578059e-06
0.0167170111653679,9.495885333763782e-05
0.0187808407104863,5.7513442090128716e-05
0.0090765419107169,2.2709648548940005e-05
0.0010435893815681,7.312881709324202e-06
0.0161165600323202,9.12144389200811e-05
0.0148850825527619,4.086946461765564e-06
0.0066300428740397,8.714721696990944e-06
0.0163749261583288,7.983771807637274e-05
0.0016882182265182,1.4451153574619138e-06
0.0010031791129665,1.0809458963822816e-05
0.0078763670299293,1.4466563888108567e-05
0.0049415094651069,1.1308728307351128e-05
0.0128966928458196,6.124779909680199e-05
0.0089618717527497,2.54842014367632e-05
0.0099715984362,1.8785366168808718e-05
0.0114439236040301,2.9206815490816925e-05
0.0080082402243652,5.399307236669641e-06
0.0101764212897907,2.2215625479117725e-05
0.0001569825212947,1.3688265409025143e-05
0.0174995817597147,8.507295438461451e-05
0.0193771190946135,9.093815869782409e-05
0.018661754203151,7.684756756953624e-06
0.0004479519066764,6.92022202793091e-06
0.0183383918452123,2.8999424509813157e-05
0.0025394133336818,1.051269853735314e-07
0.0080551549511424,1.8125142146617566e-05
0.0171567940711141,5.739445378762116e-05
0.0115792705844881,5.455415256745892e-07
0.0039566459729651,3.436177518590464e-08
0.0192093772443631,9.290736432998442e-05
0.0098561498823579,2.7686858972398583e-05
0.0156475094788469,3.060097967480303e-05
0.0100667906695001,2.8606955646469206e-05
0.01875220816084,0.00013429012830855648
0.0008247808129221,5.118516308954017e-06
0.0104402160390347,5.236661082049003e-05
0.0067165465803498,2.470341748126634e-06
0.0060369297132014,6.000698485879691e-06
0.0076618377601131,5.293423350451316e-06
0.0021209176907951,9.314633753873976e-07
0.0027508410189083,2.2694397562126764e-08
0.0056728919920269,1.7177074163918278e-06
0.0092443633112902,3.69313518458381e-07
0.0110257442664081,1.5638679532092693e-05
0.0079139203463556,2.019218861493109e-06
0.0146468893045755,7.451974820565766e-05
0.0182429161589809,5.688027821582293e-05
0.0143515762473554,3.309121140348332e-05
0.0012626842544049,4.2802022989358365e-06
0.0177801523668086,8.147078882562939e-06
0.019760500252181,2.953300697772389e-06
0.0142732537763071,5.7863770907621605e-05
0.0085791013105418,2.1792811266469287e-05
0.0099523243650512,3.0255915335328174e-05
0.0059974757979599,4.363335151086698e-06
0.0150079709044133,6.748124394137182e-05
0.0169723468621835,7.885668721173372e-05
0.0085863613279378,2.965595454603672e-05
0.0174951841010745,6.446947394322586e-05
0.0094785245140773,7.733428441502615e-06
0.0002307486085571,3.6706660565655287e-06
0.0030105274209624,2.9575538173848485e-06
0.0151057623931115,2.3176601096503713e-06
0.0113347482698727,5.397794372051901e-07
0.0008457983730159,1.2033066256686665e-05
0.0028333320801056,1.8631773397981533e-06
0.0077652291559417,1.2545629650280222e-07
0.0027877907297062,2.2362600051841627e-08
0.0050581979935292,2.756727337325904e-06
0.0040802705647438,4.291576813028381e-08
0.007907855022378,1.9131835413727212e-07
0.0199765400821206,3.4668341712603255e-05
0.0123980291131991,6.747500646196646e-05
0.0147695947033268,5.10606838270923e-05
0.0104704872918813,2.5074169607848956e-05
0.0106025066406458,1.0989720045675605e-05
0.0163372150505847,0.00010625034943507745
0.010475908894508,3.041204436222808e-05
0.0125796301968563,2.1822643744682986e-05
0.0133072363597856,5.134836368421065e-05
0.01639292021764,4.150349451325014e-05
0.0017175881219072,2.6343852216844946e-07
0.0025196410789064,2.6694333871529525e-08
0.0007306821591387,1.9086610735296274e-06
0.0174285447319191,0.0001418977587203449
0.0024053835670684,6.1974982032019e-07
0.0195267266691687,0.00013264029198396812
0.0145615041118119,0.00010997459990092314
0.0084223100787716,1.1988051851886789e-05
0.0167789297249006,6.20073045744622e-05
0.0081184931742468,1.1544397399631487e-05
0.0008056476751858,2.737168547055159e-06
0.0122232433751809,6.066478622224482e-05
0.0056238060869505,3.755704667582141e-08
0.0127067217185693,9.544148165996403e-06
0.0186420007876911,0.00011512836632434046
0.0097405881816073,1.5449051214987052e-05
0.0149228123369697,9.373549559525174e-05
0.0116608670912148,3.7695447476590826e-05
0.0172149345910454,4.478361166331972e-05
0.0099194386842868,2.043311645894876e-05
0.0010193407343228,1.02145014327546e-05
0.0195231996912239,8.251031382583426e-05
0.016270274623738,7.96062436324318e-05
0.0088837327830199,1.4559280526056813e-05
0.0013320870111378,1.6727553664718088e-06
0.0122883096569705,2.459269539969326e-05
0.0130943505213354,2.0287271381998095e-05
0.0043426820423543,3.106032922314751e-07
0.0051196342322056,6.46439474275692e-07
0.0133129318525426,5.69537394715564e-05
0.0114829686447389,3.0790468883311424e-05
0.0134225876571842,4.717201741316114e-06
0.0097241746735021,1.7801000658289237e-05
0.0170967280004194,3.807641479587246e-05
0.005867532271263,5.402386429805214e-06
0.0088498916039008,8.715639580651682e-06
0.0053722331583377,4.614231548214253e-08
0.0073821745428718,4.089860537081807e-07
0.0032584876950196,9.481870270159055e-07
0.0107356909000473,2.120709487751578e-05
0.012167833906915,1.03300172099033e-05
0.0094031865378444,3.1246221861354116e-05
0.0139001639355745,8.047312593531091e-05
0.0187141813431062,5.870519296689968e-05
0.0180639123860237,8.925580795747143e-05
0.0018046117528089,2.3315380678798624e-06
0.0073866833382656,7.120570582778538e-06
0.0001777787130935,7.548653380580806e-06
0.0100180034505849,1.5948357075458866e-05
0.0025204564440041,1.6633739434483246e-06
0.0125949248825806,2.9212122837486037e-05
0.0111824765680284,2.1648511685781928e-05
0.0023765935234316,2.51717713217673e-07
0.0001123515862736,2.763459562472385e-06
0.0054956797938837,1.6511804066137445e-05
0.0083035515185906,9.000539697878031e-06
0.0029574162982119,5.371899515711177e-06
0.0019353928504929,3.247591631078529e-06
0.0090467781029965,3.3714364647377074e-06
0.0068632384417846,3.199712998831132e-08
0.0143230188343939,1.7286306557316946e-05
0.0028843282338319,1.7573982041564967e-07
0.010703201605863,1.689455227647122e-05
0.0056828312581316,3.024642746409631e-06
0.0141107340583516,3.4113280993843154e-05
0.0128774827909535,5.863276840216396e-05
0.0121891876226047,1.569600087109409e-05
0.0142533394962823,3.3966630462207587e-05
0.0178975278306809,0.00010412659775750872
0.0149030065684574,5.3870055780439835e-05
0.0093166840068174,3.123304040976336e-05
0.0004030700566991,1.0102546602654466e-05
0.0173394326932337,7.647907479438324e-07
0.001372204511739,4.080194530796017e-06
0.0058207650589874,1.638956413181675e-06
0.0039072807093875,2.6953083380398857e-06
0.0144653671102988,5.964443495360812e-05
0.0170448675380075,7.443570994606185e-05
0.0070004375102161,4.3400129791642807e-07
0.0008568295274572,5.476336330764983e-06
0.0154758238700201,2.647162842055139e-05
0.0004365219894528,9.882609089177105e-06
0.0171597067136316,6.326795784276294e-05
0.0103478003321489,1.6460706903890962e-05
0.0049469353171901,2.411743993097162e-07
0.0079481150746459,6.6887602873752016e-06
0.0016703511393011,8.945392000744099e-06
0.0053201720386286,9.304259647973013e-08
0.0043058127193209,2.2023525537371453e-06
0.0116358353088552,3.111373213908114e-05
0.0110292552786393,3.291548614881157e-05
0.0012356199763756,1.5774358355358e-05
0.0077693286614235,3.576005474258168e-06
0.0024514795644818,7.553236267071696e-07
0.0019230230006389,5.540768026692952e-06
0.0107344514031327,1.3427211833485373e-06
0.0168765754191028,1.9268846720432138e-07
0.0110137878895552,4.052169622320593e-05
0.0124201165173474,4.8798050173462176e-05
0.002401915874369,8.534869212118121e-07
0.0118809143717587,2.7389233046603924e-05
0.0132511646855702,3.1388780260308355e-05
0.0090930382682574,7.0767655965151535e-06
0.0122621116323468,2.7475785911599647e-05
0.0062179512661877,8.509946813677963e-06
0.0149167948027979,6.48753743984282e-05
0.0057481489701605,1.6567147753530277e-06
0.0107595497768897,3.0403499504820637e-05
0.0070425332317413,1.6025174358232067e-06
0.0177298023451569,9.268914895118699e-05
0.0103072029635349,2.9288112561735677e-05
0.0121237618130197,1.617230028534171e-05
0.0163824502853665,6.893095814256158e-05
0.0168036314913122,8.255844597626313e-05
0.0051916496703616,8.304674327146612e-08
0.0096661894883161,2.48807545461181e-05
0.0153286905061039,6.723240379516236e-05
0.0061366018624109,1.928360443965408e-06
0.0042118316131481,1.1175608836116753e-06
0.0026209515744174,2.279247924419811e-06
0.0142778335637934,6.311454209698436e-05
0.0132427058208438,6.719943379168683e-05
0.002919982079256,8.289367927680322e-07
0.0120365147465873,3.832402606888039e-05
0.0063519641899859,8.624243817103584e-06
0.0191155806702436,1.8784100844061444e-07
0.0079168680548413,5.969646005656186e-07
0.0115477298777926,4.0159358482582804e-05
0.017062656434984,5.1006377897113056e-05
0.0183522454412294,0.00010380959198334243
0.0067144507955757,7.436750923883951e-06
0.0026804998541092,4.434005979999583e-06
0.0179704572785513,6.40472153509425e-05
0.0163341880566329,7.265433795963563e-05
0.0133057808523033,5.560819798754346e-05
0.0162121326051552,9.328393140269264e-05
0.0005017957409292,2.5584845797730957e-05
0.01588107632827,5.9201437695472956e-05
0.0119988588524994,2.5858493399778383e-05
0.005434265718723,1.0137355377551449e-06
0.0004833706500056,5.808366741334516e-06
0.013746095223341,6.958104848558294e-05
0.0170238682488712,8.250404190510628e-05
0.0012358826397693,2.0063418511453467e-06
0.004764111929532,1.000046397083944e-06
0.0040330612139785,1.1215474018189774e-06
0.0137642283013905,6.260977738513558e-05
0.0071625210948562,5.526170617868197e-07
0.0026082090520879,5.89787714498454e-07
0.0072824190752306,1.7011948048433588e-05
0.0121892362407929,4.1151441795964476e-05
0.0037404795526837,1.769313115447716e-08
0.0162686180403796,7.674006761166173e-05
0.0063447597675897,8.185174810657314e-06
0.0099383143433904,1.2964990758129021e-05
0.0135145406432219,2.073373568150292e-05
0.0085194192801362,1.8617483569526227e-05
0.0106077800672212,1.971830532643781e-05
0.0099263934255716,4.2365123004721126e-05
0.0037306358386733,6.028050266125175e-07
0.009090327585508,1.1898921749881913e-05
0.0071740463819226,2.6230026727138314e-07
0.0047339413612409,5.016519473028506e-07
0.0199733216122894,0.00014120701005361803
0.0039107150142214,3.882822400973368e-06
0.0148309846387577,7.472389106891052e-05
0.0149842983792317,1.0235798519824164e-05
0.0036826316146643,1.0695689052323725e-06
0.0059037391279751,8.323185811853832e-06
0.0028735386141557,2.058338735503788e-06
0.0153433946127728,6.59732142291825e-05
0.0177656735828432,8.376444973240325e-05
0.0189745294171489,0.00013177916737108693
0.0131667702468475,5.770981391133289e-05
0.000565371902649,3.384203826872638e-06
0.0086653141602995,2.7416364476779544e-05
0.0032213155920965,4.753072447983604e-07
0.0081617943512167,1.2052354695692746e-05
0.0031583639343789,4.775990304901647e-07
0.0040268515519408,1.4102517027722185e-06
0.0019241366591622,2.1408055901102096e-06
0.0100746059728625,6.796076839030574e-06
0.0020172976405101,7.260494024431565e-07
0.0020982099657618,3.146957733935853e-06
0.0136032366138692,5.255462560508411e-05
0.0193711923658141,1.2077700140466257e-05
0.008785567262775,1.7126372699073807e-05
0.0072495929852765,5.754948799161137e-06
0.0038679726930041,9.672983011741435e-07
0.0107147155751759,7.825555488545223e-06
0.0056224642077994,5.111200672307561e-06
0.0164939827172536,1.933430751706481e-05
0.0152782541777798,4.585110273075751e-05
0.0108561660621573,1.564454921444284e-05
0.0098016986141418,2.2936286230059928e-07
0.0077006072471811,4.4466242809067e-06
0.0059770581221736,6.686486744220351e-07
0.0091044637280274,8.196052159820449e-07
0.0105506198806611,1.4946884534113778e-05
0.0134889099034044,7.638872009278561e-09
0.0104009542554213,4.959018923206331e-05
0.0034015316407042,3.469220113385983e-08
0.0197236701265078,0.00013809631837648144
0.0115453041060757,5.086971097105216e-05
0.0010219820392479,2.1851109701012728e-06
0.0097147312053472,3.3480876549253937e-06
0.0055904925799563,4.436199743776691e-06
0.0031523030553467,2.725481542855449e-06
0.0079516429537737,1.6582300506969494e-07
0.0072090141085776,3.4436302966993294e-07
0.0018741736713747,7.577087759484968e-07
0.0192813099214961,1.2326358085902928e-05
0.0010601350064568,6.063124061761077e-06
0.0154467974525483,3.4478628354859644e-05
0.0129311727112737,7.727961944085185e-05
0.0148135858673327,3.165433036294749e-05
0.0085237953716833,2.1670133977583728e-05
0.0034274719130945,8.763744646280935e-07
0.0045245250207748,2.335490578901973e-06
0.0044659774573964,1.373494745004444e-06
0.0198656634339631,0.00011465347032770391
0.0025427144097832,2.223429206041787e-07
0.0196807220851879,3.942195596809372e-06
0.0139550610980405,4.783969770624953e-05
0.007400746565734,1.4060481615520979e-05
0.0083869696779744,1.0069786725828763e-05
0.0118095851088245,3.0328733633696173e-05
0.0162670242618673,3.715710734008599e-05
0.0082920310626131,3.296604250455328e-06
0.0086252525042139,5.2653531427504535e-06
0.0118670937422239,3.2243434504243902e-06
0.010143418902245,2.2497560987913104e-05
0.0011979282484976,7.977521709492346e-06
0.0015573802742691,5.235669032385126e-06
0.013329544098409,4.814986933367779e-05
0.0102810376402482,5.444220701980739e-06
0.0008200469809166,5.303571304541321e-06
0.0031419228887047,2.502269092211595e-05
0.0151175438734427,4.8958665373364085e-06
0.0037993788115334,3.2370863231752194e-07
0.0096979973277661,2.885813145919299e-05
0.0191673119092166,0.00017041061627420977
0.0142107161789362,6.206627696220743e-05
0.0108336030780861,2.8508209110698127e-05
0.019966314162129,2.0371689516863906e-05
0.0112560698933767,2.958846792228375e-05
0.0050930409183405,4.6668598400848506e-08
0.0060262595182804,3.3535010255217723e-06
0.0180469935092019,9.303369335397672e-05
0.0175288651324109,5.460142057302759e-07
0.0171508058744204,9.400647170613159e-05
0.003929888610978,1.7248464905453148e-06
0.0196080747659035,3.4221239222756353e-05
0.0120958862974661,4.019220908927638e-05
0.0108314994866892,3.481287113664698e-05
0.0140915343544347,1.8470937913807204e-06
0.0122825785468782,1.864215706195411e-05
0.0086612627562447,1.7597092188481473e-05
0.0002544250945665,5.5988285324405565e-06
0.0176764807461365,0.00012449813552212465
0.0068812351282785,1.0945966626666518e-05
0.000977025402468,6.908259127075092e-07
0.0191310321957479,0.0001394125106917572
0.0068425605279181,6.460251875613821e-07
0.0035886296403818,6.155529176202344e-08
0.0048922023935212,2.558400321230971e-06
0.0078042251807583,1.5028640790924038e-05
0.0153212620058854,5.443512634695349e-05
0.0170280034464148,3.212424789531368e-05
0.0171318035767468,0.00012713783662454938
0.0122561063748657,3.2532658729749634e-05
0.0004951019216692,1.0064187038052688e-05
0.0146685125858422,4.5229216269168274e-05
0.0108562997662541,1.0127584592495041e-05
0.0165372167164736,1.736128165503254e-05
0.0037922693231268,8.685169258145861e-09
0.0057784064879037,1.073825174523863e-06
0.0118281276036759,1.0526127334587797e-05
0.0122168798323574,1.7920652036659723e-05
0.0130081383634643,4.120857617060625e-05
0.0177097942003823,9.808506906078947e-05
0.0169154330085915,2.2601591687343726e-05
0.0159142383605641,2.504959146393986e-05
0.0034246951741385,2.91522528315022e-07
0.0094614790315117,1.1332268203416288e-05
0.0192679393926778,0.00010557329290007541
0.0068167331249625,1.644583104521111e-07
0.0024985024963957,1.1218326620474768e-07
0.0088974818406189,1.3738368766992904e-05
0.0154906827458065,5.183070406389302e-05
0.0112751133082515,2.3846930699381422e-05
0.0104736029441814,4.399377032759448e-05
0.0072272828066239,7.6192368946869565e-06
0.0110962640147356,1.238187827880329e-05
0.0079062756998904,1.95153256060793e-05
0.0044380396279566,2.758950686973809e-06
0.0116424374915785,1.5838295489137156e-05
0.0162100913968226,2.346817717437588e-05
0.0152188746283807,3.772193224284195e-05
0.0076338298877981,5.932566288322069e-06
0.0149041267736097,4.973891295123539e-05
0.016562565011542,4.363783668233087e-05
0.0026453027341795,2.5511749652618898e-08
0.0165925772965349,1.8827005351352382e-05
0.0072367284723824,1.0809746181034277e-05
0.0198126251687444,0.0001326163349622659
0.019141934197651,9.904708119904497e-05
0.013905154165635,1.6199011318413507e-05
0.0126617912551811,4.9982459065521596e-05
0.0031914397612348,9.805329197993014e-07
0.0027285368837256,7.687887708152447e-08
0.0164734810504761,6.549741793371788e-05
0.0110596373002098,3.141097953127984e-05
0.0040792928169518,2.6305984522857623e-07
0.0183731596082485,8.878493793845905e-05
0.0173333278926976,9.306258267848651e-05
0.0123001095610109,5.0634755492358076e-05
0.0146147271649899,5.581999684684601e-05
0.0108392150082735,3.310278271175111e-05
0.0061979413947573,8.609729882995985e-06
0.0155286319547348,4.505087494623998e-05
0.0195416149358535,8.585681475637608e-05
0.0005542942096282,7.1824451067857035e-06
4.114699309970771e-05,1.3297352402371222e-05
0.0186324848721753,0.0001458953069288895
0.0060016439955816,3.480084336448217e-06
0.0031511399532771,5.2223308943979365e-08
0.0197648603813391,3.378267575297459e-05
0.0075773734520189,7.75892504777761e-09
0.005033784668255,1.781545707814192e-06
0.002064965903841,1.5190228380324763e-06
0.0091226384177825,2.6939709322401113e-05
0.0077575988454238,1.703495919995983e-05
0.0011590593994584,3.0080274700263505e-06
0.0039628532952163,1.5542751561492849e-06
0.0100365333394127,1.818103263944458e-05
0.0198213930722824,0.00016669570209277085
0.0168568362384417,7.267540332757954e-05
0.0058713284048647,1.6754648272328084e-08
0.005512788835425,4.944651142633636e-06
0.011915891246737,3.835573128642488e-05
0.0054888261289805,1.1795198001720526e-06
0.0076744464432316,2.9234426374121715e-06
0.0021439965902328,3.8080778924629262e-06
0.0143631913690708,8.210960517283893e-05
0.0089790967026068,1.3218473780641077e-05
0.0159060822126996,6.96911484607144e-05
0.0091704246908759,1.1617082008126888e-05
0.0155990879268789,7.995482092157396e-05
0.0105499569931744,4.6945023448203217e-05
0.0090727140008505,2.6420236141285374e-06
0.0175544913040772,0.00011653987746053264
0.0022395386399183,4.324680763144164e-06
0.0157589797779632,9.164501634539416e-05
0.0039188749314012,1.4355598527300805e-06
0.0050030274728791,2.3426953303418102e-06
0.012263807879113,2.6036801532535323e-05
0.0143516865741612,5.450530928726927e-05
0.0095869086122015,2.7276462167637783e-05
0.0117036382993717,5.608136052858872e-05
0.0096801662304996,2.5739430794250918e-05
0.0047906170281435,5.406844688456051e-06
0.0174505242217332,3.588988759960021e-05
0.0190952757083545,9.261034917386605e-05
0.0005847520221582,7.150815968129521e-06
0.0016736341715715,1.3090110991450747e-06
0.0087971246926211,1.0531010208195694e-05
0.0065599927847816,9.874985407794924e-06
0.0166270080663613,8.998832223691115e-05
0.0118235614914006,3.4834678460295966e-05
0.0091226063601639,1.7605234286651086e-05
0.0005600022882982,8.27781973476233e-06
0.0024986865936688,2.0493436031606273e-07
0.0172015632581866,5.8723286268206954e-05
0.0078862678969156,1.1493283297550393e-05
0.0136212152849852,2.5132492035902445e-05
0.0101838728433589,4.475838538985603e-05
0.0172741841675037,8.550310558979275e-05
0.0003038875598878,6.179050193175323e-06
0.0128493554515841,4.172545364993058e-05
0.0074547743030474,7.567024264417374e-07
0.0010854423461113,5.142720056013787e-07
0.0021890160172896,4.556573349766526e-07
0.0085487870564605,1.4895220047588299e-05
0.0162830900079847,6.809224907765852e-05
0.0087382002960953,4.026362381466565e-06
0.017801781266529,9.507318435794058e-05
0.0043007413823003,7.620468705028341e-07
0.0134903472124481,4.605385987915306e-05
0.0111592869904235,1.911304371268321e-05
0.006818166377675,6.607932504454416e-06
0.0107415882876962,1.310277300400946e-05
0.0165486544892512,1.5460834138630148e-05
0.0140837112189428,6.354222608154251e-05
0.0035050867608914,3.917408494396825e-08
0.0122504372164032,7.823828562891552e-06
0.016682112324474,0.00011639534030596796
0.0158484168727507,5.401979800685854e-05
0.0007944519068638,7.033004925052439e-06
0.0190982994234256,0.00011657841440005487
0.0136987059967183,2.391747462022441e-05
0.0165896461698161,8.423949591835936e-05
0.0136824069286434,7.250049773370507e-05
0.0176755839245548,0.00010065611813523358
0.0020104620029741,3.0076385358930645e-07
0.0051175828513264,7.1712395145238645e-06
0.0154766446168872,5.610998289600574e-05
0.0123194367788155,7.568394332386431e-06
0.0131931206595166,3.426962461998697e-05
0.0171678186423165,6.966679488280059e-05
0.0134296514592745,4.225383924879032e-05
0.016171924849373,4.5835660859161425e-05
0.0030898577331394,2.016042611103666e-07
0.00633919411862,8.039906630374171e-06
0.0100366437217114,2.4971751811691852e-05
0.0103480652473568,2.480395440230408e-05
0.0109928441414137,2.9385621313081e-05
0.0133315210180928,8.440825308473293e-06
0.0087995423061273,3.559437432454451e-05
0.0127333566484329,2.019206709977109e-05
0.0095126028662551,1.0081611234091131e-05
0.0018868740296411,2.162610840028303e-06
0.0063785530886028,5.101719673634908e-06
0.0018338545247152,1.4520788638322536e-07
0.0130874262335836,4.765630287645438e-05
0.0043610942939843,4.371440796084186e-08
0.0025883107540796,8.755976967848457e-07
0.0044248324365175,1.825562144986837e-07
0.0011801381021141,1.0439343115824486e-05
0.0155371582649645,2.2750920103457418e-05
0.0193338879153978,9.373262534402173e-05
0.0175043834976814,9.494950775321938e-05
0.0073976654846052,1.1513212601946598e-05
0.0019786021938866,2.1631604449246012e-06
0.0063657919369045,4.1084044991521177e-07
0.0162269732416099,4.324220341901673e-05
0.0162532696709518,8.468985936756385e-05
0.0153489895857464,5.5232960593854733e-05
0.0058368174388792,5.024146976772297e-10
0.0050483819644848,3.108319950688821e-07
0.0005856057853325,1.2917719404143433e-05
0.0151016563732227,6.558266119243981e-05
0.0053111651524927,2.755802153017361e-07
0.0102180524816118,1.940453842508972e-05
0.0123955078330711,3.2567479595795676e-05
0.0061754660878741,2.8116096130643698e-06
0.002870866086158,5.028444830070102e-06
0.0157216263015811,3.251483070225616e-05
0.0076990009209609,1.7430260878085465e-05
0.0045988986909343,9.75567515110543e-07
0.0195196371652187,0.0001223628527254176
0.0142844287016947,2.4422447491301068e-05
0.0130014900790676,3.980936286117168e-05
0.0024685548229257,5.031300391889665e-08
0.0093793144735827,2.4246619702891207e-05
0.0136122038782595,1.8942483513883655e-05
0.0021265505283911,1.973594015187143e-08
0.0119113592902669,3.08650129101462e-05
0.0015584723972173,1.4850710086983226e-06
0.0120518973417636,1.3244576441667647e-05
0.0081454772447292,3.5217802675936015e-06
0.0050555861516007,2.4325992265106835e-06
0.0018965028809032,1.7764369810692043e-06
0.0168171954058189,7.541315115454079e-05
0.0117559883278,4.0880557866227e-05
0.0181850202779906,7.550639482844181e-05
0.0112319219910514,1.893352078034312e-05
0.0158816833179161,1.2166125365954798e-05
0.0084763078418399,7.714313935363505e-06
0.0197963772685938,0.0001409317200383221
0.0133870641465304,2.343694637220117e-06
5.617934031794336e-05,8.540412431104312e-06
0.019622770868431,5.54640986329777e-05
0.0091648960184854,1.0290770418409644e-05
0.0133927238556199,5.083788325091641e-05
0.0044534742337005,1.1875761607742648e-06
0.0070481837745688,7.484330645958154e-06
0.0033338844280981,2.2396006507663054e-06
0.0137925038340162,6.789207621223935e-05
0.0197478007576124,5.164546081879825e-05
0.0069597803695014,1.069770319923209e-05
0.0121876617469602,3.5520766108493646e-05
0.009834677953307,6.0892084857299e-07
0.0136017878618938,3.6111286508244776e-05
0.0099405219617506,1.2927512791455167e-05
0.0159052492552897,8.058361945288091e-05
0.0039719574113313,2.5121637540402064e-06
0.0056004480524347,5.430254617898403e-06
0.0151392923818187,7.509747001414446e-05
0.0067160316743648,2.4334092562632383e-06
0.0101523244147282,2.5835274022250626e-08
0.0167346088117244,9.219829481816868e-05
0.0094705579285024,4.569374059617131e-06
0.0070693834655173,3.368879966302608e-07
0.0083242444485661,1.2538988482348489e-05
0.0076424086788728,2.5615884603890675e-06
0.0031630987366667,2.4798184751748465e-08
0.0190963733586488,0.0001400887472254442
0.0137163000517265,5.4061738859010686e-05
0.0096096317688504,6.459431480018832e-06
0.0149499367124312,2.931577357425798e-05
0.0199361882442654,0.00012291753227742234
0.0028563294002965,5.34314211816375e-07
0.0142470804746784,4.118907608417203e-05
0.0024533443307143,1.4091045093373134e-06
0.0031678381619164,3.768892512479053e-08
0.0040392552230889,5.204197104608566e-06
0.0123342224445089,3.1349567872645365e-05
0.0058127079460652,5.253466427460815e-08
0.0044498107778579,4.811195403370087e-07
0.0102905650672,4.573055641240152e-06
0.0055065864922511,3.663368809251775e-06
0.0091408459806753,1.5310063072710958e-05
0.00508274165676,3.806281978487003e-07
0.001745955468454,3.896193353714149e-06
0.0005451012004013,1.3053757779542447e-05
0.0007904584663631,3.50794409316243e-06
0.0040139798441362,1.087312028965138e-06
0.0107182554990602,2.271654195245955e-05
0.0114425229870113,1.4808462009964275e-05
0.0147553993091025,9.311977268055103e-05
0.0191310891490075,9.628966912699897e-05
0.0076568030877952,1.6558504100455128e-05
0.0093535228662441,7.37730057033233e-06
0.0187452170350054,0.00018258831400804826
0.0129030337169108,4.43020803309743e-05
0.0145064414014119,7.147960329076329e-05
0.001395740762526,1.0349543328277747e-05
0.0130490017950554,4.599155671557043e-05
0.010523759681858,1.686670501852594e-05
0.0147203687316272,5.418196967469913e-05
0.0055664669354408,1.7167352452223538e-07
0.0180760600063197,0.00012196228240600845
0.0139959477480278,3.4029967091126746e-05
0.0146525100535893,6.8042913675944e-05
0.0049967236243108,4.955477523201471e-06
0.0052783788318357,5.79443317628221e-07
0.0164625193285436,8.273797673152657e-05
0.0149357410690902,3.067449497465827e-05
0.0144805791340818,4.733854193513638e-05
0.0025270498358637,4.672166360162131e-07
0.0137726083538658,4.0546017550008235e-05
0.003012489264875,8.839632891782826e-07
0.0060368037840199,1.3654714427828925e-06
0.00089852489769,1.2696272393177309e-06
0.0109997793990315,2.5848668355971174e-05
0.0172766859413478,7.917249015649756e-05
0.0003593980977697,1.082074132501315e-05
0.0090673256636668,9.2735362598765e-06
0.0077012920533612,8.164641559139271e-06
0.0078470689717461,6.183548852883342e-06
0.0029527519575121,6.055399347592528e-11
0.0041740836585892,4.6275595733360355e-08
0.0035065580231265,1.0948302948545818e-06
0.0129740692642394,2.6962809449059325e-05
0.0006111913565725,5.078511278910749e-06
0.0132631600493142,6.316283052023664e-05
0.0048071737760943,6.418391622298312e-06
0.0178964087690545,9.92421777676662e-05
0.0179111449309027,5.158506573497448e-05
0.0074010766123376,2.7233260130915375e-07
0.0166308972390809,7.047932948862496e-05
0.011947761355656,4.7022164284254404e-05
0.0168369490171551,9.465733072294702e-05
0.0044834742727429,1.3289188924766377e-06
0.0134967917194766,2.3162659338835733e-05
0.0033022911017623,2.118231391503296e-06
0.0136132170794012,2.9872704197606024e-05
0.0174939144840932,6.679652418450616e-05
0.0123363550732164,6.053061005850145e-05
0.0060434250775756,1.6619133943135713e-07
0.0006599235777474,1.0697280923422997e-05
0.0024704644742611,3.6841747003978763e-06
0.007960172079474,7.064938848287898e-06
0.0110040639153775,9.230405998846692e-06
0.0108069666725388,3.369706071873658e-05
0.010332734965135,2.4087575567088522e-05
0.0044658396967576,8.386322846277487e-07
0.0101580104740707,2.1267489341171928e-05
0.0088029582736008,2.488032456061772e-06
0.0015782842708713,8.544619468704677e-06
0.0177119963010584,2.5062606281594046e-05
0.0124502491571774,1.9861245594633086e-05
0.0130639371061638,4.102279675907419e-07
0.004470136895159,1.4750854642066613e-06
0.0140148667745152,0.00010267156368264916
0.009603126953266,2.6667398788795494e-05
0.0068503449905736,2.517078354562266e-06
0.0072159737561915,1.2529297338935454e-05
0.0159869330815179,0.0001291298724338865
0.011747432115871,2.458755675169319e-05
0.0141045991296051,3.987139005137974e-05
0.0150858301008022,5.2409898998025754e-05
0.013395153270958,5.574104958652864e-05
0.0181569166984867,9.011421908576774e-06
0.0135809759631945,5.6750849111307644e-05
0.0123561343558935,5.415955742477903e-05
0.0101945447567555,2.6314191359848153e-05
0.0175245428578428,6.608378024667845e-05
0.0043863252447478,5.610868100319155e-07
0.0187687383526574,8.647750028621054e-05
0.0115954731890052,3.6257258106611376e-05
0.0026091398555166,1.0166500271403494e-06
0.0005721854987303,1.5860849138691985e-05
0.0175204903677135,5.691608085681421e-05
0.0164626488931258,9.426207290372153e-05
0.0077818834397404,1.9441330185777942e-05
0.0115369647607362,1.5885810412079893e-05
0.0118977574758369,1.7190433555137622e-05
0.0016647394519003,5.454260500790539e-06
0.0192583222145691,8.861181438677897e-05
0.0112267896530113,1.6552995292963843e-05
0.00520709472151,1.0012608125552729e-05
0.0190567283523587,0.00011857451013180967
0.0115037706109362,1.377622330239348e-09
0.0164443406856777,6.739935927062662e-05
0.0139443991667387,8.418813374003718e-05
0.0030435868594022,1.5767351794172523e-07
0.0104061337325075,2.8017121220265196e-05
0.0163031189176314,5.860392976939562e-05
0.0113407374703313,2.838297637966429e-05
0.0130164162245464,3.998457323099068e-06
0.0026301660926481,2.510739836199394e-06
0.0183056200056527,4.20281245567423e-05
0.0026112202378022,2.5696507273782246e-06
0.0054256594476178,1.4973849392796352e-06
0.0013847160112824,4.270746931170689e-07
0.0042799900511256,3.517082864542568e-07
0.0185768249303998,7.616327426579274e-06
0.0042172593409256,3.7387944476258636e-07
0.0148244040284703,4.71481237571093e-05
0.0160307372966013,7.278031435435057e-06
0.0071546221869382,5.714112879451008e-06
0.0031338817794099,8.351739033517434e-07
0.0093428235214116,1.2220651505028805e-05
0.0042969867977069,4.5596919743522916e-07
0.0150854805986174,0.00010916983869233533
0.008527771584097,3.885477552441762e-06
0.0014604278177813,3.0943585255381024e-06
0.0060440521579702,5.6465533476441725e-06
0.0107374998595268,4.206914695721417e-05
0.0020601956067068,1.8518994156034213e-06
0.0149411157454228,0.00011039017052071877
0.0106031808941632,2.631531609118221e-05
0.0047249455836369,4.25198148993393e-07
0.0109106389811176,3.029689597635121e-06
0.0028473412381683,1.3036130487007423e-06
0.013269612174531,6.93877779945808e-05
0.0079163401858537,2.352376286773367e-06
0.019787704522867,4.305144862848634e-05
0.003195933789007,5.908837739042468e-07
0.0166410434402097,6.789489424734215e-05
0.0033070780029402,6.812473720460646e-06
0.0160438901569417,6.136703887793035e-05
0.0083959078832351,1.9397364873384125e-05
0.0078051000544193,1.3711163341073971e-05
0.0058367690072916,4.797651873311852e-06
0.0071271320959777,6.561633576844621e-06
0.0002196003896757,8.499988679724008e-06
0.0005888587404193,8.749397204047526e-06
0.0103823957070844,2.086655892641232e-05
0.0037507939654601,5.771911411847321e-08
0.0188092987155075,0.00014411461622079058
0.0006128677968924,1.6169881597172594e-05
0.0018454951742635,3.94001286648753e-06
0.015360010902302,5.5236892739357995e-05
0.0131692147408606,2.3968952794289672e-05
0.0055104519652726,1.6231089726873851e-07
0.0001349726706531,3.310304722127467e-06
0.0194705779315631,0.00011281005169469003
0.0181539617939959,5.733217930843667e-05
0.0179813093641641,8.453194080067561e-05
0.0080419021134675,1.441407563049845e-05
0.0110912934122947,1.8277307750761396e-05
0.0145888051776632,5.4172649718452605e-05
0.0175666536018761,0.00012088247473731799
0.0041388761509598,3.958511270481739e-06
0.0030000486267041,2.97170712404749e-07
0.0033936356708032,5.91795221538424e-07
0.0028056530747049,2.6967787855394446e-07
0.0138985057058559,2.0192839432997094e-05
0.0076536703383861,4.297487885821265e-06
0.0141758297227821,1.6932808478943938e-05
0.0149163359211443,1.831698683041958e-05
0.0109147381895549,2.152615023163932e-05
0.0023997265789909,2.055694786439415e-06
0.0113859586507482,9.104424161074207e-06
0.0175707160022487,3.499551274553726e-09
0.0142617903675423,2.482421267601354e-05
0.0087698111592726,1.4484453173426165e-05
0.0131647511808962,2.6771034926544836e-05
0.0098978650324096,1.4278604822564801e-05
0.0013846910367709,6.683608850955223e-07
0.0007939387740999,6.775666040771069e-06
0.0149039633704327,7.385660515084218e-05
0.0094601328015154,9.38684271628177e-09
0.0015136795280167,1.4941529877091701e-06
0.0194033699644569,0.00012698054289529546
0.0168658876352894,0.00013995627469104685
0.0115624656353272,5.7878711427022596e-05
0.0053365969468993,5.301563791650217e-07
0.0148860620894199,5.898791835212846e-05
0.0083970823433394,4.38544694605594e-06
0.0107874540642885,1.0109015777778023e-05
0.0116236098496391,3.595371992701589e-05
0.0056795020028961,3.078477346697866e-08
0.0070294029064642,9.872773173786948e-06
0.0063709961955174,1.7346364186286e-06
0.001231378792812,5.593189429353685e-06
0.0015973639803517,5.875890252900475e-06
0.0102611234419776,1.9193797259303566e-05
0.0130057722552523,5.192000078320454e-05
0.0074598353799989,6.117105063497107e-06
0.0164423696388948,7.776507484222316e-05
0.0019979717361375,5.339710887071144e-06
0.0045608406116273,5.701009287639782e-07
0.0080342898066528,8.873206973393068e-06
0.0022077297234694,1.5613840292574157e-05
0.0134411826012962,1.624223897221939e-05
0.013956348688269,3.571991356041352e-05
0.0111229585608664,3.789458904871876e-05
0.014710015598297,2.8534039752090683e-06
0.0190028956828431,3.405536959221466e-05
0.005548346137358,1.4168792927554926e-06
0.0100545348842532,4.7617005255133387e-05
0.0124039806430907,5.633849348004119e-05
0.0120806515221106,3.2048548393753316e-05
0.0111280116313247,1.0916234575637208e-05
0.0163132289576667,8.523782369027865e-05
0.0169877979573369,9.370854500944987e-05
0.0153402587800384,4.521369671023473e-05
0.0076045168245331,7.490462392568286e-06
0.0045270854850071,3.8466519143586096e-07
0.0124334800245791,1.7973621294881016e-05
0.0003804661854036,6.4099227904409926e-06
0.0172579929223963,6.929868002462064e-05
0.0041161943377124,3.4363869346444563e-07
0.0066661931456471,1.0979133221453054e-05
0.0031803812090661,1.0324570302834052e-07
0.0190956908276479,0.00010630283479645465
0.0182416847971519,0.00011270835842507761
0.0156530901876874,7.140340810938864e-05
0.0168834260146164,2.329982883919848e-05
0.002491688743284,4.405804891591036e-06
0.0158426148027666,5.062861949771157e-05
0.0183930369652706,7.460956053635961e-05
0.0178476947502069,0.00010262158207198545
0.0019711567475288,3.2833368225915987e-06
0.0164423118358021,6.603480318122123e-06
0.0033020619524919,4.002744483285988e-08
0.0084082594171564,1.7425976399287313e-05
0.0108353278180241,3.0501127569542445e-05
0.0009324322360424,3.4025434618930853e-06
0.0011459825834602,4.613696482893206e-06
0.00449718175124,1.2179959848865499e-06
0.0056982114521588,7.51271210230142e-09
0.0125578827027675,3.543449784064369e-05
0.0014582832884711,4.6191065450276236e-07
0.0003321987951235,6.3724197358678135e-06
0.0023831460642467,4.722701018956631e-07
0.0129602004260309,2.7052740786787175e-05
0.019864030494827,0.00010368340511471325
0.0182902380201429,6.0969945199747706e-05
0.0106248864478821,1.396141922802865e-05
0.0046554169042766,8.171083272985092e-07
0.0052303696448735,2.2691750748772737e-07
0.0055772884523202,1.3125065713084379e-06
0.0189657882715889,7.207534021148315e-05
0.0028194475619591,3.2142299845277163e-06
0.014522188224143,3.086291973544213e-05
0.0022862084089666,2.1399289655800026e-07
0.0170878623331844,2.60342024203025e-05
0.0091480840303781,1.1437398530515503e-05
0.0003584690414768,3.924264119369036e-06
0.0119603630492024,6.214748515822058e-05
0.0045399651574059,5.483997656305397e-07
0.005467204554394,6.642661458030756e-07
0.0091317569129479,1.2897307332364012e-05
0.0096786851313656,4.019110708092391e-06
0.0040035678958197,2.574354346777997e-06
0.0141395881374304,7.515540062843098e-05
0.0116835205552602,1.2502562177461855e-05
0.0194704508310136,0.00014385798974137458
0.0120955284398376,3.1367479910747176e-05
0.0067239642710586,7.596032381789811e-06
0.0037545297698909,2.8692267189704654e-08
0.0188559794359108,3.694914489788329e-06
0.013245955560575,2.0282419718437028e-05
0.0068220272806287,2.054379642458773e-05
0.0086475310984383,3.0012528350479954e-05
0.006395920345111,1.8299424525667725e-06
0.0124121950521459,2.949504386908166e-05
0.0050238652076971,2.461011318830251e-09
0.012023641746733,3.308732055772101e-05
0.005997327796924,2.3117396879875217e-06
0.0131340516652687,2.404212535716504e-05
0.0144516455922687,4.0641529475773114e-05
0.0053057845579941,2.122457177448253e-07
0.0030925809913243,7.865822297587253e-07
0.0159504436887354,3.448819935556368e-05
0.0016580229225812,3.527740364938966e-06
0.0117835391607096,1.5135158822709062e-05
0.016897378552273,0.00010054019294622006
0.0079225833156363,6.795204121353082e-06
0.0168974516023739,2.569812424783169e-05
0.012999806978332,6.212474802488036e-05
0.0100712376905325,3.5901314194646504e-05
0.0043904574772053,8.533274702851792e-09
0.013763222471174,4.9180976231082646e-05
0.0078502283610272,1.0807098689631473e-07
0.0042264858865199,1.0990526821079995e-12
0.0023246968445689,3.510443576072845e-06
0.0018193449251971,2.1044730630595042e-06
0.0088278853791514,6.185747288720343e-06
0.0091412251136898,1.614263696394796e-05
0.0089568968080166,1.6014490337364278e-05
0.0077334049175424,4.300511272815254e-06
0.0073782427080391,4.506555199440403e-06
0.0033890616019474,8.448701357979504e-07
0.0170452924645162,9.252194167593674e-05
0.0125559382395969,2.5195276861391762e-05
0.0053219574438374,1.7765089907131182e-06
0.00041529577426,8.11796506786284e-06
0.0093734190186384,1.0786160107895949e-05
0.0092392731221364,1.703400445887057e-05
0.0109626336100631,2.347453552895271e-05
0.0039612431449931,2.8960695494666853e-08
0.0077300181103059,1.371811910784016e-05
0.0074323243106174,1.4384422082515164e-05
0.0055697069935154,1.9614456975048143e-06
0.003570240281859,5.226057493676233e-07
0.0026617340096944,1.636431634506441e-08
0.0134786422501361,4.087697995135279e-05
0.0085369578010661,1.650187821156704e-05
0.0013177755566385,1.8477382888344868e-06
0.0041278991527238,4.649378548317526e-06
0.0058455968420834,6.699859052426495e-06
0.013922506264395,1.3451076328165844e-05
0.0104874930957674,2.680658506030102e-05
0.0072756178873349,5.39968273143215e-06
0.0009586209508832,4.0185713793229665e-06
0.0127564832510544,5.209000713162382e-05
0.0057300386621795,1.2507421266195378e-06
0.0135216173378048,2.766196739722413e-05
0.0178343626181547,6.545798085400531e-05
0.0070955665920655,6.106310785780503e-06
0.013798205064532,5.562011578026578e-05
0.0005986251203126,3.977043422141241e-06
0.0175018799363467,6.646745147654175e-05
0.0009731060706932,8.310807720087677e-06
0.0004290366167126,5.774688022211379e-06
0.0161175551262238,4.87859367954035e-05
0.0133377820468951,2.7495231519507352e-05
0.0134794772787876,4.935018935005582e-05
0.0069298130355103,1.0147426616708419e-05
0.0043319675679729,7.23028438517516e-07
0.0010979586363763,1.2671962176273705e-05
0.0114675957922817,5.013888420930974e-05
0.006459065913509,1.8738457396015263e-07
0.0061899758401404,1.4111684449874134e-06
0.0002203691349014,9.036600232339685e-06
0.0029097926115791,2.295542787180508e-06
0.0106218727644111,1.9085113538740954e-05
0.0093594102011157,2.9721397227479475e-05
0.0102833249801542,2.393064909098991e-05
0.0133756463604308,6.36621731691086e-05
0.0088616351380529,1.4600601605072868e-05
0.0139526573296517,3.243316335835204e-05
0.0011970467144077,1.0996126469244248e-06
0.0168804006182223,2.1615326163747143e-05
0.0051916693091745,4.834975685487998e-07
0.0081264243162021,2.0319538614241704e-06
0.0188799563728912,8.708897199700009e-05
0.0142334585963632,4.3999083126690796e-05
0.0169268866845744,7.808586465370883e-05
0.009054854389451,1.2551374654078705e-05
0.0136830082399621,3.318954569365437e-05
0.0047662712469231,1.2782252168543107e-06
0.0026060272047166,1.6879467477642034e-07
0.0059849161791257,2.637329393465022e-06
0.0032075264397952,1.602239759183298e-06
0.0140950708556622,4.2770620122001254e-05
0.0192541452937092,0.00011151484755911167
0.0029016854838374,4.638065159781467e-07
0.0089846256043306,4.692265793846143e-06
0.0065988616194641,2.5689419147359347e-06
0.0087280077425983,1.7838584436330586e-05
0.0016685355474468,3.1278992076678617e-06
0.0168340655615766,9.962948228234194e-05
0.009564217501472,2.5377324924811094e-05
0.0088537888439619,2.0338338080718878e-05
0.0182246803865691,7.051928249860408e-05
0.0181543380008515,3.942468415087914e-05
0.0044981215477514,3.011987079855282e-06
0.0017785495184258,9.164428974716218e-06
0.0061981828080982,3.4832451515546587e-06
0.0127195292093856,5.581438965589661e-06
0.013501342900442,3.2173104591899356e-05
0.0186232375992824,9.061637323855188e-05
0.0034836169421213,1.9687213816911366e-07
0.0091909083857891,3.3400460391311384e-05
0.0052273275137876,3.22150713815998e-06
0.00578952287505,4.942278800529281e-06
0.0166821161603074,7.038717631275757e-05
0.0069987021906304,3.829453529101079e-06
0.0098820980847787,1.906808596763275e-05
0.0093026034886303,8.91208543382831e-06
0.0162059083049558,2.9411333676018746e-06
0.0099183202176786,1.6446183413453745e-05
0.0011151796144732,2.6271722972436086e-06
0.0101714520637856,3.469943062921217e-05
0.0005358941727413,2.587684343908926e-06
0.0131099341064435,1.0218587645942266e-05
0.0014256979207455,5.206592837156561e-06
0.0148785505989738,4.412745838755152e-05
0.0145463845008881,5.3346914644913926e-05
0.0031090939612864,5.52590398942017e-07
0.0088400828993384,1.9462170054019454e-06
0.005713648613054,2.946985113012048e-06
0.0136143651447467,3.951524386742268e-05
0.01377821719501,3.844920755516251e-05
0.0087764572439746,2.0268486325395397e-05
0.0083819006026113,2.4101494293322386e-06
0.01364387907929,3.6002885276879464e-05
0.0138194746643871,4.4048977155961576e-05
0.0014727961359436,3.1130822724204968e-06
0.0126818091955837,3.244726482988571e-05
0.0137010491787624,7.236324710638273e-05
0.0065639584871211,2.6238976240585324e-06
0.0004854016177486,5.299405755080347e-06
0.0132852183793088,1.6568253921966574e-05
0.0032547371516625,1.0730274346762959e-07
0.0089053891350867,2.2512701418515992e-06
0.0197694182550579,8.682395941769086e-05
0.0023229923404656,6.746462345136561e-06
0.013313002752104,4.173669208697822e-05
0.0156162370591357,4.149098941301433e-05
0.0150235578160043,1.5196195548214506e-05
0.0023859023320306,7.383664727386533e-06
0.0141509172263185,5.370744757445437e-05
0.0054492485204419,3.7673532525180834e-06
0.0194415997198522,0.00017071356771407333
0.0045646419973904,1.7873509090982738e-08
0.0195454363849585,0.00012603693553662606
0.0157571708611574,4.0132955727157816e-05
0.0111273393570837,2.6443412848838707e-05
0.0021640554594755,3.6861930614528776e-08
0.0194736586487968,0.00015408130881945124
0.0003080592195129,1.7814153734875225e-05
0.0145873384720054,5.3710583737344146e-05
0.0045646252606918,1.8413552221401393e-06
0.0188885084640597,4.1936926545078216e-07
0.0174522384148907,9.898586073806378e-05
0.0091169792541406,1.6985622297457624e-05
0.0169675463731862,7.586237875479992e-05
0.0088864462234311,1.5233533590072824e-05
0.0007090502280566,4.598240255727552e-06
0.0007001769410572,2.154278913709465e-06
0.0121129535338679,3.458122799439613e-05
0.0089629809550733,1.5593674623356654e-05
0.0175561606609866,5.860607332436837e-05
0.0063274786295968,6.9613266468577785e-06
0.0055427739715337,3.7625633334798184e-06
0.0117783229651704,1.7201986227720695e-05
0.0016950753240371,6.802594552709409e-06
0.0037775486501365,3.247732849754105e-07
0.0178042092454747,3.370217526045048e-05
0.0076652163120216,6.352425319259581e-06
0.0041677907889203,8.365336400191403e-07
0.0105584080568022,2.3693929807287603e-05
0.0184719400812938,8.578648757070593e-05
0.0053109450195845,3.360733320402964e-06
0.0022465371467732,1.894536413827233e-08
0.0082201879331494,8.69319541364175e-06
0.0188044921115681,2.453850505501225e-05
0.0038931890829588,1.2559041581824923e-07
0.0008128911873745,1.2132847892831696e-06
0.0048005337307544,1.2403944313603852e-08
0.0089497123951068,1.460880356056455e-05
6.804626851033336e-05,1.6946719776546667e-05
0.0064753843229565,1.9381446186861073e-06
0.0125855692651404,1.0345444015177788e-05
0.0163630093158985,8.265752050252481e-06
0.0156099069978739,4.9534467252154866e-05
0.0178891965642635,0.00014007253911370318
0.0119981743278175,3.205117710435382e-05
0.0049479776417833,1.1827713177067498e-06
0.001229499127595,9.355063136188783e-06
0.0094067485406487,2.3507153933887237e-05
0.0057915639666386,1.685616618420478e-06
0.0106118335711518,2.3154594494307093e-05
0.0091617145572408,6.3302169644480644e-06
0.0138372240007864,4.061723005106342e-05
0.0011328414202512,7.1328809910297555e-06
0.0160040591239896,9.029001855762658e-05
0.0109010493791849,8.902783384075227e-06
0.0067071372149488,2.525323507548048e-06
0.0007673851689973,7.651239343229694e-06
0.0036833385129992,1.0996990508299138e-06
0.0103204097324968,3.2331147362778616e-05
0.0177307421320942,5.245684479418793e-05
0.0109527588741034,1.0598890152946761e-07
0.0011759059091853,4.7385005772187745e-06
0.0062057500310884,7.572375594370652e-06
0.0050234552495124,1.81880892264111e-07
0.012505969614431,3.2461363857446065e-05
0.0121639024121831,4.683812068297401e-05
0.000882402489842,8.847892105998412e-07
0.0061342614525656,4.0877328590450406e-07
0.0129955758299419,7.53485319619594e-05
0.0037589143010966,1.2943166776754617e-08
0.0106312222260958,4.709697634160364e-05
0.0175111412633387,5.362409726636846e-05
0.0106352126703373,5.248628208258107e-05
0.0083891962457462,1.2018183865742002e-05
0.0176647808575184,2.6138550858521266e-05
0.0174332111707621,0.00010485325477888945
0.0018379188123126,9.571297956007517e-07
0.0092928187348697,2.0348976230537153e-05
0.0096857761842888,2.8209210600724428e-05
0.0125191744012884,4.001544666997855e-05
0.006705193451638,7.229733739573604e-06
0.0073057148897645,3.225548476781576e-06
0.007819256702603,4.162809120521661e-07
0.0198792901030202,3.898819039621204e-05
0.0117317470200764,3.999250069293105e-05
0.0004417569758404,3.260370693188445e-06
0.0184872044060779,0.00014747011677167628
0.0063732597132428,5.3919672693120876e-06
0.0052009715860907,1.8998626487759945e-06
0.0167218840865815,9.750308661598777e-05
0.0084345784656473,2.0998508249046353e-05
0.0073716160585842,7.043652583832733e-06
0.0199828087760099,6.466639128116702e-05
0.0016131560833345,6.731464959539547e-06
0.0182061493678955,9.94945687654969e-06
0.0179272640478684,1.8342716587619163e-05
0.0061342984959769,1.594588997127125e-06
0.018923341331491,5.8642769472534096e-05
0.0140548198419156,8.553878564386978e-05
0.0090045358106206,7.603711876375884e-06
0.0031962300955716,3.0014636667131686e-07
0.0146014245102336,5.788628227538639e-05
0.016535366636162,8.629088351414768e-05
0.0054142382670287,6.73000048821086e-07
0.0136920030337245,7.416284213497804e-05
0.0024919663006767,1.973548198573216e-06
0.0079888154893851,1.0647908946609633e-05
0.0123520773765458,2.8389818513376325e-05
0.0010907915737479,1.6997793930759428e-06
0.0040371007275944,2.328425521951317e-06
0.0160723098905869,6.520109941942778e-05
0.005984485716124,1.6728870132014927e-06
0.0141021223870939,9.651844653302712e-06
0.0163783302813767,5.9648931333595844e-05
0.0063568191590255,3.353239106815242e-06
0.0084826876327041,1.4411702095517151e-05
0.0045098799818209,5.778763236040244e-10
0.0064708155470444,6.436646773299633e-06
0.0046521039180835,2.297401017271552e-06
0.0008249834816147,3.422264330030064e-06
0.0114827675035057,2.6801409045253252e-05
0.0100537994251545,2.0276732208903047e-05
0.0062708720473686,8.36290844290249e-06
0.0006751890051629,7.962805675641653e-06
0.0088436033122574,1.2371361263345623e-06
0.012859177496811,5.613263808969894e-05
0.0083410662819963,3.7734373403245005e-06
0.0069127302660685,9.625849203623127e-06
0.0182647294673182,1.6114754999402243e-05
0.0059448962355778,7.471767428594285e-06
0.0076345866351513,1.4833113147964293e-05
0.0137040980434143,3.784760279055097e-05
0.0026173019580665,5.502326950045436e-06
0.0022861586381338,2.8467275876048383e-06
0.0144245868954792,5.688002777003302e-05
0.0140141907983237,5.215687824402283e-05
0.0137496577981182,3.5653482872045164e-05
0.002185478923238,1.2295627423282553e-07
0.0128369059052988,3.5848577295757555e-06
0.017384143650082,5.677248427214886e-05
0.0040725347333206,3.1940787162403504e-07
0.014894394570064,2.2180515490555404e-05
2.962202122693825e-05,7.728954466828003e-06
0.0176120184875451,0.0001559536670182625
0.0026121663165486,1.57530271461728e-07
0.0019432452326107,8.592535582707861e-06
0.0131883175680487,3.159071371196179e-05
0.007115999270607,2.9090315894181846e-06
0.0140653348402665,3.405821118684553e-05
0.0123902843695387,5.227010768811416e-05
0.0009785283898397,6.651638410401055e-06
0.0168513984091325,2.1984510075674737e-05
0.0119284854025816,7.010468250956298e-05
0.0006220377509556,9.408216475324254e-06
0.0183936600576516,8.193021879999993e-06
0.0121268644871587,2.5184017234046087e-05
0.0020474163183158,3.3813695445228696e-06
0.0005760580963418,5.753964158906182e-06
0.0072614807438643,1.0676861590021973e-05
0.0046422939953784,4.991957551422067e-06
0.0026853852601304,1.9252551426571452e-07
0.019177134908077,6.155913821260104e-05
0.011367018379445,1.5027171867047028e-05
0.0188130897428219,4.303133866936788e-05
0.0185826368343287,0.00010956266478055372
0.0075895845580468,2.0043464260362057e-06
0.0068481890771071,1.1995670796674246e-05
0.0042052897408818,6.022371734382843e-07
0.0031070047314859,9.205879547764626e-08
0.0136203876846104,4.072060594312974e-05
0.0080554806649892,4.139814645722574e-06
0.0161259445519659,7.412409776340234e-05
0.0059840727948269,2.388900261361862e-08
0.0025599348670706,1.9403102026545966e-06
0.0199135566680941,0.00010664511784110362
0.0192851923129452,0.00012917556130680446
0.0117772065152151,4.778935622899568e-05
0.0149331645195833,3.8613571629245875e-05
0.001966446597847,1.8409685026121862e-06
0.0049743148975217,4.839572559409826e-06
0.0197931291149667,0.00010686480070822188
0.0083517926664315,9.648647602225622e-06
0.0099983741661512,6.7819791803601126e-06
0.0010844142977426,1.3325193844859694e-06
0.0166649067765798,4.459283928075486e-06
0.0039812766068482,4.964930590375329e-07
0.0196912615222138,0.00010846646279532302
0.013344685423842,3.771985207398298e-05
0.0027379572215646,2.8018239155498155e-06
0.0136904885721568,6.814568484999135e-05
0.0104985149961193,1.280269311295879e-05
0.0062906557944084,6.48898367865072e-06
0.0035312666274246,6.283875924605398e-07
0.0167578499479328,5.542233243888934e-05
0.0008783040536349,1.1973050064069232e-05
0.0013716050875112,9.873143958417661e-06
0.0090187829629439,1.5683288029540416e-05
0.0116310475348321,4.166556389499353e-07
0.0038172365603576,5.084686530346767e-07
0.0128716408492918,3.6312074289871036e-05
0.0069063957479951,1.406921769409041e-05
0.0029243655751222,6.462629678632743e-09
0.0188137556596586,8.078934739785833e-05
0.0065947920810812,7.2659456752048e-07
0.0031624130112804,4.6673768097051506e-07
0.0007408775970337,1.6144471417737582e-06
0.0162106761998834,6.314543578802202e-05
0.0178856062964916,7.90064475659632e-05
0.0008737057505938,1.926114016221819e-05
0.0151785386422987,6.599734360818146e-05
0.0026288501698373,6.191268686177993e-07
0.007480686744993,8.080048754110689e-07
0.0198624567238355,1.376391145165843e-07
0.0076370918043204,4.264630868054992e-06
0.0019504072190396,2.330499531536129e-06
0.0083740161039643,3.024405382892883e-06
0.0063939876671412,3.2158550083179863e-07
0.0058558605314304,2.011553330752152e-06
0.0102995728583361,4.7666683231733566e-05
0.0006504173474735,5.418860846705999e-06
0.0031226228708092,2.9412947554352416e-07
0.005802034129224,2.898884433356482e-06
0.0089194807826354,3.904425908789999e-06
0.017314941972791,6.493304141631119e-05
0.0070352962203977,2.657823151640894e-06
0.0199456953278483,0.00012371474733575253
0.0029601764954823,3.4657137576079705e-06
0.0061274426384296,8.087714117303049e-08
0.0068972842275719,1.128074732381311e-06
0.0055157486808481,2.512717343288768e-06
0.0028534319830507,2.6758095966654715e-09
0.0056069134493128,3.544121802000188e-06
0.0103366455438572,9.358414901797768e-06
0.0199347782858807,0.00010898005734359088
0.0001276349111131,9.014123934913315e-06
0.0162400449513198,6.439768556703133e-05
0.0169788421207769,7.985592378566316e-05
0.0034078839312182,2.2050914270557163e-07
0.0079365254211208,7.863260597309893e-06
0.0097068813472524,2.2726213242048062e-05
0.007473937314644,1.137970730875772e-09
0.0005273470956814,1.7016753278484793e-05
0.0004313113044207,4.2696112096503935e-06
0.0145659788994684,9.200387652225709e-05
0.0161057386357183,3.7799187573795866e-05
0.0021442122837578,1.614423128902927e-06
0.0066475179552309,8.542183865956965e-06
0.0066286492438753,1.0849045492111765e-05
0.004073674679612,1.301538379501854e-07
0.0007518814778309,8.29997567984787e-06
0.0081808499320291,1.3447483048597396e-06
0.0036487247814992,8.207119782175895e-07
0.00540283106034,2.7621813434308506e-07
0.0177860704121466,9.264513626972736e-05
0.0030786628886665,3.23275292702034e-07
0.0064912773570429,8.646169599619895e-07
0.0164466596317321,8.519286176732438e-05
0.0023253668311628,9.031562607932286e-06
0.0134193681850978,3.066295239838192e-05
0.0185325572969597,0.00010927468320790663
0.0114714021258508,1.2012678785534024e-05
0.0009543229661038,2.092952937727664e-06
0.0165734982566021,8.817269503192501e-05
0.0130438705143328,4.679296737703857e-05
0.0163682093445026,2.0916243965311614e-05
0.0007596181314311,2.5329963979674777e-06
0.0020879028720939,1.1233557367599388e-06
0.0067906681786371,1.0685944407262886e-06
0.0106249231851126,2.0246967479305913e-05
0.0121574242449104,3.846093519147986e-05
0.0124804738487843,2.1800414836550427e-05
0.0070106365638161,1.2910315364515969e-05
0.0136648084983419,7.390390842075569e-05
0.0001073965496936,1.81279519423719e-05
0.0090410994884101,1.7055991674657747e-05
0.0169020840780877,2.9281194590982013e-05
0.0151407360556394,6.815733095337289e-05
0.004421710685556,9.61483339339418e-07
0.0194929893084756,0.00013956522646516435
0.0178415511308165,0.00010698659733128053
0.0017159339132303,6.923247760884382e-06
0.0085281963100183,1.902622928906787e-05
0.0120618805683398,5.53193615892742e-05
0.0151045971736043,5.192871963113824e-05
0.0025924447390362,2.6154281649137573e-08
0.0005484215097334,7.851671364385707e-06
0.0145269219222339,3.749946026798642e-05
0.0028783852376565,6.720340263331036e-09
0.0043756519493783,4.564385870803447e-06
0.0076529519940271,9.33991937676679e-06
0.0067173809466555,1.1552306177752176e-05
0.0156464483633931,7.958157725459143e-05
0.016448192091812,1.8253968445580555e-05
0.0121171602192077,6.009751955531301e-05
0.0078823224597452,4.827236680207408e-06
0.0060403482212563,3.2596071300008863e-06
0.011290290439374,2.109261932887757e-05
0.0077492510018539,2.6320508206199155e-06
0.0147401660264007,7.079533406489028e-05
0.0149005077827853,3.60330597911528e-05
0.0078563010957384,2.17913889833403e-05
0.0119875927872394,3.122831423737245e-05
0.0010486342690006,1.1282547777602942e-05
0.0137279481371373,3.5192668929412605e-05
0.0071052490583687,6.093190589187026e-06
0.0110154226605209,2.5510418966192832e-05
0.0056782087207223,2.063013355780978e-06
0.0051997479307831,8.310209086584101e-06
0.0055705653211366,6.649419559999948e-06
0.0012396019263155,7.275835478404339e-06
0.0043592927094199,3.09656854390391e-08
0.0175062409011246,7.285359485181971e-05
0.012672304152971,3.880209614644813e-05
0.0172719142875853,0.00010453886662389974
0.008544062811889,1.6512767846675427e-05
0.0159691222524423,5.7369593822455956e-05
0.0147425302804685,3.667044210201922e-05
0.0196352451379762,8.213254649558241e-05
0.0063148922436115,4.033690524270382e-06
0.0085889460193396,3.068502825030306e-05
0.0117577745978971,2.3143690687713198e-05
0.0184248934066478,5.877425064154614e-05
0.0086770254934336,2.934059946222182e-05
0.0016808661553175,1.6574113116474771e-06
0.0173236351436563,6.586000737407694e-05
0.0061529220159042,2.47169369037296e-06
0.0054351130106819,1.4137354654169734e-09
0.0087971497355735,9.710303864213067e-06
0.0186901124051021,7.37066037574661e-05
0.0073388819471858,9.474524234488835e-09
0.0161348022926838,5.683404158099442e-05
0.0191455030852799,0.00012652603892072484
0.0044116191960042,3.5866572549882008e-06
0.0098185701405285,1.524253098823284e-05
0.0098852876778806,1.600200073723874e-05
0.0090635368003131,2.295471134275628e-05
0.0190793426972932,0.00011519961268559103
0.0167133374044001,2.2465455890304822e-05
0.0122130355436259,4.815124026166967e-05
0.013852167304985,3.868997268873419e-05
0.0067400449249211,1.4203910970095657e-05
0.0036243330892826,2.7000914124717456e-08
0.0167322828943128,6.136661679911547e-05
0.0123959986970616,2.9468791825162536e-05
0.0171495415451112,5.265366291919518e-05
0.0165548416417553,6.17914757402735e-05
0.0139820433865623,2.235340651414743e-05
0.0156340985350887,7.692455870790428e-05
0.0167462609096265,0.0001376663576674929
0.0166969859336663,6.437454376904356e-05
0.0180493212325759,2.4391874062511907e-05
0.0026528984448064,1.394865372154396e-07
0.0147466137543492,2.9581304406223752e-05
0.0106501229477301,1.5033056387386092e-05
0.0150414643043381,7.780900076682887e-05
0.0126797950680302,1.7045390173829955e-05
0.001123194750372,3.34416207161741e-06
0.0071551294958203,1.1844158204470072e-05
0.0120064388577898,4.504909291464123e-05
0.0122316772782127,4.0791073741517046e-05
0.0167171132726861,5.946535953779288e-05
0.0185769473661328,5.782296207544517e-05
0.0097134035763631,4.83091864772195e-05
0.0099600800520709,4.750621012998747e-06
0.0177188896434045,8.57146868051915e-05
0.0047709210185351,1.5562585995868618e-06
0.0127967964253562,1.5442449052770238e-05
0.0154890086506927,0.00010442853585954677
0.0125968073150409,3.695067790062299e-05
0.0195028797068855,2.1186819724170028e-06
0.0006172094363524,5.823577590783446e-06
0.0156764017891632,5.917918827797607e-05
0.0083984454835955,3.2360730590241854e-06
0.0064511712237053,5.29500229971231e-08
0.01427366506007,7.757542825206128e-05
0.0130119793275502,4.906156306330449e-05
0.0164836077817454,3.3749131966874215e-05
0.0160540661318525,5.621360064436681e-06
0.0042803588022314,2.9592693385388643e-06
0.0178054268378888,6.631569649941728e-05
0.0050622165279136,6.160447488695483e-08
0.0159581351651294,6.571680787302116e-05
0.0044644017777305,2.2230446701879146e-07
0.0052685403025825,6.931626522874091e-06
0.0021445010404399,1.3480865113734214e-06
0.0003242491591407,1.7063580625153056e-06
0.0076692737014446,1.409566012419408e-05
0.0131516654033457,6.63048850750848e-05
0.0112469813780237,2.5877674560794355e-05
0.0148411820472692,4.346211115076859e-05
0.0148060125479526,8.262258449194006e-05
0.0037623246995508,7.002598863801499e-08
0.0188386400792892,4.451504643722993e-06
0.0014790393851163,1.0532608086105136e-05
0.0132793273294952,4.327192716007974e-05
0.0069982980431137,4.18335553486792e-06
0.0083202221191937,1.9401491718694282e-05
0.0089327395262258,4.257877656870921e-06
0.0198531347993728,0.00013213840593624644
0.014790966050837,7.695467642196778e-05
0.0113276362090771,1.8998446546694837e-05
0.0093311775048206,3.081995693193281e-05
0.0104570369035282,3.312621239717977e-05
0.0035378652901652,3.547538841360904e-08
0.0115268060148049,4.049070822312621e-05
0.0190265543494304,0.0001051786020913637
0.0060644171282754,3.4478263234189803e-07
0.0190330043666886,0.00013577725579102458
0.0103049789209882,5.131767675678513e-06
0.0104921242874653,7.764712409213355e-06
0.0059512905839444,8.732005828284052e-06
0.0067847339524915,6.311674804944079e-06
0.0024353703701668,4.330122373906609e-07
0.009683348798062,3.201489643904345e-05
0.018819243451999,0.00012856846984627746
0.016801427530149,7.370327852598438e-05
0.014344719865109,0.00011451057210459163
0.0111597370163365,1.9990034075663908e-05
0.0153539356425557,7.256255163169508e-05
0.014648921415788,5.966981215938133e-05
0.0122740771335517,5.3316370540148046e-05
0.0130438184027309,3.614472090992873e-05
0.0170888844807683,8.0547484230722e-05
0.0174558035302489,0.00010190396899082577
0.0096369026515555,2.4143063216134536e-05
0.0107861196747674,3.59420023854519e-05
0.0152911813250436,7.158680876979567e-05
0.0168191833546646,2.779123172979923e-05
0.0092676822577961,6.197994115493783e-06
0.004488973671589,2.5152414614647614e-08
0.0038019702568501,3.041907878378279e-08
0.0113054788972162,4.774447728274812e-05
0.0174863768519542,4.7864757798227084e-05
0.0029309461953956,1.142666374212745e-06
0.0048106040386858,8.176583116093869e-07
0.0043346463391331,1.8397784052853854e-06
0.0165549983879662,4.770691128559327e-05
0.003369034652122,1.1466095377539958e-07
0.0109107254061793,1.7476482943022206e-05
0.0183207717411317,5.482859983562269e-05
0.0019919692774965,2.0675293750842332e-06
0.0042070994091377,2.322802541537507e-06
0.0117320311245567,5.1492365184016796e-05
0.007636972584066,3.452653938763717e-06
0.0051812394407855,2.3025667609203474e-06
0.0018277410607184,1.159227185573434e-05
0.0094012833711934,1.5878321047882313e-05
0.0078281623346079,1.0163063026665712e-06
0.0197262267692704,8.219087563879767e-05
0.0090438796710612,2.758700364317278e-06
0.0077897176388792,1.3652502531186942e-05
0.0010391598243921,8.360387978255212e-06
0.0092218674319694,1.7840655911978772e-05
0.0167880986353984,8.146055499910047e-05
0.0083148830790974,5.262692289751045e-06
0.0016952069209986,1.3722854337991228e-06
0.0045862401930198,9.597942889674272e-08
0.0136942179009178,3.660950933979731e-05
0.0124519091852115,3.564334634594475e-05
0.0082112804159271,7.885429613006755e-09
0.0199927306004183,6.414576305507308e-05
0.0185604398996087,7.960793446336595e-05
0.0103220940699128,1.918922945645253e-05
0.012994853495141,5.3479604428343667e-05
0.0120554891203597,1.5743851219374865e-05
0.0158470899855236,1.4914442496002249e-05
0.0194556069898916,0.00011469655945476205
0.0054383998256957,4.656768016151821e-06
0.0116451261287842,2.029001200346541e-05
0.0104005198212183,2.257119763455518e-05
0.008344827938054,2.7389742977456437e-06
0.0186205695366815,1.756093174200087e-05
0.0003640135682864,1.1004674025506466e-06
0.0086474426582755,1.1836368062336382e-05
0.0132671100216678,6.644873532706887e-05
0.0162591936861236,0.0001043975098610917
0.011511986125479,2.4372774425309585e-05
0.0049427792908534,3.272698520905155e-08
0.0126970463714286,4.798369176112971e-05
0.0086410318078275,3.955260668357677e-06
0.010873462106272,4.556245880106988e-05
0.0006631496536564,3.60078589563038e-06
0.0195859081670894,0.00019584042082329502
0.0176613138644309,1.4001835347211197e-05
0.0165461019485245,6.49460898829762e-05
0.0077003552073023,1.2040016578706188e-05
0.0037989907627818,3.1219326445314397e-07
0.0175035540546339,6.820013344380931e-05
0.0031471179565679,6.106819720183055e-07
0.0083078945010093,1.7396702195896777e-05
0.016920821589624,9.793153021301783e-05
0.0072892007664821,2.6445787586829303e-06
0.0185748161072635,4.5141181005971994e-07
0.001588308118305,3.1204151887072406e-06
0.005186286197867,6.993580866002835e-08
0.0092292822568337,2.9340787977096137e-05
0.0037954362583425,3.2307649352265177e-07
0.0109322813576476,3.651678963016889e-05
0.0173984762432681,0.00015281925556266354
0.0103343669700681,3.077338478043354e-05
0.0131769081463326,4.0795391226376814e-05
0.0180818526392376,3.405544092419753e-05
0.0074243280358837,6.5575605294825945e-06
0.0146563952092333,4.492912377032328e-05
0.0076472540891373,9.688170070699102e-06
0.0081677782444977,1.461849326082208e-06
0.0199258537963332,0.00020985177910219446
0.0147820264469775,4.43495525607075e-05
0.0036521765715823,1.9762175499694714e-08
0.0035307807536568,1.291026113180228e-06
0.0050458689157456,4.278189580524569e-06
0.0193685559630867,0.000120135813405834
0.0014023064593396,4.4939892846595974e-06
0.0070000220741786,3.2634992171058667e-07
0.0022219262151654,7.88970722975248e-06
0.0151489969637512,6.091794788071162e-05
0.0026638023341467,1.661212040534593e-06
0.0118869347837677,4.016916210884836e-05
0.0033393700381782,1.4123162262539188e-07
0.0139098254217192,2.955606786795154e-05
0.0029103223221992,1.5026529354876338e-06
0.0075863028354907,1.7146887944395794e-05
0.0013240086923798,1.3900876105961535e-05
0.0097075490764355,2.0094903866222175e-05
0.0154475916651593,6.491923163161388e-05
0.00259262357234,4.193982081397358e-08
0.0163385687834562,3.285000025543112e-05
0.002105670586631,1.9150048659452096e-06
0.0117727906512514,4.580639812939043e-05
0.0063019656414768,2.8217360709092393e-06
0.0159977500095709,6.548766035396433e-05
0.0118506530600689,9.684418076245097e-06
0.017999072109895,3.874044138360827e-05
0.0099531143122709,1.0409464623524106e-05
0.0122042190145734,7.634242439851417e-05
0.01812005497981,7.394906278064889e-05
0.0196152998503022,0.00011413999925738163
0.0175721217395211,9.807645107899061e-05
0.0037344444884046,3.794074329653343e-09
0.0163596083337504,6.667798847673448e-05
0.0083124577123843,1.751576826388849e-05
0.002818815826588,1.6977294979971187e-12
0.0019058449534166,1.029228158250829e-05
0.0170951097558342,7.646465066631567e-05
0.0057439287087538,1.4623028790108383e-06
0.0120737368432675,3.429088826071391e-05
0.0144956552802075,4.041259242399128e-05
0.009446606307599,3.3685461855244947e-05
0.0079900878490178,2.5438372412821057e-08
0.0028325106828988,1.0019716286626581e-06
0.000692797043714,5.942176485972662e-06
0.0046518344051653,2.3494214265954747e-06
0.0033062300941512,9.199217639556238e-11
0.0162581209308078,6.171443358266787e-05
0.0026977773523296,3.200776072124476e-09
0.0190407538058624,0.00011879878985756047
0.0143167168435359,5.889775053627702e-05
0.0174505341423743,6.751161700987453e-05
0.0064412935992845,9.800085986517637e-07
0.0195550991612985,0.0001244006330506201
0.0005372057484984,6.403976001188249e-06
0.0189467290806221,3.436137201587189e-05
0.0180299025190099,0.00015308333543727958
0.0008925571898254,5.414694038339565e-06
0.0075207594969561,2.90164198812702e-06
0.0186354799645277,0.00012119875785451985
0.0021012552246737,8.182144352516696e-07
0.0052467404319171,9.56070776809994e-07
0.0167506108696235,9.335994846336058e-05
0.0082073932378261,5.411161614142298e-06
0.0027260498899892,1.4885327125990462e-07
0.006905165695274,2.0347505408263518e-07
0.0005740703652747,1.2668274165247594e-05
0.0008547913998548,5.0869999884881825e-06
0.0058915731579598,4.5985164325425835e-06
0.0006408896840471,5.500620991947964e-06
0.0188899027051087,5.907492422292066e-05
0.0086468354526706,1.3837425000770369e-05
0.0015173275191946,1.570775722952925e-06
0.0094533034251567,1.8563076861306407e-05
0.0015598512931571,2.0514909312962147e-05
0.0084538979543711,4.890369698598084e-07
0.0083712203391093,2.4763844001522842e-05
0.0144222130988113,3.946575029514715e-05
0.0106720881994578,3.6417246236844486e-05
0.0157590113632828,7.445073544930894e-05
0.0160550264765384,2.3959121134388943e-05
0.015342277536441,2.3896504947699986e-05
0.0033903060934636,1.5166532484414922e-09
0.0063078726516776,5.935000580884676e-06
0.0053507459954056,1.1261888103264045e-06
0.0093881128434374,1.132300983161767e-05
0.0138334180487262,3.382258532977823e-05
0.0007974924505398,2.9781111610181545e-06
0.0028741444657196,2.692308057702895e-06
0.0055916191336986,1.6978317145535905e-07
0.015868155851187,8.927695024782683e-05
0.0092834797312639,8.466331768161946e-07
0.0069015888953461,1.2077256565626027e-05
0.0177814007212084,1.324950104096051e-05
0.018713900795257,0.00011487482735165054
0.0195267049643296,0.00011819270293286453
0.0095414784523852,6.892119730741084e-06
0.0050081329038109,2.4340686102650895e-06
0.0128320247541238,8.716194366451915e-05
0.0111290943761437,9.060964578645156e-06
0.006477254720048,7.1348673109272735e-06
0.0135810684438394,3.5253072623657436e-05
0.0181031953864046,2.3599858014395785e-05
0.0052948115144461,2.9451254056880153e-06
0.0110606244887681,2.7295336545061322e-05
0.0181975866205364,3.6390500172876755e-08
0.0111810452437101,4.378636233383752e-05
0.0064359414033894,1.7231978617244383e-07
0.0047766033910928,2.4352685111768604e-07
0.0144108321808359,3.296967284939908e-05
0.0014415979176596,5.524998517419461e-06
0.0024799037761652,7.0157726581539994e-06
0.0192810106933477,5.708783535314582e-05
0.0063553089502138,6.2923206823657464e-06
0.0172040386639368,0.00012217640549771344
0.0089208946961731,7.518766566789087e-06
0.0106332401462367,8.108889152374478e-06
0.0195511155709632,8.271127656567054e-05
0.0110400243830924,2.557560874643394e-05
0.018969834555204,0.00011683444839743371
0.0194426203780403,0.00012898262882578258
0.0190435024093664,4.781098216764377e-05
0.01905221548069,2.0100345340825612e-05
0.0059789185075595,2.7887756319796102e-06
0.0007236098854801,1.680345832928486e-05
0.006236313256108,4.594475551243623e-06
0.0027184338022316,4.444031782157698e-06
0.0086793009373021,1.3115393140327783e-05
0.0082971680873439,1.3718925380012668e-09
0.0105613057956593,2.059490508531556e-05
0.0178328730495912,9.079326471830764e-05
0.0102802761658806,1.2000540037849241e-05
0.0153414644078972,3.4710496743108145e-05
0.0158541758223856,6.989769000247506e-05
0.0067822480244139,9.91016846569745e-06
0.0011357477806371,1.6339203717849486e-06
0.0085509426405024,2.8519155074185866e-05
0.0047231176029009,1.3130625926900341e-06
0.0166572912270743,5.129230062961007e-05
0.0184381989589248,0.00010939651856836676
0.0005258276967085,2.7866047240383802e-06
0.0173840115481967,8.52875046229168e-05
0.0185346313755102,8.40234326709529e-05
0.0124421628794314,3.565130879822438e-05
0.0077805086946662,5.6907034552445265e-06
0.0024770437410373,1.5629118308577198e-05
0.0199149236896972,8.77930533434285e-05
0.0153273320307856,5.3647092336442545e-05
0.0111955686569245,3.2820122073572816e-05
0.0128344254384659,2.0833281450821198e-05
0.0024839080640284,5.209679157682454e-07
0.0055359642861512,2.814731177013115e-08
0.018761870774317,7.737510898779521e-05
0.006508325084122,1.3808552595055552e-06
0.0102948095812082,1.9929858012741987e-05
0.0197972091134477,0.0001293145552733909
0.0139398738361004,4.471249375676563e-05
0.0009430178767783,1.1208671454379753e-05
0.0027543839656709,3.431095170229565e-08
0.0168871888213224,7.600330811861734e-05
0.0182973835466497,0.00011751321441230636
0.0156024240879998,6.71110960263476e-05
0.0124255372336933,1.6442291738995984e-05
0.0194811939351336,1.942909080668375e-05
0.014401578007548,4.978784345654081e-05
0.0152419758048011,3.4575933093383606e-05
0.0192833669448464,0.00011795771288754576
0.0181949118862214,8.056747695691361e-05
0.0067212787610818,2.5664285117431315e-06
0.0139965848944592,3.8850623427071776e-05
0.0049694780601485,5.9301289325701796e-08
0.0073448054213547,1.2697619805822196e-05
0.0198254378122555,5.1964544085741826e-05
0.0020139143253764,1.0722183963873531e-06
0.0089539803079755,1.4709284132950404e-05
0.0058976070908833,6.99411098365329e-07
0.0069823643962329,1.214246347554217e-06
0.018309466634358,8.979749851448096e-05
0.0021358208399866,1.6312553697719189e-06
0.0195090297211017,5.7936098553256446e-05
0.0020265894037768,1.8324384854044199e-06
0.0174642355027935,8.919612492918128e-05
0.0183494817279494,0.00010394596443418663
0.0134602760571544,9.324998127380229e-06
0.017891334234827,2.5610586516834907e-05
0.0006661315022151,3.8771291381236695e-06
0.0094464896092863,1.65158894266522e-05
0.002422189329605,3.087617918578979e-07
0.005007081794858,1.933465342117612e-06
0.0168975289792318,0.00010185078741273665
0.0175600646782062,9.725308338144754e-05
0.016995527597645,2.730691995682587e-05
0.0131106831819587,4.850964316936978e-05
0.0007582464304662,3.2744074222069763e-06
0.0096534212430297,1.4880912114722283e-06
0.0143086586082183,4.369595667738951e-05
0.0113361636575508,1.385199782090855e-05
0.0085920485544297,1.4482683519742516e-05
0.0160151339376224,4.1357335226938775e-05
0.0121923928885639,1.3494312260086321e-07
0.0111492533339113,1.4449211286168954e-05
0.0092766765315746,8.006795407441485e-06
0.0026936745359778,3.897031302863385e-06
0.0146356464121868,3.840543608173234e-05
0.0066955313345844,1.785205708945229e-06
0.0025634842626556,1.5145232303206043e-05
0.0147004080883103,5.5055172167430466e-05
0.0089500292518783,1.8751982149120123e-05
0.001394278686816,4.129330670318982e-06
0.0127205120157748,4.789471218277162e-05
0.0103609059663829,8.613155262033997e-06
0.0146479279126807,3.483601806240565e-05
0.0057314629259171,3.126573699594602e-07
0.0132221376672083,2.9675465575250027e-05
0.0051828144865063,9.575658187892686e-09
0.0100989470055663,5.806439119050073e-06
0.0142566268015662,2.070948543199395e-05
0.009262521922415,2.2752612873229517e-05
0.0120152935462862,2.3192183784702742e-05
0.0091757710679328,2.1114127550680434e-05
0.0012652772362353,5.4956429516244666e-06
0.0003621354852663,8.113649283403521e-06
0.0188880347654559,0.00012549372385375549
0.0114730457056032,5.149882148466875e-05
0.0122847940882145,2.800180405274865e-05
0.0063673544188676,2.0406323539247774e-07
0.0111750738381098,4.457422683200829e-05
0.0014016766355162,3.8146042165994917e-06
0.0113690042283073,4.162596163078208e-05
0.0164468415384147,0.00010191662959927914
0.0077067923755085,1.5506279826836148e-05
0.0135155443280043,1.708779631303683e-05
0.0054161741655543,1.7512960200382072e-07
0.0185863916496793,9.937759689914371e-05
0.0127588479696394,8.877874927244945e-06
0.0162974311759011,6.759026095716661e-05
0.0192990484087162,4.783553886725313e-05
0.0189915859586181,5.2879703070947815e-05
0.0102857100131106,1.0822347002557841e-05
0.0001742966578211,1.5381955828777164e-05
0.0105619919044666,6.593042976998104e-06
0.0054195632379214,2.617248795991642e-06
0.001655323226866,1.9372769942480553e-09
0.0086022718466221,1.5202344007920428e-05
0.0044488780635603,5.232613678942215e-07
0.0098693359128732,7.200567755457516e-06
0.006939997507346,2.225846628624286e-06
0.0146882695313324,9.057137237089913e-05
0.0111979886024775,1.920405873203952e-05
0.0029948222606565,5.212157332157977e-09
0.0115870684206141,3.530045869942504e-05
0.0187506968575175,4.4283057891686395e-05
0.0169621605840494,0.0001381119847576596
0.0089576479658649,2.441358710922018e-06
0.0117375099351382,1.1888007294212203e-05
0.0080671725708704,9.070190136891979e-06
0.0010916846747144,3.0098854931372163e-06
0.0132547930214218,2.1609260233258857e-05
0.0192144684981342,0.00010971976871058952
0.0131251246745191,6.774370159513621e-05
0.0053524461910463,4.401865786593721e-06
0.0160317003102026,3.348815309754244e-05
0.0039943285709255,6.677611605332422e-07
0.0102426024896797,3.5887198076870556e-05
0.0054665915147049,3.5875515004595454e-06
0.0059080454526821,2.7150859250597935e-06
0.0140675873699225,5.1773854893087494e-05
0.0188766073491253,0.00012565107020314
0.0034029595381082,4.211472979838797e-07
0.0168897296546468,0.00010902329577064482
0.001732348428543,4.637405226791265e-07
0.0014050060413806,4.269718363705198e-07
0.010229815784739,1.2013649224447335e-05
0.0077860895245326,4.875229126277462e-06
0.0175087540676115,7.084936319771578e-05
0.0123312937698769,2.9327100759924305e-05
0.0064845916266723,5.9936513538109755e-06
0.0122402386214593,3.0241375848380526e-05
0.0174517074513339,4.4034511500500964e-05
0.012780888329233,4.439966557419242e-05
0.0185799663532135,1.670213882489847e-05
0.0178679913634509,0.00010077715418549941
0.0060576260976219,5.1406721273331575e-06
0.0166530499679151,2.554101509762256e-05
0.0188511632940011,5.921430242807569e-05
0.0114442228136643,3.074129058732557e-05
0.0197936015153741,0.00012161195602361957
0.006122185287857,3.0076593339457667e-07
0.0089881386410238,1.929206338486363e-05
0.0064947180955463,5.027467146384976e-10
0.0065166141771028,2.7496921026178064e-06
0.0114147897745012,3.993383480449991e-05
0.0141924542003847,3.767820348904952e-05
0.0191185900551176,7.089866784837011e-05
0.0109405291304751,2.089388201196375e-05
0.0061236275717733,2.6153049963759603e-06
0.0151806829178612,5.1368859499975126e-05
0.0158832276822688,5.673892908377739e-05
0.0184174583702917,3.8682540183420394e-05
0.0051156112187376,7.334516239547123e-07
0.0153391047501815,5.329576538510354e-05
0.0179347431410116,1.2877878757505376e-06
0.0166009400834415,5.293616686109563e-05
0.0108489218843198,3.212725351039139e-05
0.0097875096636536,1.4718689165803418e-05
0.0133249346984377,8.68036535718331e-05
0.0110074951823429,9.329239473579494e-06
0.0145509335131176,1.8165265100151757e-05
0.0159728552164437,4.146875816047729e-05
0.0069092858269334,5.3563033287866565e-06
0.0045243586897311,3.204485489653984e-08
0.002159065782466,1.376040669541273e-06
0.0066849435851384,9.026450599969964e-06
0.0108979025561109,7.191661340537829e-06
0.008639847184168,2.429185828057953e-05
0.0140114874573651,5.6900980050036765e-05
0.0023619670862964,4.201905925354443e-06
0.0014287856576223,1.3133431128132076e-06
0.0038017709110436,7.156179552787906e-08
0.0137221278940063,6.479711642382243e-05
0.0081455598727007,4.300329779628201e-06
1.102928893073285e-05,6.590334758068416e-06
0.0186879423876068,8.923650663256069e-05
0.0017842116879396,3.465788648758783e-06
0.0028827114254342,1.8533707992488714e-06
0.0056143160978116,2.7281396307133716e-07
0.0091721997768076,1.3127430724689004e-05
0.0149035718303532,3.5967457155867296e-05
0.0173034789496243,1.4384152484945597e-05
0.0052271942940371,2.2248254263597878e-07
0.0036623400242395,5.444108545673497e-07
0.0037005784948553,5.402487619930262e-07
0.009045752023787,1.4213950543346189e-05
0.0093586913062059,1.579207469045833e-05
0.0059050906075757,1.4879949324034837e-06
0.0026651351677374,1.480205866832845e-06
0.0140176158507311,4.994925440190123e-05
0.0179621801032905,5.186074754499422e-05
0.0104325417422649,3.9047873775998286e-05
0.0066572322176088,1.5296728826083626e-05
0.0190397111959098,0.00015663340262023009
0.0122424233486493,1.488277725850887e-05
0.0101355130863799,3.919977720119789e-06
0.0080261478552188,1.4885753466201768e-05
0.0060773952839624,3.801982219250415e-06
0.0130527470634509,3.2229355822295815e-05
0.0176949464655439,9.756077886719838e-05
0.0040717105069043,1.3831084452119927e-07
0.0112522129278415,2.477155408461136e-05
0.0080740801955248,5.59936607326071e-06
0.006303317359882,4.693108149894764e-06
0.0179177595554719,8.577408712911218e-05
0.0112618355952149,2.5276368439863603e-05
0.0187707225040447,1.6088567276448417e-06
0.0166199711499726,7.8989927123237e-05
0.0087585163472223,5.170721949450345e-06
0.0051458944990098,2.041043187180918e-06
0.0078856944524043,2.0766613618231097e-07
0.0162775146822386,6.17865627042155e-05
0.0004275675023717,3.232341315648673e-06
0.0054018048784828,1.2527055243017015e-06
0.0186744579815365,7.679322084789028e-05
0.0184503112262934,5.7883705103112556e-05
0.0070867341415195,4.675222701513747e-06
0.0067507497903755,8.391130965479101e-06
0.0177734787332447,7.099761513053917e-05
0.0088862972828704,8.309559255271482e-06
0.0159171287189405,9.238759726809892e-05
0.0099085393543289,1.6862862811240313e-05
0.0035541817693566,8.512027064476696e-09
0.0112733084507913,2.6980777858836837e-05
0.0022807164780064,1.0615944180239194e-07
0.0190864627343852,1.624741445436347e-05
0.0189722984295679,0.00012470998814384534
0.0037340653907706,7.667635522018507e-08
0.007765116556841,1.4650526820296599e-05
0.0009209239555419,5.535589695842139e-06
0.0187578433686341,0.00010787631583379976
0.0110759176593978,3.2241640115206505e-05
0.0192008715671998,0.00012130912758390266
5.452840184810848e-05,8.537906922216034e-06
0.0190538970779923,0.0001094560014907738
0.0086824993513516,1.80034333440548e-05
0.0022727876304617,2.793337204677797e-07
0.0077080340180828,8.002318276489766e-06
0.0156918498972089,6.14703845250866e-05
0.0181394680670805,7.76331189760989e-05
0.0039111109403216,8.810938959965182e-06
0.0026826180307578,1.8277777763847325e-06
0.0001287848485237,7.619059507852469e-06
0.0008272997567071,1.6024830149163415e-05
0.0107349358625629,1.5782072282629785e-06
0.0010356764266101,1.437243039513466e-06
0.0073190383590584,1.5315403665018002e-05
0.0134930024147874,4.409482948759656e-05
0.0153566963858384,6.903399263641744e-05
0.0081490977767531,6.266838232802818e-06
0.014401842686684,9.047183855546433e-05
0.0089369615028241,1.2054161433728939e-05
0.019334025367467,0.00012156448807092942
0.0156568630688841,5.8770395948110184e-05
0.008338472668824,7.066942446229991e-06
0.0093913307309935,1.014911327398075e-05
0.0140519787472041,5.5361951474870674e-05
0.0137223181073179,5.007820801187961e-05
0.0151738292004167,5.266162439018157e-05
0.0088070962262689,1.1272746163630472e-05
0.0115726208096315,2.20342642488719e-05
0.0121391459649099,1.8729537362014803e-05
0.0050033249760332,2.052947199572617e-06
0.0152027496805903,5.57668600853193e-06
0.0016390552997751,3.1927611806602825e-06
0.0059029756865742,1.8663627685212412e-08
0.0039523500798735,1.2499661092446942e-07
0.0040737893492024,1.0150433365360659e-06
0.0011002586229916,9.503225207098003e-06
0.0183761310506167,7.535218892700987e-05
0.0002132431216065,8.284213355992644e-06
0.0119459800124822,1.7705388983309658e-05
0.0155162164247592,5.111238533114349e-05
0.0125771545103426,2.028820273868947e-05
0.0185144773020221,0.00011568951391023182
0.0176368753450747,8.309943939924537e-05
0.0096783432986744,3.101761627481888e-07
0.0147847454780894,7.35719258561091e-05
0.0163794114681583,5.16920345609108e-05
0.0169701319335471,7.185752331564696e-05
0.000919376972214,5.2458051099400995e-06
0.0151796660265365,6.673411800819213e-05
0.0176494289555346,9.318997848154739e-05
0.0006816451108465,3.712557841181394e-06
0.0003755804632425,5.639978997383811e-06
0.0143732656660603,9.383442248685333e-05
0.0155300942933113,6.465519545649063e-06
0.0066986333177611,6.121629859122652e-06
0.0132627321696454,4.428639577292586e-05
0.0093069184154787,3.626569028262674e-05
0.0031134860713646,5.391717552074284e-07
0.0090801373186516,1.012590472736239e-05
0.0191494187703143,4.022601702982231e-07
0.0115945960493844,2.87090074964703e-05
0.0081755919343614,9.49633714575107e-06
0.0018672098076119,3.7706780660862885e-06
0.0100246412592229,3.624459730750415e-05
0.0165396007573996,1.9631623955317924e-05
0.0099218726151237,1.1304650859365005e-05
0.0056385460036744,1.3307271368148917e-09
0.0161644155383591,6.561282514561993e-05
0.0005538481057894,7.166791545838933e-06
0.0070904046536495,2.7949289022251944e-07
0.0036965214990707,2.1124016634571895e-06
0.0183927325960517,0.0001345268376773068
0.0199035506170586,0.00012122921096089669
0.0142893157943249,8.64326031486851e-05
0.0137434364880354,4.6839456641242834e-05
0.0111892986803808,7.246131859842986e-06
0.0144572331537057,8.167267194910392e-05
0.0022256405336604,2.1047437205182157e-06
0.0121398629380537,5.926247344286876e-05
0.016823131180654,5.3486420353678524e-05
0.006028930840183,7.248705842611427e-10
0.0148272286709221,4.2365335478080305e-05
0.0005174160394134,5.743677510301433e-06
0.0156453205270768,9.978074280985201e-05
0.0165610711245384,0.00010428073481124097
0.0076692568033014,5.152313682264873e-07
0.0114905327994322,1.1862270221932998e-05
0.0097517170345827,7.959127411282664e-06
0.0021168609698005,2.060605979100211e-06
0.0076866281492988,1.9016390090926455e-05
0.0138887216956323,8.78494028609994e-08
0.0104221376648523,1.8642879375762833e-05
0.0069152179262486,6.275757293520828e-06
0.0058750545585732,1.9548720354221998e-06
0.0054772298983469,6.074749325955767e-06
0.004625871039325,2.1161590300067606e-06
0.0020341810499661,7.6116649319414765e-06
0.014177466392547,3.588773305756265e-05
0.0075661578407599,3.530321230724151e-07
0.0094179695706937,1.9972694479850215e-05
0.0031373221514947,2.181516115200102e-06
0.0126587422283816,2.2670279429904604e-05
0.0056292820393353,5.0472838096437625e-08
0.01317661320058,8.222651831454887e-05
0.0189716638964604,6.563262135160004e-05
0.019403288863623,0.00010617546807374507
0.0168171326592262,0.0001224350682336777
0.0157701411891175,2.0732248442241125e-05
0.0023298963875775,9.97243286042842e-07
0.013102400497232,2.45197942283415e-05
0.0078277197154695,6.203975194441436e-06
0.0118199682412521,5.1790587066128665e-05
0.018834725553262,7.815223331462083e-05
0.0167745125137738,1.1993676692066873e-05
0.0078689767168712,1.953524847608426e-06
0.0001702808134919,1.027048379737609e-05
0.0093227411837384,2.6020339521198785e-05
0.0103534091432381,7.770242354744287e-06
0.0142145448862548,3.786617018003787e-05
0.0103335389379981,3.0128748597207017e-05
0.0095787252492442,1.877586233451248e-05
0.0056247888277756,1.891928523302368e-07
0.0133465299292353,4.5920332753174686e-05
0.0105838548364868,5.31458659216023e-06
0.013780843185984,2.5047814391903106e-05
0.0027728778222816,2.2169338868808183e-06
0.0058666963615264,4.121227366878269e-08
0.0073559269108994,1.9969744063238514e-05
0.0120880960271786,6.0269070902304395e-05
0.0120075605927271,1.2710509339096512e-05
0.0116154829879917,3.415539669562192e-05
0.0128308259804082,3.601669363030038e-05
0.0161279275484712,6.36420656232327e-05
0.0136236625667915,4.017012138301931e-05
0.004213950303659,1.1682290545485625e-09
0.0108825087904597,9.502585205703135e-06
0.0025471930572523,3.8984647986544685e-08
0.005798001728053,3.6085154797862534e-06
0.0018090163386596,6.297078154996432e-07
0.0040667147230811,5.293295489154733e-06
0.0129608639065812,1.1219458531247941e-05
0.0010866594973484,2.753986437802535e-06
0.0047333303313033,1.0063495423226283e-07
0.0050363497288585,3.3758098610228432e-06
0.010560596108473,8.798636535327658e-06
0.016015572372958,3.2295357496564756e-05
0.004808727456307,3.2637894631803147e-06
0.0020035917443784,4.2849218623238564e-06
0.0155230159385417,6.45973163914943e-06
0.0168953493409248,9.332916190632582e-05
0.0101364682042777,2.1069261782559664e-05
0.0065637305356516,4.804308410054924e-06
0.0120809526393322,3.628891121361789e-05
0.0108583805143765,6.427588613365412e-06
0.0022378621979996,2.914909370008959e-06
0.0198980402791615,0.00013648810051518907
0.0131033561604824,3.50450927360987e-05
0.0147693509654148,3.235251073007595e-05
0.0095307118130725,1.3703739724113937e-05
0.0154839051456138,5.2304783308221094e-05
0.0123097209868457,3.8523886597650334e-05
0.0062948671940066,1.8300142778557458e-06
0.0075184128378936,1.476095488530818e-05
0.0047218761389263,3.4288805401842776e-06
0.0112620217647224,1.7323265918856688e-06
0.019137380010622,0.000190958160147125
0.0041699561130587,3.601706628458093e-07
0.0160150896025049,6.930005573584507e-05
0.0164697007719617,9.668170201797929e-05
0.0174181094446685,0.00013242978115382523
0.0098320245620901,3.580197769374777e-06
0.0197478192120991,0.000106392990533194
0.0028542592547423,7.084684898838952e-09
0.0150042907486405,4.0137052009181764e-05
0.0049120477030042,3.305105118644794e-06
0.0096146811990883,1.317441534770142e-05
0.0199437519411078,3.628289680363987e-05
0.0038431115154841,9.542098335664498e-08
0.0111663876469007,2.2486499610515598e-05
0.0138715467380723,3.814348666477126e-05
0.0163648994981586,1.589294154953857e-05
0.0125435085746169,2.719892221118471e-05
0.0131585610406048,1.738566064787015e-05
0.0129737823385254,5.5304567697322315e-05
0.0126838338867831,4.074306197081587e-05
0.0040895375174881,5.953541748206028e-08
0.0043494489116228,4.1384638405139243e-07
0.0097319725578362,1.9136595376514502e-05
0.0197750600418645,4.034113633394051e-05
0.0163517877624398,2.3678995629126902e-05
0.009165458350494,1.3726510935886905e-05
0.0022630696489461,4.644581125464344e-08
0.0155061720338519,8.093704783024768e-05
0.0095197039829955,3.021364429501671e-06
0.0018830744192879,1.6843874272773517e-07
0.0061501773183838,1.4505103444672526e-06
0.009907399581285,1.3998938573576855e-06
0.0017741324525268,7.673938613921194e-07
0.0127946635262757,1.2598571732811643e-05
0.0180516340799502,0.000103425019600965
0.004118852698501,1.977628040744748e-06
0.0052521222482684,2.8908303845197073e-06
0.0167574097011825,1.4656015185732473e-05
0.0046640983704524,2.47809424048749e-06
0.0070293945236261,1.5896211665437485e-05
0.0035875438487942,1.750047610315057e-08
0.0187437186612774,7.476474822462121e-05
0.0155173861890059,7.479345749179835e-05
0.008822083357281,1.5695496811893474e-07
0.0042051400116098,2.0239521710300124e-07
0.0137652074650564,3.5932378954344325e-05
0.0046599233708086,1.465437401422749e-06
0.003698809032994,1.3916600389907997e-07
0.013379516036526,7.86221232820902e-05
0.0115306043238164,3.365004288002396e-05
0.0196227527801418,4.5703626882150694e-05
0.0198778665380349,0.00013529577107705877
0.0066418047260986,1.915099845616558e-06
0.0162604845043666,5.9882756148457034e-05
0.0047363752831936,3.479870966635886e-06
0.0040172966695367,1.1514882416209359e-10
0.0113561905231851,3.0645120170577654e-05
0.0109123753202235,4.696846048804415e-05
0.0143813853869796,5.9419767987313265e-05
0.0067821227557023,1.0812130575454474e-05
0.0009936474097739,1.6426559882477853e-06
0.0077121213723314,2.3649457680120125e-05
0.0022380619554873,4.356589824874835e-06
0.0112385680466247,2.217362236712414e-05
0.0122315309956399,3.734575084328073e-05
0.007981598772162,9.0122862044325e-06
0.0189786024142623,2.3140412529973943e-06
0.0031869714023921,2.0491005071528728e-06
0.0111383195508998,4.873485352758367e-05
0.0036100945497306,1.547580437285507e-06
0.0122297000352804,1.6346229781293476e-06
0.0073233580493291,3.0196714046134023e-06
0.008243924360306,7.417120088888529e-06
0.0101896930655181,4.621706429863565e-05
0.0129543489940254,3.201153681779214e-05
0.0128068971510387,6.702118642663308e-05
0.0075752384760139,1.781327085880659e-05
0.0172915172303794,1.355093070275128e-05
0.0084756248473349,6.4917236486158745e-06
0.0069545475764032,1.0121081437335459e-05
0.0037889042974044,1.5674252368407148e-06
0.0072905536494728,4.61804805700213e-07
0.0190125784729081,0.00012861685854831094
0.0156121129769594,7.098372902254237e-05
0.0150830064144145,2.1531931471454924e-05
0.0070217509222233,4.079192908986557e-06
0.0083522992610995,2.246083134055166e-05
0.0114608925542414,1.8471709429771443e-06
0.0140332222563556,5.918081335472042e-05
0.0111033556970448,3.3309625949175944e-05
0.0120097716799096,1.7096805599133423e-05
0.019564478117476,8.790570992039513e-05
0.0093361892202783,8.155327364484534e-06
0.01205782570075,3.5072754460030234e-06
0.0184478255577991,9.799511575067649e-05
0.0050594261778601,1.067514633819341e-06
0.0197323583513833,5.2787560970539614e-05
0.0108125602194527,2.4135803320578577e-05
0.0040471994915793,8.529202538499309e-08
0.0030487047435806,6.537999328352956e-08
0.0193683736865197,9.663640277290501e-05
0.0150758289762772,6.153805587104596e-05
0.0055945120151858,3.446704944811531e-06
0.0054473701196909,2.128993227473852e-07
0.0187264124938581,0.00010182876146547095
0.0007336374315033,5.996047090469113e-06
0.0018722913802326,6.229573363871552e-08
0.008555921632513,1.3836957511359903e-05
0.0151307275095532,1.8914892674532447e-05
0.0179240018223767,5.228569466563473e-05
0.0005950734064882,5.811637847425782e-06
0.0052194618230649,1.45290959801335e-06
0.0117857244572155,3.3458055847385856e-05
0.0197216871922985,6.280180808346182e-05
0.0038272334337979,1.7772037388751147e-06
0.0189350439767641,0.00010476843857562173
0.0055969567962339,1.9629394958679105e-07
0.0056169009825009,4.588174050954111e-06
0.0021045669160002,6.75377464853467e-06
0.0031791717953157,2.67811939480003e-06
0.013444349323859,7.311193735152813e-05
0.003442979161736,2.173820563561922e-06
0.001143341650619,7.395512382714446e-06
0.0094574709486417,2.7992036069958116e-05
0.0011319902081728,2.0304701792252847e-06
0.0195458148820624,1.7342587829391748e-05
0.0092135784649502,1.4886590045908595e-05
0.0051368911811591,1.0684586421563652e-06
0.0036161692711758,1.1413891012671927e-06
0.0103373356426468,2.5525564118617857e-05
0.0171098841331501,4.8282094026812774e-05
0.0053920928000628,5.506872577071415e-08
0.0026133760395822,1.2068479394657065e-06
0.0175832579304098,8.851667386322824e-05
0.0063066209202787,5.65423179964798e-07
0.0121603309689549,5.04394095759532e-07
0.0168845192162689,4.5388182839826754e-05
0.0170602639934993,0.00012967552653908696
0.0078068406391488,6.2861443368148115e-06
0.0100441902011388,1.8387256819945226e-05
0.0128623949602605,4.8545034459013785e-05
0.0064409679721981,3.353897774426676e-06
0.0065687700124736,9.814674845806272e-06
0.0065809614037766,7.9128550410297e-06
0.0075739529802637,2.1032101437854123e-05
0.0076945958417237,9.026729601034729e-06
0.0163724271909703,3.441791402082162e-05
0.0125991204180103,2.57688823674355e-05
0.0005395888201976,1.092598125557191e-05
0.0054011659386255,3.3077459497510135e-06
0.015567547564075,1.4866462462924138e-05
0.0058341933561892,6.630537319131289e-06
0.0074836623840955,1.1042714391931917e-06
0.0047580383926822,3.602657307852715e-07
0.007146805424716,6.09490527618903e-07
0.0055784266457385,1.8592339025874562e-06
0.0119372139249744,3.951927870831714e-05
0.0077976594478483,1.395575193417457e-05
0.0193834976706302,0.00010523528679573418
0.0144743111213528,9.723551494153943e-06
0.0183211479503032,9.086892700024512e-05
0.0117218230854398,3.150095822189264e-05
0.0111421509283474,4.310143084255131e-05
0.009238505772504,8.301342681421401e-08
0.0167752911791015,5.358129011281432e-05
0.0063450562850407,5.4900405402654526e-06
0.0053996814354506,4.676592508402557e-08
0.0047460098500293,5.832229559637092e-07
0.0152027153552625,6.853963205068767e-05
0.0190831127654289,1.2342652213791026e-05
0.0016892012470146,5.710157044585485e-06
0.0024511964770332,1.2241407846407758e-06
0.0041690947009085,2.875591137136331e-07
0.0012164173158033,7.206568631846508e-06
0.0115839743891157,2.850260584409165e-05
0.0019883816440987,1.2609104602223268e-07
0.0145209266512365,6.117895219297477e-05
0.0013008267073121,1.8449679831631707e-06
0.0160221191526866,6.431665290747405e-06
0.0005600664851332,1.159579000410717e-05
0.0174387881316319,7.410710099808445e-05
5.646660540804316e-05,6.879773030012099e-06
0.0177044866019097,1.7777099964655104e-05
0.0071207959255065,1.2554559507855061e-06
0.0198626118407475,4.3497326279236235e-05
0.0070561704075708,2.0207185973314334e-06
0.0119497397517056,1.829964521055642e-05
0.0090016702435309,5.369922011085619e-06
0.0195282768425099,0.00012000473868252377
0.0047494583706362,5.60186500030676e-07
0.0115333399843558,4.6186863832649015e-05
0.0045112547426464,5.041042330730825e-07
0.0101799841774382,2.9338736474673973e-05
0.0036659113409735,2.7713811685216623e-07
0.0163089744089154,0.00010881725299177637
0.018896426855967,0.0001229567039995305
0.0055772012335951,8.6201068286907e-06
0.0090922304369864,1.1090164249917077e-05
0.0188327297750452,0.00010939461398710563
0.0080051466753311,1.8756054115667057e-05
0.0165556497244204,5.808868501089495e-05
0.0138429705610121,9.990467336029161e-05
0.016782339049879,0.00010007595636809754
0.0080282445568746,1.5454345122997402e-05
0.0046051554220253,9.398370972718052e-08
0.0153314904862785,2.9511106105483014e-05
0.0050022941088154,4.375669137359426e-06
0.0182245022638878,0.00013727326722515418
0.007091660732498,1.0952819597199562e-06
0.0006733099176511,1.1557031785434154e-05
0.0098897480900604,1.4070860885461343e-05
0.0051038993376264,1.8862139076884449e-06
0.0127757090296027,6.205698561916147e-05
0.0073567277288494,7.982338376775006e-06
0.0023152501897091,2.904803082989516e-06
0.0104495076548592,3.640834389600471e-05
0.007446103344963,1.5643107632197662e-07
0.0033226270766437,4.470465354824358e-06
0.0153280076646363,3.6788390815364155e-05
0.0064440239748296,6.533276231249021e-06
0.0190631858557981,0.00013040605851409338
0.0192977507210416,0.00012446710570728354
0.0152593304750776,7.103096806364845e-05
0.0162888309882554,6.672522918221503e-05
0.0175924978835601,0.00011792548221528453
0.0103088884930087,1.9967058556745106e-05
0.0118832961818272,4.611071015791925e-05
0.0127674653955207,2.6106516600059528e-05
0.0058673731513237,1.2169885317050943e-06
0.0095596099804665,1.8406174713828013e-05
0.0187303593569279,0.00013814680246610508
0.0050271708193413,1.233570477833856e-06
0.0152291680356929,6.513393645188608e-05
0.0060367115582179,1.5993386372991949e-06
0.0075790389608211,7.619426073621348e-06
0.0082190723228087,1.4291171482579744e-05
0.0062480313553369,3.6391782448376526e-06
0.0127063143429752,3.872917478382702e-05
0.0089686330970821,2.608066816738794e-06
0.0094156052838329,1.3213486765855276e-05
0.0161023440186435,9.503494728389308e-06
0.0187214179926085,0.00010031725971730166
0.01338216614737,5.100538877862453e-05
0.0020608961052989,5.375749355765215e-07
0.0006075149696384,7.945854300111736e-06
0.0109233158542057,3.456410735336806e-05
0.0006966806384404,7.516077706443779e-07
0.0169552513310175,0.00013200242127253467
0.0020828936170606,5.539949185167269e-06
0.0104052604845715,2.248217563903877e-05
0.0030637266477927,1.2189765808375697e-06
0.0117369379495815,3.882228957437573e-05
0.0102852979827985,2.505550030802717e-05
0.0016133759962119,6.525078783927271e-06
0.0083475959889749,9.058631437316305e-06
0.0121472590406335,6.151915667666363e-05
0.0129409699256065,2.1398798718638548e-05
0.0087802533467221,1.7123591831422772e-05
0.0180003314283192,7.60333973859651e-05
0.0116878702172999,2.3218840733296417e-05
0.0010874262701792,8.30879081666798e-06
0.0121085664015349,1.4784195887948743e-05
0.0164707236259647,4.35467952495891e-05
0.0093804923711825,9.301741169422364e-06
0.0035774621472205,2.030090574205675e-07
0.019425998483758,0.00011898599248318715
0.010596820621795,2.9967395962981773e-05
0.0129830815986036,2.6615719639633906e-05
0.0087400815696692,1.0646166517908541e-05
0.0036337461677603,3.0864456497901267e-07
0.0066634566217944,3.003564812827591e-07
0.0046427313108941,5.8093725915862875e-09
0.0178728737108313,9.105288385182111e-05
0.0070978796084911,1.478344897765339e-06
0.0061620676691903,1.2827298594002096e-05
6.029624651389343e-05,3.6981327061956867e-06
0.0146790143649717,3.602901521716995e-05
0.0072538011937498,5.613733514413018e-06
0.0175446215621399,0.00011286676032628282
0.0153414090788657,6.581237700245512e-05
0.009427116716527,3.4673239692650902e-06
0.0184044014576843,8.361112396294545e-05
0.01355653290139,5.862647880017317e-05
0.0097262202662645,9.693939201401493e-06
0.0048553629078355,9.589453259868195e-07
0.0187272681662229,9.752784918270097e-05
0.0018288280944487,6.561328071915989e-06
0.0113239072460279,4.772505512291569e-05
0.0099670157885333,1.1792667278541228e-06
0.0189329145312159,2.9024294243427635e-07
0.0102963283974079,4.042565249799999e-06
0.0094104406815023,1.9987705344712508e-05
0.0198986637092386,6.319860503782597e-05
0.0063584777862443,5.276175917274597e-07
0.0064664481287819,1.205883401261755e-05
0.0064620735445108,1.4585992034749698e-06
0.0075198541045627,9.953727689369597e-06
0.0059611238270716,2.5752233967693394e-06
0.0138840313963161,5.363434041599517e-05
0.010671339040369,2.3994610833470862e-05
0.0197408440963855,8.3610636112346e-05
0.0193954093670782,6.791499984916585e-05
0.0157865172414137,6.546447269020361e-05
0.0014462205462464,1.3103711320920046e-06
0.0147368614663936,2.2448774161916477e-05
0.0155658043455687,7.322297998151564e-05
0.0108198126660258,3.629640994984492e-05
0.016385285495115,4.7837315330670046e-05
0.0108162086708879,2.128518778251766e-06
0.0187198237043092,0.0001390151254049947
0.0131898545166802,4.928581799642064e-05
0.0002835586254248,8.212606398675086e-06
0.0150025370355493,7.392716192444117e-05
0.0146811536181738,2.9725829727549326e-05
0.0130027954041201,6.015748151163043e-05
0.0059389007186991,1.500600712914186e-06
7.527626271901067e-05,9.358589196926763e-06
0.0192965444935066,9.708679716837646e-05
0.0185770034426852,7.716286715731783e-05
0.0128873750824712,5.774456755503794e-05
0.0194689069381781,0.00010518747499543899
0.0062674940775765,6.756269578940439e-07
0.0054598354127336,1.1719587090749434e-06
0.0042914664001719,1.326354973125126e-06
0.0058685096567039,3.359321804890311e-08
0.0003433281576475,1.413657357572161e-05
0.0036723842189616,2.5544502482371877e-07
0.005608492573863,1.7528188370600121e-07
0.0009010462563705,3.105922808716485e-06
0.0087200637765409,1.8508517033505354e-05
0.0125574463940288,2.7744621831911365e-05
0.00908250194371,1.5389092546284836e-05
0.0001245819822886,1.123033242132205e-05
0.012618239586704,2.3394081392689124e-05
0.0119295328551391,5.601020799789935e-05
0.0195315179487914,0.00019939412992273206
0.0032981737155336,6.609677811267672e-08
0.0007763427970794,9.584084472071388e-07
0.0023368955142957,9.004904124978941e-08
0.0060784169050921,9.058203929953428e-07
0.0064340164257636,7.2779736965912745e-09
0.0064400789162004,2.2683417462879484e-08
0.0183971892226547,5.3983285454356714e-05
0.0149605905294515,1.4782939637933198e-05
0.0068213259550595,6.463211790294156e-06
0.0192826010805349,4.674270214512961e-05
0.015923036495967,2.665905225481401e-05
0.0053839750226459,5.741160767966861e-06
0.0009082682844467,2.6406874782606715e-06
0.0068615364789558,2.0807743119863836e-06
0.0178427493780179,2.317663259266927e-05
0.0193820417433496,3.80955765165336e-05
0.001039123412959,5.320344871518584e-06
0.0026501044152034,1.2038533776448104e-07
0.0010023628167638,3.7048679754220908e-06
0.0031656715639868,5.771954512969393e-07
0.0188569691761284,8.299864091090061e-05
0.0142362509886627,7.098323373436713e-05
0.006344989244688,3.553709499389943e-06
0.0107126118063363,3.783836289157131e-05
0.011275098502755,4.335200132528139e-05
0.0021389821798927,6.23738375165377e-06
0.0099213447305657,1.0360443241377123e-05
0.003594994783974,3.110070332823468e-06
0.0184686398129622,0.00010289349827574028
0.008279352160574,1.0065638246065199e-05
0.0017350060901145,2.125876206911915e-06
0.0090254683996297,1.0310942093388143e-05
0.0105892519754631,2.0640741353181208e-05
0.0018336445252743,2.339770007153403e-06
0.0196839048493848,0.00012557543824456705
0.0040937875077765,7.537687561776345e-07
0.009199957601504,1.6221589407988073e-05
0.0114528379001225,1.287982234164406e-05
0.011737291917576,4.0027437334557926e-05
0.0015526725926421,2.071313435276403e-06
0.0033389449430165,5.458993500070876e-07
0.004921622048061,1.0453532624991504e-06
0.0035560944858588,1.9843666507338e-08
0.0040794063886392,2.2459497281159778e-08
0.0170235386532443,8.725128955985698e-05
0.0112411744351638,2.2840785725495123e-05
0.0119984059494925,2.9086730646106116e-05
0.014017727641983,2.97729469265477e-05
0.0037715523499619,2.7801540826390723e-08
0.006223481495234,4.791327625568317e-06
0.0038368478994279,7.410591512337403e-08
0.0130440994373285,2.4421560073972157e-05
0.0088412102027801,1.866491457373872e-05
0.0120949477362757,3.311057155305994e-05
0.0066504067784869,9.123770340244392e-06
0.0156304458719352,6.512765742784976e-05
0.0043014496454563,3.478221908579545e-06
0.0106232910643923,2.5533524197052597e-05
3.335784256164764e-05,6.230923533623374e-06
0.0091676381534424,2.372528087573671e-05
0.0091363929979585,1.2750333142750135e-05
0.001863708979986,3.870012531280199e-06
0.009428952492796,8.860728122900562e-07
0.0127071383884053,7.401035973383422e-05
0.0120066223552508,7.062017670302325e-05
0.0147699825854458,6.633918755143389e-05
0.0076066955161199,7.567399535126986e-07
0.0101951313502729,2.8999009475727367e-05
0.0087290649668982,1.947364814124086e-05
0.0060724894716396,1.1773751627977593e-05
0.0173877373690522,7.595563785780275e-05
0.0077512339160164,9.203849751931846e-06
0.0078169018042893,1.671207009116125e-05
0.0100122740870085,2.0252327994434058e-05
0.0161621598673628,6.807597687498021e-05
0.0174596019570391,0.00011795581645409905
5.5451979340597206e-05,2.0444907484528478e-05
0.0097735281260693,2.1436535824261564e-05
0.003111201594806,5.674597187032616e-08
0.0188511274142951,5.1914092995299366e-05
0.0085089124891298,1.0673232269168047e-05
0.007597164048257,3.221474770989493e-07
0.0063388274179217,5.221857251906713e-06
0.006629017520103,1.2780973549224016e-05
0.0129946265843422,6.819747991804062e-05
0.0018006980917366,9.802797830012104e-07
0.0187484347084775,4.860233465885196e-06
0.0143612199512966,6.86793395508725e-05
0.0131176579658257,3.064937643400672e-05
0.0026666610027084,9.802888277615351e-07
0.0069542237567199,2.6363459356883506e-07
0.0040688563195878,3.2404498656124856e-06
0.0116844402075128,1.6008348308168708e-05
0.0049076758210378,1.6079040786258155e-06
0.0092131698065805,5.767796131308931e-06
0.0005356894016882,2.7810567770260833e-06
0.0082289330283314,1.335484654627947e-05
0.0164775172204221,6.146408851277355e-05
0.0130400096856847,4.0423006596467475e-05
0.0081861134925091,3.7859549459260575e-06
0.0019450787643063,6.877936908896387e-07
0.0019325334148636,9.967913457800148e-08
0.0060987717041905,2.182673829088727e-09
0.018134032253842,4.4679697095815605e-05
0.0037162648239005,4.2337682628997553e-07
0.001445624662806,4.716332338063595e-06
0.0094653963445706,1.558349216771723e-05
0.0182590970366776,8.155446540578074e-05
0.004984962243046,2.3454311980690564e-06
0.0107207770584326,3.0461052965307963e-05
0.0061226757285316,5.666954696961437e-06
0.0052072411979287,9.57559373417573e-07
0.0091165042346698,3.417977154476184e-05
0.0080833541807624,2.1080859898236463e-05
0.0143716199314844,4.85474545121428e-05
0.0005968648014852,2.373971071361424e-06
0.0006543788359461,2.283314298284403e-06
0.0161000205707694,8.702185660214251e-05
0.0002334283015071,1.5217117364475248e-05
0.0158945743470959,7.564602407817979e-05
0.0155713849374338,5.312557170923337e-05
0.0023470274897564,5.270839216163082e-07
0.0024960873474592,3.450725923271244e-07
0.0161743760963931,3.536026785147278e-05
0.0075771899908615,8.837111300221625e-06
0.0107611234219831,4.2935695504157055e-05
0.0154011186175272,3.858179343707842e-05
0.0049267209461733,1.618422921117209e-07
0.0008403804000675,3.995006013889312e-06
0.0185043044793005,1.9514982089626277e-05
0.0175190055208794,2.8310550358355875e-05
0.019447335106601,0.00016576969194438736
0.0144643305416042,5.277823995616794e-05
0.0059055924637519,7.714287452311195e-06
0.0073956199545228,1.4747648458250365e-06
0.0175958467151737,8.386630163627494e-05
0.009366965588465,5.938371607713232e-06
0.0092961294053669,1.77430849432702e-05
0.013960633799636,3.1867274189803456e-05
0.0118608278806288,7.5205758332220145e-06
0.0176944514417587,9.574917431321615e-05
0.0024861325232384,1.961797709378504e-06
0.0016747047282888,4.895475890154621e-08
0.0072350432308458,1.0089170714816858e-06
0.0134518863905797,3.4493845734497955e-06
0.0180615285393902,8.309132154107565e-05
0.0137069991817976,2.1002817884349476e-05
0.0020422604001122,5.6802551922503064e-06
0.0008117495185139,1.7594685851880004e-05
0.0042695034177379,1.9843262390860448e-07
0.0085371354093152,2.035762257396132e-06
0.0092333713440193,8.243701002741544e-06
8.814216481285442e-05,1.8814628616919338e-05
0.005977656910273,2.0062979596668645e-06
0.0145577760874568,4.088203106192233e-05
0.0168329475704372,6.763068447765415e-05
0.001291520298279,1.2510535732166737e-05
0.0087081440994392,3.302921880951155e-05
0.0157498443413253,3.058442597974781e-05
0.0111965913302629,6.504826378327199e-06
0.0181388201504257,3.5770611789704195e-05
0.0193794501977486,9.5663195508595e-05
0.0132851705604032,4.0387072332477245e-05
0.006051731563564,3.605134849243354e-06
0.0019746515529301,4.702841450287205e-07
0.0010194582254285,7.449272970370273e-06
0.0100157402879056,8.172189615034685e-06
0.001734050288293,1.198857010975996e-06
0.0196330483694893,8.236069805883355e-05
0.0146582110404662,7.76371108529418e-05
0.0191743945380242,0.00010745595667982221
0.0011433385256778,6.3309996472300035e-06
0.0108404207365153,2.2566264535160535e-05
0.0151850236108393,7.037858350040912e-05
0.0109708173395201,1.479168638373134e-05
0.0162954331382263,5.032113098999893e-05
0.0086824611349081,1.18215555659373e-05
0.0092051205789633,7.851908677462781e-08
0.0018132767102272,1.5453120731236856e-06
0.0149367961701461,3.9648672747276836e-05
0.0037879832765357,1.3468809554315113e-08
0.0082569361514869,1.98484884607409e-05
0.0157843365899649,8.520440757145976e-05
0.0124499547347658,3.8376357688679484e-05
0.0109985180727254,4.26013943228134e-05
0.0050453661943239,3.315148140664086e-07
0.0075916943687768,2.482279528984937e-06
0.0188490279404645,3.994379279172476e-05
0.0100542796512547,1.797013151113456e-05
0.0131705211548192,5.307827072161803e-05
0.0076635737573683,1.331260304491039e-05
0.0033797398252316,2.0950091237800365e-06
0.0003676360811847,1.654828699325094e-05
0.0163319838653254,0.00010180487009092305
0.0152303389496322,0.0001085110143088941
0.0026148625654746,2.3143020119872315e-06
0.0085855243955553,1.4011741926701363e-06
6.132238951072732e-05,1.4004543068756633e-05
0.0089095958567293,1.3962284006565798e-05
0.0143767512604434,4.287031150771941e-05
0.0168982249939473,8.39592564191962e-05
0.0028612778715458,1.7339427617211923e-08
0.0058101753755026,1.3951079523734037e-06
0.0187601616965004,9.878385521434808e-05
0.0007918167965331,5.67686561108268e-06
0.0110049141797975,2.2767119029390935e-05
0.0015459408044261,5.398429682758151e-06
0.0136784106468739,3.480172900801818e-05
0.0093995539045531,2.4487258103241275e-05
0.0190228260871894,5.468936106685389e-05
0.0035714318916761,1.1284679669491706e-06
0.0183512823629966,5.265969628170477e-05
0.0186972395730645,5.4984455554298874e-05
0.0078499033786749,1.0497153792811629e-05
0.0176128006890618,5.667577995749569e-05
0.0152049120903723,7.126097315221236e-05
0.0124595291828187,2.2782447965912753e-05
0.0104796413894023,3.592571676481549e-05
0.0040966623574227,7.599286211712876e-07
0.0186084529256045,0.0001141095614655584
0.0016755121927717,2.812333439308433e-07
0.0021110987611332,3.7667799541390265e-06
0.0067208084897239,6.1378114997609255e-06
0.0130555539763734,5.140532036829078e-05
0.0172975473299585,8.771995147090248e-05
0.0008139400665896,2.6163065752450975e-06
0.018749931612664,0.00012080111638804373
0.0116426556012611,2.5828463986206123e-05
0.0119256539440464,1.656395386799489e-05
0.0116282530911838,3.5695748145632884e-05
0.0150273941597632,7.137153936643357e-05
0.0167616848460535,7.498525850900664e-05
0.0141931165571641,2.4871733145908298e-05
0.0045562266880015,7.764873576877889e-07
0.0119256562163113,1.870889560737546e-05
0.0126316351672209,3.0149374303219186e-05
0.0178193268306018,6.986266111699453e-05
0.0005450562547692,9.149158878150956e-06
0.0122172830597454,3.070107457146693e-05
0.0174713942040638,6.565255202085446e-05
0.0094728513627969,2.5687617821771014e-05
0.0164173960096537,7.946512630439857e-05
0.0058044850251621,7.98228753049414e-06
0.0152249432514344,2.4026015005812446e-05
0.0189129289973369,0.00010963556555456988
0.0078585541132126,1.5682910752413322e-06
0.0075802645229904,6.243245059075898e-06
0.0079421593846655,2.432243095088546e-06
0.0038218299284035,1.4170607432690324e-06
0.0166697571412525,1.9566375727390734e-05
0.0030653834879299,5.982678736165954e-08
0.0185221759720353,8.550524125577864e-05
0.0170862156974883,6.719306376570202e-05
0.0055455104965547,6.4758618142426596e-06
0.0183101393496246,0.00015367043916008288
0.0120267689466571,3.302842715683935e-05
0.0035246228280859,1.1082501865669183e-06
0.0147847813600213,1.2738050413397641e-05
0.0127600948613392,1.867674869521891e-05
0.0135551014850562,5.914310833448716e-05
0.0105746939403725,2.6660378581243874e-05
0.0157073167179143,6.021889146286407e-05
0.0099045484636581,2.3291816677455152e-05
0.0072335105641104,1.4308272796482812e-06
0.0041352269148291,3.828938103845024e-07
0.0151850572919363,4.350050862782343e-05
0.0071613057434089,1.5472790613364836e-05
0.0169129429416502,0.00010344022550547825
0.0160735192492848,4.5867240327544046e-05
0.0138134016218347,6.984888441284634e-05
0.0122392272256155,2.8202084950898867e-05
0.0168147529951547,0.00011746301440325507
0.0122969890235287,6.084184800710727e-05
0.0190093657794968,0.00010550834113440684
0.0096892985897635,1.3848352276553025e-05
0.0136154012931392,4.389752007399286e-05
0.0045330038079168,8.03759264010336e-10
0.010774195005938,2.5813344158583334e-05
0.0156769605763412,9.117719483781613e-05
0.0026964747255517,4.612833292181967e-06
0.01882346535451,0.0001287149214583362
0.0041141558389893,4.620736208415895e-08
0.0058985871750882,3.898672393706663e-06
0.0080838512119121,1.1396648125696078e-05
0.0065864212064714,8.762013524624336e-08
0.0113452624571324,3.512002313302145e-05
0.0092947276790572,1.8552710484015046e-05
0.0198951302560243,0.00012379450596069084
0.0074854841374543,1.273486486903591e-05
0.0148142805321854,4.650404621892132e-05
0.0090074812374862,1.6503082771228193e-05
0.0058896833986705,4.1575402949198e-07
0.0123658275509089,1.674792214759778e-05
0.0025131045224725,1.1528157246911527e-07
0.0137226838743234,6.732006798698612e-05
0.0078110803813779,4.099823529147447e-06
0.0023592930633983,1.2275457187710782e-08
0.000780162443069,5.1494123845510655e-06
0.0162232042397702,5.838057766879632e-05
0.002112388025154,4.2767772916819714e-10
0.0181564234835975,9.663662827827308e-06
0.0066498162610425,5.479627960675071e-06
0.016599295562929,4.540474164019921e-05
0.0061420495007896,6.859754195633723e-06
0.0069914162606583,9.40854211877972e-06
0.0166318231984339,0.00010383439160380474
0.0032528838868866,9.987661995119126e-07
0.0188994113887133,0.00012390739661774923
0.0084572649724461,2.2817116880643654e-05
0.0157082957089642,0.00010898670540595399
0.0150954567832548,6.16127474082547e-05
0.0004058241106887,1.5066311847590009e-05
0.0155374326266704,7.752469552755921e-05
0.0002837757647547,5.956188767525802e-06
0.0117670940412451,2.445351500994133e-05
0.0162889266783314,8.973450961961295e-05
0.0141885800589204,3.738476924344476e-05
0.0146309670387978,4.658012649537622e-05
0.0086588632307002,2.185334857838461e-05
0.0136811845058013,2.3828953979011322e-05
0.0028387645326671,5.751308678272589e-08
0.0113890062681401,5.508533120278148e-05
0.0023556444608836,5.825645928134068e-06
0.0084410793965159,2.1238955042654117e-05
0.0148480718646299,5.2373901915401896e-05
0.011896377353224,1.0128843104792514e-05
0.0058941300532921,4.727566746068982e-06
0.0165883356375232,1.2208392850529585e-05
0.016334339796255,7.111885056121299e-05
0.0003039013655905,3.83251371501055e-06
0.0059520032973124,1.301692825592919e-06
0.000191481953735,4.136980580095189e-06
0.0147056195532556,9.474608183623808e-06
0.0146637456072966,5.0779407685443086e-05
0.0037729362220961,5.6774016013388846e-08
0.0136165882944768,2.1604738200144284e-05
0.0037350002167499,6.462752646613475e-07
0.0079055116643864,1.0129257718272997e-06
0.0103381522623371,7.84954375726444e-06
0.0083993401152765,7.50597038151635e-06
0.0152016470845682,7.406347053471996e-05
0.0078157908321899,3.545533448731896e-06
0.0029445261576037,2.1196719691567716e-07
0.0037153345988894,4.760736644503788e-06
0.007539431902069,1.9259460453844486e-05
0.0026030540880561,1.6221014005783914e-07
0.0135916158073283,9.212179907196909e-06
0.0028594711793579,1.1178423747134116e-07
0.0046124623146166,3.193786242948663e-08
0.0037815200183041,2.510426630639949e-07
0.0053793880813826,2.1349111540117678e-07
0.0028746424468817,1.759946069059733e-06
0.003251432711288,4.083024026027593e-09
0.0184095171145775,1.8120996581894273e-06
0.0088419360740015,2.275055349976567e-06
0.0021682663770143,2.224286875017982e-06
0.0060209828679358,4.939684976337628e-06
0.016831178304274,7.460172595251545e-05
0.0003844914682933,4.472244993184798e-06
0.000420985040146,3.703680049851859e-06
0.0057424472776843,3.3497660884430685e-07
0.0057358170614057,3.730083690154469e-06
0.0072077123864941,9.543435726827832e-06
0.0005018941143794,9.583279110562436e-06
0.0134245368956869,5.928558532830842e-05
0.0089395003626555,1.253416423548298e-05
0.0196588331394478,0.0001530889687318679
0.0041027818624708,3.190485903585645e-07
0.0152284268182943,7.036961189572717e-05
0.0104613353673468,1.9185567724998086e-05
0.0068751838347743,7.190715611746093e-06
0.0139584827194706,3.7882268288382905e-05
0.0040443059456393,1.54655147090846e-07
0.0189397329858109,9.99525119551603e-05
0.0061600978840255,2.306579901190756e-06
0.0141383146530652,4.861921607490633e-05
0.0066706980212554,2.1165717209496514e-07
0.0194556932227572,0.00011755572273849165
0.0009855666652339,1.894398111203146e-05
5.127429633638769e-05,1.0104733223766e-05
0.0067364148320972,8.682522583355191e-06
0.0064179213717999,2.7533855660077124e-06
0.0028160507784589,8.567346158362681e-07
0.0106657181350375,2.65258167623726e-05
0.003842507248624,3.8524502985440743e-07
0.0083347665647797,1.025082179853587e-05
0.0047951152992369,9.429762660028544e-07
0.0199285943785504,0.00012065580729516007
0.0111452510813498,1.4344415978892328e-05
0.0169958571624778,9.6771467625615e-05
0.0099858832674543,1.849566042275651e-05
0.0014462722367087,3.299192613920823e-06
0.0033892459984479,2.326568609781662e-07
0.0025967126066339,2.1366680655333167e-07
0.0005694471170248,2.1341328724134286e-05
0.0004579856965718,7.918707958802402e-06
0.0192330326797365,0.00013260832999721943
0.0167878207273845,6.577273530418403e-05
0.0110458740643387,3.22470865186996e-05
0.0031283611810495,3.918161011451045e-07
0.0176779420052936,6.612797262803028e-05
0.0075513516794577,2.5836644552048565e-06
0.0088419703645594,1.2927919338020506e-05
0.0083222049492456,7.59270288195721e-06
0.0178384238780007,8.776114075063466e-05
0.0082916132447753,1.4497679889833293e-05
0.0149739168125025,5.60241193855522e-05
0.0166318823654077,0.00010566144047792383
0.0129152703397632,5.507087271117325e-05
0.0011445657135605,4.489506809702153e-06
0.0119355977039551,5.419892251687959e-05
0.0027034356325112,4.0739006092318886e-09
0.0196359762913685,0.00012034556269764061
0.013157730928916,3.8478895589254226e-05
0.0075400164671417,1.2444466892226298e-05
0.0109454523413788,1.1039177993414142e-05
0.0191124636418349,9.354934322563873e-05
0.0106033111506672,4.108397574547015e-05
0.0186764526095234,0.00011286112726549444
0.0048714522309243,1.8624093608547236e-06
0.0101830487568438,4.140777119947122e-05
0.0121411822256705,2.397171590537658e-05
0.002812136994795,5.3528843907767667e-08
0.0165130342914315,9.382258778900475e-05
0.007783496679318,1.3290884971158286e-06
0.0181752855630339,2.8459558323544335e-05
0.0183625991851827,0.0001586983346967294
0.0006169676356092,1.0124885807433687e-05
0.0098855491031521,1.3862294290312694e-05
0.0175491709375981,7.52021740961986e-05
0.015375381350643,5.86842721771685e-07
0.0189269558272463,5.1973618960810705e-05
0.0082813751234833,9.845836970229852e-06
0.0028658164750464,1.365987956841466e-06
0.0048869946173654,7.614557884020175e-07
0.0171062614863985,3.391820608876362e-05
0.0177007634598096,1.903546396814215e-05
0.0192720121058989,0.00011178015871747665
0.0101521218238121,2.1167660549733693e-06
0.0110512148046536,1.9773507407188052e-06
0.0078449409148744,8.47673109084876e-06
0.0006864708853672,6.474295070765598e-06
0.0139332389437841,7.822222045304635e-05
0.0155869373498138,8.52939514882113e-05
0.0151952957919436,1.4245606608487591e-05
0.0122198429656061,2.2523771475667892e-05
0.0193137989887029,6.808056807200506e-05
0.011236675108604,5.081968071467859e-05
0.0079453955435232,1.2233864411825426e-05
0.0157120456295866,1.1295809301156773e-05
0.0150145203657775,7.528280047980435e-05
0.0144052355010257,8.398132441086919e-05
0.0085948283473603,2.8805434240035737e-05
0.006051058653105,1.0946473789980832e-05
0.0113934431585413,1.018507427276736e-05
0.0067067266740111,6.676031137378961e-06
0.0037920127270017,1.0602143198554868e-08
0.0161621203085923,2.815911572458774e-05
0.0115380677252812,4.382332119149785e-05
0.0094254206744562,3.867025513862314e-06
0.0037796019774057,2.8060545127602325e-07
0.0100148770116547,5.306406237811767e-06
0.0018687607657542,4.6470551653708e-06
0.0012893623154058,1.264315119061244e-05
0.0186960805431205,6.196077405751873e-05
0.0049126206811714,1.0548350512265257e-06
0.0151534325354788,3.324835556489367e-05
0.0056467056670844,4.5767445890758e-06
0.0126765590529799,2.5077989327545546e-05
0.008659041255202,1.6291248762830786e-05
0.0087933864668069,1.31209582091521e-05
0.0052865354276828,5.941128151447456e-06
0.0189330093292539,3.624080580994064e-05
0.0132101757135899,6.280757664100919e-05
0.0106009050914788,1.5073282224578864e-05
0.015644805886927,4.853936309313585e-05
0.0107179151248348,1.6966653273843048e-05
0.0131571564302767,3.3573878960200974e-05
0.0102724903978938,3.179566821132358e-05
0.0014975994932681,7.1973095172502375e-06
0.0171958118170959,8.594960873270972e-05
0.003231534626289,9.337303767512868e-06
0.0131280407428689,6.799288865762234e-05
0.0155612250725417,2.8642687321644923e-05
2.7531893273151643e-05,7.753555628906939e-06
0.0139863015436926,4.221504861269816e-05
0.0070850194564905,9.822389523322717e-07
0.0063039085668296,9.845043301485581e-06
0.0104792213074152,7.445277068653525e-06
0.0018049402085626,5.888226916631644e-07
0.0110302097849293,1.2944772928961657e-05
0.0092770713133323,1.8568660489716233e-05
0.0045349386225237,1.1890770584930466e-06
0.002899405179657,2.1873632959383703e-09
0.015555731561945,6.330113488473979e-07
0.012882538479979,9.016979761833374e-05
0.016254286637008,8.802388279818744e-05
0.0050510354425073,1.5077239402865208e-06
0.0047173849542116,2.0842050282129326e-06
0.0051664461209094,1.576864835761373e-08
0.0051328769065659,7.953552954422543e-07
0.0052717830576094,6.646309437477187e-07
0.0060488746523267,9.433558396572942e-06
0.0069639251338818,5.273649018520063e-07
0.0031604406727482,1.1701685582214701e-07
0.0039538662335401,2.775409057375868e-07
0.0116933597609414,2.048822484272019e-05
0.0017714172316586,9.066564623675198e-06
0.0165233715514343,6.976802941644209e-05
0.0132743760437357,3.457934319878813e-05
0.0078215607750511,2.6652840249781145e-06
0.014970864344,5.567624166091681e-05
0.0144860504867639,1.8755047632747846e-05
0.0030050300595468,9.868026948985786e-07
0.0182580945618474,9.623442741419953e-05
0.0139272383322326,3.1055776533945436e-05
0.0158238524475141,0.00010575996203171918
0.0134376266672785,6.940491776966037e-06
0.017013915982727,2.3747289905811133e-07
0.0136921516575038,3.0487028215395845e-05
0.011979467695557,1.976457530832945e-05
0.0086615557159353,2.5561355843623873e-05
0.016972253209805,2.7164446288995796e-05
0.0032506752967996,3.7519179489950834e-07
0.0167755966453399,6.0297415902614366e-05
0.0036315298579685,9.151028299222397e-07
0.0037805301885125,6.815671206971614e-07
0.0183823360084993,0.00016339099983525774
0.0004122538444417,3.865098797220086e-06
0.0077252563948458,1.537783230970256e-05
0.0079306366737957,2.1971411970621117e-05
0.0034666656846754,3.723291936321514e-08
0.0170488158806677,7.050367451599224e-05
0.0002989941760463,9.472788988432313e-06
0.0041606943587346,2.297038254279277e-06
0.0159001085619985,5.938489153508137e-05
0.0198108905008247,5.998078773650937e-05
0.0117691269589311,3.974137168796533e-05
0.0028663339605654,5.742884223611318e-07
0.0174087315798491,4.465490335488526e-05
0.0163875372555797,9.385655637387948e-05
0.0163190298403252,7.671578583806212e-05
0.0096786237556851,2.5004954930378434e-05
0.0014552159425826,3.2559048415414786e-06
0.0058769073317665,2.709365531862118e-06
0.011986386773413,2.8384000087055005e-05
0.0144297421092494,3.794148071297173e-05
0.0023966468027965,1.6337497801703263e-07
0.0105109148895471,1.97705332466697e-05
0.0029868300903583,1.7480162437765539e-06
0.0191921215419494,0.00012162232518484798
0.0178821752801549,0.00014689209948898444
0.0101473390714262,3.3054257671897124e-05
0.0130966111366258,7.036948441895928e-05
0.0162064516403638,8.078941648538238e-05
0.0012721123736772,3.87674219018343e-06
0.0161246356853196,7.91821687273804e-05
0.0002416811710539,6.7985937038120184e-06
0.0097536900507433,1.201977607046355e-05
0.0109686026304743,4.345501397510563e-05
0.0042292038670594,5.556488157445708e-07
0.0174587781323876,9.122382683661059e-05
0.0044271400086668,1.110787423111203e-06
0.0067975866238218,8.139354648695085e-06
0.0167439879945751,2.379422460365561e-06
0.0198885571032544,6.818339114569296e-05
0.0094148384993715,9.567731560629056e-06
0.0007990461648423,6.585275823136767e-06
0.0096890682807268,2.9978004870877603e-05
0.0033852568126577,2.6953389346294066e-07
0.0135635285050335,4.022760535480431e-05
0.0133999713123944,8.341042266464839e-05
0.0010998543186409,2.0351411133958152e-05
0.0060793576671802,9.972019690398796e-07
0.016975555581038,0.00013198463865298263
0.0017297110096514,3.974691548580965e-07
0.0157453559633003,4.849316038729446e-05
0.0114052712536149,1.1095559407481295e-05
0.0068548269169525,8.052360484170105e-07
0.0150095691782303,9.180585434819324e-05
0.0137305055570697,2.9615668857302992e-05
0.0185620734246727,0.00015965765504697348
0.0146781859678174,5.708088443634752e-05
0.0112676219791142,2.966166510363145e-05
0.003243262186407,2.0008535496350665e-06
0.017265625608163,6.603122926447339e-05
0.0004439595680332,8.811635279441707e-06
0.0044106171482112,6.665481580690594e-07
0.0020201291859524,6.762675093447621e-07
0.0050739673534282,2.0304591398597864e-08
0.0167624781428169,4.968482632853112e-05
0.0175646818139579,0.00015640181191027517
0.0142507549049047,4.3139361275554863e-05
0.0181579939734762,8.107867744470335e-05
0.0038027833007514,7.791750239713923e-07
0.0195089456452421,2.9480355983439544e-07
0.0138441986937398,5.297312270966068e-05
0.0045859197661414,3.76870518324092e-08
0.0037991625859326,9.842328453733332e-07
0.0143899795591505,1.6475441954311693e-05
0.0017848272730088,1.8120439794077076e-06
0.0032547158191499,1.1629229838379218e-07
0.0131766863885693,2.7770307271038068e-05
0.0129635825037321,1.778834777797149e-05
0.0125001866225678,3.227431529561843e-05
0.0180043512124735,6.114577047540907e-05
0.0020934326453612,5.368115723307929e-06
0.0140354583511564,1.2233285546893081e-05
0.0183875450019742,9.187459463745793e-05
0.0116234236881101,1.757850920856104e-05
0.0181702865372413,9.969831859581578e-05
0.0036589220112406,4.766259097778215e-09
0.0095716122569777,8.567201340487224e-06
0.0042013146549213,1.6361297928991894e-06
0.0007116815942048,6.301246554981755e-06
0.0076030260307352,2.8869227863846306e-06
0.0074083112290661,1.3572720501981114e-05
0.0069238773612726,1.3527514637389854e-05
0.0141597432195217,6.210104091280561e-05
0.0137156240310013,4.006704794421915e-05
0.0187494947993933,3.1798169744563894e-05
0.0065252771937993,1.156758078801731e-05
0.0087911314781802,5.183871725824077e-07
0.0199551511483193,0.00012542539652338056
0.0026405540051323,5.712236526093118e-07
0.0109989651014171,3.86490488193889e-06
0.0146725687625548,9.264689433193013e-05
0.0124960308756401,3.864236467037069e-05
0.001882984127056,2.7141105920884094e-06
0.0058428792155783,5.044696518188679e-06
0.015818831079866,4.7808554761110334e-05
0.0065986765846432,7.123760373048974e-06
0.0116330919488067,4.878979860832322e-05
0.0175060915912967,0.00010441353376684769
0.0158949571289657,2.0820104780985053e-05
0.0089820014890991,1.2982238980951883e-05
0.0037043408057642,1.2509779088154732e-06
0.0185251964572934,7.1652924847024e-05
0.0041636752537212,1.9707428364279046e-07
0.0039946464602951,2.1038752750510308e-08
0.002418305215888,1.562795165204797e-06
0.0188774108486325,0.0001086284751180231
0.0034289455286367,2.737587288994769e-06
0.0189530358474632,0.0001433150068489063
0.0197236415334192,0.00013544474543274033
0.0116014750776345,3.495848196332986e-05
0.0124467381950841,6.127800500879528e-05
0.0164417450411895,6.802390804421498e-05
0.0194171565791974,1.6551051702069226e-05
0.0083101010563377,3.864894686457928e-06
0.0151500421734226,6.279915170100162e-05
0.0077331339892734,8.933398767755756e-07
0.015361675103215,4.438550777967852e-05
0.0026624011451191,2.101450783426325e-08
0.0167165027494441,0.0001247520994887163
0.0127421566110996,4.58897240286198e-05
0.0070686204867859,3.7676457707229307e-06
0.0085490863625569,1.2023493696075318e-06
0.0183616603901289,5.383469801403541e-05
0.0078031804780604,7.4031225230588035e-06
0.0080572093509387,3.881521151718633e-06
0.0161275954349896,1.8806801870018945e-05
0.0047625812789612,2.723916851103947e-06
0.016538022880547,7.60889729804597e-05
0.0119632743818677,1.610135199321968e-05
0.0051105448467523,2.3261199966971276e-07
0.0109577296241926,1.0062222272201466e-05
0.013433798391734,2.9865422060144263e-05
0.0143949173336667,4.470758953963728e-05
0.0198255576163426,9.368118915861195e-05
0.0016455533887266,6.011011780591559e-06
0.0177737789982739,0.00011476986001571797
0.0186621834700154,0.00010624046816281438
0.012786878450021,5.420517302297149e-06
0.0139253222824738,3.8296565944184726e-05
0.0050023130434679,1.1690250170907836e-11
0.0088493966326609,1.6594483192773452e-05
0.015166173474707,7.160757113873424e-05
0.0155548481278093,4.191811989168915e-05
0.0153846188858146,2.8592054453849707e-05
0.0158178458276914,9.098343961439952e-05
0.0016570991159587,4.815224040510082e-06
0.0052474152073117,1.0316325001879013e-06
0.0128490730882197,3.805134283675564e-05
0.0090313556959594,5.024656430737795e-06
0.0072588275788801,6.22686041788682e-06
0.0044596477919618,2.551293892226322e-06
0.0162703904771931,0.00010320232073293148
0.0182868633426303,2.464644256163452e-05
0.0120136404490892,5.4545891813329795e-05
0.0065076859928504,1.4553250212339422e-05
0.0046743400195383,3.940522117062715e-06
0.0099064438614625,1.0291824674809949e-05
0.0018147988996215,1.2119226669157337e-06
0.0199781112569067,5.224158377064781e-05
0.0098171849470344,2.90021705633848e-05
0.0038215427516588,1.442936899245769e-10
0.0056087895537115,3.5279554646485724e-06
0.0187735675639638,0.00010134174640297153
0.0038940258802474,7.076759304349232e-07
0.0167839709856831,0.00015266073950036455
0.0118199657984268,4.6014943221358444e-05
0.0121075138399341,2.7635072027371327e-05
0.0112959711831484,2.496681013730853e-05
0.0027574550853738,5.375328681254156e-07
0.0016892407989721,1.4723715955226867e-06
0.0141224736924844,3.6741518006965514e-05
0.0050170002840611,4.638643316904182e-09
0.0091630974023511,3.9176819346823656e-07
0.0031336744644211,5.491661948564035e-07
0.002190197459599,4.819997098969101e-07
0.0160337579040804,2.4575960094090643e-05
0.0127136459927826,4.676684611383363e-05
0.0170866092632491,5.248370259577716e-05
0.0125494768029521,4.833459610597382e-05
0.0174673333865181,1.3488122020871518e-05
0.0182600707514044,2.8287064222124508e-05
0.0124115585076896,2.0841019541950275e-05
0.0072791648813874,8.001905799503871e-06
0.0163379960272118,1.2209978168226362e-05
0.0100672472170778,3.018527513361894e-06
0.0185108775866811,3.412621893854348e-05
0.0004276007169755,8.904823624470601e-06
0.0029397025309303,3.888567528541251e-06
0.0059568027240018,8.034504916671846e-07
0.0156222628814333,4.6401412045811044e-05
0.0152244956411468,5.659008488621267e-05
0.0043091260631704,1.807644611464935e-05
0.0169277155827229,4.079450869416941e-05
0.011702454461424,6.442124996057877e-06
0.016941926407646,6.825519654309554e-05
0.019485612786574,0.00010551353244204257
0.0195645342276563,3.961443162782012e-05
0.0081319483672512,1.1932850520830057e-07
0.0018084235075945,7.227076476668247e-09
0.0197748208490351,4.857128419558874e-06
0.004919959380494,3.1909122386335035e-06
0.0039866113765764,5.919680936868521e-08
0.0030748951306107,3.078523407230096e-06
0.0051259624784202,3.8602526974108285e-07
0.0028584586577246,4.4475867152732345e-07
0.0039169529580144,6.174406009941507e-07
0.016535220850307,8.667182222562507e-05
0.0081745653331332,2.167405858743979e-05
0.0032627699952601,2.7060528805327403e-10
0.0124343580470148,6.245184731300526e-06
0.0001073459413279,5.544145214084564e-06
0.0056493547371305,3.848087387105829e-06
0.0142621755446964,8.243537526872754e-05
0.0058094140488805,2.4625791178679478e-06
0.0196238292744345,5.119439134312176e-05
0.0136146235374083,7.64085601179993e-06
0.0065588339850351,1.0442527015581917e-05
0.004795761284661,6.260106123865246e-07
0.0119586063372696,1.4718369757313242e-05
0.0177728276880036,9.74410514260784e-05
0.0086790066225973,8.92957625656973e-06
0.0190548269531436,5.629485168153904e-05
0.0032547244174634,9.040584454953155e-08
0.003951448349379,1.4860496157650308e-07
0.0121266685588705,3.0000768615975776e-06
0.0099635770206678,1.1442954184683301e-06
0.0116007697948639,2.5733041836230707e-05
0.0144257080973047,4.699251153017971e-05
0.0098019350221682,6.830887717913362e-06
0.0189277483905835,0.00016319448062612524
0.0177609719863069,4.597678447093816e-05
0.0041933994174996,1.3419424753094072e-06
0.0116525755522985,4.5838109122986814e-05
0.0157568355778652,2.8744779315884077e-05
0.0068845786260382,1.1007672548831933e-05
0.0186309291427124,7.564085771684201e-05
0.0053497401435765,3.5313238738812743e-06
0.017883288306923,7.2034476653166e-05
0.0006032231546376,1.956121048647745e-06
0.0056065569887044,3.5804074400104485e-06
0.0026035829065203,4.951489484503323e-06
0.0183115296425501,4.299244246417079e-06
0.0152722797870177,1.2584230507928724e-05
0.010705165252827,1.661519948239847e-05
0.0093126389129263,4.039069838547763e-06
0.0153436157084298,7.55923322945039e-05
0.0020081309613563,1.1782997336505514e-06
0.0042474299959132,1.6021655413712426e-06
0.0185160664468072,0.00010922525338739028
0.0153613927256016,0.000110118722190652
0.0013423166759815,1.6895710033695133e-06
0.0083501807671744,8.557703587676832e-06
0.0140532784014893,4.5776677880857204e-05
0.0029089290433857,2.4744663711766006e-07
0.006179152553882,4.02819551844431e-06
0.0152836594045067,8.846370356158635e-05
0.0018040425339378,8.403093489880836e-07
0.01992319731747,1.6860339613936797e-05
0.002834286024348,4.010985074953804e-07
0.0065491481053784,5.116890056393671e-07
0.0124633235233493,6.123350305630976e-05
0.0011730046515795,1.6868783309410863e-06
0.0045703296169544,9.739078300450634e-08
0.0196152188169155,3.5664958172100103e-05
0.0044043497106412,3.217009834318246e-06
0.0028449506950864,1.529919820362889e-08
0.0183910953898279,4.891495463481344e-05
0.0156171932763157,5.854220323052515e-05
0.0167841409691909,4.450541496242632e-05
0.0062503413327586,1.0667518604657185e-05
0.0177161288015588,6.363229013127914e-05
0.0033622145320415,8.544020563436456e-07
0.0029316293686633,3.07746279115887e-06
0.0160049602589633,8.389959628275562e-05
0.0038845119344759,3.54800369799791e-08
0.0027160960376799,1.244326914154617e-06
0.0141197834300233,2.8845606947603683e-05
0.014974004680052,5.363834965497864e-05
0.0043091277060705,8.582662692223186e-08
0.0066555858563757,2.8752370501527767e-06
0.0045474831150465,1.099421605627706e-06
0.0013112388247138,4.2872405486355385e-06
0.0041474783500333,3.229746671885059e-08
0.00439076398973,2.387442302902868e-07
0.0021281161490596,2.0353651965096428e-06
0.0105248830020935,2.814060605963103e-05
0.0136087829559055,4.8593492937724283e-05
0.0105129222625716,1.987668927866754e-05
0.0133557718534365,3.1891183427326906e-05
0.0157040476955088,9.512974906782837e-06
0.0033009074230523,2.545201156930523e-07
0.0058846993380447,2.5633010170154857e-06
0.0006742610629744,3.421988551988918e-06
0.0061877578040016,1.5849635013142394e-06
0.014622242258955,5.11877990208915e-05
0.011834826582678,1.7189170656980986e-05
0.0117136646754221,7.506013240108255e-06
0.0097215065786109,2.3618665730812255e-07
0.0100070677649187,1.5027198197485767e-05
0.0116317890562889,8.876963139941119e-06
0.0069327365122117,1.7378703058700733e-05
0.0113088120960218,1.7103767720035807e-05
0.0145319170592849,5.2214177035237556e-05
0.0021140211724302,1.0650975042023496e-06
0.0118510983930247,4.2167688801784264e-05
0.0097866422660449,3.957541902490818e-05
0.0157401586368477,6.471644577301676e-05
0.0153806372300687,4.4859582747014034e-05
0.015821315802799,6.851190358902773e-05
0.0170519137203536,4.6599543097605386e-05
0.0070234023855099,1.383878627903424e-06
0.0035687729759841,3.592313244739305e-06
0.0155851588893948,9.917755565306395e-05
0.0042407500852597,6.101837637853458e-07
0.0044465261065463,1.7916031194326593e-06
0.0188773741873757,7.009100217747945e-05
0.006370256503632,9.150361801004848e-07
0.003604359702089,1.2100182043616225e-08
0.0132718482060444,4.2225149337867217e-05
0.0029339711909373,2.7785220714024245e-05
0.0082668672423308,1.1775930770680866e-05
0.0159342654367964,5.4564802251557423e-05
0.0074716404293522,1.4232520721936643e-05
0.0130605888056846,6.393937937213345e-05
0.0030039076611115,4.193085114561899e-06
0.0160869898112385,8.395492744756996e-05
0.006715427804332,4.693653800909712e-06
0.0080525454557753,1.9768149488971895e-05
0.0001302071158129,9.748660323842945e-06
0.0121375122247369,6.06289049743943e-05
0.0055075108207699,4.2655366700165876e-08
0.0097377586998284,3.0119218954456244e-05
0.0140177235843073,1.2019961045248336e-05
0.0174887022658515,1.9870688869716296e-07
0.0121174598836998,5.5791001387357604e-05
0.0009762264786393,2.5751989731090745e-06
0.0102411320460347,1.1622928343645956e-05
0.0084086551919973,3.243204850689219e-07
0.0001523466165408,5.679349492999351e-06
0.0132910047824629,2.4488189638566366e-05
0.0150063551674747,3.076765167772372e-05
0.0010094832482449,7.172847591548525e-06
0.0043528587617996,4.946922415138003e-06
0.0080409494237682,2.286188654234025e-05
0.0036599420333001,8.221933940022527e-06
0.0180922541587158,6.508482396229664e-05
0.0074643699639928,2.188466097125906e-06
0.0127628330412424,2.377111202838014e-05
0.0114241104177505,3.0472377109889413e-05
0.0166224359692843,0.0001014403169242705
0.0190721604524438,2.5388624974329344e-06
0.0047822087546651,1.8047540445134674e-06
0.0099169578140641,5.3607884348762104e-06
0.011933802277117,1.3320840953399591e-05
0.0094285016780961,1.5700705913683592e-05
0.0149197175580322,5.596890958868834e-05
0.010483170852154,1.8261073433427775e-05
0.0043598305133666,1.0873800734480746e-08
0.013902664949519,4.9900781212232965e-05
0.0008060817651596,7.3507213984140785e-06
0.0137569884722446,5.0901280969282765e-05
0.0178038334353826,8.568033350258356e-05
0.0127651261492546,2.5089409606078625e-05
0.0131973550464694,6.100405665171882e-05
5.123068091480887e-05,1.3849262638444593e-05
0.0065805920295292,4.7583514546410594e-06
0.0159315587483618,6.593485886462885e-05
0.0101965052455967,2.5841887774827402e-05
0.0075572189825709,1.2738396036200576e-05
0.0139037056992662,2.9903515975924125e-05
0.0099602430691999,6.324474332255255e-06
0.0015448854357538,3.5590182151487676e-06
0.0025900308480372,1.9573944656056678e-06
0.0192792485094042,0.0001252984735971409
0.0137410400866307,1.3401411479156887e-05
0.0187325298694254,1.459857689755289e-05
0.017417127027161,8.879430743609528e-05
0.0078299712734966,4.162114189516429e-06
0.0094313706726966,3.878889254968071e-05
0.0090977082755685,1.36384025478351e-05
0.0091338101729088,9.79779835424658e-06
0.0175122706769662,6.29284635288313e-05
0.0188312039559532,0.0001267435879335193
0.0187147989734616,2.738259710884405e-05
0.0108580062228768,2.347243914389569e-05
0.0166023169560399,7.944999816253104e-05
0.0189210427060562,8.857846623505949e-05
0.0014951742185694,8.67258197376626e-06
0.0112905140342664,4.961707374781523e-06
0.0143505263354419,3.1621397350647713e-05
0.0148876852442707,5.1524927378919565e-05
0.0158671282819479,6.6042701626117e-05
0.0191766088633481,2.8441503207419558e-05
0.0082172408176038,8.730745636035806e-06
0.0076631560433475,1.8699980296499027e-05
0.0130953918830947,5.6047749200901656e-05
0.0045414338405226,5.518875201225366e-06
0.0015667382546515,2.567013380205468e-06
0.0022243872508643,1.6250165715493867e-07
0.0053588274647291,2.2562423888545225e-06
0.0154801815199415,4.4473537691289855e-05
0.0140245590210229,4.7045777684208746e-05
0.0099030420644348,1.2366602968733528e-05
0.0088914891734595,1.2616315613939819e-06
0.0001884521052077,1.0731789302222853e-05
0.0146296330549707,2.8728189351965338e-05
0.0157343328560444,2.8033339449491994e-05
0.0106384426144637,2.447215453532416e-05
0.0177613740348266,0.0001649955903081318
0.0174678813682965,8.219753060822836e-05
0.0006570687051788,8.519503338214007e-06
0.0197238286790376,0.00014334900297240073
0.0009452232383892,1.2341018799749452e-06
0.0075987639038443,9.765487713401863e-06
0.0190264561108431,0.00012367999395096062
0.0069821959468359,1.596599698661554e-05
0.0079996843820564,1.322095943631626e-05
0.0108984338920724,1.697710884316697e-05
0.0092508909194881,1.0607080597522827e-05
0.0063907340576645,1.921870691791371e-06
0.0004106962102797,1.2769262560866311e-05
0.0031666206612826,6.517463433853111e-07
0.0111346126335692,2.524896004310436e-05
0.0057294134857346,2.511789837881853e-06
0.0031412038326704,1.8196840661410515e-06
0.0128699384187457,4.426360853924668e-05
0.0142825423899512,4.323826892120438e-05
0.0160827074945997,6.143665677515686e-05
0.0156376819831424,5.526310225435051e-05
0.0127013581175565,2.168445486234414e-05
0.0001425595757431,7.825111686081436e-06
0.0007673052699162,4.526658517932496e-06
0.0045336790877322,1.3882365057782794e-06
0.00845305781448,9.63839571992162e-06
0.0036384092258727,6.590422673412155e-07
0.0163289814778135,9.500838077800479e-05
0.0092567034700807,1.756487275434093e-05
0.0110043405770643,1.896177123496205e-05
0.0045086158287121,4.845399103262024e-07
0.0133760346955269,3.643248361540293e-05
0.0183108075617739,0.00011989710405322104
0.0009157585393159,3.728675733738511e-06
0.0109048533186445,5.118653615388496e-08
0.012152145387447,1.404612453232656e-05
0.0042245801688704,8.328002979201062e-09
0.0115585169352342,4.980371372243679e-05
0.0102861953897918,1.0235666384670184e-05
0.0186046714691026,6.531537389709511e-05
0.0183368387310316,0.0001423819858358762
0.0139558084404245,1.65123516599191e-07
0.0194020402861811,0.00011849264027869756
0.0092877684576843,2.7490949090106327e-05
0.0158099172836041,4.163153892574744e-05
0.0099043483674704,2.331339762243058e-05
0.0152144528125931,2.925829645411655e-05
0.0042598825064902,7.710216924334236e-07
0.0151172089586019,4.185327089829589e-05
0.0157956766533394,6.570455505513226e-05
0.0076714324376439,3.690075743190528e-06
0.0142510022576576,7.138398771175195e-05
0.0041777306193635,1.8874273550974142e-08
0.0074683009575531,2.9172832696063225e-06
0.0102395366003431,4.17338536387679e-06
0.0168459872241298,6.939794067584111e-05
0.0081093041334478,3.31541198642147e-05
0.0115691704866047,1.6380772505457246e-05
0.0048040377528671,3.401481010980968e-06
0.0142659273556058,8.813087807615808e-07
0.0142530989778499,1.3194747167763962e-05
0.0052048049001869,3.148763786223523e-06
0.0198188384736678,8.921061542249514e-06
0.0031325787238712,8.548255411703426e-09
0.0141320799166544,5.112920212662056e-05
0.0119756832738258,2.4313898269558023e-05
0.0121375506520495,3.084189039027949e-05
0.0147960257350435,1.1473984136990136e-05
0.0171449436761408,0.00011465309945241618
0.017104417166023,1.984275387715691e-05
0.0164971392170294,7.836603661463856e-05
0.0061477100613499,2.1526059077813988e-06
0.0143810658347277,9.107965015011579e-05
0.0186508087992835,0.0001485008792644401
0.0009111501919066,3.0435079354962e-06
0.0083413422211686,2.074784473212728e-05
0.0078231445969121,7.25230075058962e-06
0.0102421080591277,9.309012926017358e-06
0.0085624976418302,9.258440352789845e-06
0.0045397047013127,7.51323916761524e-09
0.0102145106125871,1.939918455839767e-05
0.0191619458074636,0.00014984700541105858
7.067753526116993e-05,2.351122015967075e-05
0.0152773982696062,4.596790643581078e-05
0.0119559736886702,9.971901202723485e-06
0.012775818613261,2.1028190924968282e-05
0.0007857703962315,2.9275176557092644e-06
0.0125435917771759,5.501309101150235e-05
0.0059188346042036,6.477530253899392e-07
0.0058561920746386,3.5709319750759236e-07
0.0100110483443054,9.507733294945118e-06
0.0050716228874426,1.2701102629251155e-06
0.0067832128747476,2.942958673368238e-06
0.0165992826258815,5.7498877037093324e-05
0.0186607748815034,0.00010324905872393129
0.003501483447887,9.05802348560353e-07
0.0150153108421485,3.351934508638093e-05
0.0064495454735044,3.2106077170561085e-06
0.000248430653771,6.112246361167136e-06
0.0009605349574631,9.819863744237997e-06
0.0043009591656091,3.7443770043030754e-07
0.0029376436310498,5.994166956826452e-08
0.0101907268439778,2.2381841613417153e-05
0.0136140596111284,5.911844834253763e-05
0.0143292081438779,6.73261502967709e-05
0.0043327393286572,2.3297055054028724e-06
0.0028078031854287,6.476001582543591e-07
0.0104242391015685,4.2384229040328e-06
0.0134384507538332,3.929545251953662e-05
0.0019242281814805,1.7328647890061084e-06
0.0066967459941895,4.425867498547367e-06
0.0050325193603523,1.9028048561247176e-06
0.0139963923357456,3.944123294500733e-05
0.0143657434400792,2.409735703956245e-05
0.013749222495873,5.8274517178736345e-05
0.0067860859156466,9.942901058513492e-06
0.0034362232162782,5.211055821143266e-07
0.0043167702750756,2.4148453794812756e-07
0.0083060248515684,1.7793113124276806e-05
0.0063846166297184,8.189214568537882e-06
0.0117714801981284,3.467511105783617e-05
0.0105806415078184,1.0578050651758584e-05
0.015881650798459,1.1428021908849226e-06
0.0191079532545386,0.00011978004551238464
0.00020097768087,2.3087455494152934e-06
0.0020660376001546,2.8404106011134223e-08
0.0069724856409129,6.509601850840805e-06
0.0185461213309334,0.00011571082186114681
0.0079770431628638,6.903549393892328e-06
0.0148035777925057,6.825703791417272e-05
8.70732064520796e-05,8.317978078972965e-06
0.0123023126582864,2.790610439327203e-06
0.015711211614262,2.926737192869295e-05
0.0039148556318253,7.654867607899335e-07
0.0085990303798208,1.68204685843264e-05
0.0080492408576451,1.7144774004710548e-05
0.007970289480017,3.350298118587817e-06
0.0049065235529906,1.0637129236753246e-06
0.0062862923206226,7.842513377158627e-06
0.0012887663655891,1.7985232418992236e-05
0.0158006526986285,7.382970427327062e-05
0.0127927872843671,2.5879464981263275e-05
0.0016350498578746,3.9833466479166926e-07
0.0085579690866803,1.1745456353596332e-05
0.0146475560693743,3.878154005783588e-05
0.0085507175480864,1.8878447524508018e-06
0.0134771555761178,6.995205592608192e-05
0.0097945622273252,3.7398645248943926e-05
0.0144262536510242,4.688966905840781e-05
0.0053327439801747,3.1420224096861594e-06
0.0089976559382615,1.2369118701909934e-05
0.0014589955687803,3.717885929586757e-06
0.0106709052502959,2.4794389382291398e-05
0.002425406171348,1.218051000218004e-07
0.0122882750233633,4.177260729317698e-05
0.0083057643833432,1.845797442450693e-05
0.005074010272446,2.8403250950598713e-08
0.0013053409200585,2.8768226659098892e-06
0.0050074100439537,2.8481386749967885e-09
0.000523584779429,8.390985180198281e-06
0.0195571454561403,0.00012384386765865304
0.0074902634056087,9.918075619949442e-06
0.0078039688369953,2.6240665138958415e-06
0.0060019184320401,6.573463495689263e-06
0.012930114002259,6.485481139238915e-06
0.0080350446787325,8.058625431945854e-06
0.0097084837742628,1.9944071190175436e-05
0.0099107470687572,2.7846955362134693e-05
0.0064780395963584,6.97921375225301e-07
0.0088121915127149,2.1342931608504163e-05
0.0047352784636905,8.178213245258307e-07
0.0074054355064167,1.5547310077216682e-05
0.0055282217504644,1.7320233001194057e-07
0.0018058080967257,2.1819861137155132e-06
0.0034087532217626,4.319643869876853e-08
0.0099991786400545,1.554980715906483e-05
0.0180718681649007,8.934195834727954e-05
0.0123696576311898,4.814892263816413e-05
0.0184735692311979,6.510213524595158e-05
0.0022075754762586,6.807096919175371e-10
0.0026452111543474,6.579119212356502e-09
0.0091471577100132,3.0078024940040338e-06
0.0105883788836652,3.093178021044313e-05
0.0178232602020126,0.0001227857698146327
0.0087641812526788,9.724723275769484e-06
0.0091794317520451,7.421591995889362e-06
0.007994718175595,1.4978730403068946e-05
0.0155361547532454,2.190755569878743e-05
0.0033329300291095,2.9556804328225825e-10
0.0126926331294752,8.048975945830845e-05
0.0144063891112672,5.8536964836365374e-05
0.0038098442059959,9.184157934877284e-06
0.0096619296982387,1.2830569236729575e-05
0.007771993719288,5.773135753942068e-08
0.01339524165702,4.7796998757429964e-05
0.0072396917655617,2.9287260617879715e-06
0.0194738569168458,0.0001322873956308578
0.0082355546739562,3.2242467378364086e-05
0.0029305215734702,4.7423992990722353e-07
0.0149577860012894,7.75957605117244e-05
0.0077029863482035,6.362852922310001e-08
0.0087087601312617,3.8063871525601176e-06
0.0074454991856531,2.395652097498995e-08
0.0077395185092365,4.585183052908504e-06
0.014155211711298,2.150980227523069e-05
0.0188949400296237,8.838238170598958e-05
0.0096437646610313,2.5966156067828137e-05
0.0073372502025146,6.021117199230636e-06
0.0059103304045732,5.1202625743055535e-06
0.0171705482362371,7.836118774883814e-05
0.0181568953125715,8.646037964165661e-05
0.0053238821246103,2.987316771086287e-06
0.0111943121826883,2.272978918481706e-05
0.0014380422524271,1.2590272917248147e-06
0.0137253562609795,6.551541019330138e-05
0.0026996974263187,1.170207731461842e-06
0.0181442206294757,6.4640929819516664e-06
0.0085465240216768,4.792387418593566e-06
0.0093208890857512,2.709410709770131e-05
0.0129827319396287,4.14856554097982e-05
0.0034142312107605,3.043087045421173e-06
0.0081866414866474,9.31752282147362e-06
0.0121441366218718,5.471324796288022e-05
0.0114588519494909,6.0696472622196145e-06
0.0025684038814987,6.976429094609162e-07
0.0019019034263812,3.6671256711200373e-06
0.0050694272361762,6.588203154108362e-07
0.0193619940643413,1.0254987259655535e-06
0.0175530418461621,1.8223472988367187e-05
0.011721334957418,3.106100610842691e-05
0.0009435521576822,5.917259454164113e-06
0.0169537764206102,4.9826276546004995e-05
0.0036435985880586,6.821782247317532e-07
0.0009760860035158,2.1091431890334706e-06
0.0124839328737441,2.969176497206284e-05
0.0157557324131821,7.666384930344091e-05
0.001685529613915,1.2265119766091783e-06
0.0117697031011525,3.041096531695184e-05
0.0176002065921331,8.366843472811162e-05
0.0085416476031756,5.310178314232322e-06
0.0094253031577976,3.026343898363241e-05
0.0020775675392929,1.1797949768135507e-06
0.0192765659916732,0.00013254935146480621
0.0100642525228012,3.068716973662488e-05
0.0198071336723504,0.00014291031969726803
0.0050267420546486,7.141664113115403e-07
0.0158388174994244,8.180579139214497e-05
0.0025697126217964,2.54286629302824e-07
0.0080187552001529,1.3694804589894469e-05
0.0114850469033687,1.3716283833681241e-05
0.0041304349979759,9.052119699451306e-07
0.0028460569244098,9.671546684360269e-07
0.0172278386127228,4.1257753934286836e-05
0.0089996112044497,6.1437394234807205e-06
0.0142963935316298,3.953725835805271e-05
0.0050813804990676,6.063557770622236e-06
0.0158263411999671,7.442295570477647e-05
0.0181654115933099,3.0420906141695922e-05
0.0027520842098079,5.707501817627635e-07
0.0028482648930444,1.94905723863068e-06
0.0117999723554761,7.2165588401108074e-06
0.0144803934487115,4.960702909938695e-05
0.0053600109967174,5.635652226998328e-06
0.0174199022304922,7.226827328023376e-05
0.0126042481300224,4.6059963594303464e-05
0.0043464438317862,5.799078853426567e-07
0.0175000866261523,1.4497041635069357e-05
0.0054412059663092,6.005051991558203e-07
0.0130051511301469,5.181784146235039e-05
0.0159310606338928,2.556354045824815e-06
0.0107250230752752,1.1316288243444053e-05
0.0050796806890663,1.6132814499172476e-06
0.004010023035423,9.631758034075725e-07
0.0153967213575125,6.110132243564422e-05
0.0167822329783068,6.750214521531761e-05
0.016745184111571,6.50611970334212e-05
0.0027905877926356,3.122886580991502e-07
0.0149056542434071,6.803465551111722e-05
0.0004082490485169,2.4911047640756953e-05
0.0187655717855392,0.00010780024735789132
0.0020089820220275,7.451548975772517e-07
0.013692112493764,5.453529472095341e-05
0.0154713210177232,4.863509081546722e-05
0.0146429167182093,3.6900606997254e-05
0.0079241551802436,1.1541974689925501e-05
0.0007663992194243,7.120493608487208e-06
0.0027394236972331,1.1634397817875881e-06
0.0106692842571221,2.5171770261811477e-05
0.0170529729883806,6.154755705382043e-05
0.0162474458248214,0.00013177520717999461
0.0085529086436139,6.125271013912834e-06
0.0095642037010864,3.780243085190503e-05
0.0033410107559832,1.4836401405230689e-06
0.01229184248526,1.6062564517220953e-05
0.0064239691372571,9.041289658241542e-06
0.008663699848305,6.062725840096219e-06
0.0197118797279699,4.150356217275391e-05
0.003487899191667,1.118654491252914e-06
0.017789720175667,9.835922712961419e-05
0.0079567626296608,1.9186783383144936e-05
0.0107507125833382,2.791826872797491e-05
0.0001330024097975,3.620204140117468e-06
0.0082196827258064,5.096234577486813e-06
0.0166285177052699,6.818025895789879e-05
0.0166312790053397,7.033289874221322e-05
0.0018318488165099,7.364249184891504e-06
0.0021878027906494,1.223526867729081e-06
0.0076363956627602,1.0013048840116391e-05
0.0089035745066203,8.046673498568854e-06
0.0007317482298653,1.2672641355566376e-05
0.01042007924328,6.715896172894504e-06
0.0105923487586579,2.4290419796198755e-06
0.0070684220029313,1.115416272672548e-07
0.0048815761271951,6.718854574475504e-06
0.0147537899391177,5.4814097653001056e-05
0.006211187351836,5.230852867943275e-06
0.0126260797829961,3.494866922802522e-05
0.0108840672327825,1.9813609225703514e-05
0.0021107668951696,7.824566683726467e-07
0.0058671733280197,1.3212567305738856e-05
0.0019489860336112,2.791176923974278e-06
0.0003021595245998,2.2714532329176183e-06
0.0195002497464317,4.3787845296317804e-05
0.0085026053195335,1.5389458741900039e-06
0.0186640417654733,0.0001017652209950856
0.0164666652073034,4.336805406268216e-05
0.0078457083415537,2.494465669979538e-06
0.0108773868373022,2.5078129649130695e-05
0.0045753815827973,3.703733197311891e-07
0.0023295418542988,2.1304917382974924e-06
0.0118032680169709,3.011899142187835e-05
0.0005845756936043,6.004466609041073e-06
0.0137480886888686,4.4633809739521086e-05
0.0003216416303934,3.129941286247963e-05
0.0117130886888232,4.0324488643932814e-05
0.0022182381872545,6.134376697866574e-07
0.0034111387251589,1.2092877200040936e-06
0.0020654233473046,1.132425569794143e-07
0.0129259275535568,4.763019871806658e-05
0.0199596802119514,0.00010558173407118512
0.0011896796071978,2.289231335455802e-06
0.0028344802154509,1.0816590960187498e-05
0.0010435123046378,2.1895139302277903e-06
0.0182118406823786,7.935913205392355e-05
0.0016299058982549,1.9577249551596224e-06
0.0135461366525384,0.000102024421492124
0.0017769262841366,1.1457545293874577e-06
0.0035783515701939,1.3557221982210329e-06
0.0136585504957296,5.038254211397912e-05
0.0137701724351839,6.334269221076034e-05
8.538447102680368e-05,7.537525780043242e-06
0.0166484529672899,0.00013752133605214047
0.0091711279217439,4.496682526645059e-06
0.0080092501987973,9.079256676289961e-06
0.0184730614220836,0.00017295353944060001
0.0147293222321081,2.603374480808514e-05
0.0165738877894635,8.67214120313275e-05
0.0170228843437606,0.0001090171356636935
0.0080022993618529,1.6288596952513016e-05
0.0098712483182212,1.945445614689828e-05
0.0113633921054982,2.8739891097018992e-05
0.0044748921768444,9.55641861147098e-07
0.0049912597678005,3.081794457956814e-06
0.001030392886626,1.5820780510998078e-06
0.0072410023817104,5.005217592000032e-06
0.0092256283622717,1.4244143689492069e-05
0.0128893623509091,7.094673378602419e-05
0.0023122624711396,6.59832943794575e-07
0.0184198111661262,9.925787737025594e-05
0.0120610257058625,2.9089568120420542e-05
0.019861229386511,1.245051800240661e-05
0.010987726587093,1.0341816668360126e-05
0.0006971504246043,4.51736795050769e-06
0.0127568480283177,1.774925102277859e-05
0.0001847409730287,3.426139886824438e-06
0.0198364312599877,0.00012444752753365036
0.0094260851201739,1.4578571570020106e-05
0.01349325380118,3.8569174865874896e-05
0.0078131824567564,1.904482896795605e-05
0.0061780756966356,7.691797630872207e-06
0.0188324895600618,1.7575386602476537e-08
0.013142571799372,8.347837950748872e-06
0.0137175100406233,4.799342753761078e-05
0.0110124811852796,1.9070173209497633e-05
0.0152417424116198,5.319187240516101e-05
0.0139893142703359,5.2841637659782145e-05
0.0164363931552857,4.367613650035775e-05
0.0022033039407037,1.272352786166325e-08
0.0102328519810041,3.4096619825435816e-05
0.010959833628688,2.245595177449789e-05
0.0070183758387182,6.057463251994713e-06
0.0024013794853891,2.2071926142849494e-07
0.0015865306850129,2.2908814185426505e-06
0.0101404164567066,1.3678972009960195e-05
0.0191161606346595,0.00012581507489487328
0.0033070078013147,4.292847667940484e-06
0.0121093809220148,2.561730697984176e-05
0.0182136267260695,8.90064433738375e-05
0.0178945960971067,9.518013600485914e-05
0.0194589966417675,0.00010227814666073492
0.0148421848810456,3.972103457204411e-05
0.0146205103172272,5.235112532171978e-05
0.0179847080614524,0.00012632422501857428
0.0088728917413063,7.136656879316253e-06
0.0183722790099626,8.975205852885576e-05
0.0149784046909433,8.402560401473566e-05
0.0079883322006297,8.068426798372274e-07
0.0029337488482144,9.055412233068006e-06
0.0035219862828894,1.5265332742244663e-08
0.0180456896803002,0.0001490715821541831
0.0018882067689983,3.474073855334968e-06
0.0169437728591528,9.126799311840067e-05
0.0076403635926821,8.287658226817157e-06
0.0084513596877381,1.3851001810099281e-05
0.004781312772921,6.856015571016105e-08
0.0067621925235002,5.695165363656893e-07
0.016197088473349,2.6726377906367733e-05
0.0164244311957825,7.60832922071661e-05
0.0072795392029876,5.336870592698772e-06
0.0010238887999265,5.63627971948779e-07
0.0060208658575744,1.418214692196804e-07
0.0048781578086846,3.4012888223855697e-06
0.0122668412121492,1.9342968557197328e-05
0.001212581776308,3.3073859054148724e-06
0.0001837406945994,6.866157459874383e-06
0.0198078817948984,0.00016850775155356933
0.0111129748726747,2.9906689845110043e-05
0.0173578980315238,2.377107083554604e-05
0.0189023830583134,8.04789472722273e-05
0.0056053835452672,3.767270215379516e-07
0.0066471983908322,4.2668161419506144e-06
0.0074603615966458,1.084806903409181e-05
0.0114720987457101,1.3070955821264197e-05
0.0105093885446174,3.478080414031002e-05
0.0121281277137293,3.1022456889921156e-05
0.0179488608769791,8.936718813426643e-05
0.0140496918916234,6.157864952820544e-05
0.0013630339960236,3.4396389362802708e-06
0.0094484228324046,5.114125731697097e-07
0.0152916113334864,2.0674841185293264e-05
0.011155218566139,1.9087963259948343e-05
0.0003786530609138,9.779380944967588e-06
0.0090386251490155,1.371188744408488e-05
0.0032440697999784,6.037015411063991e-07
0.0185993220102076,5.4413265785482736e-05
0.0076940112983835,9.457470055949947e-06
0.004623507713678,6.040032297586114e-07
0.009339999073427,6.0587123925330685e-06
0.0101911024899409,3.6903785058412195e-05
0.007085273274665,4.2199377344215225e-06
0.0086241474806954,1.5605830464653524e-05
0.0101387085232605,1.4374566584626089e-05
0.0074144029782702,6.309379554594879e-06
0.0054299489950943,1.1525641995198364e-06
0.00753644946441,1.102053028261123e-05
0.0078861654890057,1.255910572605236e-06
0.0039794988949981,1.2829036031171988e-09
0.0185211119795458,2.387614507677289e-05
0.0125873023575513,6.005943764353338e-05
0.0049871536256376,1.7390497340145503e-06
0.0035015991453943,2.797420101377879e-07
0.0140719076887611,8.23572777668913e-05
0.015868841151693,1.7460120893038102e-05
0.0128749261148093,4.570132614884306e-05
0.0155009083629259,2.8066716260237596e-05
0.0027058458335812,5.025298693677943e-06
0.0072189130624256,5.652015555909173e-06
0.0009142017119802,9.344651870364527e-06
0.0071912903618272,2.05104539837953e-07
0.0023066606163525,6.644493716765644e-08
0.0096392538322994,9.74568039625669e-06
0.0036745967107246,8.112228507217566e-07
0.0007417734037306,2.251494703726421e-06
0.0091082767186841,1.0414005606514572e-05
0.0020465603749897,2.773497124327548e-06
0.0148925381025782,5.942978385872229e-05
0.0071453797208544,2.039180621905032e-06
0.0005093482951436,7.2887704654836765e-06
0.0091854545542047,1.8618097837974735e-05
0.010052180598513,2.5526788479975917e-05
0.0046873226167071,2.5750109220117743e-10
0.0190931987392438,6.0306460389260645e-05
8.032644957362223e-05,1.1636158499791539e-05
0.0074471926642498,1.218073231964028e-05
0.0047872241768326,3.997819315996713e-08
0.0032195508836156,7.476962378477768e-07
0.0021075244578225,2.3360132482607085e-07
0.0168539357114207,1.9769984537535757e-05
0.0180866492706332,9.266979109963777e-05
0.0172826147309877,8.313811614418821e-05
0.0094183176616478,3.58586986800655e-05
0.0093497579576743,2.1659080711251448e-05
0.0148383077277834,4.522612838992006e-07
0.0117063223372255,2.8829976789476304e-05
0.002343591352775,1.0593304939221956e-06
0.0007203532678894,3.366725386046478e-06
0.016392020047977,9.439272845408136e-05
0.0026567715930092,1.8211091276054165e-07
0.0098768463309685,5.3318987201212055e-06
0.0062747565371918,1.1217115140419498e-05
0.0130853367219936,4.9218900518067445e-05
0.0007909133223464,4.00473303441858e-06
0.0040192565126062,2.5125867513170993e-06
0.0166814487129023,4.26077666976616e-06
0.0139218168210083,6.132454295723021e-05
0.0110445209775704,4.632094820965646e-05
0.011559729277634,1.7464665414366092e-05
0.0070849910158215,4.6401598842373977e-07
0.0192965244634748,7.066795405813171e-05
0.0047491574807224,9.977394764711387e-08
0.0140323291855951,5.326952332471958e-05
0.0056931420961271,5.142062846073228e-06
0.0030208875468376,1.4142276621672625e-07
0.0017827736147904,3.4227800971771546e-06
0.0022222616785983,2.3043855058554543e-07
0.0185279528483054,0.00018245321540011393
0.0068388299404816,8.326869175918963e-06
0.0015426419945282,2.215897912334163e-06
0.0125268867105993,7.781144262030125e-05
0.0115212478203863,3.644763213803821e-05
0.0147188623358306,9.289770406327853e-06
0.0133048772117332,2.7373462470329522e-05
0.0043623933272513,7.160827449021876e-08
0.0091097479623214,2.9827707183815404e-07
0.0056872756725126,6.32714261153899e-06
0.0196621787005103,0.0001749788696709519
0.0034918850377118,4.152552552363481e-06
0.0093928697999612,1.3048715063101356e-05
0.0157204106204385,7.984309875610427e-05
0.0198754551120359,1.7985988965222596e-05
0.0081712174878652,4.998664210803071e-06
0.016377635272273,5.942444870471828e-05
0.0142119917101626,1.9487165760102393e-05
0.0120468458011966,4.558943971326896e-05
0.0148313974524422,4.693022288510761e-05
0.0089089551179239,7.058083662688922e-06
0.015019968282366,7.837061709647702e-05
0.017863789396856,7.34567988668144e-05
0.010090405423095,2.708722256675039e-05
0.0074448546103666,4.390165104035992e-06
0.0070582947149609,1.9502319421774377e-05
0.0084425657761651,1.9291066078975823e-05
0.0113119100910023,1.923548738908934e-05
0.0119578625861058,1.2857946624429104e-05
0.0151273094093209,7.797875201753047e-05
0.0091469811910872,2.1914597309522465e-05
0.0150060326655556,6.174364328988106e-05
0.0002406762016874,4.534857243752773e-06
0.0182931675186063,8.827965105587918e-05
0.0162614971899656,7.544388881041463e-05
0.0126203986806013,1.3833489919489022e-05
0.0148667307940389,5.382334056486435e-05
0.0071718638831289,2.600177323158238e-06
0.013020539524348,2.988225750045961e-05
0.0059498752612701,3.486809420277239e-07
0.0181730768717626,0.00010502491122132019
0.0101306710831476,2.204489984892909e-05
0.0077677242472658,1.0658615559201625e-05
0.0179037054773785,9.949354611749887e-06
0.0038925837337895,1.3794752686117259e-06
0.0033649787196436,2.4749237913451224e-08
3.365744963915507e-05,2.514271126674372e-06
0.001012166342009,5.184571152705316e-06
0.0086740620687213,1.615456077800209e-06
0.0121192443888915,2.9671441083421836e-05
0.0052734970593836,1.055066656791158e-06
0.0143144696586056,6.156373368247474e-05
0.0016846345470643,4.606643075605997e-06
0.0105965610653419,2.354857397394931e-05
0.0069577639973415,1.619546147482277e-07
0.0016751415255119,7.771951003476164e-06
0.0002325951162415,1.1598688554211498e-05
0.0106414445233317,6.879719818021772e-06
0.0135792804130393,9.17200148511852e-05
0.0039149733154859,3.345842715907309e-06
0.0135948006412348,2.387401972731776e-05
0.0086233752517039,3.466872564088538e-05
0.0120400562482639,3.4859000055335605e-05
0.0120573065190134,2.5488440214366293e-05
0.012185730285213,1.9010208363612147e-05
0.0156435585046826,8.084366293729158e-05
0.0174853985841337,8.419175993210775e-05
0.0026941908392959,5.254130619754838e-07
0.0084992741508167,1.6343747519476602e-05
0.004761278435203,2.1225551707597167e-07
0.0161046484300084,3.589777585807034e-05
0.0160523723226424,8.391414698971513e-05
0.0139569252656628,1.544550775689242e-05
0.0052654579610649,3.291702718580846e-06
0.0194690946348811,0.00011253493803685734
0.0062040060609491,4.637992526064173e-06
0.0147407178581434,6.282613514163184e-05
0.0046734233099995,1.1130188300606428e-07
0.0084912165756097,7.9182468221878e-06
0.0042569166689631,1.0441462762102645e-06
0.0028465597294367,1.0314782051613529e-07
0.0017679324166699,1.4107249982907419e-06
0.0161569506049359,7.369842009667447e-05
0.0024095411863128,9.10446814488629e-07
0.0111559111830622,2.292197044170647e-05
0.009565619536631,3.0783359096808095e-05
0.0199390825441751,0.00014022187329672142
0.0029559177824578,3.922803868927152e-08
0.002142128589225,4.0641393082515e-06
0.0104953259300167,2.2033494234574813e-05
0.001184473406257,2.027695120730814e-06
0.0033969938835132,9.838948891678292e-06
0.0031948415374183,2.171974157483878e-08
0.0102691121689512,2.6121133573962247e-05
0.0069052421706512,8.468024867849767e-07
0.0132234990460636,5.117657761170884e-05
0.0189279782470994,0.00011518329300038566
0.012334606923443,1.9546589319294802e-05
0.0008861117786805,4.356817064851879e-06
0.0171676153661124,7.331864340223456e-05
0.0070320597657872,5.822515775875287e-06
0.0150325073224663,1.141408654741699e-05
0.0179276234673847,8.935809373172662e-05
0.0089324598471312,9.587698988369637e-06
0.0011227569046336,1.3664096967213756e-06
0.0089115634115461,1.8176928655009055e-05
0.0120752932484816,2.909772270534731e-05
0.0039585568295643,2.3267132625592439e-07
0.002827036115025,1.8028143744949004e-06
0.0192255018724768,0.00013778779173385838
0.0025011846726415,8.363315584913348e-07
0.0108106628695637,3.62818004407644e-05
0.0149567741635472,1.535239893796922e-05
0.0063088689171749,1.096800996091438e-05
0.0092324372084084,1.48550459463873e-05
0.0017766329413312,1.7135982975429001e-06
0.005459439401958,2.6748284815732452e-09
0.0055080297733895,4.335156365373771e-07
0.0118329678493146,2.195464480417455e-05
0.0040360377821873,5.433805584563508e-07
0.0118686026151983,1.103276780899983e-05
0.0129101722001352,1.8594453207840202e-05
0.0145039582642733,4.4025630022052675e-05
0.0151170564792828,6.727895875650672e-05
0.0054468488959432,5.737978363762694e-07
0.0083572185063484,6.062043254169159e-06
0.007044200592669,2.767896203793063e-06
0.0006690917376185,1.0334817791283967e-05
0.000644228938393,1.0785437724364253e-05
0.0049580757722704,7.24169941533993e-06
0.0050358106521656,1.405728491244331e-07
0.0063095218404019,2.2267343281648057e-06
0.0080518641497057,1.0616614863645465e-05
0.001143591286837,5.7622871595918494e-06
0.0136111962890611,1.0269501039432912e-05
0.0163536823993739,2.965096158613745e-05
0.0191427519715945,4.0429669873894875e-05
0.0084575978983346,9.010567774125966e-06
0.0168730219529815,9.520355418947892e-05
0.0096826957168774,1.59906774356511e-05
0.0114753624884408,5.3053104131951334e-05
0.0060785749913077,5.199942838316813e-09
0.0011935734309953,7.410201934111013e-06
0.005460667046947,6.913073856250829e-06
0.0181923266106935,8.581906800470052e-05
0.0140154321459907,8.954648822392614e-05
0.0106701686619717,1.583254953217663e-05
0.0012205778016682,3.2662456521136872e-06
0.0019500409507152,3.3203051755938136e-07
0.0090472376643863,2.5599823948333346e-05
0.0167628492847857,0.00012123509948949948
0.006858673065687,1.2432114182423067e-05
0.0067266595356538,1.139379844131567e-05
0.0057574089066934,3.6104999945479695e-06
0.0065302982046609,1.5478974389722846e-06
0.0156098836385271,5.354542643071847e-05
0.0038307034252871,3.123699038529448e-08
0.0004365201025301,5.236995439015174e-06
0.0171554029648664,6.862447702477053e-05
0.0084101625602782,2.3687043815017324e-05
0.0001479951986089,4.400063546287904e-06
0.0112101729731817,7.554416956430343e-06
0.005686760577721,4.311110742227528e-06
0.0089200623697003,1.0908006922307167e-06
0.0148317092735967,6.286126017927149e-05
0.0004149559681954,5.766207830551617e-06
0.004287422378959,1.833532458187172e-08
0.0002195253867642,8.797803279204213e-06
0.0144134761533318,5.665370963993429e-05
0.0084269259246921,1.8594147727461508e-05
0.0193695136715608,9.161318564188094e-05
0.0039938493529942,4.781071058883585e-06
0.0095335341214473,1.4642068232259916e-05
0.0145936993645088,6.542172500185308e-05
0.0125403747715781,9.048245949032323e-06
0.0153509295921319,7.112956910198424e-05
0.0132082392483443,4.954429181618524e-05
0.0146533309014125,8.405616377305298e-05
0.0071724230801625,9.898592688397915e-06
0.0017134952461915,9.4186762657598e-07
0.0103147792287099,4.445220315363448e-05
0.0021949095671471,3.1736401745331067e-06
0.0138827326600836,5.0989017196485287e-05
4.462130510527463e-06,3.4915018598186667e-06
0.0198959186008002,8.165674899195397e-05
0.0184382514816592,3.300853497028507e-05
0.0041845882943907,3.3585497470388287e-06
0.016598127067814,9.071818001325479e-05
0.0022237441226783,3.018372310207537e-06
0.0096908954288893,2.6402783642013272e-05
0.006285801494378,3.7016387175616273e-06
0.0114007000634874,2.4703368216153725e-05
0.0174791273420515,0.00011454677965004
0.0104086019632292,3.2110010811689884e-05
0.005255982372324,4.063310080324431e-06
0.0048344018785061,8.62482754204937e-07
0.0161541946973221,9.391044147553853e-06
0.0075328009965608,1.1616640450243391e-05
0.0150139729588198,7.384527057888278e-05
0.0018435577151977,5.6815976405149815e-06
0.0075244133556152,1.1437586806062078e-05
0.0100512726361677,8.069245339693157e-06
0.0155309947272583,4.625948492135188e-05
0.0143429685377457,7.153659585689261e-05
0.0065217008481257,3.0461122671115636e-06
0.0026417069092194,2.7554809170200504e-07
0.015579027751425,5.147629615934989e-05
0.0077754064836643,2.5701975901450293e-07
0.0075797781972172,1.8969354152218005e-06
0.0093311066976686,3.7695239633669574e-05
0.0051709066640415,2.292651126053191e-06
0.0035636571384319,1.6949863468923494e-07
0.0148823941952942,4.4124080921477994e-05
0.0061849358314681,8.612209362985134e-07
0.0098212099059442,6.433776507971019e-06
0.0137816690938553,4.59918096295675e-05
0.0092104802250426,1.0670065866523183e-05
0.0122414958223528,2.9222641721788506e-06
0.0189314310234844,9.758236416899566e-05
0.0130874678248891,3.352139754366497e-05
0.0075025120251448,1.5833172733244943e-05
0.0090766552339739,9.913003655805235e-06
0.0156080376643079,4.692968795073973e-05
0.0048682068852819,2.5718755780877814e-06
0.0172292669936818,7.463701896278852e-05
0.0128561877503331,1.4167536564734699e-05
0.0035678704923802,2.418329271625563e-07
0.0127409901938933,2.3298340012977645e-05
0.00735019065,5.239024644664072e-06
0.0181130731785938,8.697887907785075e-05
0.0194733144561291,0.00012612514749506102
0.0186105099950035,4.080123949983883e-05
0.0065227529268573,8.545789891884321e-06
0.0152114376568296,6.582660822483683e-05
0.0083700555223661,2.9319080266474784e-05
0.0055688225692669,7.580336669371343e-07
0.0129830141367279,4.4505323526593084e-05
0.0075340770909667,3.4516084579353354e-08
0.018716377231544,0.00010449303685415317
0.0130605052546898,4.679858548083893e-05
0.0178626716024629,8.97417924613256e-05
0.0065835116795615,1.0839749413809053e-07
0.0040806421296037,1.2091224409631867e-06
0.0040414876205889,9.16589008911048e-08
0.0100147373776738,2.0398006124150303e-05
0.0154077851603006,5.414793521969945e-05
0.001859075324474,3.5919271229306395e-06
0.0174799253227755,8.713356561494172e-05
0.0034840845899973,8.034501823120851e-07
0.0083638414379054,9.87581494591444e-07
0.0039587159730934,3.0499721052473144e-08
0.0019599650700348,1.585385461741593e-06
0.0196508429337751,3.725456209024308e-05
0.0049839418051121,1.8790665335078946e-07
0.0168318586332146,9.104241673948454e-05
0.0135147011886058,4.454285992082071e-05
0.0170145683638701,8.128616326802694e-05
0.0124052971261407,5.274735874599435e-06
0.011758034841856,3.372147620691119e-05
0.0011757023224507,8.183580553969762e-06
0.0103960645466776,2.104249623603605e-05
0.0150402098719138,3.5450995469182364e-09
0.0100535946445613,1.8014455066668217e-05
0.0048390784862199,3.149241452758296e-07
0.0154080974003081,2.986895861469121e-05
0.0053652210581817,5.145919941329751e-08
0.0073056172752942,4.8786508837404874e-06
0.0071472344175233,1.3050670543244005e-05
0.0173583487394597,7.298419576249336e-05
0.013832219820094,1.095173845848081e-05
0.0108124789634597,2.243618560597827e-05
0.0035693210913784,7.425389428780455e-07
0.0095330379441596,6.112954096772702e-06
0.0154346151979484,6.389493458719012e-05
0.0146306431628136,4.2697018986152014e-05
0.003522501935643,3.130900626343017e-07
0.0112655080330666,3.378979336282536e-05
0.0014236580223359,1.8373393378972684e-06
0.0054035049547018,1.051011391810209e-06
0.01294792539056,2.1985250343336776e-05
0.0012098168751816,3.89898140641391e-06
0.0049352192035014,7.915441996399144e-08
0.0030887316253914,2.377920004456635e-08
0.008209743730168,8.731281872643151e-08
0.0188759225638592,6.4941710088691705e-06
0.0048601797234213,1.5135755129899305e-06
0.0145102612384284,0.00012159420063752197
0.0009707472676566,4.3723468385716e-06
0.0111606703395691,1.3956433506725037e-05
0.013896042720342,8.492560293932813e-05
0.0104200328948192,1.1324697284489104e-05
0.0085181030340267,1.7883951164881156e-05
0.0038916560043349,1.0447980861777071e-07
0.0092730192090606,2.9030366984611e-05
0.0057968187335485,4.5250348221574695e-07
0.0076439281399167,1.762744757200447e-05
0.0042156985710652,8.871307834238804e-07
0.0196484204158896,5.495970281505925e-05
0.0161935663959281,2.7543648973019675e-05
0.0113144166419346,2.469473496728311e-05
0.0174938139475651,7.215426409288562e-05
0.0112321078683096,3.70317636893162e-06
0.0068589512881931,2.422114524223036e-06
0.0006564404820037,5.478248299974145e-06
0.0149743825986419,3.329251911380817e-05
0.0083438087436285,1.614357762344562e-05
0.0028382353962551,1.263577284860384e-06
0.0034176485220158,9.705057381551038e-08
0.0040162587051364,4.1506681687492065e-08
0.0071578607708716,3.441855669851681e-06
0.0019690962523832,2.876722798413978e-06
0.0100810008929262,1.0722674632935826e-05
0.0082865634863178,1.4912464280967982e-05
0.0123782179149293,4.711412397593735e-05
0.0022136499516906,1.7005706694490515e-05
0.000126221448534,4.243938028429367e-06
0.018834828838341,0.00010270180348747671
0.0156671886895691,5.149713377072287e-05
0.0150667524497392,0.0001086866202570241
0.0127054522963865,3.951309837971796e-05
0.0136477840953407,6.840994880816424e-05
0.0165418046004285,0.00011307419931990938
0.0184612744064726,6.316341216441485e-05
0.0190312380671127,2.8254120549728356e-05
0.0172050784744298,5.537398950524422e-05
0.0175112162385213,0.00011444401041468741
0.0181846816530348,0.0001256172261168069
0.0057910102527763,1.5985195424930881e-06
0.0168819219927237,6.270901530979991e-05
0.0064438948724097,2.5877073270315916e-06
0.0099926114810731,3.4200249833737314e-05
0.0149142806296668,6.70881268439671e-05
0.007221697903911,1.9141579769921156e-06
0.0149077904738471,6.99311590843535e-05
0.0124353676968505,5.6599524799734924e-05
0.0051363125131573,2.12182544045833e-09
0.0059417229407255,2.9170244569398333e-07
0.0058478679964453,5.248030881370609e-07
0.0199644075013625,0.00013756256960134627
0.006522454433119,1.550306553326461e-07
0.0092358673306106,2.9859247109417133e-05
0.0104961930101479,3.512447312441477e-05
0.0026777337709152,1.1231053146423139e-06
0.0172255427681079,0.00013868621812701862
0.0097710567973439,2.1862738344724558e-05
0.0099662977630246,1.0504162419002894e-05
0.0056485028444378,5.091600261127722e-06
0.0190974483785771,0.00019738229528053672
0.0128087093398741,6.139693376000251e-05
0.0058177477103395,5.269495260550268e-06
0.0106961969121435,3.1685932007239355e-05
0.0061073046385167,2.9175277021462114e-06
0.0080402411495437,2.27827889777409e-05
0.0099108646386139,1.639996531447201e-05
0.0007683593061597,5.52556859514115e-06
0.0055573655310763,2.7143165410317415e-06
0.0108295918733176,3.851681119985379e-05
0.0045822810485005,2.1568176051717224e-06
0.0122031049482339,3.225313385284982e-05
0.0098338715052122,8.656181515363014e-06
0.0009035905433005,9.728470611975363e-06
0.0011554312812276,1.4206889179484826e-05
0.0179792135171734,9.375090192846521e-05
0.0126454532972823,2.045067872993176e-05
0.0028252768971418,1.4978817688139527e-09
0.011940041069154,1.996348178393997e-05
0.0146196199157737,3.5096267471923974e-05
0.0090732646282827,1.9991406810750985e-05
0.0164458278497268,5.646891845193577e-09
0.003656973446165,1.627861430700254e-07
0.0056335948969958,2.1481388114298765e-06
0.0184868710902527,8.630282192530782e-05
0.0082010667879087,1.1600184203172491e-05
0.0046105755869791,3.1865507766833796e-07
0.0165002184612141,6.188704760125115e-07
0.0196922580305534,9.908791823917835e-05
0.0119876633030647,1.8705291257824497e-05
0.009944880737288,1.9994718834151913e-05
0.0082632451488554,6.867661970836034e-06
0.0085618975026163,1.823154676088033e-05
0.0196092122263982,8.256145642944842e-05
0.0050588329688856,1.6705143116621791e-07
0.0148564810302433,8.128126588541808e-05
0.0059811711192371,2.625897889149637e-06
0.0083181030355054,4.79297393468229e-06
0.0152188430488554,3.900925201264452e-06
0.0175139657955093,2.1657940068165086e-05
0.009786775027996,3.6577468444853785e-06
0.0195477237696373,0.00011546152320812743
0.0084490839855426,4.748882874454053e-06
0.0116040440769496,1.528915182881044e-05
0.0105601824874431,1.1731702268495314e-05
0.0154652855353938,6.31274588881389e-05
0.0098781086230064,8.083733898540013e-06
0.0097092020883937,2.2648989776153728e-05
0.0120458062413872,1.3434957006964718e-05
0.007410412697073,1.5561263703817076e-05
0.0024262075344825,9.443598379588788e-07
0.017376110950367,7.229100501270958e-05
0.0091431569155406,3.821315738725527e-06
0.0011787470355016,1.7498256140600718e-05
0.0157090345255461,1.2024541486939322e-06
0.0163666137644905,6.91455511694084e-05
0.0036937659423483,6.659143802858839e-08
0.0127217356771591,2.753844522261655e-05
0.0041344511969811,1.2376957283102504e-06
0.0108254039879964,1.703859846229987e-05
0.0151419580687599,8.890764949823209e-07
0.009333448994405,3.314951400440155e-05
0.014727265524928,7.98851474000315e-05
0.0030806218392621,2.1785666348903938e-07
0.0018696159687548,1.6293011556328326e-06
0.0170477282376939,5.0240097356839347e-05
0.0154308084475197,4.924677229483792e-05
0.0173252384046939,4.4191005968896836e-05
0.0036090808841348,8.377198756998029e-07
0.0192671933354787,1.2435327148513302e-05
0.0151497285801933,2.643688602871674e-05
0.0009020990814276,1.273281497989154e-05
0.0102061703971367,6.057462535434992e-06
0.0131043030880847,2.9781895024223136e-05
0.0126031392872757,3.8744473094861376e-05
0.0025234869140152,2.8401104078395836e-06
0.0184210690144966,8.824238131557841e-05
0.0192591086947812,4.2475173906402526e-05
0.0090044854201435,1.7854177491753542e-05
0.0015120285049863,1.3735028744683975e-06
0.0174251004254808,6.035627400347309e-05
0.005080876315572,1.8996140958570753e-06
0.0004166029871172,8.201413721090259e-06
0.0046852425325308,2.651984515486732e-07
0.0162953432672246,6.837265619885039e-05
0.0043872514198116,1.1721715006886542e-06
0.0104799801047945,3.3817145844072832e-06
0.0122328077190248,1.3121565104196356e-05
0.0135669446116817,2.51994265962788e-05
0.0039024491409088,7.963148541704713e-07
0.0051662079498065,4.5537352999755614e-08
0.0141437739349426,5.3161091361866126e-05
0.0008896709898044,6.76955501135858e-06
0.0172171363801174,0.0001021277827391664
0.0055626537749461,2.939411447953753e-07
0.0125391592914645,4.8549938175421335e-05
0.0127805226336258,1.1665318879005647e-05
0.0124373430232148,4.623306826910855e-06
0.0155290994403963,7.333206396396343e-05
0.0164394683806708,7.421950795255704e-05
0.0174611685243464,0.00010201231431776337
0.0031094347877991,1.1116148771561549e-07
0.0165066846079695,7.116651416054456e-05
0.0027063063349487,3.0071496817704673e-09
0.0168493892153003,8.083826806019356e-05
0.0022709735071598,3.055051627854472e-06
0.0061139809706335,5.081930993683233e-06
0.0173767436988454,7.400117051466585e-05
0.0188833938744932,2.215004545950272e-05
0.018880479766732,6.322455525362754e-05
0.0063695441650519,6.010529850800189e-06
0.0024982347056991,5.5502606287470085e-06
0.0046115278859981,1.6470184031400184e-06
0.0157154126641075,3.841603561035483e-05
0.010915955727228,4.78946797124651e-06
0.0062978194254947,4.115431273872521e-06
0.0049989152501948,2.235605225667985e-06
0.0084299491702268,1.8546587476482188e-06
0.0067282425489696,5.726182643233889e-06
0.0055476100802025,2.1107979037049443e-06
0.0162081430228335,1.62969276798788e-05
0.0134534486653241,1.4663502415707035e-05
0.0196127108202283,3.7858084671030125e-05
0.0016471209852586,4.293528456927434e-06
0.0036962723542156,4.0301202296725226e-07
0.0076255165717732,1.0886672129490606e-05
0.0002476674360518,1.720551019144803e-05
0.0130447829930349,2.8261935898485486e-05
0.0058961012423219,3.7645065590659427e-06
0.0151706065044955,4.8999451488418425e-05
0.0189081795240484,0.00010949985150268484
0.0048352199525507,2.6487004976859016e-07
0.0090723242254782,1.2314531394896421e-05
0.0070749439003998,1.864466533447925e-05
0.0069491444783581,4.656116754518402e-06
0.0124622185521133,4.3527965954059814e-05
0.0147095848592459,2.9741560623217492e-05
0.0182901097168931,9.741761635867586e-05
0.0035104704229376,1.3144049413264517e-06
0.0176262998528537,6.465987294394545e-05
0.0005477944496493,2.5787741216435877e-05
0.0084696309844937,1.4155032038620837e-05
0.0002575675841495,6.203535000272173e-06
0.0068245639650994,5.676438780735492e-06
0.0101188889308627,2.522087049239814e-05
0.0016436137108392,1.7072982308980738e-06
0.0150236691873939,7.028998812738919e-05
0.0055155689968237,1.2802706288006708e-06
0.015120444703036,0.00011274545803940563
0.0017606766658905,3.544694907677071e-07
0.0131988456567903,2.334796404185573e-05
0.0109816893444245,8.727853693772727e-06
0.0123230923351239,4.421274004959093e-05
0.0104166041608993,1.681449896184515e-05
0.008054870856012,3.7833850372424406e-06
0.0142497781820922,7.933273927753848e-05
0.0187047288184431,3.817212196927953e-05
0.0156567606264781,8.017131278048631e-05
0.0034096666566004,1.8063648833943124e-08
0.0024462384268727,1.4505846022332944e-06
0.0191910561424621,0.00012535406895631897
0.0198857237062584,9.215590044142452e-05
0.0155459937483487,7.208146944676881e-05
0.0048151863904039,9.386802507538069e-07
0.0028027989906393,4.769875753780559e-06
0.0043629093504515,1.002484764046604e-06
0.009256388844378,2.1347705595108102e-05
0.0098224237804406,2.541140110943016e-05
0.0056434530552231,3.6623425024401762e-06
0.0177598701643354,4.945460235729988e-05
0.0076480396120949,4.232965941295585e-06
0.0136593582148527,4.574098761967216e-05
0.0154986964887636,5.5369974073533494e-05
0.0038247656190524,1.1829742020226481e-06
0.0165288730625553,1.4436810662069235e-05
0.0121729021986195,2.845460445447687e-05
0.0129495685269751,2.550791006179066e-05
0.0016098860982815,3.172073048031665e-06
0.0174391325422668,0.00012879852259843242
0.0013041060571952,1.939031074106745e-06
0.0147304475851612,1.9016652280605982e-05
0.0171528248067077,2.8950998038199037e-05
0.0189684709673476,8.388941775663339e-05
0.0065218044333347,6.772090538443883e-06
0.013227126510847,1.8042589761227126e-05
0.019416899769051,5.845338912241832e-05
0.0192078890129894,5.593728937565841e-05
0.0114933310339062,1.6392923455163735e-05
0.0002524512762959,5.4519492466568685e-06
0.0053831261686778,3.225000978139896e-06
0.0129121143549491,4.5242774523099944e-05
0.0090442060264655,3.182836146310833e-05
0.0094860737776486,9.420467455735974e-06
0.0037032989048803,7.216953487479954e-08
0.0069194869227938,6.707917574433236e-06
0.0197705908303659,0.00013394263115501628
0.0100534723202171,1.2484970487181297e-05
0.0082276965928679,3.13621892136561e-06
0.0001220478859404,8.429180323240384e-06
0.0136931253933189,5.0971206005206936e-05
0.0087544022945048,1.7479058035367842e-05
0.0164928803878481,9.444609348755386e-05
0.0181213455001888,8.836005996974271e-05
0.0060790553019579,4.0558223521060764e-06
0.012906223032618,3.380782134518895e-05
0.0172600736567831,1.9489805843453435e-05
0.0090706282739752,1.4220486862911377e-05
0.0183187727895034,0.00011155637249034037
0.0090886247161587,5.808491375795557e-06
0.0033566645306395,7.354241138303122e-07
0.0027409252348268,4.939418274829743e-07
0.0177607433475837,9.018308287745471e-05
0.0125957061894206,3.166077388462835e-05
0.0112712091784708,5.039712321320294e-05
0.0119938323714119,4.680899919740248e-05
0.0118983346288789,2.0487374061041553e-05
0.0108320345668173,1.269923957945666e-05
0.009753574387735,1.0593040196197372e-05
0.0120834885994088,3.439520764751822e-05
0.012717214632141,5.049228222735495e-05
0.0125664586078527,2.9356222495527788e-05
0.0181422782690192,2.339982912745357e-05
0.0073466691474709,3.937047494463035e-07
0.0114106537739607,1.1395758699506754e-05
0.0062010654810562,2.1289544555191142e-07
0.0056048081131199,1.237113617448233e-06
0.0064788720814,4.600266763882806e-06
0.0135082659504019,6.527196290770994e-05
0.0173471606493896,0.00012358131255003573
0.0085987399237744,1.3913516169893447e-05
0.0084346088880608,1.8332069359613152e-05
0.0130805209298459,2.7987289172221075e-05
0.0092075164257336,5.6062368769617154e-06
0.0023551554692513,1.3031529944887607e-07
0.014559716816474,5.844656821106419e-05
0.0038991328948358,3.3680763617930275e-06
0.0156571685758415,6.573512637740787e-05
0.0160293370478155,9.894888018423603e-05
0.0085621016243763,1.1498739455289175e-05
0.017604057121247,6.03752074229836e-05
0.007826485675423,3.0528886619546196e-05
0.0039172214288747,9.967426641944666e-08
0.0022145863908457,2.067248686567565e-06
0.0088684912611265,1.9963793930041588e-05
0.0053321786420395,2.062610820772914e-06
0.012486808529041,5.222987770120158e-05
0.0122930531968101,2.6651672569631423e-05
0.0046951472393004,9.550799317395283e-07
0.0062938831121971,4.4614933046933615e-06
0.01137595204028,1.6730388844912033e-05
0.0148910112613813,9.704680451861926e-05
0.0119022752606018,1.3390308077989234e-05
0.0070399340098929,6.692390642878145e-06
0.0050304877997316,3.2429238061199497e-06
0.0088018903647243,2.0857309548641155e-05
0.0144590415422004,5.023996303252035e-05
0.0183078917564346,0.00014378568636597006
0.0105676117073323,2.51923939471007e-05
0.0051637947707136,2.343793987814773e-06
0.0059017783235577,4.733560501576523e-07
0.0165240190688895,5.7230006713971467e-05
0.0199999912176003,0.00010315795832313277
0.0055451037110243,2.068345226092432e-07
0.017353177592007,7.888359900387299e-05
0.0105931642639044,3.2490038453540166e-05
0.0129772825031571,4.213700208912968e-05
0.0005469952448392,6.04778801728505e-06
0.0185570443350061,5.197032316146171e-05
0.012735736229069,6.148548010575769e-05
0.002621436007923,2.0754371641456327e-06
0.0026762824437635,5.0181566934607775e-06
0.0111068238926128,2.2330177345130444e-05
0.016286849329305,2.1523630424061198e-05
0.0049275930607793,2.7769491312012835e-06
0.0017444972102654,1.493098213837163e-06
0.0055165602917106,8.221866099918408e-09
0.0180845438576207,4.968035264277628e-05
0.0069026565404632,4.6573217603664257e-07
0.0117270635834006,3.0053681703653716e-05
0.0121269353063229,5.197470078697346e-05
0.0162956986708679,9.798900985903179e-05
0.016243205904276,2.7315298492251548e-05
0.0099399878211852,1.1115210800664237e-05
0.0082335589224794,1.4052361369722717e-05
0.016233003642945,2.6610215850562377e-05
0.0184212397554129,5.94117363379324e-05
0.0138162077498665,2.987174289261938e-05
0.005742858988518,5.300082850608465e-06
0.008348493182184,5.092238055826695e-07
6.53333106826759e-05,1.300752580174469e-05
0.0067078139772508,6.275699826936596e-07
0.0178082525952568,9.292260199113752e-06
0.0152775668862952,8.572875308661918e-05
0.0094932784321352,1.0956455509737192e-05
0.008585962897919,1.6651380543998352e-05
0.0116932135183074,2.6897897898052476e-05
0.0174342853725999,8.290619885614516e-05
0.0010633756484533,4.773732378979497e-06
0.0012398111088125,6.299633561727728e-06
0.0029210759031108,3.4444103739091097e-06
0.009564012244746,1.7380345808164364e-05
0.0034629630766935,7.154929102487378e-06
0.0172680379827001,8.251770020525783e-05
0.0160755207059052,5.942246657765044e-05
0.0029761019162151,3.843160595143476e-06
0.0198486747710478,0.00015486944256355118
0.0163862205476192,7.324490836783877e-05
0.0151308289043278,3.9679220508432264e-05
0.0013137395211491,2.9852358986084765e-06
0.0193556809680611,0.00014683253406272677
0.0007885606109706,5.373896635026416e-06
0.0160620493655692,7.053990169364845e-05
0.0052247408059991,3.278266644552152e-07
0.0123055830782679,2.3674539172877e-05
0.0095670693996329,1.3198810812218113e-05
0.002305513488833,5.431072504051844e-07
0.0160577277564224,3.335766952051659e-05
5.416436367624123e-05,7.888164227684411e-06
0.00180194407762,4.2304481005042026e-07
0.013107204777737,2.285080441037632e-05
0.0046617723131722,1.5262580486903763e-06
0.0060746887376272,5.524187891436369e-06
0.0021596673455046,1.04220875857277e-07
0.0126599792806373,4.5977627999664245e-05
0.0181406026250127,7.251518758630851e-05
0.0015512540188321,3.030282220614643e-06
0.0103163654198065,1.754001303059124e-05
0.0068849155645043,1.2419625327473656e-05
0.0141053836051425,3.4728675659561385e-05
0.0064489393134817,1.4627457456168394e-05
0.0158208149349177,5.0979441233575116e-05
0.0028108890082466,4.59785200877872e-06
0.00189631632473,1.3277677030035506e-06
0.0069952712339921,4.318439263883346e-06
0.0075662004589821,8.332638242085177e-06
0.0137462410316207,7.281385219411978e-05
0.0176922783167685,3.541372036373322e-05
0.0046224277150872,3.874401710897809e-06
0.0062445688005499,1.6502879588095713e-06
0.0134815416718542,1.607867663090244e-05
0.0116634386178148,2.2105426100301154e-05
0.0077590692067973,8.543658252545929e-06
0.0140939322809348,3.087368946314217e-05
0.0054845956341906,1.5406962012308355e-06
0.017868875286464,0.00010253369817350213
0.0031787823135586,2.3500480310269828e-07
0.0197287792670439,0.00014369558610386008
0.0177837701536936,6.939488006323956e-05
0.0052766507502724,2.494416118122938e-09
0.0071528059203704,2.878017044585385e-06
0.0043870566346471,6.192390947736404e-07
0.0085888514710585,1.5981183495787902e-05
0.0182879592890766,8.532656561827942e-05
0.0156650639333046,0.00011451550830273512
0.0185650264729607,8.142962055138858e-05
0.0001219735366567,1.3105598619059803e-05
0.0158963063104102,5.544365538772698e-05
0.0190629463472249,1.1813877038872231e-08
0.0037428285623392,6.314737913650283e-07
0.014610007915255,9.451923131592168e-05
0.0088712690784897,4.378875369852695e-06
0.0076517839937275,7.398725473843031e-06
0.0198570776962334,4.69813166579374e-05
0.0171742211284682,7.319079608314339e-07
0.0165658432560993,0.00010254277069568114
0.0032538114481314,3.549628603084018e-07
0.0101868839670738,4.28388156785436e-05
2.4863569019975e-05,1.0912955837853286e-05
0.0004765799350286,3.919294145338304e-06
0.0106746564132374,4.218542303139531e-05
0.0053139515163588,4.139293316206966e-08
0.0095911872593217,2.2519501330674032e-05
0.0055957390340055,1.8912036538149865e-07
0.0118742867957776,3.649120559448178e-05
0.015689625949108,4.8468795690409215e-05
0.004784392829504,1.37704356811852e-06
0.0090396965536254,1.0193192019159881e-05
0.0094899516526033,2.8468726037419492e-06
0.0090639692904295,2.289553685784634e-05
0.010287459253414,1.2921593759630761e-05
0.0078758076590131,2.3318135231516617e-05
0.0110614574022736,2.253260934145177e-06
0.0199979866033469,0.00012760458091667088
0.0136109347931537,7.318205983020819e-05
0.0096146810630256,6.6464862108537105e-06
0.0157898169780782,6.293401086942039e-05
0.0019685011115625,2.169072814851562e-06
0.0173109537401696,7.046031753471941e-05
0.0071471706223284,1.6184593911874066e-05
0.0137274709279173,5.2999114540495265e-05
0.0039089257339727,8.655473820448411e-07
0.0039492543051634,1.2950159129072144e-07
0.007498975278046,1.4039122838870783e-05
0.0132560688764285,6.173758454052755e-06
0.0092010586589504,1.638777511203879e-05
0.0025619839210345,1.130859294040884e-08
0.0104065608440623,2.06605090640972e-05
0.0088198086111978,5.970522660542262e-06
0.0085198047334919,3.6808887721125437e-06
0.006349539896915,2.8323798172219413e-07
0.0081258055203497,5.172250754120298e-06
0.0014571686847433,1.184335188429391e-06
0.0100775602261732,3.1742469819499055e-05
0.0016284629250082,8.055385603477923e-06
0.0008659053457857,8.545431005644324e-06
0.0126592710882477,1.4574593350358555e-06
0.0197178742902343,0.00010539880151986048
0.0078722865066456,6.6802541874485244e-06
0.0098166469611422,3.5617921177142786e-05
0.0109668591476789,2.154314763214458e-05
0.0135016338075082,3.932504891842606e-05
0.0144335020343106,9.735572659673858e-05
0.0080133599217011,1.7343573166227584e-05
0.0043837130114975,7.335414110496965e-07
0.0179329554515347,2.271146642648351e-07
0.0042780916059215,2.40536357691927e-06
0.0136852085917914,5.181862771141651e-05
0.01546118074106,8.383048168004526e-05
0.0011209210944138,6.713391149448438e-06
0.0053510948717649,1.0079245108400954e-06
0.0013283614897855,1.6787092042829787e-06
0.0157371092024911,2.804704030342926e-05
0.0021001097594906,8.0003529085215e-07
0.0040119314130356,6.427163591502312e-07
0.0190418198279771,3.0543439220100654e-05
0.0160242182947916,8.431559671698387e-05
0.0144151663380287,8.21714620239283e-05
0.0168073125075691,5.0576921452761625e-05
0.0003966517069113,1.7533456589864275e-05
0.0079760181207191,8.940694207458582e-06
0.0123655880358708,5.469454834868553e-05
0.0136084292500278,1.8345919231917498e-05
0.0019077838001176,3.8011251195319812e-06
0.0029719858655879,1.3016214154807236e-07
0.012329761961012,3.69993492429999e-05
0.0185421110655873,3.199398546819124e-05
0.0185478378709977,1.8248871555678267e-05
0.0135412697699687,3.93366286296516e-05
0.0135680191991663,7.224105673923845e-06
0.0055364258580256,6.559628976516169e-07
0.0017686341340883,1.8235206726220468e-06
0.0132830770815819,2.8745788352774778e-05
0.0135372194620974,4.9062323690499594e-05
0.0151218878830298,4.909061664389195e-05
0.0037817323132241,6.922096213305852e-08
0.011235071586851,2.699227295812537e-05
0.0162273344035375,7.907281244988476e-05
0.005076005841678,2.2101173275947695e-07
0.0064081813807503,7.48534323897793e-09
0.0185039746360304,7.700593549401627e-06
0.0038864051387472,1.1533545210065782e-06
0.0068377639184664,5.94646013690067e-06
0.0182192307081477,7.426510796528844e-05
0.0176357809344818,8.891760064842079e-06
0.0157178596827715,8.46897548515075e-05
0.0092055796631151,2.4664074432781248e-05
0.0022989516602655,3.7397191772048387e-07
0.0180972891680626,7.155960001067753e-05
0.0141529513576555,5.560965962592844e-06
0.001723211498284,1.368687654728902e-06
0.0114796253562958,8.963204233613074e-06
0.0094269250566518,1.999734521259405e-05
0.0191607821312421,0.00011405562601063847
0.0100471642450127,7.755929227096397e-06
0.0077160509358261,6.250838432222944e-06
0.0142111345049668,0.00010260279257487092
0.0037595738440744,1.9377462632919908e-07
0.0171476677112197,6.271565734736546e-05
0.0052380459517131,6.411924100549272e-08
0.0003315121883183,8.354399401216571e-06
0.0183685351597075,4.57110703058668e-05
0.0093214276357877,1.4572401781198301e-05
0.0098892229760862,1.4704377992438151e-05
0.0155034527031163,5.482190692184093e-05
0.0121992412457968,5.680901420191772e-05
0.0009750792124927,7.84979008076883e-06
0.0008568538688556,3.046289280011272e-06
0.019176149797234,1.0752834241101352e-05
0.0189046103425751,3.140675347125533e-05
0.0085613466870613,1.510656112313374e-05
0.0021485287460709,2.070055230131944e-06
0.0048776345301737,3.6091709658150402e-06
0.0155939216057811,2.7250553757056687e-05
0.019548781942532,9.61386129973249e-05
0.0164005123922637,2.933244438088486e-05
0.0150783932354796,5.624614125663109e-05
0.0017488426483455,6.417349924359616e-07
0.0180157477462224,5.2229201670679916e-05
0.0056504160258408,7.462500204888038e-06
0.0017128519702856,3.494497580942883e-07
0.0153537815891818,5.049393951358682e-05
0.0109411333380164,1.3782918646273978e-05
0.0083116349334095,9.197713995962783e-06
0.0195313550385396,3.373035714032415e-05
0.0050410933640963,2.5713427771679115e-06
0.0114721973147848,4.0509305117762485e-05
0.0077950892307166,1.1402258946249072e-05
0.0123162924939136,5.4414418936410984e-05
0.0030399092886965,3.2961263945624615e-06
0.0097260760366533,3.440107843453747e-06
0.0188486591558377,7.920829916378249e-06
0.0155435121146715,8.474229657415102e-05
0.0049147897434915,2.553006111311627e-06
0.017799957933461,8.537701216193782e-05
0.0015213837269128,1.7491660013374996e-06
0.00669215568474,1.2230245279557446e-05
0.0019495444094589,3.504999234225543e-06
0.0097357838890413,2.8721030482319575e-06
0.0047334501058765,7.133488531536683e-07
0.0007235316644512,1.6964758681182198e-05
0.0087791539030333,5.369336727716105e-06
0.0129326876763542,1.6581843476503855e-05
0.0146373232639649,6.798896092290493e-05
0.0141459036310607,0.00010277532880441937
0.0064324973165319,5.662513256198578e-06
0.0032099171185353,3.378073734838749e-06
0.0175319313949827,0.00012040803626011999
0.0088151447727448,1.8050879837766352e-05
0.0161926494838105,4.567340567405131e-05
0.0159357037668508,0.00013135848284575008
0.0138726694835361,9.25316657118379e-07
0.0021373211981891,8.375424665837635e-06
0.0196732779130968,2.1807960500192877e-05
0.0008886009788756,6.772059158218483e-06
0.0022101538649788,4.242888168515237e-07
0.0148721112014775,9.152313703368241e-05
0.0057677642093644,2.9503231816027945e-06
0.0158849010983182,7.847735744261992e-05
0.0036991839295687,2.5409786087765963e-08
0.0093921844542821,2.6896292923241864e-05
0.0171604844462063,2.0971702425377564e-05
0.012935223376925,8.125212952971974e-05
0.0132658534469627,5.050104781500563e-06
0.0062018945322132,1.6510436360297813e-05
0.0133632156969122,3.957415913848876e-05
0.0095171257435612,1.9762911812822277e-06
0.002513224632559,5.477462281859985e-06
0.0153233026328382,5.74841877422048e-05
0.0158103481460313,6.516998796063809e-05
0.0113698049999919,8.144406956752075e-06
0.0066172208616311,2.6087777869482483e-06
0.0187784806410698,4.4596569080990906e-05
0.0027969701664522,2.1798934023095703e-07
0.0197712379723302,9.557471109117702e-05
0.0005836043192137,5.14850442248918e-06
0.0070050330934928,7.24585126294724e-06
0.0150645671219617,8.421214848711241e-06
0.002053692587407,5.3371467364745166e-06
0.0182301701984399,7.572227299841729e-05
0.0096283739720714,2.445496401126755e-05
0.0052811401307535,5.237235983826211e-07
0.001682817478209,1.5783414942493355e-06
0.0133925880709449,6.902509037904956e-05
0.0128821276557713,2.758802557624914e-05
0.0003122832628636,6.440288915180168e-06
0.0109278108440757,4.1938889574914495e-05
0.0157367109924384,9.866281880704129e-05
0.0040294141507987,1.2750564057246994e-07
0.0164814320443358,7.580860289202363e-05
0.015262948319562,9.424417617215538e-05
0.0155544714642755,5.793075942671947e-05
0.0103703224935129,3.3652353787991764e-05
0.0132302466621092,8.137990603048522e-05
0.0024650594607687,1.934585465786432e-06
0.0019048836258873,3.6074693870199487e-06
0.004542811630267,2.1968939651766306e-06
0.0056646335170035,3.0008309044980825e-06
0.0136689418259269,1.1193256733680203e-05
0.0045075822503463,2.351782923958834e-06
0.0021644226081502,3.694231265253328e-06
0.0007330473225498,1.2069982070179452e-05
0.0030373456465149,1.419162284939212e-07
0.0148049281874385,6.766217074230802e-05
0.019634142578413,2.5203140777803825e-05
0.0010063895616439,4.70041748090844e-06
0.004455515003109,5.4680886693394665e-08
0.0162304860356048,9.426462332988785e-05
0.0062272421087651,5.794627450766994e-06
0.0168509150244292,5.844541254140745e-05
0.0174593806404188,5.232271022014623e-05
0.0194789414283242,6.953390450406344e-05
0.0067426171036645,1.2000733652469129e-05
0.0185285447588699,5.586944756866097e-05
0.0151431911054559,5.651920521948554e-05
0.0150154578769921,3.273066317235254e-05
0.0020512233008259,2.1513499104371106e-06
0.0178095448536207,0.00011070716699307327
0.0012398133715402,4.217546726015113e-06
0.0103240133397659,2.362311836600952e-05
0.0156241128533449,6.270283104467273e-05
0.0043208040662823,2.012665745348959e-07
0.0015041756597217,3.941542893542245e-06
0.0120790328526657,4.786397289473599e-05
0.0054239756683309,1.1257343027145869e-07
0.0079262793951975,4.1619952732898334e-05
0.0063397775810326,1.102116560963501e-06
0.0179995562541914,4.558649281297967e-05
0.0104517762125599,2.1351310949855623e-05
0.0047947229864385,5.898322837024633e-06
0.0185357957003428,8.331021213612267e-05
0.0071822867175894,1.0891434614831697e-07
0.0190422764536698,3.071094041174104e-05
0.0147889620472845,4.775429212114971e-05
0.0113341622001624,2.320074917380422e-05
0.0063288420971307,4.881178220727502e-06
0.0008185930474388,3.3852733960743924e-06
0.0042966925278618,4.3171244642456947e-07
0.0150947118937113,6.605774449270939e-05
0.0164000390281278,7.82321367421668e-05
0.0143538041516214,3.317149498157431e-05
0.0110993441360014,2.7523739780110323e-05
0.0020276039957246,1.019626093948517e-05
0.0197241086544548,5.598460354988099e-06
0.0106396716310218,1.322543131142371e-05
0.0094643208370537,1.3283328159815532e-06
0.0006426665178875,1.6819452706798277e-05
0.0118888503032958,2.9773601083000184e-05
0.0147907508423131,6.994885730537012e-05
0.0027686971596878,7.111476696484234e-09
0.0016328012202735,2.0665901149571436e-06
0.0195280055576427,0.00016924443799158054
0.0097887390642054,1.0787417280619992e-05
0.0022751708347618,1.5134721861771534e-06
0.0178421169489285,6.510576139385922e-05
0.0003774276040473,9.81705641104375e-06
0.0118350164973787,3.102271343088398e-05
0.014190752658361,1.761728104957262e-05
0.0144952442829716,3.1948184012076226e-06
0.0126325792035207,4.204853827755823e-05
0.0186995093748289,8.281238498763653e-05
0.0067082307079956,5.5747472766233656e-06
0.0055113804338999,2.079649980305779e-06
0.0145486306557644,7.665432703365845e-06
0.0135600418179947,1.319447342470507e-05
0.0091898969307308,1.7926178795810525e-05
0.0039363401719793,3.9214427855699163e-07
0.0140310163042444,4.879421150190112e-05
0.0137601193509859,5.094596536413855e-05
0.0017367778803724,3.264622065330855e-06
0.0136201942574674,7.475470766988012e-05
0.0066198648724876,1.4255860604716339e-06
0.0177442094982641,9.894681008134868e-05
0.0199430484314443,6.314036268074038e-06
0.0102450357726592,2.993197223764504e-05
0.0026590407812296,1.4169161167402314e-05
0.0021977599991855,2.5189167729385667e-06
0.0181974157530289,0.00010285521092386663
0.0011748465899371,2.73176428854949e-06
0.0169092050551361,6.68223153156065e-05
0.0030288219652779,1.6832243555641035e-05
0.0073253609554379,8.182886573230456e-07
0.0127548473611043,4.0816007470902345e-05
0.0018562510114211,9.880229373050744e-06
0.0071150139743261,2.4690218978028107e-06
0.0061564993574783,3.6734779018979403e-06
0.0093567697463468,1.9020366129823979e-07
0.0070891732142697,1.873938523980024e-09
0.0112963749793329,2.434370914823445e-05
0.0012436223548223,2.0109841930162608e-05
0.0065420488033003,1.16968784168793e-06
0.0146912762058275,1.7652989815983513e-06
0.0063302044146071,1.5531659810574323e-08
0.0159281752705672,1.8910154067001832e-05
0.0131502147480321,6.78969928234025e-05
0.0077490308777622,2.79241051140029e-06
0.0173105986403113,8.892836658104532e-05
0.012851005050602,6.313393569119483e-07
0.0061975253552287,3.0849917985772324e-06
0.0197188735323499,0.00016997659332246748
0.0036406106448616,7.463360537107551e-06
0.0035373925991202,5.7304813433876937e-08
0.0056000826809357,8.661615209578751e-06
0.0035854086595821,1.7904479446196432e-07
0.0033844286276243,2.511283723535709e-06
0.0078079427521396,1.68749449683022e-05
0.0172503534148878,6.857016243718998e-05
0.014288314562249,0.0001023225210059274
0.011192627249019,1.6485677381626413e-05
0.017418626932254,7.16224351644609e-05
0.0092543283429915,1.1952323030234413e-05
0.0199784904797909,0.00010489131568389689
0.0059402499541006,4.131353682933258e-06
0.0192465235479993,3.735322289786913e-05
0.0047762193020083,1.5712150787528442e-09
0.000161275719863,5.621982827867475e-06
0.0068782276907857,1.5961839820697116e-07
0.0085204071771104,2.232646389556113e-07
0.0113181876605715,9.540649292184217e-06
0.0047084128701053,3.768063798446826e-06
0.0109053747092844,3.13113666105869e-05
0.0158343855227223,7.8371612291354e-05
0.0115209258366892,6.8493116128133126e-06
0.0105955936281954,2.0555691611556273e-05
0.0051749925838385,3.043232847757142e-06
0.0160251636979548,4.937521735754741e-05
0.0033283067788773,1.7406825000510602e-07
0.0180975218394158,0.00010254357903450171
0.0124159624894482,5.601382330260354e-05
0.0155593089775819,2.9510885948134195e-05
0.013015898805077,1.4492410845233406e-05
0.0118835341548477,3.8604675210243916e-05
0.0131423318675778,4.716306682997512e-05
0.0108374758048958,1.9574991587145628e-05
0.0035833807240951,3.0372430743517864e-06
0.0148266296760488,4.430212290235889e-05
0.0064146601692313,8.81637089620807e-06
0.0100089546628818,7.749023608901448e-07
0.0173942607964449,7.952756341455549e-05
0.0054006285550891,8.222240141812759e-07
0.0036847434641518,1.0629776004288002e-07
0.0167218664296699,8.758554028871106e-05
0.0004350378451879,7.791513576340827e-06
0.0174053546924259,5.845190695256425e-05
0.0066739387154233,8.69566305398716e-06
0.0119038669068854,1.9506969474839745e-05
0.006702596392567,1.3956850225230425e-06
0.0114591303750666,6.818443270852881e-05
0.0100888636443397,4.350266979420132e-06
9.10963884232796e-05,3.7557288221529755e-06
0.006537273807916,3.3125938534034607e-06
0.0162585925384016,3.1802760570029284e-05
0.0135023428719511,5.48240126054617e-05
0.0115675162098181,2.2997450315574953e-05
0.0137714032893508,4.708240176476087e-05
0.0132377483555184,3.080972069038998e-05
0.0050045523731553,1.943528356083668e-06
0.0110276827604025,2.294810051561653e-05
0.0006542185638029,1.0271378006203762e-05
0.0008897127809766,5.036951048199434e-06
0.0017177726862552,2.66909088344865e-06
0.0041768670120208,5.866389504779547e-07
0.0017022202138015,3.8797490626962405e-06
0.0157464709961119,4.152080000092001e-06
0.004947862922852,2.1698673132112968e-07
0.0114266389573007,4.074403955560279e-05
0.0155361734711339,5.47246059641903e-05
0.0023056932163769,8.014630376427694e-06
0.0003112267438488,1.3085240166971452e-05
0.0061701546913121,1.1723419007538635e-06
0.0118353583860145,1.830620304617354e-05
0.0030792991494705,2.6392200381477064e-07
0.0108018916250813,2.5047973962639054e-05
0.0009723181653077,3.699206196587757e-06
0.0189665460506202,1.0708217797995727e-05
0.0071266015366025,1.29196472964009e-06
0.006487909116386,4.314923612217259e-07
0.0159464441598416,2.3975540761248924e-05
0.0047147070666757,4.0170602301769545e-08
0.0002506422478909,9.566728066032904e-06
0.0066736529925738,1.3881798630635745e-06
0.0158229490054814,0.00010029809391211918
0.0032646638437115,7.202246539130772e-08
0.0159641744430186,5.8538500583889316e-05
0.0132849052619921,2.5002638391709293e-05
0.0157239231063373,2.7490596844346718e-05
0.0060200423694721,8.099960081164558e-06
0.0152371745961052,4.496008128769141e-05
0.0041592289745507,2.7451289368500266e-09
0.0147776593473782,5.669355030451258e-05
0.0004424063463296,7.242775776982066e-06
0.017639671968638,0.00014923804962678708
0.0017387997790943,1.5447095225619687e-06
0.0198540277652782,8.428842332201234e-05
0.0185111973354626,7.900976320494589e-05
0.010629181919287,9.860801093356822e-06
0.00877353350243,1.9307479825478066e-05
0.0142579471409723,4.2265593247419515e-05
0.0178608892886712,3.0130032924848345e-08
0.0129183726706142,4.784408811138938e-05
0.0099004364002819,2.9163465679345945e-06
0.0183267668973049,1.7753016716373875e-05
0.0140111743506085,3.311783510719465e-05
0.0169279372167451,5.2264480765971236e-05
0.0028825451541191,2.794221743621464e-07
0.0027011834253737,1.1368475524781784e-08
0.0097648256718763,3.419073388361971e-05
0.0082019101903273,1.8339205178918738e-05
0.0133864924244181,1.545437689315028e-05
0.0093957454499199,2.9442443424624852e-05
0.0110443790563051,1.937285442919101e-05
0.0068186306693919,9.863736081456116e-06
0.0177674365563593,0.00012731896671580416
0.0091371388538599,3.853685058094897e-06
0.0105089046357559,7.9425621250437e-06
0.0186493239808652,4.910452522280963e-05
0.0164154129141828,9.947081970413705e-05
0.0122842200613292,3.311472610105738e-05
0.0103327056096457,1.487945873903809e-06
0.0064749304548247,7.843415313788644e-06
1.61580040382292e-05,9.137437739259116e-06
0.0097900563456243,1.1646281231421416e-05
0.0083045169044415,1.635410692996488e-05
0.0197821487826616,0.00011064076505558756
0.0103725197442061,1.786127082075441e-05
0.0060301138701186,7.383294432291086e-06
0.0165631259811068,0.00010506072264819137
0.0104268593151036,4.719698456755998e-05
0.0184197365280174,8.326246965850418e-05
0.0057305247718358,3.7181721224699162e-06
0.016800698096397,0.00012360215040436737
0.0102254336526937,2.658572316086951e-05
0.0005529839798438,1.1503270867918147e-05
0.0020617840811959,3.013605461652151e-07
0.0004617631574957,3.583802708206365e-06
0.0171093214159527,8.016613892584116e-05
0.0080321754319371,4.547281223796874e-06
0.0023007908340437,5.390293402604204e-07
0.0014313062199086,3.527701727423792e-06
0.0194551855138828,0.00010728630349824284
0.0163487548430682,8.977866168901222e-05
0.0152796007258724,0.00010050698452894516
0.0123572532927399,4.372192167468179e-05
0.0096293516341892,1.4520778778135058e-05
0.007125307357307,3.957201136113574e-06
0.0149043153457102,1.1652764495777345e-05
0.006845453378878,1.2594084638826956e-05
0.0007277996657071,2.909013395411153e-06
0.0123222292233255,1.8608584405383927e-05
0.0095143732293274,1.0655694190256223e-05
0.0007112080163276,5.733547335796842e-06
0.0146532013790941,3.7428724012066915e-05
0.0066792246598788,8.619609968017329e-06
0.0149540569050661,3.2757503524219713e-05
0.0042731798220503,1.4840576988324942e-07
0.0022722438074006,4.2722599363940745e-07
0.0145061401225313,9.519579368798132e-05
0.0189825317893735,0.00011200806158906543
0.0032614052333011,9.031903538155571e-07
0.0067538373460254,4.3936718855534026e-06
0.0097327179159652,1.3373093424977002e-05
0.0005790934713,1.8344717475513827e-06
0.0109997604169653,3.836140721419577e-05
0.0034473472004067,4.1034164262845025e-07
0.0048403565551532,3.5752813148047267e-06
0.0133358156144701,3.7444044594199355e-05
0.0107857860704787,3.4340724482316376e-05
0.0002519813904116,1.3471487844609572e-05
0.0100308304400281,3.859839736106939e-06
0.0104626214434828,2.8455811899721273e-05
0.0057505864497998,6.451039149166351e-09
0.0155359465569771,8.022283689206202e-05
0.013666108789163,9.30050524854723e-06
0.0009800723835361,3.8103121836575784e-06
0.0147707441112538,2.8237602943801797e-05
0.0116850939075871,5.5069796124278844e-05
0.0038747515994981,2.515769617184688e-08
0.0081078672624327,1.5616934812452084e-05
0.002872882760839,8.000066485870749e-07
0.0086348826181769,3.4405701143204504e-05
0.0036119517972663,6.078394655894682e-10
0.0150569076088112,2.7132422389024968e-05
0.0049633998503465,2.1040556008799133e-06
0.0162827866073624,9.062080396974291e-05
0.0176530181350936,0.00011379968888038114
0.014663479011019,1.576377414227364e-05
0.0125234044064463,5.383130698292318e-05
0.0090455483876344,9.962425497562459e-06
0.0004432121309546,8.777661353182782e-06
0.0196531556034064,5.792240356339945e-05
0.0092190578270046,8.703805536882826e-06
0.0003714313546703,5.951882483450818e-06
0.0097955998187685,2.7893384156927876e-05
0.0075248689819064,1.2127372581057072e-05
0.0115837792181302,2.9268381737469e-05
0.0171994940119308,7.261958312145533e-05
0.0031221559135069,4.022093448606362e-08
0.0045806272284947,4.03802375987569e-07
0.0101053024475401,1.4824141240360794e-05
0.006722626836843,8.42070715305141e-06
0.0117652261462684,5.488406538477656e-06
0.0006544782972209,5.753813143408467e-06
0.0116127515255278,2.5198876345695235e-05
0.0076247235289787,2.3524676779465532e-05
0.007940308693234,2.221411223537292e-05
0.0080620472655196,1.0465536763818898e-06
0.0040360658248586,1.848223308429859e-06
0.0179535716286084,8.503017511511208e-07
0.0172421567716217,3.2315927544204676e-05
0.0196524252755805,3.5843924616959436e-07
0.0002998545797088,7.855419044705814e-06
0.0166113964877081,7.924200502130272e-05
0.0008221174672004,2.680855294593402e-06
0.0156408961301338,8.926132668807123e-05
0.0129408360243575,3.201286005214016e-05
0.0136575398480014,7.821744887450672e-05
0.0001854277804159,5.786044832249564e-06
0.0111277463311457,3.831995971254457e-05
0.0127896066817416,4.8871522455953094e-05
0.0162429842465051,6.671070617237377e-05
0.0178707692076912,2.0927007570701463e-05
0.015697223545799,9.429579912801446e-05
0.005022524316515,3.2042969028211107e-06
0.0114527059854387,8.671317686116693e-06
0.005618267195208,2.133566360076849e-06
0.0187730012012401,8.23261895844921e-07
0.0154758862497836,6.234521124492528e-05
0.0072365314210359,6.463013154002489e-08
0.0146786911294916,1.4224467244046146e-05
0.0117718007619671,2.046642272151814e-05
0.0183262898417058,4.552547505856787e-05
0.0198891704937851,6.21468195041643e-05
0.0050965932984418,5.268334864198903e-06
0.0143348918325358,4.379035570423846e-05
0.0106889415822612,4.907179826881711e-05
0.0171532360769969,6.96379909004648e-05
0.0078495632141003,9.033961089409529e-06
0.009319060412323,2.8747886630759374e-06
0.0184829805743573,0.0001086590090898874
0.0158370517291113,3.998333535008e-05
0.0120859173796388,3.243318713188607e-05
0.0083310432195085,5.416681607250211e-06
0.0160227968800439,8.784668744949436e-05
0.0004388700237042,5.816948238663195e-06
0.0164520391627844,0.00010970163596936208
0.0058685497066136,1.3345402121501561e-06
0.0072701760973736,1.8244912821629704e-06
0.0103874515555967,1.8413216614562097e-05
0.0095477769295891,3.019312734192007e-05
0.0040325667972867,5.616069979428394e-07
0.0111442807812171,2.5308316175748928e-05
0.0054966524325899,6.089214140618735e-08
0.0037714674705483,9.537333631602579e-08
0.0037877014361402,5.511973386981955e-07
0.0135977561869346,2.4942955639936785e-05
0.0168673545907734,7.83163999303477e-05
0.0013016479001803,5.262823624833192e-06
0.0146993241378743,2.9911418504364138e-05
0.005103629069949,4.20770993210355e-06
0.0047411860474286,2.2870357804470916e-06
0.0065258874745572,2.3250627177900164e-06
0.0134442975470937,4.875288437668346e-05
0.0071201047999621,1.374867784660345e-05
0.0175030027798684,0.00010110997522606395
0.0086149181816993,6.1896843079809075e-06
0.0160265359754421,5.109493469267981e-05
0.0099212187140874,1.1549738248626086e-05
0.0015203386442386,8.33189050867576e-06
0.004857183629081,2.3759471552091088e-06
0.0100062761652216,4.599304075380413e-05
0.0098076982190663,5.3553468315418634e-06
0.0023006259031592,7.776418755196488e-06
0.0109830421916742,5.170668742080233e-06
0.0110781428587455,1.6524647539694164e-05
0.0008834094714628,2.3089307743500072e-06
0.0187394128082287,6.7582509711155e-05
0.0036593561140457,4.273946629536988e-08
0.018470586642859,7.25327733794507e-05
0.0018374231120511,6.173248633187988e-07
0.019996867889684,4.1548449934626526e-05
0.0055750897724134,3.2186982494183183e-06
0.0050402929535051,1.208453246129663e-06
0.0121035366069487,5.158159479909462e-05
0.0020203437838243,3.694837881141855e-07
0.0129756722157656,1.1771337645942912e-05
0.0008130121193954,2.1503729990559056e-06
0.01655589841518,8.075850730284375e-05
0.0105229616338196,1.1478113106277214e-05
0.0158793000581411,6.337071411313592e-05
0.0049432606328058,1.6306017531479631e-06
0.0115544897346187,1.563578943040434e-05
0.0033702562862086,7.443534291822033e-07
0.0089903251809862,8.323751612203374e-06
0.0048238761072237,2.7220928574938066e-06
0.0076929728492853,5.786650883407245e-06
0.008983008040409,8.386563099341194e-06
0.0052803247362859,5.802342376560205e-08
0.0102262220678966,2.12784999386991e-05
0.0083710402591023,1.3847204407822088e-05
0.0075357401070515,7.259306092717329e-08
0.0093501072652635,6.291275078265692e-06
0.0136074045009339,4.1610790883426074e-05
0.0079751783047507,9.104887782323156e-06
0.0134803894029224,3.7224326524131147e-05
0.0066910743407827,3.625144837802892e-06
0.0001235360886581,5.63525825114287e-06
0.0013854073031426,3.1825017212879e-06
0.0155557897019183,8.648715989815171e-05
0.0030944206214424,1.9521400205572762e-07
0.0112694720672434,4.1117493290422744e-05
0.0099587133364421,2.44187931763939e-05
0.0189154340563441,7.579322539607921e-05
0.0022969330978052,4.472755850798588e-06
0.0006183200374737,6.612430271709896e-07
0.0100971959644776,4.225776416934627e-05
0.0037053083994862,4.2631563166466324e-08
0.0108714104972651,4.22868717910938e-05
0.01759551823246,0.0001002910933943833
0.0005048756600858,4.860924005510038e-06
0.0050367982499457,2.6937301962342687e-07
0.0103171083953596,1.4884676586756581e-05
0.0154104556149914,6.199998744373309e-05
0.0173079037578196,4.816185350721426e-05
0.0114203161926154,2.6495271097535028e-05
0.0059604697843011,1.2376541842363797e-07
0.0151164053662362,4.734410044038177e-05
0.0030308921319531,2.9301878171905105e-06
0.003639688114755,1.4193299628683485e-06
0.0135267570185885,4.390433176385827e-05
0.0150574867095088,3.847160217009805e-05
0.0034714210519633,1.3356648140126359e-07
0.0126461318663705,5.367126660490072e-05
0.0055121274665049,9.448007418254897e-07
0.01082636182313,4.242100075972398e-05
0.008446338148265,1.1736432918536268e-05
0.0166968299706376,9.766194878586008e-05
0.0064303466093184,3.6101526456058427e-06
0.0057379008759848,1.4280888224482901e-06
0.0093020290380566,6.939595563961987e-06
0.0172512599081719,3.4821314922384615e-05
0.0162672377730945,4.338130791438596e-05
0.0073636418808679,3.4633182306731945e-06
0.0016294923854739,2.832214503739824e-07
0.0089020547466821,1.7728620437466073e-05
0.0130760838217744,3.1413119267416614e-05
0.0043169118176313,5.243178621305565e-07
0.002791321375514,1.0429220710632694e-09
0.016361377031365,8.354640223059944e-05
0.0003420233367663,9.199192307177921e-06
0.0112875881603596,6.072967999858103e-05
0.0178728601065591,7.28137328685295e-05
0.0150628308738909,4.243549941512149e-05
0.0185814791044725,7.8992387618295e-05
0.0049931794535871,2.4452912820740406e-07
0.0003443437609334,3.7221467459477934e-06
0.0126056698161834,2.6818061857536244e-05
0.0057429800429848,1.2189895482875904e-06
0.0155101578683767,2.2775105905305282e-05
0.0004087742456627,1.0514625429840262e-05
0.005129245264228,4.960746684222231e-10
0.0152881778017204,2.8143613358715375e-05
0.0185897176076335,0.00011334736658658053
0.0198286646720674,0.000120592559497572
0.0139117867978606,8.133376542724119e-05
0.0010134878675878,1.3786418385231406e-06
0.0194745191657937,9.36118348721204e-05
0.0142555276425289,4.042565306692662e-05
0.0061729947152286,2.2410789736652668e-06
0.0197645380465454,0.0001404776314939856
0.0151455189299784,6.74074145932173e-05
0.0067772080440114,1.9396063184495699e-07
0.0092533571764102,2.3134829253409356e-06
0.0133007627478513,3.819637468547745e-05
0.0048717064115584,5.4724069713606305e-06
0.0148566839988043,5.4488579910078587e-05
0.0082461929465118,8.092995743833302e-06
0.0078827872655659,3.383065738207333e-06
0.0006093567211768,1.4146992925778612e-05
0.0133187513122952,6.9516872303961915e-06
0.0100159156629111,1.6248092001217223e-05
0.0052617650465318,2.6391738027724133e-06
0.0150445879036158,3.5402792630973095e-05
0.0164667544056548,5.7953875217932666e-05
0.015104916234569,1.3540366999221786e-05
0.0130379924910595,5.400908327257195e-05
0.0066106238867056,6.2728652389501524e-06
0.0153444424591512,5.192466496120903e-05
0.0048422413011968,1.0553809682637389e-07
0.0129948824928883,7.432810548857684e-05
0.0061112273704926,3.5417585806398023e-06
0.0126741442983451,1.4237032380136627e-05
0.0127505446998341,7.469560584896669e-05
0.0144576735311689,5.893405919083938e-05
0.0171167367584045,1.5202765850704727e-05
0.002490798833704,1.655258620227654e-05
0.0147741025548918,8.027097898358405e-05
0.0165931296379835,7.926853035591245e-05
0.0145046594383375,7.755573996852456e-06
0.0183374229589274,1.7984619962447472e-08
0.0018144203829963,1.2339646379985169e-06
0.0029608115646179,3.9965676995483854e-08
0.0007783375825262,1.0345158156767176e-05
0.0162837611002874,1.108254404525812e-06
0.0073128275478523,2.4265933072410547e-05
0.0191443219197173,7.818636493113694e-05
0.0031080342544011,1.1497830037758387e-05
0.0187710135073905,0.00013871875187160916
0.0075499030181048,1.6100650043609562e-05
0.0091049027898144,1.615388471713063e-05
0.0161567541131944,5.336455721334614e-05
0.0165890965196485,2.2123070703790517e-05
0.0053312425946914,9.371761692233783e-09
0.0161764551139732,1.4633175319099535e-05
0.0071487010470969,5.492183604930834e-06
0.0124815899938832,7.515193374723094e-05
0.0166446788748245,4.423297656883174e-06
0.0115109328171057,5.030278490358243e-05
0.0181215358114022,6.333398090363861e-05
0.0095572087012121,2.2377106026026523e-05
0.018954717407573,9.54947459287132e-05
0.0177040236768736,4.118824310642438e-09
0.016956737518504,8.207660264153644e-05
0.0173885124672075,0.00011307785664018872
0.0173303877176677,0.00011402266586534619
0.012947491453347,3.462551340463156e-05
0.0052805394993832,1.7453858988238492e-06
0.0084954276152925,1.3483420466107892e-06
0.0095216439049774,3.581742667162899e-05
0.0019048755654039,1.6091956898498204e-07
0.0157694541788829,7.808270956920378e-05
0.0009992141354766,2.6167848334443696e-06
0.0032449125026635,1.7106540289498684e-09
0.0061237623880667,3.492803576161519e-06
0.0160633843475232,6.190825159048781e-05
0.0040692061763756,1.091287718158633e-06
0.0054593045663371,4.035558320872015e-06
0.0071468495333025,3.7848236158615544e-06
0.004411292715398,4.51745972904925e-08
0.0026909763968415,3.948772635340096e-06
0.016254945777688,2.0600373510053445e-05
0.0086338328533392,1.7173417711241433e-05
0.0018758667495773,6.119319978177722e-07
0.011084064006294,1.090695056720581e-05
0.0145768462561791,9.297854172467363e-05
0.0053433293397455,2.6639439430323163e-06
0.0049820911303237,2.488267929078815e-06
0.0006291808988875,6.627388878657149e-06
0.0122293874015696,1.1099784904570933e-05
0.0122427427998667,2.5192546473697303e-05
0.0169048367259464,5.759933193668686e-05
0.0148110129757347,6.318529738658432e-06
0.014653894043424,5.1510570219049916e-05
0.006087799413464,2.943509843190818e-06
0.007840879483965,2.1860130658983498e-06
0.0081910308546681,9.824624130321123e-06
0.005735957802268,1.9634390843608615e-06
0.0076668616461828,1.0701022129578158e-05
0.0137262587108609,7.249062516110513e-05
0.0157091583360627,8.100651973085548e-05
0.0128379497073584,1.26986155205164e-05
0.0108804354292499,2.924801327158011e-05
0.0005163682924664,8.064465288311118e-06
0.0021805859070796,9.361103068900689e-07
0.0020512103695886,5.0602151813267624e-08
0.0019410824540807,2.7185462488064947e-06
0.0033733755339204,4.089491778985696e-07
0.0004733128340676,8.302840435304784e-06
0.0055143912644404,1.6277160560432384e-06
0.0181136141932362,5.601986572890112e-05
0.0110244995639574,4.216253348582762e-05
0.0146574961174553,6.647430237736017e-05
7.50618010163806e-05,5.660603529359819e-06
0.0116586041912812,2.523725877796392e-05
0.008554649252648,1.8589159281666705e-05
0.0097230033879297,1.3558293334758135e-05
0.0060601467528903,7.822458264559272e-06
0.0180462111638586,7.875876485018458e-05
0.0027910363175678,1.8319005209720236e-06
0.0036310163357694,7.773936261506026e-07
0.0058711356577415,2.4723605327925618e-06
0.0010611345580987,5.794532815556249e-06
0.0110355828962864,1.588017110663833e-05
0.0191364203367436,2.4820686930671175e-05
0.0112315588197689,5.380079624596995e-05
0.0098219255773993,1.6582701559538268e-05
0.0155833033066853,9.465465172690018e-05
0.0076314330383753,1.6638983156497534e-05
0.0006718533725086,4.829136315632005e-06
0.0088251281252761,1.7863135756562264e-05
0.0164567273396734,6.304549820764764e-05
0.0013544236570157,4.290953026454724e-06
0.0015360509425299,2.2291750223108137e-06
0.0026701495840499,5.5493558396560314e-06
0.0073956237308959,3.076912395361844e-06
0.005609969482115,5.436171500057093e-06
0.0153290599796533,1.924528232015918e-05
0.0064679093832987,1.1300204617947925e-05
0.0036567921557406,7.54886140761279e-07
0.0037445695904166,3.276824869585075e-07
0.0155263005234003,5.11830905049815e-05
0.0052274532825355,1.107040503195518e-07
0.014164023920951,3.888976201731129e-05
0.0097519888458631,4.506191456144632e-06
0.018398923880633,6.334954899589777e-05
0.0175326119556533,9.545413965958721e-05
0.0106575096862319,2.0162430076487272e-05
0.0137018444972291,7.056148140776001e-05
0.0010692891256363,1.1003841387179105e-06
0.0076383566021278,5.740887585224658e-06
0.0038440095620502,4.937685848373008e-07
0.0088786389136667,1.1424035332698968e-05
0.0030897271670502,3.9058258685056236e-10
0.0105847482908338,3.040640955359862e-05
0.0021864277047629,8.09390300318841e-08
0.0053939515189275,2.1621072855603628e-06
0.017800477517122,0.00010386112730867971
0.0028880806089705,7.804663733509196e-10
0.0035908484521078,1.1213923854505823e-06
0.016641013285695,1.3322243698680206e-05
0.0116778906878801,1.1657762079293188e-05
0.0133980485851481,2.8435336238143978e-05
0.0029548257673358,1.083376115813961e-06
0.0165349865497399,8.467929538245097e-05
0.0054099589542131,1.205089021357907e-06
0.0183924249024068,9.44553417834312e-05
0.0112251950906731,3.864252059291925e-05
0.0119016138229555,4.35843689967826e-05
0.0002927799135001,1.0382061529782024e-05
0.0139701440761478,4.076132637670193e-06
0.0144898694811942,4.922065899900042e-05
0.0080143070737874,2.2050413773891876e-05
0.017942326186913,7.856365286275679e-05
0.0153832493156326,4.841375839885142e-05
0.0009611750713986,7.302858647517719e-06
0.0115037656594346,3.8713077629399484e-05
0.0174432117836199,5.980464031681265e-05
0.0121752213419621,2.621661955650649e-05
0.0010813423345379,1.4189419366199116e-05
0.0183650795945119,4.060545996032293e-05
0.0145532721385784,3.3087968246598096e-05
0.0048007183104784,4.334235391066139e-07
0.0170907069896849,0.00010434747439492095
0.0007019824678087,6.643937207415565e-06
0.0129022584677486,6.132454374630181e-05
0.01095407110816,2.2409433329495847e-05
0.0192889526567109,4.5029406575695046e-05
0.0045955594465018,3.2957256344246104e-07
0.0162942351824516,0.00011940322451057899
0.0177550014974778,9.074159002410826e-05
0.0103258119810034,4.463392006195862e-05
0.0167446262152513,3.5982964965597955e-05
0.0181066177387493,9.391260625268945e-05
0.0090390082429416,1.8832800509010118e-05
0.0182960683968541,9.99871968192877e-05
0.0051815401092715,7.525874292388321e-07
0.0096309429455517,1.454357639384032e-05
0.0026565789320561,3.7553871459143495e-06
0.016571601618229,7.240361302443969e-05
0.0095256526150724,7.144996168583987e-06
0.0108765327341537,3.751938910759712e-05
0.0057733720806955,2.117799399954085e-06
0.0013778264426402,1.503884266809692e-06
0.0090435685972788,1.2625034285124319e-05
0.0070927949862376,8.767495241343609e-07
0.0131731854627878,5.31170993639698e-05
0.0042297094862223,8.932352771096658e-07
0.0029766353423604,3.0672183234757984e-06
0.0057662203716257,7.132728977941003e-06
0.0075681992364024,3.974115497872651e-06
0.0088971749350764,1.1091936814613554e-05
0.0180262932264432,0.00011275437000371006
0.0019270970362051,5.171871933695841e-06
0.0114965008228754,2.6343319637885867e-05
0.0110140711719348,3.806270941174201e-05
0.0095843361246355,2.7362596832151277e-05
0.011435610604995,8.991528140039726e-07
0.0095922383597762,1.6573310549147364e-05
0.0142966571130669,4.021178635122958e-05
0.0068418361232249,6.262550471445687e-06
0.0184620582292289,7.875604377002489e-05
0.0171313746022822,9.913392191684411e-05
0.0145212344541224,7.86831734239955e-06
0.0058403161814077,5.4229257297623405e-06
0.000245348949199,1.0427943002809166e-05
0.0152864885737277,6.783051417322587e-05
0.0091492526154678,2.4919747915254942e-05
0.0074718609603007,6.23721259585156e-07
0.0176287626231227,9.636804449947872e-05
0.0033205946203572,6.95588613983461e-07
0.0170060293453655,6.917038553415898e-05
0.0080849412355328,4.906886831251395e-06
0.0063577807203405,8.58436392919711e-06
0.0183240535444316,8.151767375488698e-05
0.0030000601237739,2.6688629561938476e-06
0.012701087082606,4.628822574423418e-05
0.0179139650228727,4.099049708785286e-05
0.0191862634732274,0.00012726001587933883
0.0187056429701607,0.00013466751565899255
0.0011144532922002,1.17593700479809e-06
0.005818537494615,1.0037404014983175e-06
0.0102937345264617,8.093552299748269e-06
0.0093148597335202,4.579029920247918e-06
0.0088245035967131,1.631102986000962e-05
0.0003947943486397,2.8349897562356743e-06
0.0197079981602737,8.599830467982485e-05
0.015500471455673,2.202557870530142e-05
0.0131980728269913,7.958109860840476e-06
0.0131034672757999,5.741711858024919e-05
0.0185475758504435,4.267341582421851e-05
0.0115921935473064,2.375315609024911e-05
0.0038229077033002,1.0825632561145603e-06
0.0180624547564559,7.547115168211965e-05
0.0009163050530362,3.289326599223784e-06
0.0060578054613794,4.649168176228484e-06
0.009218745894426,2.2188781030179318e-05
0.0031438575425612,1.7430613528647589e-06
0.0128185004374283,6.448456742738585e-05
0.0118989231934922,4.4260155366644686e-05
0.0194563835980113,4.886877766270136e-05
0.0017638314237131,7.439992014689123e-07
0.013290308760677,5.8526175172220684e-05
0.0114748690623387,7.484392483633699e-06
0.0026732915021858,2.8749124048160746e-06
0.0093516554531651,2.1764153834452078e-05
0.0088926339550249,1.7927040861038138e-05
0.0181203915366505,9.743104645282215e-05
0.0176705765143281,8.767453034195973e-05
0.0131344090117647,2.123818721311892e-05
0.0001320126077143,1.2972262105712169e-05
0.0062922479076567,1.4087556665437772e-05
0.0161696751731913,6.402786704122007e-05
0.0160144466569017,8.793621735366497e-05
0.0142740990196318,3.167397654750852e-05
0.0124798770101532,5.3821437902679834e-05
0.012697428799447,1.7833647481129497e-05
0.0004053525852299,1.3163388468725796e-05
0.0019491318121261,2.984280470959512e-08
0.0067426386120129,4.6974614894396405e-06
0.009177546037154,1.800620296730096e-06
0.0127972748419081,3.1716138257771936e-05
0.0001578141255094,4.04053826273381e-06
0.0010875345048457,1.4183418954498163e-05
0.0106393550938787,6.317398866616515e-06
0.010471266889434,1.4106328629287088e-05
0.0092929643415103,9.441814269952966e-06
0.005572781830052,1.5355177934506837e-07
0.0127507213960117,3.400655412043363e-05
0.0153938550234253,6.044479306269979e-05
0.0143173279949774,7.144783594930356e-05
0.0187977214467369,0.00010862770161619493
0.0059354139562833,7.158550067399381e-07
0.0058312973243443,3.2904258999623704e-06
0.019318994607399,0.00010464654812215937
0.0005654017504621,6.4956020748968866e-06
0.0056365806318402,5.737324128208291e-06
0.0058285174210827,3.969243856085757e-06
0.0100793013872014,9.524509370807724e-06
0.0106096481911277,5.3419592626966605e-06
0.013906184533462,8.467580949436329e-06
0.0024426080245048,9.953999688622265e-07
0.0098759930305389,2.3748986985035544e-05
0.0020753195195932,3.8209373508174826e-07
0.017456992987226,4.452181095063491e-05
0.0050482284572279,6.287178452068035e-07
0.002110644211253,2.6585119997181175e-06
0.0156787215717883,7.01343669094445e-05
0.0083473341235582,9.950460032778352e-06
0.0044291995013316,6.718154590006204e-07
0.0077354657682605,1.8335128265623566e-05
0.005036614423573,5.156240262329407e-06
0.0145240202360199,5.57635967036703e-06
0.0065507436944339,7.1610388638451735e-06
0.0199909434033481,3.0000008712376216e-05
0.0153557995624201,0.00010111568033959427
0.0183432749961278,4.6924810170018956e-05
0.0020334101075573,3.281988482198503e-06
0.0077554591958227,1.1841560440748546e-07
0.0139286133599846,4.8084739742868804e-05
0.0019102450880681,1.6475457569910553e-06
0.008129994165334,1.894599102182389e-05
0.0014293675618306,1.3872187068821868e-05
0.0142950372815907,1.1153426158620644e-06
0.0136216599695138,1.782097505994821e-05
0.0074567262855511,6.5011736144759875e-06
0.015796275931785,4.0673464284804865e-05
0.0190490363653055,0.00011551704014684932
0.015575348214408,6.10161282107885e-05
0.015968619690134,7.471975849792079e-05
0.005414867534015,8.274385418082062e-07
0.0028512721950471,2.0155326418931665e-08
0.0127977603199155,2.5221789572783475e-05
0.0008174534287274,1.8394153977512263e-05
0.0074942552877519,5.731184342994899e-06
0.0133651854050597,2.5292760590771816e-05
0.0061908041095351,7.109095828855876e-07
0.016698405062961,8.226470684062113e-05
5.074469665738324e-05,8.434463064739003e-06
0.0007417491810104,3.898249012916217e-06
0.0155153419614195,9.007676384183314e-05
0.0046891781538712,9.982873425315162e-07
0.0139766641671543,4.925580456427301e-05
0.0018921826469166,5.446251576347855e-06
0.0030045815545166,1.1799577390619761e-08
0.0145806421097711,5.039644291468774e-05
0.0158928101182989,3.521788203605056e-05
0.017433379542214,3.066852106176424e-05
0.0008590386579534,1.8706983700742833e-06
0.0083132530181237,1.1737600246809806e-05
0.0056335723534899,6.3413891364261435e-06
0.0036050711282498,1.9681194838455397e-08
0.0096581330866765,1.6946586060363372e-05
0.0143123065907034,5.370099806749683e-05
0.0166857138920199,2.0006626663028765e-05
0.017489676865896,1.1755121197730585e-05
0.0037326308401295,2.9125413162171856e-08
0.0109189580687707,4.1201261648788275e-05
0.0125824789866011,3.638262813210896e-05
0.0179640999212434,0.00010740880216338137
0.0002548775099635,8.7503468932495e-06
0.0187787787748941,4.818306857364477e-05
0.0101703024641612,3.796520548090051e-05
0.0023252246765931,1.2994531385113447e-06
0.0023422987767587,7.70793976292992e-08
0.0037542320184159,3.1982728729484106e-08
0.0108296661244727,1.7645674534241798e-05
0.0174574890000502,7.721931825964368e-05
0.0030645085879402,3.0447551525456167e-06
0.0070882612182403,8.006771425158618e-06
0.0116526277795656,2.4516763509479185e-05
0.0026355219157572,3.084984312472419e-06
0.0115932434017342,5.99799382811271e-05
0.013275202958188,8.551432055141866e-05
0.0166314909082832,4.538026393924508e-05
0.0159476082542367,5.6174229315156044e-05
0.0033303051277412,4.306111804982795e-10
0.0123338153809206,3.1287070669207716e-05
0.0054029140342926,4.88352305211518e-06
0.007273089040472,7.654362915890138e-06
0.0063718404648808,1.001001942288639e-06
0.0115871051764097,1.5888422719414283e-05
0.0110329034069028,2.7533755146754205e-05
0.0054139192330723,1.0304680697127425e-06
0.0177361631503063,0.00013868937598618676
0.004110031593142,2.049175610313946e-06
0.0189491670956973,0.00010731244456813192
0.0067317764314945,4.189600457793358e-06
0.015221681124171,8.416266323355935e-05
0.0090017339120204,8.639724546077071e-06
0.0058870532353579,2.9018871252705075e-06
0.0013451550839292,1.1298731088933701e-05
0.019180625433602,3.2727632684412734e-05
0.0022165673375987,7.219294165456942e-06
0.0063388068436887,5.80659730733676e-06
0.0004829874303657,6.905469550668011e-06
0.0173110970797798,7.330997238012668e-05
0.0075363949176552,4.3720924830979834e-07
0.0145875134692828,6.432815165190906e-05
0.0012666052350427,3.6099478669314162e-06
0.0037541037804777,1.3941198333936568e-08
0.0005364570578348,5.717319325912284e-06
0.0013972786825541,3.053071446493624e-06
0.0168288501697746,5.666189196626841e-05
0.0175194807440128,9.839058053873506e-05
0.0013266638891872,8.665195266135881e-06
0.0088429409816329,2.7195243604995567e-05
0.0181070801365727,1.1466734896734135e-06
0.0082307731033954,1.4584386117721727e-05
0.0154026764167525,6.415498798527832e-05
0.0174661380306965,6.415998729873984e-06
0.01630425916417,6.724230660825549e-05
0.0018989872449817,9.60531404078636e-07
0.0095503379134028,1.1130359556412437e-05
0.0009310424749828,8.839202817907603e-06
0.0105757775423584,6.2575325166774625e-06
0.0004065167851254,1.2972320027641152e-05
0.0041954567644645,3.3896650111791105e-07
0.0061616989053735,1.3655097841208343e-06
0.0192901602793137,9.934760771389323e-05
0.0074855883854923,1.2176644082399666e-06
0.0044553570205342,7.060734426735191e-07
0.0026702647344025,6.192189803270365e-06
0.0038596168942686,1.4633311244049966e-06
0.0070162832780172,6.32376079818026e-07
0.0025985340848966,4.694305446156893e-07
0.0024830190525458,1.5360828724749018e-06
0.0107339509706088,1.4349276075583499e-05
0.0119857461561877,3.0409213635594458e-05
0.0076308510091164,1.4646331189239162e-05
0.0098022687103365,3.0467166622725032e-05
0.001119496752087,6.803656264790831e-06
0.0080107229963678,5.927283857751688e-06
0.0116445392388852,1.465847644044103e-05
0.0172742377935124,7.253460092801862e-05
0.004481531458322,6.568400358504634e-07
0.0129153698826972,5.432370328242333e-05
0.0086729925999335,1.9706287350084706e-05
0.016558593101933,7.77594326238458e-05
0.0001472539463716,2.965121168687607e-06
0.0051041991848354,7.903443051675555e-06
0.0067614354334017,1.8530001862142927e-06
0.0010764131766383,1.7676356206038816e-06
0.0112840076204325,2.000291149921415e-05
0.0154287776755161,3.606526243204329e-05
0.018081170411306,8.301992897429353e-05
0.001612033309363,5.685814186963871e-07
0.0143656804347243,6.811707644808643e-05
0.0043486317243945,4.92484788645129e-09
0.0014466870844342,1.563000959545979e-05
0.0014585239925965,2.1684440004482856e-06
0.0093198424003409,1.5850514273790107e-05
0.0174200605281123,8.254094951180636e-05
0.0112890446593071,3.6712171602868624e-05
0.0049505502483936,1.0683497607242431e-06
0.0130061101595242,3.339214198779798e-05
0.0120207946766329,5.674670415972957e-05
0.0115164419291364,4.989420964735099e-05
0.002881736529478,4.233962226430778e-06
0.0065190133385291,5.788183706749609e-06
0.012000223257762,5.0724805413031344e-05
0.0194984450480546,2.7049381140243652e-05
0.0048989526767853,2.5627968604759676e-06
0.003386261201051,5.8725260826223566e-08
0.0019358145831711,1.2897173503149147e-06
0.0107557075604828,1.1233812248347199e-05
0.01459764538491,5.898391883213924e-05
0.0152195362324172,5.9318337447104e-05
0.0164547341986585,8.191543491892716e-05
0.0090501598928696,2.1753359245771013e-05
0.0060131624339473,3.066345312329625e-06
0.0010448654649033,2.873731015494772e-06
0.0011565468535596,3.677445863885017e-06
0.0009540215678928,6.500695424636742e-07
0.0101455477628444,2.5454867293306993e-05
0.0126446509125347,5.051758915037387e-05
0.005779961651341,9.053882974419197e-06
0.0152934060154922,4.1230298494100046e-05
0.0183828486921378,0.00010658149337008546
0.0180118983944254,0.00013374588482250452
0.0071660966696692,1.7612646982110751e-06
0.0176085055409901,0.00011934995634147625
0.0035847289899408,7.565999247800027e-07
0.0044062922124237,4.019951727878888e-06
0.0055264510861819,5.848402665918939e-06
0.0143134242691167,5.2959446455421805e-05
0.0033096477613079,1.0301433526179812e-07
0.0084849369475979,1.4131846587120986e-05
0.0114775192801348,8.646065636412938e-07
0.0074507460685908,5.164746760552143e-06
0.011697881148759,3.0800128771964e-05
0.0197858584269068,2.8300331110920315e-05
0.0175772558812789,0.00012095665360279627
0.0043785070842252,9.270045620890689e-07
0.001012013385323,4.301591348906727e-06
0.0119697056347745,4.361392991994519e-05
0.0049829511814231,2.9012448230771443e-06
0.0018162131679022,9.711916968887661e-07
0.0020636476715011,8.541981303749647e-07
0.0130164132954652,3.4471540141624905e-05
0.0162230772831304,5.851435882978005e-05
0.0044386863969374,4.65280331637659e-07
0.0130114121775644,2.9813217926356252e-05
0.0196588171320393,9.45367907619965e-05
0.0172116509350148,2.2994002655663138e-05
0.0163440218720896,3.329855912289364e-05
0.0192771624960967,2.7974004839972065e-05
0.0142041591580863,1.8115783967098184e-05
0.0147861292341033,2.8640585772797313e-05
0.0160755573389205,6.979510559255551e-05
0.0027446492629972,1.4064634370706405e-06
0.0179520208352835,1.5217573865472484e-05
0.0171180185579453,5.917133940440893e-05
0.0026612649427831,4.991173336096364e-06
0.0171649574120501,7.723428905714431e-05
0.0071442684341037,1.4098928818458994e-05
0.0198770123348421,0.00013066498646638875
0.0143818384743626,4.64752534440736e-05
0.0060723417578174,8.215294629693427e-06
0.0177211535610444,9.086169933227579e-05
0.0082249411275893,2.5420677767019017e-06
0.0029988699235316,6.858537480589478e-09
0.0025866468048755,1.5881350130441268e-06
0.0168991401120254,4.565798065221473e-05
0.0029073880854738,4.061630415321911e-07
0.0164454736510609,8.874936516897676e-05
0.0124615592814083,1.967107053994652e-05
0.0154405406472884,6.724865773262175e-05
0.0018054446361682,7.365949036900547e-06
0.0061091433826342,5.4841664099814625e-06
0.0025718201978753,1.8205872338339564e-06
0.0015701433340437,2.1045464826032312e-06
0.0032900489086307,8.58364545164249e-08
0.0076201481160457,8.679834188804619e-06
0.0083132136922742,5.191231166327027e-06
0.0065296898711062,5.7490695326603585e-06
0.0055921061372091,4.6464309365977393e-07
0.0004893695916863,2.546292145945499e-06
0.0163746626747954,5.65957311452381e-05
0.0001519327669604,5.681322186073825e-06
0.0061942933654962,3.941137692154782e-06
0.0173434355387062,4.920270181046634e-05
0.0130668231192859,5.4155482846300336e-05
0.0078481796230312,4.084868185438675e-06
0.0179894609846237,3.654519996182903e-06
0.0096735844200441,2.3409386725558277e-05
0.0147496934954025,3.0115615767355615e-05
0.0140046090935419,5.4371766554174735e-05
0.0156483881911796,8.306523188580065e-05
0.0052115212063595,6.463139589864117e-07
0.0084892397144387,9.564398095252298e-06
0.0013202928720333,5.060344904176793e-06
0.0071570649815586,7.256971304976442e-06
0.0077050841647296,1.1463780564493213e-06
0.0012541557287654,2.6415817856258063e-06
0.0011247595654254,8.598246537918445e-06
0.0080377874856491,2.1338224683827462e-06
0.0122088740629547,3.395928110376931e-05
0.0082872529018725,2.7137752674845764e-05
0.0168625470235898,8.702468095897696e-05
0.0145849303655815,3.8830043387371515e-05
0.0162849966746278,0.00011279491127879719
0.0060407981381298,5.698031891210912e-06
0.0145749342557464,5.142201713671608e-05
0.0011986969659963,5.490075998023215e-06
0.009177024467059,9.455014337287356e-06
0.01411738386237,3.185595174853143e-05
0.0175601634705696,0.00013093236497227812
0.016912271272566,8.13021233931953e-05
0.0053822407690193,1.4745218293226873e-06
0.0001899625564801,6.089568841820461e-06
0.0172488353565247,0.00012242212002038397
0.014080230516496,8.645307101518278e-05
0.0145206839971483,0.00010019536537304727
0.0114157259560843,1.7762300651559967e-05
0.0139904426063742,4.776777334690978e-05
0.014432797091179,7.919882945988333e-05
0.0006499355830581,3.1915580016738504e-06
0.0164046337125438,0.00010712331829462428
0.0096860576363854,7.485260604563373e-06
0.0078156335029376,2.977726478700912e-06
0.0079648048961178,1.243337524213739e-05
0.0152597996201198,4.171534415819082e-05
0.0097476218613043,1.6018839198681796e-06
0.0165009385221419,0.00011965617921485558
0.0132374695341714,2.859932499676207e-05
0.0085267835869923,1.921495284699325e-05
0.0177583204535858,4.2488126391106366e-05
0.0146124623975499,4.603033272472138e-05
0.0015258611727027,4.891348085328017e-06
0.0001547510143774,8.947910209273329e-06
0.0057463870971437,9.295474799731571e-07
0.0196895849396644,6.284065723662468e-05
0.0166386886353445,1.1944679581633668e-06
0.0018207828582077,1.1207763239320949e-06
0.0076465705228029,1.4528315817382929e-05
0.0146912634199941,9.001283166522668e-05
0.0162178334821163,8.191817091272192e-05
0.0075056120589219,7.0290429641103315e-06
0.008403231744082,6.267471326425317e-06
0.0053903271425728,4.303920373349044e-06
0.0193587376865111,5.7167937717086824e-05
0.0125866694288086,3.5493936562521784e-05
0.002826233498281,3.6362929452145774e-07
0.011762175482125,2.39212614668663e-05
0.01821226167606,4.967964321285478e-05
0.0185213473669617,8.858701076201484e-05
0.0150613964507307,5.832536202982286e-05
0.0198503734053591,2.6609045616667198e-05
0.0023261478979932,2.621341288265776e-07
0.0060202753528653,1.3196089871524313e-05
0.0025576906422686,2.242146689787181e-07
0.019873990952439,6.740847245607563e-05
0.0102369917497619,2.668478895946715e-05
0.0142591382893321,5.1648975335373606e-05
0.004675643363909,5.897726645021714e-07
0.0163734259497644,3.858664184516326e-05
0.0107830522467563,4.214658114432489e-05
0.0051597432575835,2.6060353266070507e-07
0.0115358869239623,3.0183756487714263e-05
0.0024913786235339,1.2570011846561448e-06
0.0190625348383546,0.00010181822882352144
0.0048620004080422,1.3226335357364118e-06
0.0178064853541378,9.696389178933384e-05
0.0094272254986943,3.7656081760234717e-06
0.0153130390585243,2.7290226609179248e-05
0.0078169379422184,1.609830207511658e-06
0.0188038616459464,1.925575839181504e-05
0.0132812307785793,3.275583113527695e-05
0.0119199455277823,2.5997483558375482e-05
0.0007540048731078,4.943774107591972e-06
0.0150526051213046,3.211222653231083e-05
0.0128570200750456,3.5503245326911884e-05
0.0050608205420726,1.7389899002492977e-09
0.0102180204539417,1.9945242795261282e-05
0.0047340856733443,2.689707511079899e-06
0.0145045981166324,3.051350389370119e-05
0.0066848209471198,7.5857695183827175e-06
0.0099313563056712,3.5677565867583494e-05
0.0093363401172126,1.2863705846289253e-05
0.0187308232321163,3.382882276372683e-05
0.0063027552391218,3.282968433538488e-06
0.0180135673808842,8.194606730921937e-05
0.004812382520186,1.657499882577109e-07
0.0128083249317248,2.9086212145500113e-05
0.0010038325521805,4.3250838467626765e-06
0.0123807463192016,2.2759027691587776e-05
0.0168267741678388,0.0001431208281944946
0.0115419833900983,1.5188974782287042e-05
0.006776275766457,3.476838035452979e-06
0.0003037547183409,5.6388789474398095e-06
0.0186345411074616,4.140962678402448e-05
0.0048554081608069,6.307476170366561e-07
0.0110825432323653,3.563528457653303e-05
0.0162672731260241,8.600989762196238e-05
0.0072526464205017,2.2403545755876853e-06
0.0015284592180767,6.30957996054165e-06
0.0053401094947059,1.3563449240404794e-06
0.0028075014412318,8.735475307375685e-07
0.0082671318344859,3.1590722131237905e-05
0.0084403398136441,2.7210012951890783e-05
0.0161806979727614,6.960700281262146e-05
0.0009586855810906,9.750077626960989e-07
0.0057974746060337,5.6751039597594825e-06
0.0011446793163659,2.072771190100487e-06
0.0138703931193809,2.1867000523811615e-05
0.0108181623121611,1.8185525954908792e-05
0.0196223338925548,2.4489571042364394e-05
0.0118107145618761,4.672148787011174e-05
0.0111912809944695,3.067155090688396e-05
0.0055331586790627,1.193896165312533e-07
0.0016143269374062,2.783699308330695e-06
0.0026774468929114,1.0660442963755019e-07
0.007739530931297,1.1504449644574992e-05
0.0005806037110803,5.9986788915476835e-06
0.0032974414694815,1.3352426764937882e-06
0.0187367879149517,8.278797032767501e-05
0.0051790970312516,5.009541918699674e-06
0.0148194454708326,1.0107048554618732e-05
0.0049801205387887,1.1529273185517566e-07
0.0022965398058416,5.750824303253926e-07
0.0046960116978675,2.1556483614931494e-07
0.0064861272788714,9.416204357676507e-06
0.0068966048075453,7.374762717913511e-06
0.0058593968713134,7.709597734189668e-06
0.006926490418814,1.661780901143802e-06
0.0141096523925624,5.3835978270457746e-05
0.0024769646424248,5.628993296637988e-09
0.0165349630894953,7.905565038852795e-05
0.0099845038772668,8.11952858642031e-06
0.0119236703937567,1.7542474883826472e-05
0.0178733174347886,3.642687447757326e-05
0.0051801343187563,2.3011887617107583e-06
0.0191628175207906,0.00012798663216629286
0.0023400910170889,1.790220719678423e-07
0.0048646978962861,8.989835353022368e-08
0.0149998749201214,4.586682630565348e-05
0.0013520047318382,6.528844120835564e-06
0.0114293405889358,2.3327006269616162e-05
0.0072849812120151,9.075469188080598e-06
0.0019203594091016,3.152720540116206e-07
0.014736506140747,1.7550955196463694e-05
0.0119102692250923,2.0415274903808224e-05
0.0076151851933154,6.3134776301288415e-06
0.0119516418223257,3.7684384523387725e-06
0.0146145574051373,6.113251134000773e-05
0.0150818682007415,4.956852693658892e-05
0.0176576698644947,7.4178758161840045e-06
0.0022278502425231,3.763955501975047e-06
0.0047095309872541,1.6654511899528432e-07
0.0050113088551892,1.6088266961428986e-08
0.0125376985297685,2.8198030713563813e-05
0.0040591685891991,6.682135866758676e-07
0.0171248254396383,7.549622204125022e-05
0.016683937911631,6.853664988622565e-05
0.0166668524220896,8.27999560592689e-05
0.0114036737363598,2.422514594782789e-05
0.0053596505837486,1.4769544557230639e-07
0.0034145382581492,2.0477154542799247e-06
0.0139063146529505,8.028913319675304e-06
0.0081289735857613,4.817677980160008e-06
0.0007956135590265,1.0936774027701788e-05
0.0003087280082877,1.3433696446524747e-05
0.0066102829090575,2.455019337860422e-07
0.0060142835181173,7.803028113826657e-06
0.0066012315047962,1.3477954741283994e-05
0.005621035067886,2.940112541779387e-06
0.0055660706026402,2.316097741294422e-06
0.0197906675979304,7.842319245024148e-05
0.0018561627956252,1.4451738937517985e-06
0.0081410295763548,1.0068532668221464e-05
0.009304542917824,2.3082314528567467e-05
0.0085760615170176,7.648538453688758e-06
0.0186982898097821,7.37278964325126e-05
0.0189731503184568,8.923660664343023e-05
0.0112994391759113,1.7442671513470945e-05
0.0072694184216356,5.981561085877685e-06
0.017098830290161,2.0307062363978958e-05
0.0060178939269178,1.5858501480738155e-06
0.0100457317691869,1.3539640785745644e-05
0.0051536640374376,5.497225542602493e-07
0.0025946519450408,9.85344992767906e-07
0.0186427367713748,8.252743946202357e-05
0.0089496650144052,2.3718827225657896e-05
0.01873718301867,7.43824146210302e-06
0.0017914711316808,1.3527602397801117e-06
0.0020653031164882,5.151082979856895e-06
0.011464846404301,2.8430066926280893e-05
0.0165672701877965,0.00010992361258406541
0.0048218270465624,6.172819468663512e-08
0.0121518911419679,4.0163758106159e-05
0.0005601566353759,8.215088167793646e-06
0.0080304940581904,4.5287476228520725e-06
0.0118996024880192,6.966148537339978e-05
0.0144025730237904,3.815418745009092e-05
0.0041694143275461,2.319824210773252e-07
0.0120408740018754,4.7025593073319416e-05
0.0165421633914583,5.7343062758070973e-05
0.0143420432771988,5.6983916414949656e-05
0.0149196931091303,6.748248240110416e-05
0.005031103951997,1.3034112997913952e-07
0.0156283173774916,0.00010298455933077256
0.018706707524194,5.099808282480209e-05
0.0179417553215799,0.00010981972778979604
0.0179493728654575,9.270225909885189e-05
0.0010284732999513,5.506377001310519e-06
0.0076205063741834,4.929496122783262e-06
0.0107888307534152,3.1193080381686554e-05
0.0137114202008329,4.178610363567063e-05
0.0091286554735508,1.8738893008668737e-05
0.0017184659028737,1.1092373962935558e-06
0.0002918140075656,5.174841917906378e-06
0.0174510092345903,8.436506045207536e-05
0.0071564251981062,5.340868175525457e-06
0.0013917973147945,1.5254696702258146e-05
0.0133661786995134,2.1708024793951553e-05
0.008475571231632,5.883309097118729e-07
0.0104153949514426,8.563842028937282e-06
0.0070950468344658,7.213928056973818e-06
0.0041803510136239,3.67062453254791e-07
0.0141081537715389,8.618892373432588e-05
0.0153413647264416,6.071982527534563e-07
0.0183591412431786,9.20751239721563e-05
0.0003464352287737,6.5248981746098725e-06
0.0041951665015833,4.764649582462376e-07
0.0086722051950918,1.6864505859477414e-05
0.0110414605971715,2.4423185692589822e-06
0.0144766449960002,7.020137426513909e-05
0.0117336800637995,4.965441270362357e-05
0.0182427549557055,5.448971452084191e-06
0.0028591625425488,1.8095543551037263e-08
0.0040053272356638,3.0593971925155305e-07
0.0068236063378532,6.885373406104648e-06
0.0192030591875073,9.000955032925727e-05
0.0019935071519122,3.702054885269933e-07
0.003703022246043,1.0455830920768973e-06
0.012665859325558,5.66486306272786e-05
0.0104905347297544,1.0485765105702771e-06
0.0160850047625847,7.963463135905064e-05
0.0116390888649943,1.7473600469523815e-05
0.0019809456894255,4.55712934449187e-06
0.0161143442209433,6.864346797713735e-05
0.0077410921477103,1.4858868566121618e-05
0.0135274885801659,3.247039178850075e-05
0.004951470210341,4.7439986479437206e-07
0.0191629057304772,0.00010819113966803747
0.0185714005970898,0.00016407382188583517
0.0020863429320031,1.4749242525584624e-05
0.0065934896244658,5.078933344982702e-06
0.0101061383776999,4.9896552826041554e-05
0.0174962335550108,5.118766784089856e-05
0.0009816872850471,1.685752883965171e-06
0.0083482572206164,1.2127229159366026e-05
0.0031711297388749,5.203595479520075e-07
0.0136003998986028,3.916970808359153e-05
0.0196403187257483,6.877886479928559e-05
0.0171901419154185,9.238076743147559e-05
0.0171278376153629,8.681396065922872e-05
0.0075623019167564,6.995838916251684e-06
0.015733838923278,7.842420490394705e-05
0.0084817999661143,1.1358067068149007e-05
0.0140988062394579,2.604676295026637e-05
0.0046641982914956,3.167007380863403e-07
0.0030377282983428,9.359116472136427e-08
0.0062102216648974,9.668040612092853e-06
0.0032653544112156,2.7127289954650195e-06
0.0180035066264311,9.467487721466528e-05
0.0193370908011004,0.00013881422870853463
0.0154989663970691,3.3809380804241e-05
0.0173526069328538,4.616893840725923e-05
0.0190968605606065,1.9879243469526424e-05
0.0052925942042058,1.0796158300093405e-06
0.0034753845270897,9.985073498205978e-08
0.0118145068763241,1.9241387577723758e-05
0.0087774156785175,1.8241257950497534e-05
0.0058209642584349,1.6157675360428421e-06
0.004649255391461,9.620316379456159e-07
0.006435102966585,7.780974492275225e-06
0.0142079211946347,6.235702009753984e-05
0.0038967950871762,9.728093749195186e-07
0.001506704975737,8.393034146544285e-06
0.0173849186979309,0.00013897689672908573
0.0198635410948119,9.191219364536978e-05
0.0108149618429536,1.1390811706045131e-05
0.0052246929380824,3.975072721510998e-06
0.0145104590754686,9.452934984051146e-05
0.004505602960911,1.5676744244276803e-06
0.003206191255355,2.6217459736811795e-07
0.0136224027477065,6.146786603981941e-05
0.0152744459696607,4.316093135113841e-05
0.0044651520393897,3.1298391878855026e-07
0.0176649995319282,6.838533578981039e-05
0.004603685843963,2.3476798277047363e-06
0.0059022943948137,4.07656317330937e-07
0.0147597450062649,7.444809839749355e-05
0.001434374426254,5.798798716858546e-06
0.0033468456221098,1.2562757019572861e-06
0.0038872484392499,3.456479094950825e-06
0.0003201950961697,2.7599985993364247e-05
0.0130861772970677,6.153235416278498e-05
0.0136427870417615,2.3562855112827304e-05
0.0184769496771107,0.0001499788357811292
0.0011540507579942,3.599509885135531e-06
0.0184311123471432,2.6589862692123706e-06
0.0141945319969141,4.663537788129318e-05
0.0129238439486413,1.1107369751815776e-05
0.0192933946602147,4.794090396648342e-05
0.0107786551130741,2.767656356115241e-05
0.0160933816018643,0.00011165478839165708
0.009172739121272,1.690251487207346e-05
0.0108155042462936,9.671498622758542e-06
0.0040432634431677,4.1270371133160366e-07
0.0025360980888305,4.1192596042907504e-07
0.0114312908645487,2.0578022483950952e-05
0.0055697211049797,5.574199192887014e-06
0.0096933875413267,2.9756161033800282e-05
0.0050707463464809,3.1498710458581634e-06
0.0087259573884254,1.1629022797878141e-05
0.0170533379614978,5.714737636571709e-05
0.0116247967686839,1.2002579155011942e-05
0.0119185370910967,1.6559453765860893e-05
0.0119500410997794,3.203423162585261e-05
0.0006430647910169,3.967851490067552e-06
0.0178912225311384,7.549898327753034e-05
0.0166369582003441,7.994957826068833e-05
0.0097108171005031,1.855233833621023e-05
0.0061799983977033,9.804418114835289e-07
0.0033685816198037,3.7946754704209986e-07
0.0079848204362859,7.122771719234277e-06
0.0015755460576964,5.173739063772652e-06
0.0173570056776801,6.870728424461541e-07
0.0134437323278614,5.7430955639640416e-05
0.0178397856007067,0.00011988144123225897
0.0018172840353042,2.0722715769609223e-06
0.01485485698159,6.403597852453057e-05
0.0020752305990573,4.398782079600757e-06
0.0008869765376913,2.852965619413923e-06
0.0176195146527525,1.1266444669872645e-05
0.0154298173039231,6.669418756993483e-05
0.0035553947820807,2.40934405776372e-07
0.0037592230253295,2.795347055590836e-07
0.0136290159595894,1.696581485136369e-05
0.0096286196959267,2.8811190351554285e-05
0.0078985368792787,1.526568669067833e-05
0.0198876650852132,1.0217648231401275e-05
0.0036984670595043,2.5052890845797038e-08
0.0053453704372545,3.5712529552355615e-07
0.0045124845727035,2.2501877022932595e-06
0.0086980081870954,1.75418338689846e-06
0.011396183931792,2.4112997397403152e-05
0.008643180902409,1.0557962707109935e-05
0.0119883083405316,2.9829809242712766e-05
0.0158721565426689,9.388800594870983e-05
0.0152572919943769,3.798504486651239e-05
0.0185371305121322,0.00012848255759002403
0.0035304661460806,1.4001046146591314e-10
0.0084517252010138,1.238675230977262e-05
0.0121238415247691,1.1359660627948227e-05
0.0150795667797051,2.6436094392803997e-05
0.0082509371496585,5.784326118096582e-06
0.0046633572786754,7.59037917266634e-07
0.0073604992842985,6.2212616103480445e-06
0.0035691178797051,1.1573121733174928e-07
0.0006958298693941,4.306308480967685e-06
0.0114878484189578,3.840871605200712e-05
0.0029852266380584,1.7107021948996148e-07
0.0121184758179557,1.556224488172399e-05
0.0181341707296149,0.0001049517922513735
0.0020152022830953,3.4388387727411687e-07
0.0160772835204574,4.091514261036537e-05
0.0172285278205789,4.792496626099829e-05
0.0142790775175762,6.797456397753981e-05
0.016015938185241,4.949654457054593e-05
0.0082325799960037,1.6259599545544617e-05
0.0057540750653659,1.2918309514358124e-06
0.0071164470054401,6.141231977831009e-06
0.0040052978257771,7.162916128148454e-07
0.0152726536030906,7.178573129799016e-05
0.0153639521852927,3.0503343306046283e-05
0.0103154981697772,2.011046970085247e-05
0.0086824786853986,9.326341297879327e-06
0.0086189682518603,1.748733153678137e-05
0.0157394368449838,9.516098135937235e-05
0.0141645915259915,7.681351562679689e-05
0.010645749047064,3.3500699512696405e-05
0.0072019204036229,5.464834273143639e-06
0.0099821340850826,3.488058460381328e-05
0.0113690902474578,4.642495976236045e-05
0.0164735544812348,0.00010621990753065999
0.0196960004986374,0.00012461925435275494
0.0112012612148791,4.328078021435489e-05
0.0058388472600778,6.846586061706288e-07
0.0177441455561945,0.00012616312858478772
0.0014357383184623,2.6388144601557503e-08
0.01141851075855,1.808753442036635e-05
0.0077985436546433,9.937847494022971e-06
0.0181331381334084,0.00014858865217991037
0.0090586254206412,8.777221999324698e-06
0.009968336200571,5.517400442218507e-06
0.015351760018034,5.557160271734733e-05
0.0063176974036257,1.6854291483442264e-06
0.0004520916527947,3.321424981647557e-06
0.0046676079328972,2.7977910277492166e-06
0.0058449863941159,3.7181212516002066e-10
0.0079360859797559,3.306960637143724e-06
0.011867342839244,3.729769593867727e-05
0.008326581865527,4.42374365006903e-06
0.0153082164733337,5.9223459100291365e-05
0.0031896542438678,1.626595889027384e-09
0.0055067312221821,1.0796233243060833e-06
0.0099344674258102,1.0477179541242028e-05
0.0090550148543528,2.5878999856286147e-05
0.0032122761482776,3.6985362830511066e-10
0.0103010744787095,1.7129132272130723e-05
0.0035893578541296,3.587948584026848e-08
0.0172481294601908,7.338025751526141e-05
0.0024577742121238,5.73278837800002e-06
0.0131079753547231,3.055864564599673e-05
0.005325715955931,8.11473911793291e-07
0.012031574495468,4.3964957709636525e-05
0.0138091202107482,8.226675971033952e-05
0.004312303753485,3.760935241124814e-07
0.0136435363467339,9.62079471117304e-06
0.0121417107071871,9.603672211732417e-06
0.0041710656851944,9.208759919588028e-07
0.0166316650441683,8.864228791719445e-05
0.0042918214576566,5.911844552644675e-07
0.0019689630828163,1.3427240082689466e-06
0.0189171496632755,2.521206913818248e-05
0.0133845015234263,5.983306433812865e-05
0.007940739222921,1.1026611657175984e-06
0.0045881055980771,9.134680768091896e-07
0.016741255058602,0.00010699787002741294
0.0032579220740893,7.472547865255771e-07
0.0094726224195874,4.076349266276515e-05
0.0122367100810612,6.291080673706965e-05
0.0179851483141385,6.313138897920342e-05
0.0086159028418105,2.003111061396849e-05
0.0015602075832946,1.4198453204244605e-06
0.0026537131492925,1.2081555502607708e-06
0.0037201632620778,1.5576398820051975e-07
0.0012568443213193,4.009469839591861e-06
0.0056706745888732,4.675944180604427e-06
0.0060263122472845,4.389886981586783e-06
0.0065388074413537,5.009512636790091e-07
0.0147248903819019,5.5071898698798846e-05
0.000487587880181,5.949884932459259e-06
0.0033370550017176,7.315302735353206e-07
0.0001972557751495,6.006288311070791e-06
0.0124831935460269,4.538734266290778e-05
0.0157929845766823,3.848692110351789e-05
2.6126798090457816e-05,6.090967652444797e-06
0.001348646872691,5.809284705997937e-06
0.007831163203769,1.6906608822714073e-05
0.0041242452709468,2.507748940288903e-10
0.015026497507727,7.383314039988684e-05
0.0157076234162487,6.002060223189042e-05
0.0140531986494544,2.6968969405797606e-05
0.0150092161196081,1.6826886360537722e-05
0.0174170738409346,0.00010648929087180455
0.0001952704906907,5.042104585465566e-06
0.0071530563159617,9.612128380974775e-06
0.0129924511529452,1.6206288521601003e-05
0.0178151375857852,5.491043826027106e-05
0.0101516647110359,7.677993974208857e-06
0.0127890797716818,6.276766995349466e-05
0.0010988600366862,7.795964698838967e-07
0.0150161403770353,1.428072618973664e-05
0.0191790629541878,0.00014046396429722252
0.0165336352792414,7.840073079010094e-05
0.0114314118693211,2.7171887145219656e-05
0.0015520471645002,9.92914005903896e-07
0.0137467863354559,4.027816211567813e-05
0.0023411477822011,4.745100013857361e-06
0.0154821224568254,6.67234765653308e-05
0.0067419974932521,2.237255114511461e-06
0.0061323999834821,6.902319460249988e-07
0.0091306598916454,2.7279552519931955e-05
0.0023589224168567,6.5456405346990075e-06
0.0077905752685686,8.633064509099372e-06
0.0161716106107928,4.037826294947864e-06
0.0077423414545778,1.0179792693560513e-05
0.0010302012508292,4.430490955940989e-06
0.0033272987279023,3.5610751850234716e-07
0.0144631522359581,3.5361390656436476e-05
0.0033912510448724,3.2330988092296736e-08
0.0016483650809953,2.5537157290603134e-06
0.0155574713914532,6.012212723757515e-05
0.0175222570104181,5.2961302439742206e-05
0.0067698308624261,9.369427743455442e-06
0.0038659240032657,3.844292871058942e-07
0.0116265571182832,1.0796057886576224e-05
0.0015445184474941,4.21010001580821e-06
0.0145829371506875,0.00011370327250608658
0.0040655684267199,1.716318708859192e-08
0.0189574469907222,8.260013621858462e-06
0.0080616484943544,1.2724874805390292e-05
0.0098705237519265,1.4820163396471778e-05
0.0142448954911995,4.8263508487259686e-05
0.008812541042575,1.979289262611602e-05
0.015742087313543,4.743281642458034e-05
0.0131558854675517,4.002213128104455e-05
0.0102434990585628,2.246241433578397e-05
0.0076185029145824,2.1209291997804747e-05
0.0184582321583112,9.580877070212553e-05
0.0002496333784072,8.342503872246745e-06
0.0169074609936301,3.518665181574158e-05
0.0134232631668336,2.4263786397528003e-05
0.0091090165726181,6.812816647727991e-06
0.0128489279694785,4.0510677771443614e-05
0.0049676855681735,4.684558659963373e-06
0.0192796231887174,8.607254189220376e-05
0.0146353361549876,6.073817964647263e-05
0.0004361425688778,7.71080410742499e-06
0.016618971941883,1.3810245435755876e-05
0.009776126827547,2.9281362551004036e-05
0.0055834160217099,3.3090089341421635e-06
0.018079071749043,4.814925517898186e-05
0.0115278054585912,3.8184047824565054e-05
0.0163094649979682,9.166743181486609e-05
0.0107249376314274,1.8141490065984976e-05
0.005444691568151,3.3160832086489975e-06
0.0187311640948963,7.191382181491235e-05
0.0173370616744419,6.069931347779244e-05
0.0113870756384065,1.157027543905806e-05
0.012141720860481,4.1739136655490676e-05
0.0114638713575434,3.188152066728412e-05
0.0085021000926912,1.7461354682406442e-05
0.0181632645854355,2.6339410465096777e-05
0.0106606544937805,9.163423078519511e-06
0.0176985403385542,9.342022287978242e-05
0.0010928513793688,2.5859819838110593e-06
0.0060580189637994,8.345494753327043e-06
0.0005529169701974,2.865415809257716e-06
0.0046802011729127,7.886713726096018e-07
0.0120201065505038,2.8090187223279225e-05
0.0121557537775397,3.352001349638325e-05
0.0107934481930708,2.4244478306613067e-05
0.0100540016088743,2.976407570473063e-05
0.0188507326472997,0.0001432849450145435
0.0121614440124102,3.094239241809892e-05
0.0088983768009081,1.1521480899502964e-05
0.0160937724847952,6.043022064045264e-05
0.0117804315307177,4.953906256769943e-05
0.0098155696285728,1.1034330772938422e-05
0.0038132008380393,1.7078531086933812e-07
0.0122494328739312,4.505686110512006e-05
0.00987974291779,2.1516980243643897e-05
0.0167175361206701,8.516605116816986e-05
0.0090417041733274,1.9701686445753433e-05
0.0147196872672669,2.1999993725332497e-05
0.001271125558684,8.262852431432971e-07
0.002417615165046,1.0154402328636846e-06
0.0036638628434759,2.3252101380719222e-08
0.0153588667471474,5.857247763362279e-05
0.0181765996883384,9.079805093275565e-05
0.0183823049921599,2.010184092758885e-05
0.0196760058974104,5.6801684838487454e-05
0.0087290626070391,1.52298307192783e-05
0.0159711917875071,5.7257406101869984e-05
6.845754247496672e-05,1.0785355625416304e-05
0.0061643557510169,2.494983174081322e-06
0.0113342870666041,1.782107765093179e-05
0.0102512812457361,2.4230101240420974e-05
0.0118333930708745,2.1694045804422724e-05
0.012670438710139,5.3898584544881965e-05
0.0024009105804182,2.6913593583174195e-07
0.0006755472678664,2.5013924989558834e-06
0.0104089431397424,2.6576910364558915e-05
0.0023522791647215,5.068351735051672e-06
0.0055151068611083,2.5665700840518424e-10
0.004963873327387,4.4762719628499687e-07
0.0168420040640406,3.293842826267177e-05
0.0082978162077406,1.0329669576879561e-06
0.0146228508060871,9.21312129582772e-05
0.0054338395999428,2.351785311280766e-07
0.00850063704447,2.6966333424886382e-06
0.0020074257685157,8.510103900113426e-06
0.0056084297432229,1.7317326492576293e-06
0.002774606966701,7.310415601719355e-08
0.01785703126587,9.463805844246552e-05
0.0030631516381514,1.3894225760435764e-06
0.0139150920117426,6.7275459316317835e-06
0.0014295740750672,4.844542523983127e-06
0.0058818881952865,5.6676280558285765e-06
0.012995090862916,2.4904586113133007e-07
0.0109093624658626,3.5578905934929786e-05
0.0150450661739083,5.149912588822439e-05
0.007865267459695,9.397022267064703e-06
0.0081673059833406,1.8528678896924896e-05
0.0081615973202297,2.0886042855861536e-05
0.0022333698598067,9.31948453620109e-06
0.0098378305264905,1.4280420362058476e-05
0.0037768944182129,1.2059286517503933e-06
0.0164734744824647,8.085748024356294e-05
0.0006939441125865,4.091026493317386e-06
0.0037368982941068,1.3736540580588771e-06
0.0134374758282726,6.144774028192679e-05
0.013150948387696,3.6734028881189416e-05
0.002160134146302,1.8798655445580066e-05
0.0069409928590518,3.017286396742059e-06
0.0175217193490352,4.7062321453967595e-05
0.0196944653337379,0.00010695430924640991
0.0156394652100218,3.077165778841443e-05
0.0069127354742149,1.0221032818743807e-05
0.0169998858221643,1.446235036497001e-05
0.0046424999483462,7.928235910275604e-07
0.0057889541193577,4.0776751347484e-06
0.0064564839638381,7.4753122159381154e-06
0.0094031667238037,2.072039966910188e-05
0.0102011080015266,1.660603016837691e-05
0.0133041817179551,2.980883366641484e-05
0.0048442457460173,1.848950929396695e-08
0.0003452104362172,7.679348255871368e-06
0.0045002194309407,2.144550671961874e-06
0.0132728977681015,5.31131120205939e-05
0.0191022144990757,8.6097477565081e-05
0.0107034879800381,3.3632147807755604e-05
0.0068693832989088,2.088442559112051e-05
0.0153374645184461,4.451689732831997e-05
0.0117700128403763,2.171260688164368e-05
0.0141631337211033,3.7576987395058586e-05
0.0075274646802809,1.1495528152105286e-05
0.0119881465386648,2.4312491482127193e-05
0.0047459311617365,2.2161717572118103e-06
0.0178996922783278,9.598924913350845e-05
0.0159790474329173,6.59123489361402e-05
0.0091788815467827,2.8270493814323717e-05
0.0119466306877035,1.8204063582312715e-05
0.0044708358170217,4.6467883387875513e-07
0.0182741020776227,0.00010615099692450632
0.0043698239175183,1.5896133628851202e-06
0.0019021000971201,8.300249715228837e-07
0.0010129616938894,1.8695741503077947e-06
0.0154567475392624,0.00012795329071841122
0.0101905281798327,1.9397417135374952e-05
0.0056838116324307,4.601028224261495e-06
0.0195588213730092,8.027430349186763e-05
0.0003909419175846,5.769929274600407e-06
0.0087929311864275,8.95125276857047e-06
0.0088921133212098,1.6458061831302513e-05
0.0017300305331997,5.055752693109668e-08
0.0121725534280017,2.3731915357775075e-05
0.0032536204280722,4.2315250421375893e-07
0.0063370020537805,1.549679814591074e-05
0.0191865745082823,6.58457522822978e-05
0.014946296999321,5.424067572029597e-05
0.0135667974200555,3.7662354439829184e-05
0.0164800671221695,2.1020346775608254e-05
0.0185568998403703,5.6455303369697555e-05
0.0156374190759254,7.912161079990919e-05
0.0047732814126328,4.565263958341774e-06
0.010757879805045,3.1191797414269056e-05
0.0031047681677808,2.530076010325105e-09
0.0032518595950051,1.4889134887105957e-08
0.0103854511748196,1.6105195663021767e-05
0.0087467912269611,1.027935433005067e-05
0.0044209915585115,1.7626401975028368e-06
0.0037678451083468,8.168637304533873e-07
0.0063650156436589,1.1633454315202165e-05
0.0004730454453466,7.89817043248438e-06
0.0157800013255581,9.528525660459436e-05
0.0094005977264763,1.579833501476454e-05
0.01798011121851,0.00010304081872629001
0.0074296621661446,2.2190696026770374e-06
0.0069928961508409,8.844985569566456e-06
0.0002887871931321,2.9232125119335654e-06
0.0122657841459605,1.1072457822649305e-05
0.0188468534107345,6.061014715061019e-06
0.0152128907054877,5.9235826479643314e-05
0.0029188963311932,1.2222792196148034e-06
0.0125196600469168,5.8480521973051556e-06
0.0100689212590133,2.7229011466418967e-05
0.0114872884058442,2.7742106408432805e-05
0.0002194196599252,4.60813640139293e-06
0.0051624839276714,1.338571673599223e-06
0.0109679873593129,1.9079122687771558e-05
0.0155759556227754,4.872024488753833e-05
0.0098821484130545,2.1241425838304637e-05
0.0064802080500542,9.285971739189413e-06
0.0141582890248626,5.976962160565427e-05
0.0176491163354045,7.583224139837304e-05
0.0139599781995082,2.1030460225028833e-05
0.0160189617697003,6.37735634752359e-05
0.012348090369335,2.272338012242285e-06
0.0019920113475802,6.077625124279782e-08
0.0131708101701288,3.6485015904388985e-05
0.0153388188360667,5.469450375208759e-05
0.0184663282627323,0.00011729256208395245
0.0082152134904263,1.2777550724476483e-05
0.0121189689279984,2.8138197439241782e-05
0.0062198525874326,5.765958510956078e-07
0.0052092259646495,1.0971893827354998e-06
0.00517424354137,6.332381896589146e-08
0.0074055107883979,1.213721866170942e-05
0.0100184760611628,2.4063562405604428e-05
0.0011665080644423,1.5705259947963112e-06
0.0102348572971731,7.187638716038453e-06
0.0042732451649783,2.1338883470309923e-06
0.0067968411084527,6.722499803290022e-07
0.0144600762153324,2.6393265010831425e-05
0.0149421946266655,6.486379811253389e-05
0.0181358789886988,0.00013659932636218172
0.0029786721325166,4.967827515900563e-09
0.0091467669307145,3.021809588934616e-05
0.0085568767000519,8.48325481340141e-06
0.0092859584750134,4.996873746645477e-06
0.0132678583291268,4.2815975717050574e-05
0.0184007387706175,8.919532851009279e-05
0.0033612709000232,4.3730782956500845e-06
0.0142414746651601,2.826663367877329e-05
0.0193375215580272,3.081616323685802e-05
0.005837608018903,2.7571228741928326e-06
0.0064553924453657,3.1188902028039886e-06
0.0116700922565842,4.345745439603845e-05
0.0169951868924263,9.293051432429596e-06
0.0110061471639358,8.778864053052823e-06
0.0033167432811623,6.558984883690544e-09
0.0036332191578053,1.6284722991843932e-07
0.0097843664248858,1.5380356478002e-05
0.0192368546441994,7.227550663557287e-05
0.00555322648059,9.468544835589555e-07
0.0114680982305765,1.0288855713132123e-05
0.0012655884263285,3.26754251766216e-06
0.0143656920873214,6.392506661514829e-05
0.0059705357434895,8.288996156064139e-06
0.0133267845455211,3.685333013590032e-05
0.0142133329290646,3.9276958440945764e-05
0.0157035094486585,5.1956281842238874e-05
0.0063317997489298,1.1381444301476437e-05
0.0104597554196752,2.705316336182801e-05
0.0189900580682211,7.641702067579274e-05
0.0149088525851564,6.55519985666167e-05
0.0150070707565041,8.934609297025325e-05
0.0070932253422496,1.1520500185633356e-05
0.0019606691777059,5.299785122558572e-07
0.0043463187273814,2.3214136527879253e-08
0.0179114603641725,7.151184705011935e-05
0.0148935127228468,3.548769615169343e-05
0.0014610198447198,4.851162226036731e-06
0.0172617277532461,8.491878481348322e-05
0.0087947120782547,1.3627318331174168e-05
0.0142558951074768,6.573642619859055e-05
0.015532701677253,4.31399713315108e-05
0.0146833620535318,3.825127319673738e-05
0.0026675885524459,1.9246084401597698e-07
0.0082658628445493,2.711958251687941e-06
0.0180612362206047,3.429969109057047e-05
0.0125441493541208,5.2016447130658885e-05
0.0101143086641365,1.3242125546898885e-08
0.0042977405755343,5.503347657084276e-07
0.0138653713445132,5.6907261030633404e-05
0.00216707845105,8.579733384309449e-07
0.0044935515820173,3.7776792963693056e-06
0.0096798401359108,1.3404792142216843e-05
0.0030055467592234,1.043262414913332e-06
0.01044359838779,2.5332975990577115e-05
0.0023852936695571,1.7433552509328573e-06
0.0170700749446178,5.6611233607314554e-05
0.0188188576679024,1.2508180019116467e-05
0.0072578285531126,2.68050451464768e-06
0.0163586645597993,8.472722056317143e-06
0.0155242584036934,5.039592431770979e-05
0.0039513677068455,1.863974935774068e-06
0.0108060887265253,2.3736735677278544e-05
0.0166887628996725,1.6870188114004628e-05
0.01736685845557,7.795717311356894e-05
0.0033021538633387,1.4516692224666759e-08
0.0025143245173005,1.4104635883682397e-06
0.004007994931003,8.052563479113766e-07
0.0024863183663115,9.443568588075312e-06
0.007489009872946,2.737004376100828e-06
0.0113518735799527,4.88356789606014e-05
0.0175683721846829,6.667279144658866e-05
0.0056491268866665,5.319192763945156e-06
0.0137143800075816,4.7025604454712795e-05
0.0035140554593637,4.234448423564346e-08
0.0127877362003495,4.247166197435894e-05
0.0022992778779364,2.661720487812249e-07
0.0103469278196189,2.9685369002475536e-05
0.0177615444490715,3.620448601524461e-05
0.0053424667521786,7.211674323910592e-07
0.0178546624998671,5.001235017863805e-05
0.0137387441769751,3.0633701600753856e-05
0.0150331073758642,1.6515599133419472e-05
0.0027830291938216,1.5784074048958927e-06
0.0198588692058076,0.00010369985168036605
0.0073714517004592,6.70512729817884e-08
0.0019380211762392,5.5998309782319497e-08
0.0158253128767337,8.324249706651288e-05
0.0161773583829325,2.357287654802722e-05
0.0057045912749727,2.7972890854697204e-06
0.009150080631349,9.238599839870276e-06
0.003962963350709,5.237784755865203e-07
0.0097287406828631,3.50296347613083e-05
0.0163476975002257,3.465816616077987e-05
0.0136669635435906,1.523842582678796e-05
0.0148269784770078,1.6194838264689912e-05
0.0179306745381189,4.650104329090925e-05
0.001817126935622,9.027580610344777e-07
0.0151651882091103,8.460362348572427e-06
0.0034986118643708,5.524614097403841e-07
0.0043110983259287,1.0030911274391377e-06
0.0073005074799181,8.983530092676338e-06
0.0184157599251141,0.00015499903181520304
0.0184626721931596,7.46562298796922e-05
0.0007226480310402,4.415061214401449e-05
0.016089523482549,4.590177884939924e-05
0.0159775862885193,6.293066789665257e-05
0.0088569138196858,1.1614579300704131e-05
0.0016822329659833,1.2720406481319041e-05
0.0028405438049455,1.7004341565542417e-06
0.014718623716266,7.431482637815894e-05
0.0063962638096574,6.71870465495661e-07
0.0174331397527403,4.727072482446366e-05
0.0117419831570516,3.4171014382897626e-05
0.0096069016794063,2.3878985487052336e-05
0.0129011468024401,1.1002354738569474e-05
0.0079713309170895,6.420698724068665e-06
0.0162031477046084,2.728444586183696e-05
0.0037961269279307,1.7734081832591406e-06
0.0067783178955392,9.135954519687348e-07
0.0126842185712524,9.703243527111097e-09
0.0187860650436083,0.00010810957750139831
0.0175558320858884,3.628415991784588e-05
0.0093290377860727,1.1840698484741697e-05
0.0174942185473784,0.00014121146682353366
0.0079164652237888,8.323951258336927e-06
0.0122945936921093,1.7575477739554765e-05
0.015133806207368,3.955738240507993e-05
0.0102639046052402,4.407985082408397e-06
0.0043029618778783,9.518300903259905e-07
0.0071459242033423,1.9124236310094253e-05
0.0190730219547811,8.631079396355673e-05
0.0076924585997749,7.605149171482751e-06
9.824423858881823e-06,4.657390082134838e-06
0.0037207179824907,1.0335225679666545e-06
0.0051318490878766,1.5018249005759446e-06
0.0118531006626971,4.253549696060702e-05
0.0125878191458938,5.484453821051621e-05
0.000701872689669,4.333109767961782e-06
0.0027246685561515,4.120346122641599e-06
0.0065334408110248,5.125671388985846e-06
0.0160595811886978,3.7299904550500213e-05
0.0156817716615293,3.805213487149274e-05
0.017262658362028,7.281373073584234e-05
0.0198370376583678,0.00013630412891504781
0.0031418064312434,4.282654194441893e-06
0.0125341071842913,1.08456050475533e-05
0.0001904700479168,7.47907604088551e-06
0.0102625388476044,1.3977265737505287e-05
0.0118894449176451,3.136933165928091e-05
0.0133014158062195,4.08321204028409e-05
0.0015531667516656,9.02463577228036e-07
0.011192803135104,2.6401191251122154e-05
0.0077456666116818,1.1796400563644239e-05
0.0058788576166279,2.8133700904826175e-06
0.0068776112870203,1.0927837460484175e-05
0.0185777264480041,6.936141623777878e-05
0.0176147450481958,0.0001063534941349712
0.008917464249483,2.7065751116096385e-06
0.0184073424035192,1.5856216187230598e-05
0.0155812798072968,7.687632129272906e-05
0.0100630101276184,1.6756358673097547e-05
0.0065574170033248,1.022273369720767e-06
0.0026802820574465,1.187190539505308e-06
0.0075625386984934,2.61676179706132e-06
0.0097769865174697,1.214161336821946e-05
0.0045451596445666,2.7675621987654468e-09
0.0117069327296433,2.1332148291074734e-05
0.0017320457024394,5.7430975613907796e-06
0.001699452450298,3.2645879912128155e-06
0.0023590076989086,1.1692470954094826e-07
0.0013537146128692,3.6748673109221436e-06
0.0102468962818578,2.8973183453452057e-05
0.0185009272518346,0.00010162361383244188
0.0114905538312404,2.9197482966224246e-05
0.0067377504115824,1.1432626435818738e-06
0.016116076726408,6.273347199416729e-05
0.010563145383387,3.637197301709562e-05
0.0145977603759047,1.816876593932459e-05
0.0043005473237269,1.3318502664482216e-06
0.0195450528784699,1.1939333670804886e-05
0.0125550724590929,5.976399584968364e-05
0.0081127296004385,8.3342212722896e-08
0.016283410877058,2.1188592251431177e-05
0.004578290362899,5.035246936658972e-09
0.0023365060192452,9.327568681360216e-06
0.0141519623014535,5.1940694477823414e-05
4.5776987485253165e-05,2.7124872101233033e-06
0.0051216440087168,5.979238155648115e-06
0.0078500665597485,3.6673148646300457e-06
0.003482633603934,2.5650820079871585e-07
0.0132901396804703,5.327942190682549e-05
0.008219100631728,1.5821706470003835e-05
0.0198699287246007,9.1901145085686e-07
0.0080648713647917,1.2669749635323776e-05
0.0028471084188583,6.099323018646e-07
0.0083548390877707,5.330536101400135e-06
0.0049327426249205,4.2499032848543757e-07
0.0115360232779075,2.7973207416731148e-05
0.0087446819034053,7.047206002807421e-06
0.013671002091505,3.018209312915242e-05
0.0082073376001061,1.4068527268450186e-05
0.0115049845149127,2.7397654979879505e-05
0.0105777968828571,1.577485598435884e-05
0.0070460369344055,1.0320419179456033e-05
0.0143361108126106,5.600280477125565e-05
0.0153421044582922,7.358825728112424e-05
0.0186517173800035,0.00013271276524376235
0.0096957118847382,3.172064421719675e-06
0.0134053298537156,4.538008130473571e-05
0.010864372099794,5.754682710088822e-05
0.0117925231368907,5.46199906724427e-05
0.0163093557326802,6.773704151749676e-05
0.0142293235814087,7.572720297934087e-05
0.009459226834766,4.7995674535105755e-06
0.0142911766272094,8.034717422725882e-05
0.0165165310760512,1.3393730182335812e-06
0.0190878938707309,6.429441803875124e-05
0.0112637278134694,1.9123700409517592e-05
0.014840849560088,3.614949728983941e-05
0.0035503636377466,1.002613086986493e-07
0.0134644202154064,3.6496450290407583e-06
0.0071879259740247,1.080872634698672e-05
0.0147879441532214,8.27925089572211e-05
0.0063541150197436,2.692186334552462e-06
0.0029088994717253,2.4354417942317497e-06
0.005063096557589,5.228234943662534e-06
0.0006293039847711,8.62119249410375e-06
0.0138945201648001,2.8617663786982913e-05
0.0189399603360426,3.8312176139797634e-05
0.0133485059766516,1.1523740130832808e-05
0.0185892535988175,9.447869939594938e-05
0.0113839255459983,2.7787342082034252e-05
0.0153250441990785,4.5754029524062776e-05
0.0008393954360569,1.241616271700644e-05
0.004656299158577,5.665064365381405e-06
0.013017830870349,1.9373823900452253e-05
0.0086702805422516,6.450105578528168e-06
0.0149068739127725,8.044432364897888e-05
0.0025998109552394,9.611307619603413e-07
0.0103078099036564,2.421568729415452e-05
0.0108775403849541,1.5321740347945443e-05
0.0095645614080662,2.4734281660240376e-05
0.0054140596144849,4.21231240962294e-06
0.003708801491353,1.6451570284996596e-06
0.007862944413646,1.37710016707613e-05
0.0150007641254367,5.488206409846043e-05
0.0053166540689261,9.130826829170216e-08
0.0121545304567937,4.3607676793000885e-05
0.016624272229181,6.874630125109794e-05
0.0179888947500131,2.9290105439710725e-07
0.0126721246124571,3.121449224770989e-05
0.0095887992237552,2.9578481234867934e-05
0.0141051323489353,1.2362716291389695e-05
0.008531635879727,1.6979077196022203e-06
0.002223730220615,1.82573931139706e-06
0.0001724696586598,8.257940177379686e-06
0.0092636193794168,2.2243151910970416e-05
0.0180092810791813,5.719340328817441e-05
0.0025233606288319,4.733818690380904e-06
0.0113301165169129,3.219845990061489e-05
0.0090842470773707,6.100020009144476e-06
0.0123255028150351,3.486733562614941e-05
0.0067328064225776,4.787787168064455e-06
0.0087416284401547,1.1380210206174173e-05
0.0126336613286472,3.424464945055215e-05
0.012078584372345,3.494387146384267e-05
0.0053257028789728,1.2844877684319773e-06
0.0144869768548799,5.633051283542876e-05
0.0100808635285111,1.660469034466947e-05
0.0030487131546395,8.949413932258934e-07
0.0165254924301318,6.961219690362082e-05
0.0028568658818672,1.257248240644006e-07
0.0048783081235884,3.797566744997055e-07
0.0185309301651942,2.5831578434548212e-05
0.0127137929831943,5.969650052541615e-05
0.0122887640445035,5.7976778050822536e-05
0.0044240381745554,2.1863189860039258e-06
0.0106298919301811,1.0047559514674693e-05
0.0063355685274404,5.718545450382503e-06
0.0166060772906157,7.57034321322463e-05
0.0121578173993976,2.9045841603925775e-05
0.0035208413452997,5.591543572329289e-07
0.002653835131572,4.7241909029365436e-08
0.0092725029722887,2.4325952198437098e-05
7.644948277274244e-05,7.5644682436920906e-06
0.0021479088341471,2.7593341407466423e-06
0.0040250860501495,4.752744778680248e-07
0.0120759730041721,7.047524577751212e-05
0.016388448308487,3.65474417106397e-05
0.005223645477744,8.688162592616979e-07
0.0145332792702034,3.766690965164758e-05
0.010965872512262,1.3543874044257309e-05
0.0058453338415497,6.711402445448611e-08
0.0127141292900138,6.630553992593332e-05
0.0065436697322476,5.2105169557746075e-06
0.0154826617614429,6.0005281843845875e-05
0.0072491759341377,1.5817479084485422e-06
0.0009857028274535,3.0180057357083913e-06
0.0181138638467493,0.00012813564775776933
0.012375095149962,2.6306817006442533e-05
0.0165778662486147,8.562366643742542e-05
0.0181284933599597,0.00010241370760062535
0.017296912197463,8.588050943044409e-05
0.0135714482556062,5.798023419176578e-05
0.0153680080417357,1.9368405279432377e-06
0.0113388886682514,3.441150712476494e-05
0.0160365931371673,7.340948799769426e-05
0.0154332885174875,6.096522324461129e-05
0.0131152442515694,1.0381200747899977e-05
0.0043165796874608,6.786976440813855e-08
0.0004223521274555,1.6253793443497782e-05
0.0018841402757496,3.059322984822803e-06
0.0109834799233876,1.5046772726601064e-05
0.0014690360111258,6.168499801928957e-06
0.0060054335855101,1.0930705129460703e-06
0.0042001482031484,5.051224113418331e-08
0.0083187385367395,2.021039420407875e-05
0.0048715466281179,7.3694036023971495e-06
0.0089853629758619,5.168253843006606e-06
0.0032475703661745,9.082993782823823e-07
0.0051635365436924,9.205729924907429e-07
0.0006297271106643,2.2339144414884747e-06
0.0141751884552001,5.418085412270757e-05
0.0004534896939269,1.3742989751329566e-05
0.0005176021364375,4.138739104764126e-06
0.0141404912171837,6.387840085677604e-05
0.0132659399772487,3.1343504523347966e-05
0.017755064344044,3.7416174293055234e-06
0.0139334512601299,4.692447511879835e-07
0.0106064244388992,2.7184607797611163e-05
0.0095654036325991,3.070509095017793e-05
0.0108630299760348,3.7699199743350336e-06
0.0095166227540275,5.420908402464385e-06
0.0113454563766809,3.995439290908983e-05
0.0077690510051449,9.41242159572979e-06
0.0043506696292184,6.272251562595379e-07
0.007248600634506,8.520334180833337e-06
0.0183748246224719,6.229663194523256e-06
0.0150668205077276,2.7893395147965847e-05
0.0101984838105343,2.830872030569186e-06
0.0051648895711962,4.763514108507928e-07
0.003903484530728,1.4156707524485216e-06
0.0080949819359513,1.6206265800992514e-05
0.0143066013176101,3.2379981432806067e-05
0.0054107845238979,8.044322863396328e-07
0.0051892313250485,2.226510498071024e-06
0.0147035720310899,1.6874453813746437e-05
0.004687575814852,5.037049860171317e-09
0.0132901174732113,2.7603199103133774e-05
0.0005921649650877,1.0420728690576595e-05
0.000845920150793,1.8679368690270917e-06
0.0017417801515256,1.98553905405996e-06
0.0174105964054263,0.000130873239345422
0.0047614110133834,6.184939915895642e-08
0.0007038347211568,2.3627405863065072e-06
0.0136728695954605,2.1803077757107937e-05
0.0161457965743439,5.645413573101395e-06
0.014943489421368,5.161724036316199e-05
0.0180056267150319,8.822032269844191e-05
0.0053571663773038,1.0844434839882082e-06
0.0046445066716845,2.2659546792301887e-07
0.0090302633610947,8.50568119971417e-06
0.0132846142333654,2.5450168328073145e-05
0.0140111909015341,2.040759576272585e-05
0.0006605951808235,5.909850210386432e-06
0.0167541945483672,1.5184181240373452e-05
0.0144993708162247,5.09297962840676e-05
0.0099623448467446,5.424343461927014e-06
0.0187524771696936,6.644447074210059e-05
0.0039656989657491,2.9129036165424306e-07
0.0029389790300977,1.2187163841276731e-09
0.0049990587446133,3.107968818141876e-07
0.0026213631764625,2.5607937067103095e-06
0.0184276595965456,6.905454084831426e-05
0.0126208783768004,3.4733831069262176e-05
0.0041087577795438,3.5954055468905606e-06
0.0187856688453009,6.224866611175987e-05
0.0038338804716777,1.1243299492200179e-07
0.0093544679623153,7.382435449686178e-06
0.0039684502023419,4.208085333118796e-07
0.0134355420545368,5.558157462728969e-05
0.0171414107874493,9.947081368810168e-06
0.0180671924045054,0.00014052022050782775
0.0032888781807835,9.068683797551664e-07
0.0071439617520331,5.616009173816248e-07
0.0175081428552802,0.0001224095550821235
0.0080555637870648,8.88222415092313e-06
0.0151212545540433,1.90612943809688e-05
0.0053175251976176,2.4010851761470206e-06
0.0173043362967486,2.331208668694694e-07
0.0182112375520946,0.00011486578299209342
0.0146918338017145,9.174599164696914e-05
0.0134921008378482,2.330614379452899e-05
0.0006581577727802,9.864451485234675e-06
0.0009725585282611,6.004743220128806e-06
0.017611290214096,8.084724420121729e-05
0.0135928083316006,5.455943743913729e-05
0.0017020473676721,2.0715139764087746e-06
0.0017513537907694,6.7563874242172635e-06
0.0116428510406329,1.965199357134697e-05
0.0177239214154562,5.414592544189555e-05
0.0014784328435744,2.672726765230961e-07
0.0073063339361568,6.156991761934712e-06
0.0080996833224013,3.264449351362525e-07
0.004099177219948,1.1596452198169121e-06
0.0148451162153773,6.939050230881924e-05
0.0095447857310436,2.355420852480656e-05
0.0190983137440164,3.2295964484704005e-05
0.0013980668162555,2.707450388696974e-06
0.0112518081611473,1.8136416320598134e-05
0.0190111310428222,4.490903735644244e-05
0.0085775381050682,2.0818435904825286e-07
0.0077469951963468,1.216476195583897e-05
0.0015269032164121,3.3005871496742595e-06
0.0029276580943975,2.3385553540547793e-06
0.0149305050346543,7.49530781621114e-05
0.0193859433621859,5.5381652516458255e-05
0.0143772913069811,3.496294767816451e-05
0.0122598458162778,1.728533729873485e-05
0.007583166610973,3.1799989670159668e-06
0.0164536780177755,3.286471946479639e-05
0.0036325781624628,1.104572996060937e-06
0.0189592374095585,5.349042565131195e-07
0.0178070062784214,9.431836378605773e-05
0.003321517239077,3.417421969288721e-07
0.0040227297055049,1.2088709698082095e-07
0.0132963343214297,2.1246797626172806e-05
0.0196175302894509,9.802607492894217e-05
0.0148940505998789,7.356880214476615e-05
0.0142376897535799,4.082828790283076e-05
0.0067444338438997,7.651118258182974e-06
0.0089040074218148,2.14515161529096e-05
0.0087789059256503,2.497889687974083e-05
0.0174703638174647,0.00011691120028825615
0.0141334577987832,4.55694083451338e-05
0.0069675234301743,5.959374573810435e-06
0.0083104247906633,2.9688381511833685e-06
0.0106167870611671,1.068469744037441e-05
0.0032772438251679,7.015551719921548e-07
0.0005492211035939,1.5877817645305053e-05
0.0011992523285617,1.604634708647041e-06
0.0003841905361958,4.614755703829152e-06
0.0027132231387488,3.5168454344488506e-06
0.0028760623723759,1.5328357789578286e-06
0.0126695936066846,3.204501863216671e-05
0.0014207097962583,6.605780761895084e-06
0.0080988723179026,1.8559344714784454e-05
0.0110262530869323,5.611127263920296e-06
0.0049570438544542,2.2863592339491598e-06
0.0136331430013303,4.4669687047015466e-05
0.005501570389605,5.440802153639306e-07
0.0114232668136556,3.4763772005752496e-05
0.0161504447981087,3.987317263317512e-05
0.0122397657247454,3.127408462166524e-05
0.0123991483725309,1.8376923635290045e-05
0.0016211962683069,9.64370814851369e-06
0.008210652945774,4.029337441250556e-06
0.0150144844204842,7.811657621867768e-05
0.0117165296672162,3.320323109072314e-05
0.0168764663075525,6.0380190771867156e-05
0.0067398580665985,3.629210149505286e-07
0.0063460149435254,7.228797283669426e-06
0.0175693787115159,6.865774955307791e-05
0.008880875349854,1.2861414046558418e-05
0.0119908107273069,3.180222143137038e-05
0.0080259193670834,1.1761931560239341e-05
0.0090195163083742,3.837935185679836e-06
0.0069758968675686,1.8805149371119014e-06
0.0072975868978309,1.0859418456426001e-05
0.0069559290474778,1.5832627957406597e-05
0.016383334869656,3.377896927029631e-05
0.0147527066169409,5.018221192864239e-05
0.0165477979467482,4.482971236727585e-05
0.0181781157208935,7.696999193637241e-05
0.0110443952116988,4.286242656307696e-05
0.0085563205726589,4.4148259408471195e-06
0.0039223449613725,1.232749102714772e-06
0.0162925224361072,7.646845271528262e-05
0.0013233473449737,9.851698699289045e-06
0.0157090617544996,1.2103938783152906e-05
0.0159274657411681,2.4035728299354533e-05
0.0084249760675089,1.11987141571279e-05
0.0036959818249055,9.682159894996216e-06
0.0100638329123736,2.5111301987350444e-05
0.0127462504756257,2.2015367370598387e-05
0.0199046256375819,0.00010428845406348947
0.007953237341056,1.008375610323309e-06
0.0192595809075464,0.00012648221437950205
0.0163642794780087,0.00011129372706432181
0.0081638085076369,3.201822202082777e-05
0.0139238242124008,6.716040106170659e-05
0.0196379230095265,2.867128982517822e-07
0.0024577367506852,9.775636711955661e-06
0.0102113938857376,2.0759583888503813e-05
0.0028260391693762,4.85665547588227e-07
0.0166610104118869,6.8683248222860926e-06
0.0086049627989022,2.1722518897691108e-05
0.0020896630292229,3.300385814058973e-06
0.015173719297675,6.598571174963175e-05
0.0112753925428618,2.4972760979093562e-05
0.0028504043724724,1.7067906612337198e-08
0.0064967827288871,2.18184535943637e-06
0.0199080325096853,0.00012466443469189522
0.0001244058261812,9.729445032822485e-06
0.0123522839092876,4.3177053647717606e-05
0.0058166475452827,7.529423307078279e-10
0.0167700679723735,6.965419424839257e-05
0.0189271813464673,0.00010043995500319684
0.0157265670551752,6.533373169424302e-05
0.0140258365401903,7.43262423731865e-05
0.0081804907116428,9.623035999184866e-06
0.0125065266352438,1.7550204041602197e-05
0.0022364485569558,6.159352531149269e-07
0.0006123216914645,2.259064337212986e-05
0.0129516938766832,4.563719568206274e-05
0.0092800844631669,2.945741574859846e-05
0.0054631384859616,1.7561158362555103e-06
0.0033980386991072,9.985208847617772e-08
0.0094574886689101,2.890372010642796e-05
0.0010838257467969,2.0573616069489817e-06
0.017230960610006,0.00015096626741401342
0.0121193338662118,5.188068392512272e-05
0.0031394498224805,5.145168328242062e-07
0.0113238285307053,3.0005066812991678e-05
0.0017709511780978,2.808117899528684e-06
0.0151232978655227,2.819976311547926e-05
0.01656448936282,0.00010741765533425802
0.0104385465252381,2.27025597160292e-05
0.0021193359296187,8.571712468201531e-08
0.0161790468444593,9.680063318022381e-05
0.0053841227510837,5.653250681033287e-06
0.0180962968705005,8.870843066304374e-05
0.0057837187356354,4.822102720473917e-06
0.0109692174735377,3.8388174046193065e-05
0.0129549446084265,5.551588856613611e-05
0.014768434710412,8.674412809742971e-05
0.0051730561449557,5.042303605827299e-06
0.0194208074920401,3.425191142881834e-05
0.0119617184702331,3.761670833946695e-05
0.0086806367996896,5.487154394627877e-07
0.0183086189304718,8.282570137322863e-05
0.0109025163678093,2.0311694001528603e-06
0.0122281054121426,3.0031247352135767e-05
0.0131527180567923,3.303588501304244e-05
0.0058441419362621,9.06097454449717e-06
0.0189724470296579,9.751901621295135e-05
0.0135408983560093,1.4945250367825496e-05
0.0152763715018416,4.420839119997082e-05
0.0172599727667851,5.176538780217243e-05
0.0137095102384986,3.771859556848512e-05
0.0187251945619273,2.01685877282701e-05
0.0081756898797923,1.0599105894177553e-05
0.0145253438122486,4.050695888610339e-05
0.012983946568728,4.031916923142039e-05
0.014143948253759,3.498467897508045e-05
0.0177608461838554,0.00012770048766415544
0.0190863974520927,0.00011067320652178061
0.01872774717149,0.00011387889536755101
0.0026936559802294,1.5564595507172923e-06
0.0116004517073881,2.7163626517449707e-05
0.0017685291575723,3.2290708262237382e-06
0.0105428268214633,9.916893710083126e-06
0.0093973150512641,6.099556193152342e-06
0.0137833004540605,5.5725383134190057e-05
0.0141507516004033,5.0163235843211884e-05
0.0028257564816903,1.4545649525295327e-06
0.0043507412843378,3.267220787486391e-07
0.0158879875087903,8.391751946829556e-05
0.0079858617539702,3.7297944365598274e-06
0.0196675999267882,9.693015653743997e-05
0.0056667648453344,7.733193903510771e-06
0.0187402884562645,0.0001052509627537356
0.0191217710134509,0.00011398764632693798
0.0157840297163941,5.717866331966091e-05
0.0010329046264908,1.0064216540740958e-05
0.0170886265029689,5.655881121363826e-05
0.0173703214171056,7.460989103375313e-05
0.0158988719609288,3.239030136477231e-05
0.0126246994472211,1.7267914469441813e-05
0.0091407376590931,7.606619872987785e-06
0.0113015336482573,3.773963376732926e-05
0.0197177925801145,4.8012066688940374e-05
0.0197926006356554,0.0001244021343884321
0.01864944468456,9.83772236635319e-05
0.0151914789179523,8.143670359777343e-05
0.0148468842680162,4.2259888991514216e-05
0.0145524330144225,2.6434163989332247e-05
0.0026283117965791,1.0200354833005415e-06
0.0154005929926099,8.741327895602168e-06
0.0068726412670586,3.851219971665231e-06
0.0185416815526808,9.729652307494113e-05
0.0160778355174327,5.420922110071627e-05
0.0186739596031129,4.38588904878633e-05
0.000305481110793,4.142524453144409e-06
0.008921092038186,3.370678759200886e-05
0.0199411031313076,0.00010666415766417885
0.011650787745564,5.33050909512156e-05
0.0108444288580684,3.4362107717197454e-05
0.0188763096381899,7.469033407211403e-05
0.0037169343316803,3.778076590363438e-08
0.0078096081790317,1.1811000102460581e-09
0.0164797623318144,0.00011324400875446969
0.0147412635232031,8.251210114212455e-05
0.0082065556786599,9.117133490732434e-06
0.0198280803372708,4.360864783910322e-05
0.0195832377184242,9.726228658213417e-05
0.0186469027587144,1.3734865231994713e-05
0.001980782641702,2.95218558717579e-07
0.0114088350535555,3.11175695322976e-05
0.0025151839020126,1.4414170412291468e-08
0.0053911973462378,2.4747533667421647e-08
0.0116727842664878,3.3475128419211416e-05
0.018164621028601,7.550277700588949e-05
0.0115516379564958,1.9292066909489133e-05
0.0121083835904935,5.1405808379949006e-05
0.0149711536820328,1.5978963245638016e-05
0.0154727222794113,7.266497043595128e-05
0.0056061917046022,1.2416891211743377e-05
0.014319703910138,5.846079630856487e-05
0.0089946375530681,3.6425872391187404e-07
0.0120367961270129,1.6153139833917963e-05
0.0043523423346036,8.346461844693257e-07
0.0009974658032173,3.895483458935433e-06
0.0044577673173215,6.155569049770812e-07
0.0171100268827757,6.730139159039875e-05
0.0160272083323856,4.555640986796653e-05
0.0022692774853229,1.217826330956869e-06
0.0085596079843727,2.04594273066251e-05
0.0001041274179568,1.6627618306215237e-05
0.0174406665137967,1.9914406511615086e-05
0.0135195838797089,5.3352325701811164e-05
0.0167708913454189,5.567322957947346e-05
0.0012956852087943,3.619203379287875e-06
0.0061819575519026,7.039940082092673e-06
0.0183826112624071,0.00013203631212070947
0.0001975356578419,3.648053994734442e-06
0.0195596613438515,6.574666772716912e-05
0.0026609277186696,2.956251326921409e-09
0.0153729353417008,6.979705659141898e-05
0.0073875539087957,5.878229859715962e-06
0.0126243480518458,4.3636110859286595e-05
0.0101162889984347,8.557078466625573e-06
0.0023702507052066,8.496671154286637e-07
0.0090097799688484,3.2709073803362023e-05
0.0014088957894827,9.172885113017139e-07
0.0081856342477659,1.2162397949275464e-05
0.0054633473634437,9.398756034664636e-07
0.0162064877424643,7.352752752221566e-05
0.0145008105281467,4.705985342559696e-05
0.00381205998083,1.657953939768885e-07
0.0092970771273462,2.4488630551878557e-05
0.0052477531603592,3.169578877627006e-07
0.0173781812482452,8.056702813733283e-05
0.0017502022242329,8.75611956789203e-07
0.009115755235886,1.3665647719569017e-05
0.0069837405006711,6.266351683481535e-06
0.0160403060345423,6.382528210114395e-05
0.0113125810483869,9.031688735223091e-06
0.0112092822730232,3.8140959296871185e-05
0.0009085489001005,8.046953357322032e-06
0.0161613435885222,8.228821900442192e-05
0.0199416881535492,3.9348801480659716e-05
0.0012614704338014,2.0025900651129975e-06
0.0176288851288275,3.930186462157927e-06
0.0115015758305408,3.621049214534784e-05
0.0161849296584032,6.57530934291691e-05
0.0019597911347097,1.6005599225588953e-06
0.0015873420400366,2.1431465194893815e-06
0.000503424184867,2.0342215066868478e-05
0.0173213628550139,5.716156421870112e-05
0.0158237942346449,6.428496731235243e-05
0.0014671408381101,3.2185585978098436e-06
0.0004408103886004,1.4331119221131315e-05
0.0166059338258656,1.4846143154244889e-05
0.0171587283563971,3.289177311711301e-05
0.0172186828070173,0.00011520904220353043
0.0046862431566116,7.719338001701324e-07
0.0018566414120496,1.9629115570439705e-07
0.0036706417836942,1.3377771133753414e-07
0.009912555034009,3.6990196079121916e-05
0.0042086689080601,4.5428364628101446e-07
0.0023768268017619,2.094442391217501e-06
0.0096578433324148,2.392863262883984e-05
0.0196789109488589,0.00012212284805553073
0.0071604597496398,7.9000657321123e-06
0.0191733723969225,8.204004866681517e-05
0.0050458545410034,6.81579110008041e-06
0.0120020288231919,2.3391367296499567e-05
0.0131252341750085,7.39014662181892e-05
0.0030879171649396,1.131145682745651e-06
0.0106411847193796,9.008862512337536e-06
0.0073269637325218,8.922903839426272e-06
0.0090664134726035,1.0630985491322236e-05
0.0047714241480323,1.430486054481863e-06
0.0099178804816673,1.8569613561052614e-07
0.0181625933805053,2.6597718660031603e-05
0.0171435490388548,7.646459014282478e-05
0.011680417123158,1.6994654698930998e-05
0.0199621722166319,6.231820983702287e-05
0.006786901506059,1.4670052151794133e-06
0.002772710440809,3.601424946743908e-07
0.0012279032816885,1.5209688167043688e-06
0.0033662985737502,1.3664787749457653e-06
0.0184686889197645,7.194700315550131e-05
0.0019790615696648,4.4738154024450176e-06
0.01722546592547,4.86418685555979e-05
0.00028010655407,6.389266909547237e-06
0.0197435857674673,0.00013210998648405828
0.0129109972050213,5.214076266792204e-05
0.0102869738523751,1.6249214595677965e-05
0.0158475603675059,8.669298239338875e-05
0.0090350396556392,4.6337361151033906e-06
0.0097410846334713,2.3507877729731765e-05
0.0185399029416699,6.101222751572436e-05
0.0144436110290054,1.7771999627561512e-05
0.0138038461107301,1.473161503948379e-05
0.0113914627585717,1.543215547677705e-05
0.0173701330754889,4.2872095154617955e-05
0.0070996728903991,1.542845297965548e-05
0.0021325105166326,8.016391581030844e-07
0.013774733594421,8.272200974290799e-05
0.0027503395312626,2.9963620244658106e-06
0.0140137708716737,5.573416734855731e-05
0.0161297856599366,8.368909500111722e-05
9.045374025692388e-05,6.8448858376274105e-06
0.0153722444033453,5.849985005453968e-05
0.0018387595375968,3.658971721598997e-06
0.0003659611639394,7.869986356570797e-06
0.0126449791454622,6.700679788597694e-05
0.0107717921672546,3.7979778482207764e-05
0.0093171570531626,1.6485557972872718e-05
0.0112155225796572,2.3503991749227814e-05
0.0071236830703323,2.567935152160526e-06
0.003077499598572,1.8166485981513096e-07
0.0162272502823997,2.862379149188244e-06
0.002363695576383,5.298645461061212e-07
0.0041843564158422,5.819315735243515e-08
0.0167453469354176,8.335648350487033e-05
0.0177189682294975,9.086167302148424e-05
0.001545973310782,2.1915962960830868e-06
0.0149880979415118,2.6089041757062828e-05
0.0158734634535675,5.19249598089541e-05
9.095840466697647e-05,1.1175527508995756e-05
0.014249811697561,0.00010239394965138705
0.0105870565900471,3.413768306871506e-05
0.0032082413015324,8.638821408663192e-07
0.0047572824944872,1.6455541469053178e-06
0.0012235120847886,6.702997290674945e-06
0.0129222152058636,3.1113216776857456e-05
0.0154622151216271,7.951128162171217e-05
0.0171620374920409,4.605559060262945e-05
0.0174473450312105,0.00011870091146365978
0.0067523543930944,2.502279823929233e-06
0.0133098454693178,7.378048387011807e-05
0.0063643159194418,7.118016510518445e-06
0.0148243059876409,2.5798082273492838e-05
0.0085811908270179,1.1412998902359063e-05
0.0039114229221472,5.947820313989915e-07
0.0129713370951264,8.34422500270463e-05
0.0033978919077767,3.75322810413893e-07
0.0075231661958366,6.171660328727637e-06
0.0047875954135537,2.163749099783388e-06
0.017213640524967,6.558998052187018e-05
0.0182716451120536,6.474048579313817e-10
0.0109700548690282,3.0291993572255285e-05
0.0068106215087926,1.1700978255703863e-05
0.0067114061042189,6.163871456133716e-06
0.0184879246022198,0.00010834354371658715
0.0049072532635415,3.680933961770872e-06
0.0141367545553377,7.087627112169246e-05
0.0162865627305407,2.7709672580310868e-05
0.0187358033780431,2.693800316147166e-07
0.0194755428210052,0.00011487616289106936
0.0051711541009312,5.4218820432336e-07
0.0189598825479658,9.120606570387404e-05
0.0032684724890057,1.0462107624705733e-06
0.0070773582219788,4.472264273611795e-09
0.01344843203516,4.5046172343220473e-05
0.0046572409294227,9.932122120474034e-08
0.0028268838786966,7.973585151258157e-07
0.010931356687223,1.2243220806385564e-05
0.0119627921608606,2.2525754324536406e-05
0.0104771493130214,1.2317763545693405e-05
0.0067499198473132,5.9180973200529825e-06
0.0162126257848512,6.25735302198754e-05
0.0024819077392862,2.304306379611825e-06
0.0132449884083329,2.166695122711993e-05
0.0025972265915619,5.72054832047094e-07
0.0117883055655145,2.402846540351945e-05
0.0041593548399343,3.7920319549019516e-08
0.0033936954664051,3.7195851025882295e-06
0.0159882436281757,5.5979453662723504e-05
0.0094282114141113,3.0476302578140977e-05
0.0029208675024429,2.4932988647185017e-07
0.0075024743339793,8.861578406811318e-06
0.0143579665791108,3.149462874697176e-05
0.0084659831832637,1.8371977640308583e-05
0.0075565425868146,3.3485443691947346e-08
0.0088404454350239,7.93718278292712e-06
0.0072928303644774,9.385394026575495e-06
0.0012906355722149,8.925895848638468e-06
0.0141756413414741,3.5891887234174023e-07
0.0052757978917134,4.6383009128939606e-07
0.007998879135696,1.2030996546390906e-05
0.0106535123650011,8.254268342220434e-06
0.0057051872024767,2.5530955733231055e-06
0.0055509569625697,3.935698072718261e-09
0.0138499789940042,6.682232337165385e-05
0.0023505093604565,1.5579433666420634e-06
0.0092578988825643,6.808896850881359e-07
0.0197806983118887,4.845819522921068e-05
0.0197927108715486,8.764651243278656e-05
0.0137386018944888,1.6921575394303557e-05
0.0050135530087628,2.4697960077947004e-06
0.0015108474003929,2.890520455272521e-06
0.0063237660354714,8.961654066371522e-07
0.0124778544216307,2.727905402969944e-05
0.0055275591877275,5.212838091801559e-06
0.0058932312378197,1.1055060095146182e-06
0.01487505821206,7.829207979144317e-06
0.0074852693137477,9.3706674983562e-06
0.0025923907487364,1.988993886321136e-08
0.0175791289132313,8.149290827076497e-05
0.0089618269405019,1.798640748598512e-05
0.0169417070422854,6.336310494733128e-05
0.0097495567835426,3.3055387688987e-05
0.0134360776771728,2.7940868954213786e-06
0.0185476721926618,3.259253529406715e-05
0.0194235444457867,4.312096919672798e-05
0.0159018775318569,3.776662774612713e-05
0.0008215673071118,1.8079681056175543e-06
0.0066730819337055,9.51529372335134e-06
0.0056490109991615,3.1370870320724665e-07
0.0196082381601085,4.1456844800779825e-05
0.0045404987255077,3.634377836828683e-08
0.0069803783055366,1.0235914790442132e-05
0.0028581981266412,2.3306877331652564e-06
0.017287914314405,1.859615443934309e-05
0.0096697365226729,1.9717758719980253e-05
0.0129449236712285,2.782427728529693e-05
0.0129952662243979,6.16784049640783e-05
0.003117033362819,3.4423617005676174e-06
0.0093791737880411,1.116786217796671e-05
0.019490818949641,0.00011996533835492243
0.0078914474821341,1.6690336466156912e-06
0.0047124413320245,3.5524400289824727e-07
0.0045930175074381,3.6044618887168535e-06
0.0060226373697722,2.0799766307448602e-07
0.0115849543013133,2.1811450006319217e-05
0.0125935259905917,7.31752852067633e-06
0.0157029515679294,4.7963206289877624e-05
0.0179368586985235,3.388035235536699e-06
0.0108456900630247,6.845007642848409e-06
0.0100298146569288,1.2449066546892121e-05
0.0090513357242548,2.1239264007974578e-05
0.0187510212088643,8.420191130218552e-05
0.0178451608556088,3.10915283546293e-05
0.0135098196620925,5.60850078143413e-05
0.0069175725566841,4.133508759385034e-06
0.0042468848130167,2.832058099100412e-07
0.0001944131880543,7.455328292001299e-06
0.0024787755917325,2.296526398338135e-06
0.0146742066827292,3.465349187079497e-06
0.0058041455842576,5.911299483759e-06
0.0021737055070923,1.4197196348494438e-06
0.0102397210968537,1.6195834423940578e-05
0.0027809050198414,4.2877319405872685e-07
0.0063688355700194,5.4039421577363355e-06
0.0078546926727741,4.385127199200388e-06
0.0149931615888778,4.3227785961958024e-05
0.0063635140296374,3.9640493948319693e-07
0.0028514224634192,1.2371783007205208e-09
0.0068720399100237,3.990195536319779e-06
0.0013175924610564,5.6572641957560276e-06
0.0165961912574361,8.582800154508405e-05
0.0127768905975375,2.7933324539552745e-05
0.0048042399180202,4.5369723759826475e-07
0.0177190265287171,9.595502834381448e-05
0.0068628590103277,5.12990445467888e-06
0.0194253818234852,0.00015546293436582458
0.0192651108543507,0.0001200495856147202
0.0178716480191381,6.490349978104367e-05
0.0026720292427239,1.4013382463975653e-08
0.0028617812524687,1.2168134075586047e-07
0.0143253420331533,4.1264406627162073e-05
0.0140180778548935,3.344548592089304e-05
0.0150039902835507,6.67648817087688e-06
0.0107849363117541,2.9728470421281384e-05
0.0161355824138045,0.000103502504049431
0.0116049691596255,1.716560174549111e-05
0.0120504246864784,3.4030613817335574e-05
0.0153080716081848,5.3612953666195365e-05
0.0044942292007063,2.69596836720582e-06
0.0142787318786859,6.910873030266521e-05
0.006310866335252,1.4901352130576639e-05
0.0184037009191465,2.6147434473044964e-06
0.0095219028154143,1.197262206886132e-05
0.011104182380329,4.273055160801514e-05
0.0014505125113934,7.987090102639113e-06
0.0158568229150885,5.323598674857099e-05
0.0137542803909638,4.7167482960557035e-05
0.0006797818775214,8.760785232555862e-06
0.0103220172230704,9.856352908608998e-06
0.0149782958218811,6.0759363029899e-05
0.0054923743276309,3.0006207046706924e-06
0.0118538068051973,4.4408643094997135e-05
0.0130267122970774,7.665399727195451e-06
0.0063662742985213,2.4364999994985233e-06
0.003445716571881,2.2375156741255973e-07
0.0011668754297404,3.7123682121415237e-06
0.0051790369977191,1.0509510477360657e-06
0.0027235263838071,1.731460325027678e-06
0.0103459169543813,3.409952487722013e-05
0.0192715724687278,0.00010152764821727531
0.0150253641336391,3.2953051567537523e-06
0.0135567842043586,3.3543893285510436e-05
0.0092192727468304,1.9052307680252173e-05
0.0194736945626161,0.0001135728737873083
0.009246372585493,7.513316497323518e-06
0.0146959484981822,6.39732545227468e-05
0.0132207530136629,2.2527501925557625e-05
0.0072477631627522,7.942726732411371e-07
0.0175385942214406,9.741350530917818e-05
0.0020393364461085,2.5625121954302367e-06
0.0105886725084032,3.817236817343641e-05
0.0198735893162211,3.8321843786494304e-05
0.0074137317870201,9.921007676940186e-06
0.0189618750730129,0.00017794150903671155
0.009713042585017,3.770040928927642e-05
0.0122106556026065,3.304737496193729e-05
0.0069759172221231,2.9279852251378574e-06
0.0068516930234892,1.5639545819126455e-05
0.0039783752846678,2.759538907523177e-07
0.0002495066382137,8.721312858440294e-06
0.0034272299879166,1.1074208622494612e-06
0.0041586782345624,1.2946557173328774e-06
0.0106096236424027,3.4726538751188456e-05
0.0193798888932105,5.912565304764548e-05
0.0159893016735054,7.915967355621116e-06
0.0182725531264836,3.823989882584461e-05
0.0198331398559658,6.934827572948247e-05
0.0145220628604194,1.850506406062178e-05
0.0139565668378847,1.8837278216564606e-06
0.0113392941479008,3.304722786169527e-05
0.0091446135551905,9.45169647871301e-07
0.0184789875637571,7.271880278112451e-05
0.0068379834636378,7.569388112573183e-07
0.0167371269324576,3.7347473080427575e-05
0.0042598927661958,1.3173088985519611e-06
0.0080014480673415,1.4141961333796346e-05
0.0029449101841591,1.5234292063256092e-06
0.0030440867453075,6.928522413772873e-07
0.001651502308872,6.7504273573791885e-06
0.0197454287660443,0.00015119748453749582
0.0017049137381559,2.9569092452530778e-06
0.005871104515956,2.2951027136586167e-06
0.0137537155380131,4.941034105822574e-05
0.0069206634627929,1.6657483932890675e-06
0.0150851955356919,5.884983270731932e-05
0.0068745217956456,1.0539676021078455e-05
0.0028043433383563,1.828678918608127e-09
0.0108965967794788,2.9063754902041325e-05
0.0111603620123694,3.095491394104785e-05
0.0111228697857798,3.835804642842469e-05
0.0106300891576188,2.619569398864743e-05
0.0150359609140516,4.3951809803947084e-05
0.0165022823012467,0.00013635927649596215
0.0154464879735996,1.782043368386192e-05
0.0042457704529124,1.0682445761291913e-09
0.0058202491597046,4.653001901640545e-06
0.0073957792947254,4.081820729549946e-06
0.0103639033182848,2.06979546942168e-05
0.0043967146691722,2.257162576018608e-08
0.0158095943203951,2.0975479425104537e-05
0.0003375295205146,7.196003585468995e-06
0.0105064686546159,3.37635656182238e-05
0.0038717292128654,1.1191304616738247e-06
0.0095657375396725,9.114920007056197e-06
0.0016269877545528,1.4573573575236584e-07
0.0130796373075529,3.3120908538446293e-05
0.0045040249272658,1.6512939703904228e-06
0.0103296373292733,1.370147983885663e-05
0.0002615020934548,6.063923558596365e-06
0.0169332121230143,8.117312263371897e-05
0.0038464186446962,3.8104635737847914e-06
0.0046104872289704,7.361976386266776e-07
0.0170556592278628,6.327149681139499e-05
0.0017453632600657,5.950820655527999e-07
0.0001801055494038,7.254266400558887e-06
0.0018368782994995,2.7672273543727367e-06
0.0115412830739979,3.089875392201665e-05
0.0005406715351461,5.6160115649202785e-06
0.0136853449522879,7.634808998744387e-05
0.0017686726542128,6.877912986655009e-06
0.0035181854047212,6.398729398802295e-07
0.0082995233217456,1.5661707040758367e-05
0.0016155208392285,3.754625076223742e-06
0.0061096849587355,1.7752649167454015e-07
0.0122098697382901,2.9954629168230998e-05
0.0137127020992543,2.3909041925755986e-05
0.0097515438369519,1.7724385340474737e-05
0.0022003066671746,5.965802097590163e-07
0.0041959754288808,8.188766775552137e-08
0.0033093157483173,1.0808810743284328e-07
0.0153246708751551,2.3260432815747063e-05
0.0095023361008381,2.7210361087679778e-05
0.0101249666283718,6.156988564203059e-06
0.0019262918897851,7.770818251030436e-06
0.002257762419623,1.918020262931385e-06
0.0193875664761564,5.518582034612799e-05
0.014884886234673,4.582569672336195e-05
0.0160785347176629,6.768336363813684e-05
0.0008163486742856,6.215922803834896e-06
0.0102715891913516,2.6827969256837608e-05
0.0057440737508467,8.033300174439456e-06
0.0185518749914126,0.00014153077806427786
0.0053171572402439,7.200268114006274e-07
0.0053302375584085,5.417977681860433e-06
0.0006778558218933,1.9018545277934849e-06
0.0083019340391426,1.699925385322017e-05
0.0047967245121315,1.8124963795468338e-06
0.0120962151934689,2.1967416697100136e-05
0.0095199226606325,2.7334514610911914e-05
0.0011824737305275,1.4925648015791114e-06
0.0125816414666374,2.6932973651915032e-05
0.0057839931254701,1.8558988414194565e-08
0.0165946746348331,3.398825254560681e-05
0.0023468282705257,3.6267849780947785e-07
0.0152194672793352,7.658139229343888e-05
0.0063001075730535,7.1546938750056245e-06
0.0166878252102175,1.4467801435435649e-05
0.0046395208400663,1.3177157393774336e-06
0.0100220665138666,9.655842933574993e-06
0.0167699365669716,0.00010126139742106144
0.0140341560609045,4.572273727247866e-05
0.0028846505597139,1.1184704923434556e-07
0.0111887057419964,2.4995331419776802e-05
0.0040855459964641,7.938167250290569e-08
0.0146880432008152,4.890435743105302e-05
0.0035923628443803,5.099737001582243e-07
0.0104373076401563,4.449771650681635e-06
0.0050523374910138,1.3857492938805612e-06
0.0082353306683394,5.734547620763206e-06
0.0045233022426216,6.062258832997837e-10
0.0141485827458418,3.788711038577928e-05
0.0179017634735109,6.281684730794828e-05
0.0061498806571986,1.3392901731439893e-07
0.0119172178780315,4.4426470925345816e-05
0.0069305186575421,5.3159992355780544e-08
0.0055872278620059,1.4330927532028566e-05
0.0131663971585817,2.9560548757825454e-05
0.0134236018862472,6.0070485088766606e-05
0.0196995498017682,9.128299392637017e-05
0.0061738741615262,4.009753594477291e-07
0.0151328662885211,6.135120192658475e-05
0.0197936904704615,0.00012848692765295275
0.0118515585593825,3.485422349998125e-05
0.0121216528364548,2.0258528801274854e-05
0.0029210696465162,1.7725750852959687e-06
0.0194790782459094,8.606421686891183e-05
0.0025633608557041,2.5705337662051554e-07
0.0133881601155628,7.042947927314469e-05
0.0090208965256523,8.756517854182052e-06
0.0183406680848041,0.00010854281761007336
0.019031570333733,0.00011655080701102069
0.0179967356858302,3.9068921890139476e-07
0.0141166921152441,4.305389043670027e-05
0.0109820744210344,1.531172105977312e-05
0.0189780929598175,3.644427555626099e-05
0.0087292112024164,2.809573585073027e-05
0.0035775500141845,5.795928362606588e-06
0.0179075702123109,8.331721708861235e-05
0.0165243779981373,4.641545539203694e-05
0.0133816905620298,3.902082782560675e-05
0.0068991997151358,8.8834317681531e-06
0.016383937987423,6.886293722044649e-05
0.0107181880701619,9.191539310718406e-06
0.0032135389235016,5.092372399176502e-08
0.0019648341392969,7.110899400700073e-06
0.0140128385058463,2.3053958733240347e-05
0.0165919592853294,6.323243243487847e-05
0.007510126018369,1.3175227203247524e-05
0.0042090232841671,1.4730448268274552e-06
0.0041469565065028,3.089112669656324e-06
0.0086031432705229,2.5273300270142653e-05
0.0111147000376172,2.004965989337116e-05
0.0194042194808988,0.0001148384770938554
0.0060968947093041,6.584321709277677e-06
0.0001067307377706,4.4062033336072485e-06
0.0110773300030142,4.752196986448477e-05
0.014648860762943,6.0812765465207875e-05
0.0157147208102816,5.207238967539151e-05
0.0045041440142629,9.59258281427342e-08
0.0023946363823942,2.8164794452586304e-06
0.0027564197264885,5.3943552139165375e-08
0.0145509416506948,4.6696421537671876e-05
0.0128297022854025,1.9226036405355383e-05
0.0047159395951119,1.5996852893065525e-06
0.0170779909069946,4.806832284549668e-06
0.0149410805428732,5.3016274962267577e-05
0.0062298816849706,1.432414525049174e-06
0.0016694879949683,2.7545903580991876e-12
0.0095945386346585,2.588796542944736e-06
0.0040258847320356,4.137674686704049e-09
0.0090448516325117,8.17945016384557e-06
0.0158300143209875,1.5980062165388115e-05
0.0088558960020298,3.0889330978766206e-05
0.0102311471571596,1.3889250521356503e-05
0.0071908936498953,1.0121329811169965e-05
0.0021747473503073,2.2897585555174103e-06
0.0004282556243817,5.013174510521802e-06
0.007944036287891,7.321171630076109e-06
0.0145729159870316,4.610146189892395e-05
0.0114539680915344,5.94765472547456e-06
0.0033110198014809,1.6734479119414222e-08
0.0111630578283243,1.4643794948474044e-05
0.0061889403930601,3.347515978589991e-08
0.0068086881516931,9.303769317931095e-06
0.0135714237055536,1.8497149158214727e-06
0.010971808293102,3.110710299357779e-05
0.0024645501696036,1.2077485776891594e-06
0.00901610853904,2.3766300913920032e-05
0.0073382740157637,9.469528886211446e-06
0.0080553143596827,1.8781928321756928e-05
0.0062457172450843,1.1521082926934224e-06
0.01947984992525,9.67439648328628e-05
0.0132660575369492,1.854719885203235e-05
0.0189582904849345,1.253494251438116e-06
0.0164952154509437,1.7126482219548948e-05
0.0106329138004271,3.5341010578183364e-06
0.0115817597399577,4.149990259670761e-06
0.0196130155179958,5.989888299128788e-05
0.017383175022913,6.400715967194484e-05
0.0118354324820178,5.2997361065423146e-05
0.0117990755839393,2.193210101977396e-06
0.0162337790504538,8.918909628329537e-05
0.0053568795997379,2.6530619146536963e-07
0.0098890048978046,3.5917864716592176e-05
0.0104592555874765,2.861887194060955e-05
0.0132445857161517,4.666902774427906e-05
0.0195560011563703,0.00010778947709376289
0.017184790151439,9.412632364336811e-05
0.0135752354240013,5.031872643109953e-06
0.0117098128920465,2.2476108437538476e-05
0.0150904355666144,2.6529996364584404e-05
0.0116642909251055,1.0136278777869427e-05
0.007936413583083,3.368111265757355e-07
0.0154131332042963,6.969323262790335e-05
0.0080489495096181,1.1642694933205e-05
0.0024552148510382,3.4577172296965385e-08
0.0183069081590913,0.00011599120516015034
0.0197733199308238,8.661536827333435e-05
9.119850632562264e-05,1.1944932873829787e-05
0.0091067189986474,1.3678753669972317e-05
0.0029097553813193,3.294159361056597e-08
0.0154414498433384,5.6956829089494854e-05
0.0120179287098023,2.7455750811222107e-05
0.0008744251012462,1.3955199573890067e-05
0.0043025264531109,1.5079292323518043e-08
0.0096643117052246,2.009553616523903e-05
0.0002431945515009,1.8259270870967014e-06
0.0080088488134778,5.000758993537888e-06
0.0033249252644571,2.771277771807139e-06
0.0178596693002664,7.58580909392308e-05
0.0178145566132083,5.0206947432663566e-05
0.0078024526704755,9.458074599968086e-06
0.0020195501639547,1.081233476254516e-06
0.0068980053727268,3.510193562579358e-06
0.0060558017024796,5.408244602673652e-06
0.0198554011731698,0.00011787703123059234
0.0066475927014469,5.675700143716621e-06
0.0060406106064742,5.902310934164054e-07
0.0035764679902513,3.0747197682493127e-07
0.0031776788848066,2.756707321369615e-07
0.0005015290848951,4.9205491643685785e-06
0.0153716240175868,6.0026935826039814e-05
0.0124642240015546,2.7806463680501212e-05
0.0197307914675463,0.0001427307410837595
0.0082073912684763,2.194130611714399e-09
0.0063922931341828,3.2197398755813413e-06
0.0096760858204088,1.890399518973823e-05
0.0127684007824983,1.552357181308588e-05
0.00467843072698,2.7905162803997866e-07
0.0075404400209289,1.0601080800586559e-05
0.0194398584297819,5.569880522480378e-07
0.0184339686366606,6.386571442476731e-05
0.0178539676831918,6.781519286730555e-05
0.0108745160797175,2.885615920019751e-05
0.0180235728663637,0.0001303559297286763
0.0128248105824615,6.121460403498265e-05
0.019747757134549,8.510123394867906e-05
0.0058598683081477,1.5805025810862075e-06
0.0054121615280172,4.283125483064421e-07
0.0116431575206244,2.9761140678581958e-05
0.0094185856061375,1.594165185874832e-05
0.0051086486690125,4.3322892143128755e-07
0.0003929193775511,1.4339924716472455e-05
0.0101389313384879,1.849392708929313e-05
0.0017577474405274,7.702695964613103e-07
0.0198344963687505,8.359008613774275e-05
0.0069866507752115,4.760831322896909e-06
0.0016715623270671,9.32633058960096e-06
0.0025268458703175,3.381236611085434e-06
0.0075676983138329,1.7666712773838565e-06
0.0176326934558591,9.188202770538013e-05
0.0142267610397865,6.608937125618519e-05
0.0055458266141081,1.3496585619407047e-06
0.0172362987247419,9.989572077950846e-05
0.0080481541731194,9.130148289614108e-07
0.0113544129996446,9.365943537384242e-06
0.0088173960534833,9.081790913382779e-06
0.0079961297803151,2.247778515300295e-05
0.0088206054695319,5.541058412347886e-06
0.004010075055133,5.908631276816154e-07
0.0003703737598294,6.539143765198328e-06
3.0069563918333488e-06,7.0549508031821804e-06
0.0049388196260756,4.5959751335745556e-08
0.0118741317757266,2.2693769233902258e-05
0.0163748385041642,0.000109702258777939
0.0146171169032599,1.7006895777180303e-05
0.0081033740018047,4.1060484118949756e-06
0.019097251323062,9.211760735224491e-05
0.0111225581309592,6.112430623811496e-05
0.0188036220492856,0.00012194675831236727
0.0089728528924273,1.755318271671969e-05
0.0190472188744891,0.00011479591538791701
0.0079910380119979,9.596842658116728e-06
0.0134888357663798,3.7683639798930766e-05
0.0150175258314979,8.837273410057193e-06
0.0050781515790534,3.846579148039794e-08
0.01746059715067,7.555433679427018e-05
0.0003005966171811,4.841663149311824e-06
0.0138157375132217,1.3536891468583938e-05
0.0136634863612824,6.233284949512747e-05
0.002473689819182,1.7054145404928826e-06
0.0110924839580254,3.357312146324113e-05
0.011332069006297,9.659721054704726e-06
0.0058933619695219,9.33867332026519e-06
0.0182220425816441,8.123477637339626e-05
0.0157607679040887,6.26120850714058e-05
0.0185673571247952,0.00012465907466401808
0.0018209474357952,2.272594068924849e-07
0.0129725832455066,2.162750404737712e-05
0.0158555553441657,0.00012006619148922865
0.0072374103287245,6.628354000100989e-06
0.011322939105819,2.495982184300038e-05
0.0098338312167532,2.380110603460034e-05
0.0152211987420221,2.904825764262227e-05
0.0031778204213165,1.4353721213000253e-08
0.0010867750347824,6.768568308059891e-06
0.0035335676652366,1.1315893146907603e-06
0.0087438234618349,1.0755924398974301e-05
0.015484400848073,2.9259611245130237e-05
0.0134303161124383,3.4553924259991024e-05
0.0117497869191517,1.558495325293576e-05
0.0188280878974089,0.00017000973583638856
0.0144271337386684,4.090685255539444e-05
0.0064258479438635,1.022053258044583e-05
0.006279461606818,7.707404121995058e-06
0.0013763242938772,2.2647414490363695e-06
0.0168173700900442,5.526882747386211e-05
0.0122883665886549,2.2446198536361706e-05
0.0103818226772236,2.3327448946516717e-05
0.0160605172344605,0.00010911000432547233
0.0029013957049224,1.5800510875530864e-07
0.0170271404559789,6.635837739956653e-05
0.0151169118265751,8.043967926842915e-05
0.0097614187174401,1.161200370093128e-05
0.0051704429175884,4.941627628186581e-07
0.0139551988117688,6.066462648635303e-05
0.0118018686818507,2.70624031425754e-05
0.0181709597942192,3.45328985312334e-05
0.0077351774094207,3.625710990299213e-06
0.0177965591116558,4.4779094159754896e-05
0.0181133586502046,4.259082286082909e-05
0.0173238354084306,7.107625391559285e-05
0.0081446255455404,1.3994968990479877e-05
0.0089543907560544,3.710165218589892e-06
0.0092249731037454,6.415831426427369e-06
0.0064112905679956,4.101355396218188e-06
0.0063963521193603,1.2889068064891127e-07
0.0144440584063484,6.230546076956811e-05
0.0184357002324684,8.411416164102901e-05
0.0001913152408583,4.657520601495389e-06
0.0063839899153945,9.025973298616638e-06
0.0182601550322991,0.00010825122419347175
0.0131122802334698,2.5983392962723378e-05
0.0171552190269824,5.100908273863804e-05
0.0174496912584295,5.622353921000659e-05
0.0149518336666508,4.732749814786666e-05
0.0170554083938382,9.273884715041489e-05
0.0030146426968101,2.7530359509354803e-08
0.0180066049545151,5.983087102620518e-05
0.0164936914772866,9.970371706251217e-05
0.0150704631499829,4.6553165387144185e-05
0.0103839841416312,2.317232236786196e-05
0.0193403685770086,0.00018104593187459513
0.0145433711994252,6.002440762164567e-05
0.0113918430257861,2.7929234261240092e-05
0.0068947628914672,7.99813396836663e-06
0.0080739152961568,5.644676606435045e-06
0.0147807528986003,1.531383450574193e-05
0.0192484095244803,0.00014628766180625082
0.0038560832643367,5.81186813130488e-07
0.0064333647038828,3.597197570553809e-06
0.0092615137044788,1.562110085295379e-05
0.0126188581142839,4.400776230221732e-05
0.0190433580018957,0.00010162270470520654
0.0114126606654327,7.049241629934336e-07
0.0112455302075043,4.026410998711054e-05
0.0025248457903836,1.8469546294117373e-06
0.0087966092998049,1.0167913176682465e-05
0.0055895340697597,2.3111685559750433e-06
0.0084144663919492,1.0712571685629403e-05
0.001028440823484,7.929549671922072e-06
0.0188580152407601,7.109531987331572e-05
0.0127850223836362,5.343940219662441e-05
0.0027870126392164,2.2072149641403779e-07
0.0120561616272164,4.544617691261437e-05
0.0083889891961259,6.376911174387764e-06
0.0103289403892341,5.975201646513238e-07
0.0107074751524176,4.4153846379953715e-05
0.0183111729092583,0.00015571089010428613
0.0178253643450113,1.3784528248467935e-05
0.0120308368205014,2.544103793783128e-05
0.0118056595140427,8.844527517222116e-06
0.0082161275223964,9.354581099680973e-06
0.0180395851716512,2.701196315261736e-05
0.0144845328212433,7.628290404937079e-05
0.0188074286485996,0.00010181811256690794
0.0178569810334109,0.00011039380107492693
0.002328296478544,5.09693500873496e-06
0.0047445363595534,2.6898036386355015e-07
0.007150986142531,5.759597794043907e-06
0.013651268126166,2.1470537418120377e-05
0.0085417144919009,6.174179732365433e-06
0.0016959695865274,2.4259190502251115e-06
0.0032080733794697,3.993989606173837e-07
0.0137244049915912,5.120374631701942e-05
0.0058325387587403,1.904700289092328e-10
0.0141169868929062,4.402833858382224e-05
0.0123160310137688,3.8043437420625696e-05
0.0007438120983413,8.649420119531579e-06
0.0040006087695181,7.246871797502564e-07
0.0016882833939423,1.0475274710976501e-06
0.0037656261261904,1.0687004689332848e-05
0.0125220991527684,4.869490984818083e-05
0.0125675852548423,2.1232802181238735e-05
0.0163009602342174,9.589195206700445e-05
0.0021221246232994,1.9938246993910091e-07
0.0121994090377318,1.716639630948869e-05
0.0140517643363639,1.3144635755952022e-05
0.0026955982248477,2.274502386757532e-07
0.0027452856698899,8.727415823897082e-08
0.0173427927385769,6.303700152304464e-05
0.0054716723703944,1.1309399166140156e-07
0.0085775040032247,1.76591650385243e-05
0.0135071851198663,4.2672900684834225e-05
0.0085946884555397,9.669504329426328e-06
0.0070579095603346,9.527590113720814e-07
0.0003291713605942,5.800512283370623e-06
0.0032076170002029,1.8082252170195255e-07
0.0183629307648281,4.742065888433158e-05
0.0095701617607488,1.8882531293354478e-05
0.0170404645932731,6.1318672774447e-05
0.0083771035764647,8.993346010557983e-06
0.0120774784522482,1.2901273838361762e-05
0.0063323575026288,2.559242113581867e-06
0.0153778806015032,4.8702741136909516e-05
0.0002852880431112,1.048236594226162e-05
0.0073893845648789,6.925734120260524e-06
0.0126827821210449,6.586939499385597e-05
0.0130675497695502,4.000769484722683e-05
0.0010547509262249,9.92608274630701e-06
0.0023204490686582,1.2521129228819808e-06
0.0093567753329888,2.6233504373605338e-05
0.0124217168040848,2.1568646229936043e-05
0.0140966474492724,2.5359392953066708e-05
0.0187446320014879,0.00010499631157168215
0.0056666333115634,4.628803587918709e-06
0.0142490897379611,1.3127876730600555e-05
0.0190958690287544,3.182588905218793e-05
0.0115300332300305,1.2142821088773165e-05
0.0106378121003746,1.3622200183310001e-05
0.0064542275004405,6.316331326861157e-06
0.001628340117748,3.837513620893632e-06
0.0150929609727837,3.509552914313224e-05
0.0194342733607823,0.00016023855942763892
0.0175200805804499,0.00010355257722665294
0.019363199092532,4.9792345977376536e-05
0.0137912216241993,8.090197893977031e-05
0.0018133678492683,5.455645424070263e-07
0.0009156336430441,1.7380616485941006e-06
0.0077067025504996,7.041664873884276e-06
0.011282533047349,3.984623178269662e-05
0.0187729790853777,0.00011665615629250673
0.0041396123386511,7.17732885929025e-07
0.0146345838695845,6.883406392269965e-05
0.0134520604568954,3.555820130476347e-05
0.0021807477543703,1.7982863516919958e-06
0.0076607993468084,3.174588820251131e-06
0.0107951060926686,3.097855119091106e-05
0.0077317239591923,7.221045627667254e-06
0.0062033871980088,4.427968212670372e-06
0.012996361998786,1.1211666020807901e-05
0.0004650481441873,1.631840867997358e-05
0.0103779576601463,2.741276045289496e-05
0.013620241903506,5.088752093596425e-05
0.0124897142458457,2.2449511469083423e-05
0.0098236104580942,1.9920294758131456e-05
0.0152236427490736,5.3988368644470336e-05
0.0105177756428227,1.4374838016651003e-08
0.0032425828907138,3.0891643160573015e-06
0.0043237640798929,3.3294667829236963e-06
0.0116536779506267,3.175427713642743e-05
0.0199215696207633,3.9730330668586494e-05
0.0045325889712364,2.992482697177188e-06
0.0197138731647048,0.0001449660419787946
0.0182574124149997,6.063254963329709e-05
0.001186072109546,1.2926753262813039e-05
0.0091013974235631,1.1451567806968621e-05
0.0062384043467204,1.0540993722027063e-06
0.0133198533967368,4.648376421694335e-05
0.0039260269866878,4.056356310396091e-07
0.0104363864417755,6.699806251599801e-06
0.0063933517794113,9.410857603571403e-06
0.010333132641267,2.2913367992275367e-05
0.0156481065417488,5.1536247917239346e-05
0.0009257726511704,4.752042711803076e-06
0.0085452654101335,1.5851120807031612e-05
0.016239200832453,5.004154471316437e-05
0.017790538100192,4.327539085100863e-05
0.0119301812319125,2.941203159228234e-05
0.0136413284989327,6.748018650088735e-05
0.0003016607274692,5.4375065622586185e-06
0.0067444980389543,1.3746383667641792e-05
0.0163139238544251,9.248732016123221e-05
0.018765359877122,0.00013768376563285536
0.0081376226400252,9.181611415532746e-06
0.0033007328777491,1.586478538941038e-07
0.0046226589590581,1.1633590369696105e-06
0.0133010659156915,5.596055639545218e-05
0.0198580374920984,0.00015276759598922734
0.0189270245627201,9.506130307816821e-05
0.0055515752472521,3.2990992712387414e-07
0.001024438522433,1.649989631576432e-06
0.0106862840166274,2.4867671391604595e-05
0.0102018460289339,1.0484370265979814e-06
0.0039170809995558,2.0202471217284795e-07
0.0003782080409564,3.4842815058756503e-06
0.0002714911202441,4.532939557145209e-06
0.0104525353365791,1.7921428907987516e-05
0.0178948747738211,7.149692114153488e-05
0.0061287122815783,2.2326698044082693e-07
0.0168621620852502,7.513791397449351e-05
0.0193045969891784,0.00013326221724517206
0.0035663074217028,2.7921693392548963e-06
0.0171419364127126,5.129112412228373e-05
0.0177104329835738,8.730116425129869e-05
0.0088579183044644,1.2172501240719049e-05
0.0047676579802901,2.475608485385359e-06
0.0084718736032994,1.2075804146032087e-05
0.0029847753144512,1.0203430134156677e-06
0.0188633828769852,5.98295208830561e-05
0.0051784512757634,3.866642010131507e-08
0.016413732676646,8.841945464584054e-05
0.0140993708356991,2.4385831042094093e-05
0.0160609411791704,8.698161587053702e-05
0.0184776778770966,0.00010291584254988091
0.0043946586451652,1.3999996254895033e-06
0.0175293797698403,0.00011108328358219845
0.001203887590306,3.6125497069148034e-06
0.0137681800607132,3.242059478134912e-05
0.0144134559244198,6.860310897406419e-06
0.0024287048702457,9.266904246859226e-07
0.0194366391897459,3.4535951406355175e-05
0.0040869297522946,3.008141460631708e-07
0.0058509983773468,6.365855841620657e-06
0.010062625702895,7.417752664883283e-06
0.0150789098894796,5.0115891340688416e-05
0.0022835342704461,9.913902313532631e-07
0.0023983398772811,8.230707013352309e-07
0.0099271652303223,1.9533853151360103e-05
0.0006236213098545,1.6834666420702058e-05
0.0144495464815593,3.845838824763846e-05
0.0074344836961403,1.1757810237788528e-05
0.0179741137808934,6.4347043428234755e-06
0.0043397473820453,1.9030315150331678e-06
0.0162761518380095,4.7807079158413295e-05
0.0106389554366848,1.9775556568424137e-05
0.0049006528294017,1.6261784959612068e-07
0.0079158963615722,1.3929200483954016e-05
0.0045935901105715,2.1345328952054348e-06
0.019215738469637,6.5480174474734636e-06
0.0168643623540662,6.793974600645678e-05
0.0147430921604234,5.0937536977794095e-05
0.0045784242920457,8.055114546654728e-07
0.0196337237414645,6.296910206027432e-05
0.0037154023843047,4.285256623866037e-06
0.0182828467523228,0.00010413882984117684
0.0039236634690075,2.675934359282848e-07
0.0004664346304718,6.940272731201696e-06
0.0152326680295752,1.2600286793026769e-05
0.015800420408814,9.329553349419765e-05
0.0129610881046333,2.968087067952203e-05
0.0132696238654077,6.503193472713035e-05
0.017533230561398,9.869976418372555e-05
0.0018071271961861,6.584697396904151e-06
0.014183736993104,4.551619737232283e-05
0.0138213568721212,4.8650153596376764e-05
0.0168444271854953,4.716120026202832e-05
0.005683608264624,1.5797342846400123e-08
0.016139954484863,3.7803493508955312e-06
0.0018738098800205,2.6419016992183443e-06
0.0057007745004056,4.047051487623617e-06
0.0006219973916398,8.066681061616885e-06
0.0127861862263215,6.048642618734507e-05
0.0159903633667784,0.00011122987590419809
0.0165070420422127,3.929239700201616e-05
0.0086982529755406,8.671331952640596e-06
0.015573375557875,7.572718386507506e-05
0.0020597935240478,2.5876896801353458e-06
0.0078615493868572,9.263674767293289e-07
0.0014504110467729,3.4975062198687015e-06
0.0170935333159571,4.086429476293907e-05
0.0124640100123151,5.626443407385023e-05
0.0101605342437328,1.3913515348834606e-05
0.0074713244340854,3.013690869483482e-05
0.0073913586042574,4.1593301161519184e-06
0.0153888970728574,6.272143107695947e-05
0.013559315269747,2.8841095497179403e-06
0.0165353414839542,7.006032459352228e-05
0.0004601601022986,5.0894794709611905e-06
0.0091235258475263,1.3472361179193887e-05
0.0111844765537341,2.7963909177051505e-05
0.0103963378132958,1.1923117080031347e-05
0.0167659089720941,6.625305374538299e-05
0.0018705556897813,9.544255005630893e-06
0.018080056670843,2.0297409103993712e-05
0.0096683310015703,1.7543750494408028e-06
0.0190987935170748,3.1802372565776834e-06
0.0038297565378242,4.7228450504025376e-08
0.0182169485743799,0.00010692191979175123
0.0159291344100274,8.382087918495717e-05
0.0069521801558097,4.967712693261918e-06
0.000268939408811,1.7599439770638727e-05
0.0193440860078888,1.2752161660060473e-05
0.0002492122535299,6.936393048465959e-06
0.0043929364742365,8.637501290955501e-07
0.0184110464382525,7.115665873761633e-05
0.0024534664275959,2.4189923440433895e-06
0.0171598922070164,2.4230509568996238e-05
0.0119668213694927,1.573957028042164e-05
0.0045451284760222,2.2805574517789422e-06
0.0149586230296108,0.00010780087393044738
0.0008000273555347,1.465525940197333e-05
0.0076167987086591,5.8183418094871585e-06
0.0087097566448343,2.2049254344428604e-07
0.0169200717933439,7.640578868835194e-05
0.0044820620836495,3.9801518561226074e-07
0.0190366328387281,0.00011563025439756478
0.0035211887296664,1.539298150376638e-06
0.0181743575477395,0.00011326322177278298
0.0070089081175243,3.094629551256875e-06
0.0053668330638525,9.679772139453614e-08
0.0154712034385172,3.8133816093531534e-05
0.0162786253654409,8.670412587174921e-05
0.0074072707154903,6.477901662718057e-06
0.0156301425636799,8.079287108040382e-05
0.0175832398350425,5.376229327396128e-05
0.0075538321148508,2.2891312181345116e-06
0.0184330620304366,4.677573508788573e-08
0.0093573743203868,6.237352574422261e-06
0.0046917359971496,2.2641383011777913e-07
0.011652253287413,1.1652160166119736e-05
0.0129929447070412,6.348178590849617e-05
0.0157323057044757,0.00010479667564537625
0.0107038833015056,1.863329865996031e-05
0.0055843022636267,2.901733615532766e-06
0.0122785363759912,6.447114385691775e-05
0.0179726768203138,5.1737156938157046e-05
0.0098922456612815,1.006257859453125e-05
0.0004731881592381,6.767979009947407e-06
0.0134632053454412,3.263365639728257e-05
0.0098646023969725,8.245405402423016e-06
0.0067160143930189,1.892994295926844e-07
0.0099790963954408,2.514273784867039e-05
0.0026151485653755,1.9402947470548405e-07
0.0019835208266396,1.5793636617380048e-06
0.0002295452843638,1.196382996393233e-05
0.0197426367911359,0.00013403850347512615
0.0162858793042605,7.064538263677323e-05
0.002676373252606,5.059491335703852e-06
0.0063509496182077,7.190674635148819e-06
0.0016926596116597,5.531926003179559e-07
0.0123607552071686,2.5161473906277026e-05
0.0015826155436234,1.0376732295338485e-06
0.0048806084088926,1.1242956738462732e-06
0.003125685570964,2.3974385075453897e-08
0.0140607759526234,6.539062307701222e-05
0.0113696455018513,5.3445225326280035e-05
0.0107105288351803,2.278339639267757e-05
0.0129092291324547,1.2612590939205771e-05
0.0067642081189781,2.8799347684323473e-06
0.0154039542789342,4.701142811458865e-05
0.0050092243807607,1.4188907944782574e-06
0.0151449378045893,8.671217466088449e-06
0.0041873736263468,2.8621884105438434e-07
0.0134968265567283,5.8227322959869375e-09
0.0064115257008981,1.4193254054965448e-07
0.0160197189291748,7.164899876175145e-05
0.0105059165763305,1.8069532487785964e-05
0.0093028140544804,2.9627848686826124e-05
0.0198361411810884,6.798881091596906e-05
0.0106467708346622,1.2084434627937096e-05
0.0119341356930241,4.458526375492467e-05
0.0111264587098626,2.7773279466846515e-05
0.019051544438525,1.4784699755783028e-06
0.0054424818125916,4.796057184801172e-06
0.0086130326972506,2.3600914224093406e-06
0.0078624123239827,1.6015904635339472e-05
0.0070880606895161,3.270628878420313e-06
0.0118792343277292,4.634124179331388e-05
0.006867698582418,1.498176316063077e-05
0.016455661706574,6.71650921080255e-05
0.0060904878869932,1.6303728567243202e-06
0.0115250710990596,4.6061385579637966e-05
0.0088406524191226,2.823808611029425e-07
0.001249350736449,1.8277073650871953e-06
0.0156739665535124,0.00013391245677979614
0.0084297978225422,5.559982909805236e-06
0.0031380606513892,5.285005240152274e-06
0.0102682432695567,1.9083821538086556e-05
0.0136676184238301,3.662971407525623e-05
0.0088802025315058,6.8323788044970175e-06
0.0006397916604611,2.43953620841889e-06
0.0190270407288049,0.00010918397738894133
0.0178203719785663,6.878603354492208e-05
0.0100638753741389,2.455342477776844e-05
0.007092924038858,2.0641733008627147e-06
0.0174751033700153,0.00010229399557321658
0.0091508171323103,2.956540968659455e-06
0.0175440500235042,9.769335629248693e-05
0.0056093036343106,1.991126978496857e-06
0.0016645745496036,7.813204340456057e-07
0.0104677669675748,3.4280771145118985e-06
0.0081656490566877,7.117594005027138e-06
0.0038128173658098,1.932773284304596e-07
0.0108762721043766,2.604735537910431e-05
0.0177173243209828,0.00014897830657602696
0.011495885123596,6.274729690643898e-05
0.0028181799588347,3.246153651647066e-06
0.0024164309605422,5.3707127327148875e-06
0.0071931032397068,9.383775298861894e-06
0.0114199171583606,2.4027807646775757e-05
0.0138414523930082,4.51950105830163e-05
0.0070921640267694,2.200764353531183e-06
0.0137949377734023,1.1132369291135792e-05
0.0123331456667295,5.715443271000868e-05
0.0035324828507322,1.0499545065534182e-07
0.0012422042889895,9.195255425349494e-06
0.0183759069666368,0.0001034983289056314
0.0168661137400317,6.719415275119263e-05
0.0102703255134575,2.596880039070826e-05
0.0015413585574914,1.400208589463221e-06
0.0191951037461547,0.00014926541683398458
0.0025337965064603,1.4817995527142235e-06
0.0008258816845638,8.668090801223225e-06
0.0019465042496701,1.4323464276422422e-06
0.0038439306612275,1.6959381199688698e-07
0.0016110723743441,6.901138485546804e-06
0.0014614589043427,3.10421114303548e-06
0.0114710228241703,3.179073611728598e-05
0.0025776483154629,1.9032716855221996e-06
0.0041412225879343,2.260254946342979e-08
0.0125539454511098,1.7300418890517525e-05
0.0180101819426778,6.225175637732052e-05
0.0169562670669626,6.120566541690788e-05
0.0163825022209631,8.032438159995228e-05
0.007713833510347,7.093023343396698e-06
0.0012914361292193,2.8311216738102633e-06
0.0047864988202675,9.514732501231792e-08
0.0027323487286797,2.5325840573786485e-06
0.015250514267961,4.448743308522177e-06
0.0163666599819484,0.00013170972729671462
0.0092994800921307,1.1798086476240849e-05
0.0059287738020919,2.3827375442982965e-06
0.0127688087849035,5.665403714411482e-05
0.0159420737254292,1.4284508291525959e-05
0.0131850329395762,5.527191803114955e-05
0.0019575172697182,8.440184817103999e-06
0.0060553165249748,1.1584007547462606e-07
5.962244952296247e-05,4.5955226981867016e-06
0.0093025945769065,5.333668193794462e-06
0.0050719399129926,1.2469585530982082e-06
0.0026871493716756,1.9641778835920355e-06
0.0144475602099692,5.651238604166031e-05
0.0081938979587167,2.3697895419929006e-05
0.0022310695106125,1.8423370168898243e-05
0.0052777378253364,3.915821818903096e-06
0.0006230270227882,1.2051076792806913e-05
0.0081775474229328,1.219160701411275e-05
0.0176718600743341,0.00013216287167044417
0.0111492250780721,1.2450451883321604e-05
0.0186534598320412,0.0001231507461147973
0.0097447049613224,1.0815104716795063e-06
0.0040074772432715,9.31063622733267e-07
0.0017983448562385,5.876079958245956e-07
0.0142533164211749,7.111429789629239e-05
0.000743955250762,3.7862610167484986e-06
0.012085187307901,4.2830994626638905e-05
0.0015649208008084,1.640348218895057e-05
0.0166544363780386,4.484847301665428e-05
0.0136593498043907,3.8073331869480626e-05
0.0090041698933165,7.590207884692772e-07
0.0126197570661054,2.9481166639483046e-05
0.0166303302564231,5.256280950612767e-05
0.0157317417244228,5.615718602371583e-05
0.0168439288454652,3.951580728215215e-05
0.0141129035815851,1.9611795092000637e-05
0.010389228236063,5.436508128978601e-06
0.010273073036962,3.105536019657292e-05
0.0016954139089792,4.371191589484305e-06
0.007162217017072,4.773785062184615e-07
0.0070592242893237,2.909776075163626e-06
0.0088124619541058,5.662699731447004e-06
0.0028298049945442,2.797768846019049e-08
0.019635898444855,4.353408154720585e-05
0.0057188042784291,3.403863752076966e-07
0.0139656239407458,6.614452661301156e-05
0.0040555447237816,1.892661771786625e-07
0.0198610729901063,3.425508895971559e-05
0.0048051537891629,6.129010106827466e-09
0.0008731659352782,1.1386646416129619e-05
0.0076898663787404,7.37085819466274e-08
0.0036823107339788,2.326777731331509e-07
0.0047576743590664,1.218664287708666e-06
0.01701613660484,7.646359562925686e-05
0.0089790178155387,5.204774782756061e-06
0.0116124397187677,2.3737446110901722e-05
0.0132743079573537,3.071337121804011e-05
0.0026450068837609,2.0315657420055195e-06
0.012689718885959,3.180010931331973e-05
0.0160718812294571,1.679620754187553e-05
0.0078150844416789,6.149422118529923e-06
0.0125840285120277,4.3751233650187206e-05
0.0080284157451596,4.0394212556468904e-06
0.008366955341923,2.887408136806941e-06
0.0019922342205158,1.6421733786512264e-06
0.0151039741816582,6.49204403124145e-05
0.0163257018551113,7.937553281905731e-05
0.0077490216252656,6.12916648737464e-06
0.0057375912780155,3.4537575864501137e-06
0.0169864862920612,0.00010595573595711883
0.0091784692250266,2.144722113967808e-05
0.0156616586885547,9.775320275604879e-05
0.0082399972592087,2.442255710389668e-05
0.0181651202790758,3.311505330590073e-05
0.0030000571971819,1.102618714568871e-06
0.0019339478040707,3.254173588214345e-06
0.0182015117202432,0.0001254751431446016
0.012469581785494,2.1383943459540715e-06
0.0151715323042673,8.711210920238681e-05
0.0079172251533701,1.1843513853109316e-05
0.0135614181116886,1.534096361207179e-05
0.0013587930822593,1.1322609508159055e-05
0.0046818212306068,4.616197155403105e-06
0.0182577201080654,0.00013230236128992777
0.0036491126915491,1.075991654319606e-06
0.0036517966092972,8.726159046973328e-07
0.0064701599711398,1.2242459911007184e-05
0.0094149096459591,4.118924021190182e-06
0.0060774000507279,2.917980243662322e-08
0.0062336683449757,5.321857682119914e-07
0.010599630874479,8.270310014248319e-06
0.0123604931250541,3.554114844702999e-05
0.0033162545080935,4.011331733006871e-06
0.0071877032580182,2.34193636443314e-06
0.0098043419552814,2.4594247148729883e-05
0.0064883153327658,4.4550825655456615e-10
0.0039106282650829,2.6598267079289465e-06
0.0168048766591613,7.16402280199607e-05
0.0096032031409573,3.7150713223839276e-06
0.0131301834506851,1.2899376436109548e-05
0.0081560092754402,1.875019794799746e-05
0.0024635179124442,6.492304549036161e-06
0.0125833416766131,2.6920288613047117e-05
0.0012258688743471,7.597121558685489e-06
0.015212885963584,7.30419128449475e-05
0.0070126673477102,2.1992920497037164e-06
0.0121703341167966,4.217346755409012e-05
0.019275956650766,9.466564902064356e-05
0.0082694552151895,1.4689832996539538e-05
0.0068008951183153,3.3824085034386687e-06
0.0013261910799876,1.3667068451315818e-06
0.0072942929775739,9.420652141799731e-08
0.0011225325244805,5.128617299362897e-06
0.0092351083044479,1.113934886267507e-05
0.0196480768421459,8.596148152849434e-05
0.0168111487317924,4.011351317207235e-05
0.0154287874515723,0.00011167788569850653
0.0012175895595047,5.092276620491208e-06
0.0024016130108438,1.6718350800230527e-07
0.0104492424189295,5.430259207032655e-06
0.0129032733217478,3.1080885263661734e-05
0.0153036585065694,8.533434164201927e-05
0.0198059249579066,4.0670005846897736e-05
0.0054617267749949,1.1367530242302701e-09
0.0192586124859796,0.00011444165780820062
0.0174977483474629,8.003023062631806e-05
0.0167515691540054,6.979176245830549e-05
0.0078329068766687,8.323873892888349e-07
0.0184909469485268,9.46220006627996e-05
0.0177997416938019,5.428030580089085e-06
1.0066937746067152e-05,1.9952483022566966e-05
0.0112512377867084,1.3511402163791951e-05
0.0114300755738901,5.701272316890185e-05
0.004018576787421,9.441657776575681e-07
0.0102574586050107,8.395014465652736e-06
0.0113081728076802,1.4891610718651988e-05
0.0114943853899961,1.5179873257424586e-05
0.0186222672181659,6.402328634219717e-05
0.0180371085321162,0.00011337370361435736
0.0025720002137848,6.989465985248018e-08
0.011429835442615,1.237698989871656e-05
0.0039261114113681,2.2337839483747185e-07
0.0186027028450975,9.596576121111673e-05
0.0002124590847117,3.879250413951048e-06
0.0037450018892064,1.2429953334398833e-07
0.0148569544115076,5.716084717532692e-05
0.002837494475251,1.8641912176921113e-08
0.0095340711468692,7.485041895444033e-07
0.0144270521216778,4.859953507438667e-05
0.0195291282079601,0.0001487491733685031
0.0063332030603754,5.1008899639078125e-06
0.0140112252479538,4.313813163995482e-05
0.0136707958160172,3.9524353511255516e-05
0.0086322272069136,7.3482021029805054e-06
0.0093877390468835,1.085425559016593e-05
0.0147857702622086,7.693681090371743e-05
0.0144255690506279,4.92141702248883e-05
0.0154842965087346,9.7346472776425e-05
0.0124164409763268,5.118891054872714e-05
0.0127344523694604,3.339255820160386e-05
0.0193488268814619,3.1248595849922985e-06
0.0171925418405507,0.00012532009114158207
0.0004891376957131,6.437175394216287e-06
0.0158715468046314,4.665629116006832e-05
0.0096152483752933,7.383449371583469e-06
0.0008677826848412,1.1323458159527462e-05
0.0034776993747099,1.3562118188514222e-06
0.0097384803349791,1.2753684536044085e-05
0.0165699327610899,7.484517192017775e-05
0.0022551327715204,9.466602420796089e-06
0.0187018167895326,0.00012775437804370045
0.0132768804825119,3.2400193570155274e-05
0.0173654959187253,4.5863523892141946e-05
0.0097703060420511,1.0823245941175336e-05
0.0057469931445921,2.837048602398928e-06
0.0091011112770581,9.26707120834392e-06
0.0020425177689837,1.2250181855732494e-06
0.014822009299636,5.078705789521449e-05
0.010587549969328,4.333970680146594e-06
0.0196324932635856,0.00012975494485005634
0.0016719445225764,1.931595430539171e-06
0.0088573685047339,6.517595531113005e-06
0.0094773192239606,2.46841670788985e-05
0.0184461223895856,9.39322164394887e-05
0.0102682491811259,8.851773090525996e-06
0.0152911090311263,6.449125749855959e-05
0.0108257394604038,6.885530879446374e-06
0.0080080568613715,1.906577656659738e-05
0.0047257364565917,3.2498808990388804e-06
0.0088249682075311,2.7402212149838556e-05
0.0164573540859421,0.000160088506928444
0.0130787638901163,3.926689389885968e-05
0.0076593016333179,1.495421209646411e-05
0.0021308788824275,4.2261826059776875e-06
0.0094923569449153,1.712850908383794e-05
0.000319605930171,1.2007054848494304e-05
0.0122724975135774,4.023792576820768e-05
0.0154343545556229,5.305701644588108e-05
0.0081244596304592,3.906018033918318e-06
0.0113957621684945,2.6617807239355784e-05
0.00443684765827,4.350098602438317e-07
0.0060396297953191,3.2438109615480795e-06
0.0193607039215228,7.746753145616766e-05
0.0191631116516038,5.513360532522409e-06
0.0004572518429226,1.1587066386652834e-05
0.0197157342841396,0.0001227194957497118
0.0148108285716975,7.277959905285095e-05
0.0078570929648773,2.79630346479233e-06
0.0085940953421562,8.245118923457431e-06
0.0051243513381006,2.1255203326176012e-06
0.0133434278384186,7.43129263465829e-05
0.0051577733857749,9.258917843812487e-07
0.0112533322363016,3.127249202834567e-05
0.0105067103344582,1.660329779544487e-05
0.011745977809041,1.72512022832052e-05
0.0019440870740789,3.928073347694066e-06
0.0127578674811838,2.35832922080147e-05
0.0059092163320374,1.2367492328954025e-05
0.0141199324241531,2.7844344400151145e-05
0.012335409056461,3.294290710001423e-05
0.0083710939918293,1.021906798933412e-05
0.0192401376909719,7.794653729289811e-05
0.0165037719981225,7.548720678822672e-05
0.0101253945993148,1.5243809112417658e-05
0.0119686774647915,5.473748097981824e-05
0.0019826994806733,2.064366515375256e-06
0.0177506648057793,7.503464614404262e-06
0.0028469003095295,4.53816563540092e-06
0.0140900082712221,8.058678528694173e-05
0.0023135366138553,5.112673607684899e-06
0.0006207629766971,5.6385813850473816e-06
0.0130019705491369,3.058068664045015e-05
0.0010319029042418,1.7406052620375714e-05
0.0142596326057448,5.747291173769355e-05
0.0003430719368948,2.110121546323262e-05
0.0154524311157004,4.125350335991224e-05
0.019277085538521,6.039631940267061e-05
0.0105634436494715,1.4251190100103612e-05
0.0103372807329132,1.6566133865430813e-06
0.0199404021956026,0.00013087252089415182
0.0166258309512433,6.249216030043852e-05
0.0137032035208365,7.263083223740998e-05
0.0096714286022012,3.4243410449995054e-05
0.0017227819204629,2.220593706310346e-07
0.011692218962043,3.9270223041372245e-05
0.014953830598635,8.695296465406435e-05
0.0080223122824075,1.781296107502095e-05
0.0097346158226548,1.0075110205391729e-05
0.0078616502385592,1.139612949991653e-05
0.0117605006479277,4.681777324407545e-05
0.0151916713002546,6.667563341358065e-05
0.0118152325419217,1.8359318481997924e-05
0.0123352815891762,3.302265145337993e-05
0.0182949611654924,5.824178898176086e-10
0.0039824915133717,9.200201096933071e-06
0.0157888226354224,5.969497428786694e-05
0.0178213516703203,0.00011757348767814812
0.0142588095640072,4.230492194147434e-05
0.0021089377436931,7.14520086986081e-07
0.0172369203149426,1.0915426877205647e-05
0.009281384714992,1.2010026958219005e-05
0.0066292859668344,9.1007606611897e-06
0.019394264834595,0.00014116272398846463
0.0082723528884668,5.069367840762403e-06
0.0011580796401344,3.6297055328703305e-06
0.0110435429903349,3.74151910245246e-05
0.0180624704490702,1.4169097397226087e-06
0.0090070314906791,3.4997017447628553e-06
0.0169692882839527,8.906546737326162e-05
0.0085951233407802,1.2446447272360163e-05
0.019841647067598,2.4999899356978056e-05
0.0172018148742625,2.303763714872785e-06
0.0165231570219259,8.710059198224425e-05
0.002467607572048,9.817721106760478e-07
0.0101495047436011,1.7015441573970718e-06
0.0109726974124802,2.646812085199417e-05
0.0033913510712656,1.0840586271905527e-07
0.0072239693066156,3.7799847115372717e-06
0.0137809470179426,2.9153174223411434e-05
0.0140075836252736,1.307640540201966e-05
0.0031057557974754,6.1373474549072825e-06
0.0153622029749328,4.955323951613743e-05
0.0165241123466701,6.726157695289597e-05
0.0178321614468011,0.0001277460766097902
0.0102721942834194,2.433130722995193e-05
0.0129140315697123,2.8863254532327305e-05
0.0159901391008191,2.2796595376695373e-05
0.007101930529533,1.260084937332397e-05
0.009865589875975,3.082029211513504e-05
0.0038600440586841,8.027612858897074e-06
0.0074280278582237,1.4342498649998384e-05
0.0040482606082895,4.072383054998003e-07
0.0179059419973826,7.840698358178344e-05
0.0129765375633796,2.8061609773629208e-05
0.0060365249353382,6.464023245860303e-07
0.0088396114424573,6.644912827106839e-06
0.0020742699916226,1.0574762379013798e-06
0.0084263446875995,2.89984862508323e-06
0.0182279505311467,0.00010346162681493141
0.0171080280362016,7.946080083007007e-05
0.0080275330671451,2.270021022991059e-05
8.337720871771204e-05,2.588250343910123e-05
0.012023785981103,4.813685349857871e-05
0.0122188772616291,2.2982799914041527e-05
0.0093154986023801,2.474455198956696e-06
0.0037782259835145,5.266481252996753e-09
0.0003244776062681,1.636384946894829e-05
0.0181553494221568,0.00013878170410617225
0.0197099748638942,3.680570586918915e-05
0.0019775079343689,2.963669585403115e-06
0.0199635920713963,9.563504264916851e-05
0.0144092202400508,5.622798908225395e-05
0.009049207236883,1.542420846700679e-05
0.0116587545662841,1.4923907531285077e-05
0.0112620153911976,2.8376038495600754e-05
0.0134671664157035,7.118911472907269e-05
0.0002919918902794,8.781781366161153e-06
0.0151417244660234,5.014244698064797e-05
0.0188351824519752,8.839875164065524e-05
0.0162136765725275,6.617126889594345e-05
0.0146384059362464,3.7220778493470297e-05
0.0197285478716104,9.026530071573686e-05
0.0077158248876339,1.176024253950831e-05
0.0172435215131081,3.1641405377472513e-05
0.0173775317200541,9.056968458837474e-05
0.0094383679400812,3.368723071781132e-05
0.0083254362400162,8.56322021298555e-06
0.006189095544572,6.467639014457041e-06
0.0020750208043839,3.287732071089784e-06
0.012877319542318,2.9675129287381277e-05
0.0096467253007323,6.302323000240388e-06
0.0096772172511682,1.717101694132968e-05
0.0189917112900509,8.207443338184284e-05
0.0041252294930332,2.294349897967893e-09
0.0101642583026081,2.2559514801763584e-05
0.0067989769227246,3.14434353557391e-06
0.0189077959227646,9.629953425671246e-05
0.0167286930981892,2.0096936983838498e-05
0.0042712153164932,3.0841178437258986e-06
0.0095355753983948,1.0554962759686314e-05
0.0183695582831821,2.082664751618816e-05
0.0169138123142804,6.115106899777249e-05
0.0003498430334167,9.192787893776461e-06
0.0095489625266724,6.29973516109168e-06
0.0003166077026537,5.63063935456289e-06
0.0071362783117651,1.5146085930744947e-05
0.0184267698581865,9.858322686495675e-05
0.0012351906056757,1.7963579533348555e-06
0.0037664112664816,1.103349754962546e-07
0.0170681575152122,2.7393887128364597e-05
0.0141684065199241,4.015243131506084e-05
0.0197698007061805,5.478998851635968e-05
0.0180650024501936,9.897207828407897e-06
0.0027560456645357,2.74834346947776e-06
0.0029572510147461,4.181725500126389e-06
0.0053465525632057,5.479088443439722e-06
0.0059696314765904,6.227967736214977e-06
0.0049773484653112,1.4379885567006172e-06
0.0152553862553696,4.9654205714385396e-05
0.0174823756229913,0.0001329479906784386
0.016248755830334,5.649230239938028e-05
0.0103589770993551,1.786005615546207e-05
0.004141933352181,4.988479514236988e-07
0.0169404869719386,3.574141421977811e-05
0.0136216801487271,4.507405162256372e-05
0.0180886771936879,0.00010370106183720344
0.0127562049724558,1.9631274931818596e-05
0.0031975244449622,2.7924424130840715e-08
0.0097213030398628,2.895285981677715e-05
0.0011811249337086,1.1640939504436673e-06
0.0058226577917241,1.929391642659092e-06
0.0093540805684993,1.1830967669544378e-05
0.0043159089444082,3.5396210695163467e-06
0.0172829309388999,9.34511424875861e-05
0.0036141954453852,6.911272210353112e-07
0.0168021220232109,6.721799533746917e-05
0.0086864035076653,2.5390239330577325e-05
0.0187166666377235,8.19852592610761e-05
0.0068475276690566,1.2598586589161019e-05
0.0174267803206077,8.785793557386232e-06
0.0069045706034939,1.0735685063175187e-05
0.0110189449264982,2.8713891148651353e-05
0.0017569512707082,2.913033649879003e-05
0.0023428684371756,7.350612195119793e-06
0.0079543734598789,7.810710878601122e-06
0.0087526422494601,2.83551250157828e-05
0.0048757285506556,9.98529225327786e-07
0.0132330560775095,4.8337375887718664e-05
0.0193456930585732,0.00010879279790024064
0.0184758280022432,6.8873543106513e-07
0.0123808820702194,3.929420052226735e-05
0.0137018180979994,6.612288282421805e-05
0.0100416896931229,1.6416551815053358e-05
0.0130474980347292,3.111728876648884e-05
0.0093327121292423,1.0859486454588895e-05
0.0082836781597887,1.4702423715206189e-05
0.0084036839642191,6.9073700638386165e-06
0.0030788262924825,4.842991446099381e-08
0.0066450700753403,9.407077358371894e-06
0.0198675660272101,0.00011947865165027272
0.0130007399528089,4.2283075747701475e-05
0.0070727653780984,3.068661532035058e-06
0.0014592762966499,1.968391303990278e-06
0.0118895846617074,2.522828489733529e-05
0.0156881032296444,5.478282907056093e-05
0.0199694367044983,1.591155078574221e-05
0.001777890753923,4.0641135774413645e-06
0.0013245414861483,1.8598975980348077e-05
0.0131474288432941,2.234788922950768e-05
0.0079604182541079,5.247817504489012e-08
0.0180375527485332,2.4694197427089086e-05
0.0157603254194662,5.063042791047401e-05
0.012262117469584,1.7839901592494903e-05
0.0103007444652239,2.8741017324742587e-05
0.0036142003224958,1.5808732155853588e-06
0.0123268725253382,6.014767730302582e-05
0.0130364800024112,3.3259467580137066e-05
0.0051629851512918,3.9526785280735025e-06
0.0073712517511095,9.38210360798459e-06
0.0110997342717991,3.5475923160618955e-05
0.0189047147297846,1.7129366443153377e-05
0.0061389881593321,1.3253921632936165e-05
0.0079711273117602,1.5700216509453377e-05
0.0025831801254636,5.626447418215747e-06
0.0049005976697059,1.3549229876306387e-06
0.0047068287142327,7.438066896309922e-07
0.0150563451408082,7.810316142195906e-05
0.0077173011522875,9.766514524202166e-06
0.0091611805592505,1.0236900118878313e-05
0.0090217024634972,1.312714388315124e-06
0.0156669789091728,2.4006208562696105e-05
0.0149926455089234,6.227791732114817e-05
0.0150801859845731,1.3936555747232483e-05
0.0164527287157132,8.187913683330998e-05
0.0157473529552482,8.683888221456002e-05
0.0070194412741914,1.8347759042165286e-06
0.0097761374252168,3.247110683230169e-05
0.0178992991603377,2.4176349700632843e-06
0.0020925312443674,3.858070187949412e-07
0.0094292254885448,2.740567672753851e-05
0.0103897498957603,1.2620551863122985e-05
0.016681663820557,3.762579364001299e-05
0.0057787109425686,2.6741089942297833e-06
0.0035205479421135,4.749323960396089e-07
0.0167468467723853,0.0001044780007434045
0.0034206404170266,4.8294894005813865e-08
0.0061769332602897,2.24641634736993e-06
0.00373103299662,5.570807252420395e-06
0.0156667513165795,2.127786239919647e-05
0.0043608591488166,2.031819714043445e-06
0.0128840146524991,4.5657104235086024e-05
0.0011133329967962,1.6014278302601e-06
0.0027840272292854,3.8854264895861826e-11
0.0065642814646996,6.6017436654057145e-06
0.0135641886215066,2.4579138266957565e-05
0.0048605761198775,8.150869374774422e-07
0.0027085083506994,1.1847559054237407e-10
0.0132120770409501,2.6739459919011725e-05
0.0192393408831125,3.687092142658501e-05
0.0040882783452646,2.4290076545358262e-06
0.0158440781961846,5.71883196830856e-05
0.0157369731526663,3.0443769670691777e-05
0.0045117301615767,2.8658072190190296e-09
0.0178635502232389,0.00010792102050949254
0.0101715899563425,3.347968052869498e-05
0.0090562268521437,1.6727299933718694e-05
0.0046444623418938,8.027681906163518e-08
0.0158822395700313,6.216769699471878e-05
0.0193207395720831,7.177475900758131e-05
0.0048565117520244,3.0835899838445397e-07
0.008604830139077,2.380703933785318e-05
0.0136436598074139,3.611112039293048e-05
0.0079698986134536,1.6832760023616773e-08
0.0193042833637759,0.00011724223520455714
0.010799161658134,2.6734989378599588e-05
0.0157098901245764,8.052705051495964e-05
0.0014529527513797,3.297772147335473e-06
0.0152754986883392,2.8739571139826836e-05
0.0043474835280161,9.667807966050926e-08
0.0187864382830031,3.750254990164737e-05
0.0172184634014411,1.2125655349278312e-05
0.010454216716765,1.5741244986619255e-05
0.0088805968961798,1.524401378511357e-05
0.0031268781230913,4.24203070204353e-07
0.0143731107771296,3.4746327019761174e-05
0.0134102660006073,4.554052735926547e-05
0.0162385471512285,2.8587517855022464e-05
0.0198911358890956,0.00012858084108232368
0.0162461034102467,4.51413741542647e-05
0.0177125183716489,6.830821767089216e-05
0.0111116738037765,1.2628883494482445e-05
0.0012156137427153,6.383330320315071e-06
0.0037130983102709,1.921751933959377e-06
0.003228654959084,3.4984471784859735e-08
0.016212402559119,7.422394385273791e-05
0.0020344121353905,2.162472281840155e-06
0.0012427390282831,5.62066684627088e-07
0.0076804512224727,3.271322022231694e-07
0.0107996929832536,5.2568369820011985e-06
0.0187285003638484,4.9298636330169155e-05
0.0165564750559072,2.8565849279047802e-06
0.0151921251821927,1.9720055417522616e-05
0.0138185611814991,4.512549925192175e-05
0.015399237962722,2.2147574093481006e-05
0.0092588638025339,1.0046831880346455e-05
0.0106452332374029,2.1312824856036073e-05
0.0144231866729021,5.584646834340573e-05
0.0018234212742067,3.301416813645518e-06
0.006753368954547,1.2676167939138363e-06
0.017142637175119,6.963454826773562e-05
0.0187704999433129,0.00013281230131139467
0.0095515089251815,1.598013784831523e-05
0.0071920687738313,1.3962120233863787e-06
0.0092647084205275,1.4057342656850159e-05
0.0017242269221471,1.19251203932211e-06
0.0073677933099057,2.1407138387567842e-06
0.0128320080726009,2.302926345874907e-05
0.0007623048133471,3.291713715055474e-06
0.0060533254972478,5.105863647994557e-06
0.0095070405193001,8.05658717508329e-06
0.0179623048448059,6.531791930746429e-05
0.0179228227318306,7.570931628239678e-06
0.0059810262102399,3.3452842535428235e-06
0.0004228555293268,4.713563833404003e-06
0.0013901421537894,6.7681699107849515e-06
0.0184329392786928,2.827503066117136e-05
0.0102424604494728,3.098711257579737e-05
0.0032026585961437,1.6422179446156463e-07
0.0130905293765075,5.9129371804417186e-05
0.0068582935858146,4.150640556649511e-07
0.0013804382585187,3.14697921883699e-06
0.0045082064721142,4.228473210764421e-06
0.0114185712930714,3.82039937026585e-05
0.009559944774493,2.4777927147554372e-05
0.0170923307119086,8.411554469988558e-05
0.0099957256035879,2.591789710097871e-05
0.0038513453375733,4.37721519288866e-11
0.0138328309950273,3.604347876046787e-05
0.0033127559063381,1.690616456336109e-06
0.0180726820751226,0.0001226589857655196
0.0025894813956262,8.358344333961627e-07
0.011421729299906,1.1745070882626148e-05
0.0060429626397826,2.6724358210746417e-06
0.0177322313836595,8.024363176598174e-05
0.0130242806888546,1.0461953941483935e-05
0.0148178285077115,3.180452951829406e-05
0.0013020575310807,2.5784336240090156e-06
0.0100122038024585,2.844252052070028e-06
0.0064954253088465,2.2092395303400774e-06
0.006076711305632,3.113523132836126e-06
0.0177348301451974,2.6887957981293764e-05
0.0174714404271778,6.371360370850733e-05
0.0069028383041252,4.617558438351899e-07
0.0117763648802942,4.0229284947815794e-05
0.0115365995291577,3.524584814084168e-05
0.0149762857915797,2.7009526917579022e-05
0.0194128593930034,2.0318325823250486e-14
0.0180164773029241,0.00011070109211003439
0.0152421656420571,3.643277982277122e-05
0.014546780788963,3.888013381436695e-05
0.006263817897231,4.289874024386748e-06
0.008432309601157,2.5161933124796824e-05
0.0015769263976371,2.7468959592268343e-06
0.0152631251213393,3.992817466980629e-05
0.0171606758589789,1.6631194835247007e-05
0.0147264465813524,4.1472127774250794e-05
0.0081028526969511,8.310199726899992e-06
0.0095957217525654,2.6082663066838343e-06
0.0018041381963622,5.170684674685211e-07
0.0182203866080153,8.406011547984627e-05
0.0142815467961777,3.722213552345844e-05
0.0148325946737551,5.3917607455686446e-06
0.0122672168567091,1.6007470131860418e-05
0.0118813180751209,1.4883906627975507e-05
0.0024827019671471,3.158519763748905e-08
0.0155912291635847,5.680685632870004e-05
0.0015736037302738,4.2169866564562275e-06
0.0055323514287225,2.5828599168289375e-06
0.0184791687167966,9.45738694785707e-05
0.0050500000461473,1.5874483652476123e-07
0.0139960113255686,5.778922000925138e-05
0.0181250738764437,4.4089503194360675e-05
0.0097137372793002,2.023198104196089e-05
0.0137235243109447,4.0230844647182674e-05
0.0058284904225287,7.222730264077678e-06
0.010691820512701,4.403432199950127e-05
0.0011882430066252,1.649690029883424e-06
0.0123104876751753,2.9993157937989248e-05
0.0167804908768374,5.25368135712807e-05
0.0058834888328612,4.619094077720708e-06
0.0126891642063814,6.95240532101596e-05
0.0065521191505626,9.084733944706433e-08
0.0115058232338259,4.4488026106565353e-05
0.0098618196189666,1.9778006542277434e-05
0.0095225786849812,9.4905378712284e-06
0.0105557889542262,2.5108924482468305e-05
0.0074149179258872,5.2426976479049015e-08
5.2840934527900176e-05,8.61443123941568e-06
0.016791695743779,7.040029085684028e-05
0.004495715536386,5.006509521996813e-07
0.0167787777554679,4.439558958127074e-05
0.0027040844077711,5.639805054114586e-06
0.0090204020581684,7.289220676590689e-06
0.0102275398067213,2.4640624110939e-05
0.0125252454295375,6.197835851252625e-05
0.0138924063989326,3.6209861954663486e-05
0.0123911475188582,1.3219731158714982e-05
0.0043992564876522,4.398421017553811e-06
0.0026019954324015,3.7716391293116485e-09
0.0026241154814561,3.7958106768433864e-07
0.0146578404635609,2.5551447286697033e-05
0.0173063964761392,1.5098484371021311e-05
0.0102523144949251,1.161255482098159e-05
0.0120204294650956,4.649611103839443e-05
0.0084345331832535,1.1677780857860379e-05
0.0141822230281134,1.1816447885041788e-05
0.0006088844127081,9.306171905063317e-06
0.0166826580710104,9.764844812444886e-05
0.014152730018563,2.2190049880827844e-05
0.0133962901097085,4.435675281673001e-05
0.0083803325345463,2.1991692018056035e-05
0.000996064647917,5.057048512826807e-06
0.0139221131553222,0.00010271842391831911
0.0171452571439187,0.00010214782626966462
0.0001641156583003,8.380087150877726e-06
0.0040934022640202,1.8168553960729434e-06
0.0133573012160283,3.715004737562304e-05
0.0179702457108499,0.000112554949716427
0.0010313057422998,1.3824744411372715e-06
0.0176678280426966,5.500989686160305e-05
0.0017649615837935,1.7355500007999098e-06
0.0055261222986538,2.610318146130526e-07
0.0157848079122914,6.041068655070781e-05
0.0017591021164232,1.835880670455133e-06
0.0047320103155427,7.377108654432498e-07
0.0140139785078137,4.3121480501839316e-05
0.0112781319003543,2.977865876675291e-05
0.0079691095112309,8.951538163162494e-06
0.0041706297033779,1.8144467804768861e-06
0.0006001638531292,1.8962571888431329e-06
0.005934687250512,3.53815414090207e-06
0.004211504091162,1.6355649539396754e-06
0.0022782716597445,2.4107905337716594e-06
0.0007575966445474,7.0430980619008145e-06
0.0109939364014472,2.9045182016431746e-05
0.0076450828445265,5.249417429725646e-07
0.0185507901519313,0.0001178999769624018
0.0190637001180458,0.00013933722253351276
0.0101399224552955,8.751979134860492e-06
0.0082193393101738,3.7199556371343147e-06
0.0165217893799913,3.102171814069441e-05
0.0130683102568005,3.960811437834586e-05
0.0062405979081335,1.6928128182998628e-06
0.0019876056242669,2.209953575837265e-06
0.0056209745569746,1.4267665391737499e-06
0.0040649451748646,7.284662240034003e-07
0.0133221457581361,3.8900347089583776e-05
0.0183224803411174,0.00012250953952122845
0.0067115155840838,6.493624967594433e-06
0.0187891618525955,3.6533317195329394e-05
0.0104067904559573,3.2029875031407556e-05
0.0121733107574846,4.386568704530231e-05
0.0080007358994258,1.569276831902498e-06
0.0013755111104939,1.9701822878283995e-06
0.0023039987808687,4.134887900962296e-05
0.0136212952982466,4.142236540527086e-06
0.0026562009483992,2.3568634586101764e-08
0.0147601064945991,6.0123787595815965e-05
0.0118774721962407,6.913543274720989e-05
0.0048567034306663,4.6385794766480704e-06
3.434789582901887e-05,1.1390314274587468e-05
0.004414009029708,3.4014577121339724e-07
0.0134780009478416,8.266247680189307e-05
0.0055334535586476,2.275465410224029e-06
0.0020115967934217,2.943982961466685e-06
0.0015140618607606,3.4362554364988395e-06
0.0020737922762074,1.642713357320856e-06
0.0056574054439779,3.4990794991578543e-06
0.0170344996167341,8.370150408684531e-05
0.000611931455922,6.5462184132746545e-06
0.0061752635992627,4.1486166626024726e-06
0.0110556172209987,2.1433820939429452e-05
0.0003251585695622,4.418046073833864e-06
0.0192849065196157,9.427839550944148e-05
0.017682800950672,8.345434012483993e-05
0.0136827289927195,3.548176964794715e-05
0.0122421940378833,5.0523867507441896e-05
0.0160075188054647,7.144260992538736e-05
0.0070342061413722,1.931277529769771e-05
0.013013194269347,4.842211518289013e-05
0.0025966206173323,2.1990039288322107e-08
0.0065777938849043,3.7169404042108786e-06
0.0068912907910879,1.5985363686071042e-05
0.0019061847997993,6.366604682633989e-07
0.0082943882282306,1.862802749822048e-05
0.0100169603029096,8.546016417343958e-06
0.0046873638141581,1.1073262875324791e-06
0.0072414901983906,7.84622210247393e-06
0.0101072029702096,3.382014803318984e-07
0.0173464480884005,6.668279663369268e-05
0.0183608320468398,0.00013232086429859142
0.0018493859001723,2.7863876979100847e-06
0.0068235332107257,7.95507672894556e-06
0.0174001795560997,2.4249176909408297e-05
0.0058202829787424,2.486724577454065e-06
0.0014540205798937,4.704630789182423e-06
0.003307545615435,5.249521882012058e-07
0.0104209831316742,2.3853368369523863e-05
0.0141136579808131,6.295097520211715e-05
0.0192131075273985,0.00011122720806644752
0.0121386412721507,3.794176419744906e-05
0.0024056138252792,8.588823314488196e-10
0.0026628760944478,2.973216381632169e-07
0.0074593266577833,1.0014077987800169e-05
0.0077974305883989,1.998786856707077e-05
0.0186837063769538,0.00010623534300361981
0.0195065512761844,0.00013513426428631988
0.0149264617612239,5.7678113548650584e-05
0.0110847760018122,7.53554293106993e-06
0.0044323096958825,1.026745552515327e-07
0.0005978045788486,3.91230768274466e-06
0.0193944320252229,0.00011643164764781314
0.0005679086997466,3.408923928068263e-06
0.0167230863461503,0.0001112752162517334
0.0148610403117778,5.5278512752826e-05
0.0125451381639021,2.247550514348333e-05
0.0197713918471839,0.00011546093817071827
0.008842346400645,2.3298039745961415e-05
0.0013768707633717,4.390826669688887e-06
0.0165448986307058,6.926444500599133e-05
0.0114758283739281,4.415315314280998e-05
0.0058336425952323,5.137657408128712e-06
0.0128798813218003,4.0634909302749834e-05
0.0161797447477014,5.831491180495875e-05
0.0141089546672772,3.4256212594968106e-07
0.0190910665499041,0.00017079534623130085
0.0035224828957319,1.0655565441804616e-05
0.0106489772958093,2.2295985925459762e-05
0.0174132306605746,8.918238592047495e-05
0.0149452388394948,4.68260589858159e-05
0.0163048047701495,8.554199716026233e-05
0.0100449832413973,1.6939997682348508e-05
0.0087948625813594,1.0870838452796637e-05
0.0078036867056201,4.782989075272027e-06
0.011983416529594,2.7890013034386293e-05
0.0117954859631882,2.0738380305492478e-05
0.0062912027447321,8.461008456968604e-08
0.0108149332211187,3.790043484539925e-05
0.0087729825134595,6.970240900048822e-06
0.0011174884474405,5.159628108181872e-06
0.0197690785086146,7.243343923465864e-05
0.0097078398976959,3.1584438396583366e-05
0.0002326601476041,3.520257172682353e-06
0.0196509915950698,0.00012126329468006553
0.0039373416360888,2.868280162917372e-08
0.0123210195521653,4.080893845446759e-05
0.0036351957328011,5.640698161723065e-07
0.01195073391555,4.247161511850295e-05
0.0067972680732633,2.49418361928121e-07
0.015130995341894,4.203184050550279e-05
0.0086329776113345,8.719483077191756e-06
0.0073902533376893,7.446493839101814e-06
0.0199619270018278,0.00013428821188740122
0.0026763247335986,2.8231696820369053e-07
0.0033139374412542,1.314481605309962e-05
0.0133784570990021,4.108222399013226e-05
0.0150683028054367,5.6746450709428975e-05
0.0037749047043581,7.939181557239418e-08
0.0192328409432369,0.0001341947399690985
0.0001655536873358,2.0447479081888077e-06
0.0155993533250361,9.420465431586198e-05
0.0131983225193321,1.9471858403269832e-05
0.017982180620401,4.093056947800985e-05
0.0111487657660823,2.9604301866623247e-05
0.0122503686206543,7.036672298393908e-05
0.0092824391021122,2.8054316845378973e-06
0.0038230693043273,3.950794183870313e-10
0.0109863438502418,3.098855092223253e-05
0.0023198937884598,7.0428173629462025e-06
0.0182521012286815,0.00011849680370502842
0.0027705430742795,4.233349261327181e-06
0.0007417604845598,6.555904159943561e-06
0.0007275212966225,2.1498591689748558e-05
0.0131763751995897,6.97562451063608e-05
0.0151818110859022,3.526659753111855e-05
0.0170026832167551,8.57887381844583e-05
0.0166713157000139,7.97601442591891e-05
0.0156967743308846,8.761532951765521e-05
0.0003208397957326,2.1185497993721507e-05
0.0065228187080143,5.348422080580543e-06
0.008985991011244,1.388034018684537e-06
0.0182449610782191,8.074343847884757e-05
0.0024697175581793,5.604135072201298e-07
0.0153628021936086,6.560410056770521e-05
0.006503433324022,1.2576620068482748e-05
0.011470639215739,2.4178035384629216e-06
0.0088860167066776,2.0201837578934627e-05
0.0133753187850572,6.43067359663618e-05
0.0071496387195871,6.474274313429376e-06
0.0126925193853838,4.7226202930428305e-05
0.0093259895351798,2.669159998997364e-05
0.0053965974064616,2.7490221332743466e-07
0.0197236586133826,2.0498341149121945e-05
0.0136968821500581,4.1170077612984636e-05
0.0090959346768135,1.5637870989153332e-05
0.0055975878979814,8.285690165291373e-08
8.563101751208002e-05,4.164132280838802e-06
0.0123885725551684,7.870956280471597e-05
0.0183436027484881,3.3255134990622886e-05
0.0111978630170054,3.755136200924976e-05
0.0002944112198303,2.5200745065011778e-05
0.0058924442136138,2.1160090711625045e-07
0.0069560636949544,3.0968637785220387e-06
0.0039196487970228,1.4453768010500006e-08
0.0154469317187274,5.653449077744175e-05
0.013692767284576,7.15715304869773e-05
0.0128971512178512,3.177224130569423e-05
0.0030532949433579,4.543733368058902e-07
0.0185562182254272,0.00011764915655262812
0.0020101317705299,1.4306253573766096e-06
0.0021657409108666,8.930863974791225e-07
0.0091898457616887,2.4416291759838275e-05
0.0192573642567397,0.00012519505804017874
0.0028544966329719,8.506007750834041e-07
0.0056636289499473,3.1817833350356258e-06
0.0187332952850561,2.4199581157847076e-05
0.005295784712452,2.7980860212063084e-06
0.0083461371701737,1.1563511390819125e-06
0.0171760454569093,8.389071029299289e-05
0.0120209269168643,6.095985973865355e-06
0.0064131841489001,4.662463171067529e-06
0.0049962046350287,1.5355771947400947e-08
0.0129839321125018,4.550356039562423e-05
0.009719786343501,1.3152423582309824e-05
0.0134705790703056,1.2649005883677231e-05
0.0075605185524002,9.182185447065616e-06
0.0127034794313779,5.178200732909979e-05
0.0018076088814731,1.0709665979758652e-06
0.0051923040070917,1.887317424748148e-07
0.0182482662235715,5.315558496517159e-05
0.0115932643150407,1.150264102133608e-05
0.0197486564480125,0.00013222657609606678
0.0124394658476399,3.5054446217927524e-05
0.0106219518049162,3.071081399434644e-05
0.018154725197998,4.23873815532707e-05
0.0063508428553337,3.634571101493944e-06
0.0025537104589792,7.110101559205472e-06
0.0100178303383861,3.841652735840478e-06
0.0078542465692719,7.514358442018623e-06
0.0135303327560917,9.423389126844651e-06
0.0118041666889744,1.3269440578272557e-05
0.019026237164439,1.708049299733579e-05
0.0141022869609243,3.489362130639094e-05
0.0058578561289483,1.4858505190458925e-06
0.0171236580770422,6.432263224739921e-05
0.0136675370961317,1.5220266919521552e-05
0.0079096746024123,1.88961861403661e-05
0.0157227381367231,3.9279941072472466e-05
0.0178026225154761,8.070900670638079e-05
0.0192710668402202,0.00014534969665893
0.002429939283274,2.967738951207345e-09
0.0029325372304259,8.0102614376941e-06
0.00758570849909,1.7276144544583448e-05
0.0075866685775194,3.672590834010322e-06
0.0093623406426567,6.669779869427893e-06
0.007100098327065,1.0769620583631612e-08
0.0173820201077061,0.0001024838779935423
0.011682859628588,2.9877280181997654e-05
0.0076441642487661,1.928154974529876e-05
0.0106920371147936,1.554416759904516e-05
0.0090518687251769,2.0637629890898446e-05
0.0133419661181697,2.9006343258313507e-05
0.01129819868115,3.862606320522315e-05
0.0143820772903177,5.729950389997427e-05
0.0150605646331724,9.971607953077e-06
0.0163913402381152,8.844132846195776e-05
0.0017355553266696,7.011845656993972e-07
0.0194618191848223,0.0001437928815243857
0.0037743272847791,2.990529063061803e-06
0.0136189507687219,6.523278877169134e-05
0.0152147262150379,4.224456430885725e-05
0.0039539877216041,1.632410706640107e-07
0.0078231629430462,1.1779325968541605e-05
0.0140842724663648,2.0419131362689537e-05
0.0121591092440651,4.613267042345398e-05
0.0021139645597788,5.496080381353231e-06
0.0183829496315918,8.760589341237355e-05
0.0109874929640744,9.933962154304418e-06
0.0059821122476909,9.773602045351448e-06
0.0121331651656,4.804626604870064e-05
0.0011795855850816,2.8796477863681085e-06
0.0112371521359311,2.4537661465952157e-05
0.0006222086568773,6.585495219575518e-07
0.0156592995070633,5.673201163373143e-05
0.0116469603355821,1.0506279628168935e-05
0.0155744516363497,3.324644186215834e-05
0.0117241547954648,3.9096430265105554e-05
0.0034006140379857,4.019018729756277e-07
0.0020111443501327,9.511991854013729e-06
0.0019997860823946,6.439524101884961e-07
0.0110383690698642,3.073675558715078e-05
0.0003096050411989,1.3154467091885134e-05
0.0114127224917402,3.730659347512665e-05
0.0062205660611413,3.6495376642292637e-06
0.0041164605935078,6.689561722842891e-08
0.0040596354375446,2.0854700466103328e-07
0.0114592038183297,1.8488618939620266e-05
0.003439924740448,4.6740784283581546e-07
0.0025917113032544,1.0606017121473708e-05
0.012138546985629,2.0390828406634553e-05
0.0016682534370866,2.310607926939736e-06
0.0036792818147429,3.994317544082178e-06
0.0029792209858678,3.541122146156358e-07
0.0198532487761804,0.0001271725775353683
0.0022823682349817,2.2070472474685106e-06
0.0169100370368194,0.0001071397959746879
0.0085232484393595,2.193610563442578e-05
0.016568882365484,7.716857612961555e-05
0.0024268910771276,1.3409845255568702e-06
0.0190824060891875,1.83935065569434e-05
0.0137187477959586,3.6710206507283624e-05
0.0011403134184078,5.622993253785718e-06
0.0142056820480729,3.851658835046405e-05
0.0125641708943086,4.246491398477364e-05
0.0119228691288473,4.1968583112275156e-05
0.0069767011561046,8.05848951727551e-06
0.0073852891469629,4.769332036760112e-06
0.0171560225711008,6.230917835280211e-05
0.0140223414701572,1.221223780921156e-05
0.007869277648942,1.565437134612306e-05
0.0028768969700302,5.755772583098528e-07
0.0043425888679926,1.389658212719825e-06
0.0057833710562949,2.6561022114710324e-06
0.0125761990083709,5.460880035616744e-05
0.0028679112502313,1.2378948570891821e-05
0.0116395240959136,2.442241347216178e-05
0.0070106278427112,1.0779305100314737e-07
0.0141897577922764,3.967173032442561e-05
0.0191031097716124,7.438149533372711e-05
0.0048567475670357,2.7267935888837606e-06
0.0099281034343613,2.3734630089460513e-05
0.0170136055120199,6.914273380736888e-05
0.0018971378322791,2.539919532312674e-07
0.0029794822580163,2.5123660600208193e-10
0.0149660190253881,2.4795301100464046e-05
0.0011004322698234,5.375384720545354e-06
0.0069003972371793,1.2840901825334815e-05
0.0116218261993466,7.4031940936077014e-06
0.001904885786077,1.2910403882714327e-06
0.0081933855904707,3.108076898514133e-06
0.0173215165835046,7.784384496785445e-05
0.0069979205055745,1.0749222706307125e-07
0.0087298028298188,1.6512191285922103e-05
0.0080337758656426,3.665750417146972e-06
0.0051753421250683,1.199825490630749e-06
0.0027290743071414,1.1947241863192616e-07
0.005969421489198,2.0683911837892143e-06
0.0024681257518556,6.079519187185322e-07
0.0047211747191982,8.064639598917028e-07
0.0147552090860593,2.1236185716760988e-05
0.0045492143143867,4.1157040009203124e-07
0.0183268757395552,7.816187333266713e-05
0.0004831546991177,1.1747235880436068e-05
0.0124340204441635,1.7043471595168145e-05
0.0016277795747956,6.67403661367768e-07
0.0101841380877163,1.1475579492699531e-05
0.009083613851362,8.022657152822307e-07
0.005260612021638,2.5432426281627635e-07
0.0191300072650445,9.222471309509806e-05
0.019653423064493,0.00014510018847936705
0.0090158221118371,1.8313025370943084e-05
0.010836466432521,1.6115583488490242e-05
0.0193647026850185,6.2335413903808206e-12
0.0188667855272301,0.00015286547435327502
0.0179893294728348,0.00010129252654827367
0.0056764524526112,2.438656160855507e-06
0.001611739566666,4.633722515183319e-06
0.0102255558679387,1.951426100735945e-05
0.0062945826051004,4.806360626524705e-06
0.0012745478893652,4.48622754476974e-06
0.0105864444203147,5.550499162865866e-05
0.0049364881828518,3.9295524117312717e-07
0.0050265055513318,3.9651626582419896e-07
0.0129198158671787,5.20006212041572e-05
0.0181962023963073,0.0001420891200429413
0.0188337855460027,6.521561275670425e-05
0.0083259345507731,2.389957660222452e-05
0.0119246176990843,2.0062622598245557e-05
0.0052696052779824,1.6101953550457255e-10
0.0036832414557429,6.507703286585103e-07
0.0191639846671736,8.396201151576961e-05
0.0065594059598331,9.972042507521465e-06
0.0033090933084248,8.601405982146143e-10
0.0081434435750799,1.630150416500293e-06
0.0114347587092956,2.4691993460587434e-05
0.0102045641379518,1.4432780436471308e-05
0.0008671420053952,5.335017894800341e-07
0.0055185516032,3.1399255199899942e-09
0.0131449612790366,4.4098134169458404e-05
0.0162613144140807,6.997712096300154e-05
0.0181679906208223,2.0544557285044854e-05
0.0086911448098208,6.406840842920899e-06
0.0148744799992802,8.531989030313917e-05
0.0121092930673964,7.835256358175182e-06
0.0073821395750671,1.0675294025695762e-05
0.0178179768342479,8.027244122241399e-05
0.0125449296050587,4.1460439047806174e-05
0.0196651468691881,0.00011391370792002775
0.0159445844719269,5.8598619360519506e-05
0.0101810518935322,2.7878000706766463e-05
0.0034966276148469,1.621723427570766e-05
0.016422845052151,5.093041751779364e-05
0.0180782569048837,0.0001356833735860137
0.01285959103183,2.1151881069248506e-05
0.0006920535291475,7.6484508570647e-06
0.0001691492472006,5.040413832553197e-06
0.0065778885407202,7.587621927753364e-08
0.0104786432965172,2.5359595764244008e-05
0.0133387021317744,1.9807533592783855e-05
0.0106211930819846,6.344913288749373e-06
0.0073111781846594,1.879213611967682e-05
0.0161960504278206,6.834712901301485e-06
0.0109879831710432,1.2029404154587961e-05
0.0050564696684734,9.204993960503653e-07
0.0100958441893228,1.6850860356770107e-05
0.0187015059271978,0.00014134197742406572
0.0089329530292265,1.5535538835166522e-05
0.0072243254631552,2.760058821042394e-06
0.0099864668309481,3.862837438128908e-07
0.0157905446219734,6.250675517256999e-05
0.0049624514177613,1.7647702612788846e-08
0.0191124682664485,3.801508213150179e-05
0.0100369066972106,1.3515064847626608e-05
0.0184890000305718,8.912122779760644e-05
0.0141571611975286,5.427828871754099e-05
0.0025669779928617,8.322540967819174e-06
0.0103145187222833,1.0445454198726177e-05
0.0165682987427397,0.00010581602045403818
0.0066970586762613,4.393419544314662e-06
0.0130776158461118,2.036026177845004e-05
0.0048192749672127,6.095569864232976e-07
0.0008733701540333,1.946309776553477e-06
0.0069908074905977,1.0723227236785221e-05
0.0140855123661772,6.7629718106215e-05
0.0144536168937313,7.925801970379024e-05
0.0121676989544086,2.0098267427668995e-05
0.0142021720960458,3.460644575081982e-05
0.0168899419036399,7.503118539314034e-05
0.0088267604881372,1.2326688481135287e-05
0.012306339733733,1.1719794531944253e-05
0.0178016149609953,6.786593865373852e-05
0.0047043364287044,9.120780733775816e-07
0.0056117433881541,8.218727908969931e-06
0.0107142984628211,2.4902657684636806e-05
0.019067675287654,0.00015393481910966643
0.0112726355510211,1.3277419609130257e-05
0.014793276872137,3.955115300141962e-07
0.006238166958424,1.9970258508123873e-06
0.0166288223585573,0.00010213483472509577
0.0038533925503153,3.380874757236863e-06
0.0091200785051176,9.057116651306947e-06
0.0129220905949685,2.982026821446626e-05
0.0015266509643173,1.4102709233195006e-06
0.0082778882801451,1.1568921867110805e-06
0.0002019890558683,6.7921908713689205e-06
0.016163563258962,0.00010512949917450841
0.0125666414725009,9.89189493352532e-06
0.0033131007946817,2.5389261535773545e-08
0.0009701080196655,1.4520671912096126e-06
0.0080069784914491,1.8129376624687481e-06
0.0113286642620053,6.338142788989398e-05
0.0179039395339224,0.00010105064053762049
0.0142914391350832,2.3440472903418542e-05
0.0144911537338791,7.776931887820611e-05
0.0019723996711197,2.2208214023034643e-06
0.0163407083242028,1.6098025467277197e-05
0.0157063641054499,8.25055304255499e-06
0.0087597948101792,9.285038885037022e-06
0.0030815801868607,4.0840861863071e-06
0.0144925944018558,5.281137912437422e-05
0.0022227561789986,4.466643614459404e-06
0.0153350549422373,8.664530442963986e-05
0.0035847616003812,9.728807397402424e-07
0.0135647015183845,1.613571618948658e-05
0.0190914565596525,2.2605526072181024e-05
0.0008606576860408,1.8050084054590253e-06
0.013182392476851,1.9681941740745658e-05
0.0112519929862114,1.6041363836653687e-05
0.0127369292408059,2.1405666377028237e-05
0.0007688165186235,1.3271490284670673e-05
0.0127888100063942,2.4053009471303924e-05
0.0002074892118026,1.0329732739850282e-05
0.0169507770608261,4.393392071911785e-05
0.0035267431562526,4.5013965602373675e-08
0.0090348698399959,6.288544107325991e-06
0.0192966897857315,5.2318892928206205e-05
0.0186990151498257,0.00011383346548715063
0.0196349861360352,4.91431495150574e-06
0.0125604260472099,9.221744870188426e-05
0.0160342912164124,5.3878609332974324e-05
0.002169650966631,2.095793426360659e-06
0.0023639040805978,5.219498224632802e-06
0.0153460778172112,2.790398712041296e-06
0.0066049847645554,4.097486265832197e-06
0.0053898568590886,2.4362543476465648e-06
0.0062121162209477,1.1144597300271484e-06
0.0006294764442562,4.595475510345267e-06
0.0174172383007274,9.193030858864035e-05
0.0094196310552661,4.659699628906188e-06
0.0028851318945119,4.966754066535094e-07
0.0190912486749874,0.00010725782479703165
0.0106257614864497,4.9347604296894044e-06
0.0155195225353099,8.116143230232388e-05
0.0101772856184642,2.090965329856902e-05
0.006864713121991,2.1875441184929723e-06
0.0070863561819455,8.975232620002057e-08
0.0063699776877322,5.699278067176139e-07
0.0015096078442216,2.3153377285276136e-06
0.015322818522985,1.1139911941550354e-05
0.0097936554737276,2.622276230197451e-07
0.017047644793606,7.704570556958228e-05
0.0029360201976018,8.286662424978022e-07
0.0014860523548153,8.629851896741065e-06
0.0003432637883431,1.4526391753678179e-05
0.0050613942214975,1.1128558229940587e-07
0.0184152326647488,9.8026217952882e-05
0.0029989271772392,2.5483494817552e-07
0.0141571932810277,2.8630540228509532e-05
0.0180739195805561,3.273556791148689e-05
0.0017318315564457,2.5378077719599794e-09
0.0039774306066292,3.283299817581941e-06
0.0117558941282579,3.542748325013586e-05
0.0149839194069879,7.129775437022633e-05
0.0107049861583165,3.561851535047497e-05
0.0105101047166911,1.7847471780104438e-05
0.0029065165528209,9.098664600305292e-07
0.0152775314634761,5.2319723022160086e-05
0.0063621448125221,8.07813902773445e-06
0.0180537586254641,0.00010108505872239674
0.0130047632936345,3.7620122511246e-05
0.0094288789704173,4.381493328082606e-06
0.0193534804877983,0.00014879621779785492
0.0073573979094495,1.1531222757555001e-05
0.0033463775063509,3.904341065472972e-06
0.013748610402214,4.596426347566637e-05
0.0132032956112491,3.973782988747909e-05
0.0102887818313001,3.729026268239264e-05
0.0070162551455004,3.3925545500768983e-06
0.0017708850565764,9.133817296986274e-06
0.0121595385022418,4.0056441953639705e-05
0.0172532987175767,6.641652763864786e-05
0.0134799641215823,3.506377127796732e-05
0.0077481189047376,1.596821880091181e-05
0.0001148242510557,9.203470334191082e-06
0.0063276419932613,9.08042853176373e-07
0.0107716318346875,3.6406566731609206e-06
0.0099118234725046,1.5101395455497277e-05
0.0042586399685122,4.91812560864787e-07
0.0137720040433099,5.2839761311203925e-05
0.0087020757125019,9.087970639798415e-06
0.0171907228865595,5.7744291837946226e-05
0.0028827570249169,4.6965174055905355e-06
0.0163224418642532,8.944167618751814e-05
0.0015869654275678,2.034450269420514e-06
0.0137195953828499,6.413798124289052e-05
0.013073241450091,3.6250776691664604e-05
0.0067565910116068,6.005892916166991e-06
0.0094803216040849,2.149522732905979e-06
0.000931382286697,1.3645622835912398e-05
0.0193549573896404,2.394213742495244e-06
0.0052611321030422,5.973446984592323e-06
0.0148351660447748,4.37694761757095e-05
0.009648440458657,1.926451975828275e-06
0.0061572784164339,7.461056637808007e-07
0.0190833407331054,8.485388170150493e-05
0.0028659574738633,1.748920412793554e-05
0.0048192864157823,1.3677297157090434e-07
0.0088255724794375,2.088207108985276e-05
0.017468019800999,5.175395439393476e-05
0.0132780387724777,7.137770728951808e-05
0.0134674057857833,4.588974133636514e-05
0.0006925332119925,1.241415843985737e-05
0.0011761249116555,1.4779145868552131e-05
4.985987835046668e-06,4.346127494735916e-06
0.0131376493691637,2.0029425546516036e-05
0.0022820729045064,2.457138200409707e-06
0.0188473013760441,8.821546414858753e-05
0.018716302139535,0.00013828344001207588
0.0080578405655729,9.81036637815881e-06
0.0129909721108597,4.170838503727138e-05
0.0150718891814779,9.0912619495225e-05
0.01416091864766,3.5182990434840936e-05
0.0163478058525375,9.6843522849282e-05
0.0063165021489291,7.475068639663834e-06
0.0130764242403659,5.5140224531599155e-05
0.0198394915394399,0.00012212083281813211
0.0171297242623779,8.399829292531007e-05
0.0072150623804182,1.1647161844729029e-05
0.0031027214255219,2.6998850116837497e-07
0.0034768914554048,5.939553824233841e-07
0.0109159411177278,2.611873745959408e-05
0.0130206887739063,3.187016282438975e-05
0.0128550148872322,3.985673235681194e-05
0.0011181231434308,2.4426871800991393e-06
0.0096737985990141,1.836666025520859e-05
0.0084203694878028,1.1298807260410517e-05
0.0149545370389235,1.2877090141390945e-06
0.0096513877201764,1.3247396009087348e-05
0.0001802810607331,1.065393688703291e-05
0.0129648748104989,2.9945027041732947e-05
0.010065902085261,6.16759297687768e-06
0.009614744277135,2.183900945994547e-05
0.0123696570662811,6.299047373226921e-05
0.0136173838231933,5.704705700637887e-05
0.0193568341712141,0.00012662360956013194
0.0164203172844434,3.221243890532884e-05
0.0042708238650222,1.4009781506969973e-06
0.0113698097842826,1.6665808586181888e-05
0.0061229968827383,3.151643733020318e-06
0.0141667143789187,6.565323193490916e-09
0.00794143111533,2.134877181247707e-05
0.0066651131355019,1.9583029967706783e-08
0.0131056668063645,4.514822457419809e-05
0.0113148889396165,4.161364046657148e-05
0.0076091699400689,2.5835954715716327e-05
0.018213915000915,3.862701079554971e-05
0.0143061757136647,7.066816279726362e-05
0.0089513002759505,6.629499299191488e-06
0.0071888056006015,1.8833473771706864e-05
0.009255984757442,9.521204295034586e-06
0.0136752161818774,5.83940013750595e-05
0.0185472034117739,0.00011173210483612747
0.0168094560517864,9.510305223779883e-05
0.0024734719036839,5.446011128908352e-07
0.01299837373668,3.9151569147083546e-05
0.015164968523955,8.476289810443007e-05
0.0122729817600989,1.669394791642815e-05
0.0139897742918373,6.337781507626257e-06
0.0130185092604249,4.57438494888238e-05
0.0035945593388951,2.0161118712648914e-06
0.0167478756723379,7.232956537693936e-05
0.0056390093791705,3.359247848544162e-06
0.0054615865968388,8.732593014797181e-07
0.0017010106672429,1.4430342020980273e-06
0.0097291095628849,1.4349697690127269e-05
0.0047989086671065,4.982587724189557e-06
0.0137549228355275,4.7935953782243697e-05
0.0052276236330546,1.71123880061268e-06
0.0195554858748261,0.00010654860529924914
0.0011477056150073,6.231748569506665e-06
0.0093512189631405,1.3787067619010902e-05
0.0142907573281265,5.776060131664193e-05
0.014593718573292,4.25031902371605e-05
0.017914227190713,0.00011184437801108303
0.0140802704119256,5.1182410765322085e-05
0.0143521847724783,8.351842761392442e-05
0.0035575930785621,1.7507150382224035e-09
0.0118820496452534,1.6743073901709397e-05
0.0030153267087975,9.636847638610272e-08
0.0129300781337402,6.282421437220297e-05
0.0181667423501512,8.912158740079047e-05
0.0134902835957017,3.0518752329490076e-05
0.0087095780325603,2.330117828425441e-06
0.0104420685107252,1.2062792096438398e-05
0.0150014454465748,1.5614224026788087e-05
0.0143376861025663,3.77455026675942e-05
0.0178682706818437,7.370032201984653e-05
0.0128124859941576,1.4312266939794211e-06
0.0154733377616589,7.153488201189097e-05
0.0177842782644687,5.390229607733408e-05
0.0174408672550272,9.413862407953327e-06
0.0078545824471177,1.4051457918069757e-05
0.0072319071670447,3.5504267039698586e-06
6.393130358745447e-05,8.58717999472343e-06
0.0124091186599472,1.4584054489479363e-05
0.0018549090960076,2.709756645161741e-07
0.0053830625942068,6.018067362660399e-06
0.0042204563545207,4.930480958500869e-08
0.0028479046681889,1.4897140293486653e-06
0.0182483206845465,7.0144811397263e-05
0.0054544586063401,6.331967377594257e-06
0.0001237593711181,9.796028294263404e-06
0.0133210542654899,5.063020978058284e-05
0.0063604783482155,3.1543948109811054e-06
0.0073693496720831,8.634191730109756e-06
0.0132161000404462,5.622225490251273e-05
0.0076347832381436,7.138170238350102e-06
0.0111171910544246,1.953260596109258e-05
0.0193079591646418,0.00011684223076072364
0.0070117526804749,5.753694942289e-07
0.0107605135674068,2.8903813549306407e-05
0.0066996503558939,4.933176933914912e-06
0.0129018079683898,4.0143286544959125e-05
0.00341509226621,4.6120380263447483e-08
0.0003692470475364,6.318529335150901e-06
0.0108322703963534,2.437201388821299e-05
0.0021010451076721,8.743515095670567e-07
0.0162273528306616,1.0113387594179e-07
0.005787967643577,4.236349263944012e-06
0.0089559474840148,1.3040721128673427e-05
0.0008314387381,5.61737933295352e-06
0.0014154686952627,2.8250441948807606e-06
0.0033430730900814,1.852401867685025e-09
0.0191876724664073,5.30566829502116e-05
0.0198697004370665,0.00011371433285040916
0.004369204291693,3.399483506226769e-07
0.004993112830855,7.468997873989544e-08
0.0058135088459377,6.451282338234239e-07
0.0194737483624433,1.4601041529298002e-05
0.0059521927153444,6.168537954988359e-07
0.0157193753676473,8.277973300752756e-05
0.0002012673491916,1.638107864590567e-05
0.0039046525588633,9.954992623068395e-08
0.0127260694203424,5.254902055896289e-05
0.0123127419131188,5.505018254693373e-05
0.0037277252890938,7.397374995395414e-07
0.0012385111282847,3.370195190204462e-06
0.0198669847304428,9.850665690822611e-05
0.012469830579497,4.999469071093807e-05
0.0118783034553394,3.587817754775733e-05
0.0091886299400418,2.292554033349998e-07
0.0049213867528071,8.274892686402952e-08
0.0026496567707851,9.637435043810061e-09
0.0065273060441366,1.4798034675699764e-05
0.0120749937687151,2.5279594076347658e-05
0.0128044110776361,2.6741193714920468e-05
0.0147520928442929,4.799792886810424e-05
0.0051358337695778,9.1413693641884e-07
0.014135131823468,5.086740389538221e-05
0.0113266472366254,1.8989826215275304e-05
0.0192946057935542,5.167987640572134e-05
0.0019949887689538,5.8410837605323545e-06
0.0135455489531952,2.563454978672283e-05
0.0126354579422116,2.3271704712402058e-05
0.0113274337040485,2.5823476113146758e-05
0.0148738133735178,1.7711349381872635e-06
0.0045915622272088,5.0722341651789675e-06
0.0068634428672055,4.281870312090238e-06
0.0168211081759208,8.554281650872371e-05
0.011846037074621,5.716779888088401e-05
0.0103617136983953,1.6279249211584973e-05
0.0068537602385211,8.11698792844007e-07
0.0056690148788341,4.351004280457707e-06
0.003775588363164,1.3081036285097256e-07
0.0141960591503086,3.426473441086725e-05
0.0163731613132841,8.681111430229935e-05
0.0109632782076507,4.1059572375373526e-05
0.0098028462209123,4.366589944781769e-06
0.0022786808837947,1.8820204595582343e-12
0.0179269775755724,6.141290420266087e-05
0.0192526493030551,0.00011443873030676481
0.0156805448016751,4.117402233169449e-05
0.0020510958653158,1.4557188242454174e-06
0.0168455643263271,4.406224945718749e-05
0.0092158495699093,8.630271551706838e-06
0.0130301251209647,3.344218791372782e-05
0.0018857633676295,2.758013283408804e-06
0.0013214467757295,3.406081806403596e-06
0.0173462988448169,3.592915323991922e-05
0.0148031691389212,6.676796364930478e-05
0.0011368813803829,2.6536326001739962e-06
0.0153973776880303,9.112198114889254e-05
0.0030192409349104,5.3696820482019146e-06
0.0195490979468729,6.939046234638279e-05
0.0139248730877618,4.3083721610105384e-05
0.0192866724586202,0.00012320651867025933
0.0061829191787601,7.460569559799747e-07
0.0034991730603655,2.7157812456541826e-06
0.0097069882987549,1.186905644655894e-05
0.0068130767810545,6.599656895414195e-06
0.0136129115590251,5.8073140433731746e-05
0.0068172745070054,2.669623974981025e-07
0.0168231813497093,0.00011535527673627571
0.0014636808726319,9.140018942250821e-06
0.0108721479960508,1.9367540676430083e-05
0.0063798219634929,1.4644296380003289e-05
0.0168344794079891,6.66581250423437e-05
0.0119248845070355,3.348070105222658e-05
0.0146162890995439,4.071191178923408e-05
0.0122496237686351,4.144484619562445e-05
0.0060554937006618,7.322779440932853e-08
0.0171250455220952,0.00010005567988325204
0.013833946193791,3.4804976366653353e-05
0.0055500366368035,4.3799738966949835e-06
0.013158773622378,4.741442298670182e-05
0.0070005184723114,4.77285219295018e-07
0.0069300034890704,6.998636206484503e-06
0.0175185882106056,7.599533411026641e-05
0.0124627974844207,1.3091073434026741e-06
0.0187225868296091,6.961193501057405e-05
0.0151199431980823,3.840385893375778e-06
0.0115774993225699,3.264980619230018e-05
0.0186222939778316,0.00010201412906461386
0.0175459572576495,7.245323621468115e-05
0.0195107653995445,7.840483958376832e-05
0.0177676813136971,4.4956720419159516e-05
0.0014196810479399,1.345504087110479e-07
0.0013392107243267,3.6428598614746437e-06
0.0103017997106611,3.8623802985815846e-05
0.0058288687322889,6.15518622253679e-06
0.0172999184950655,4.601576329423997e-05
0.0159375066398938,2.535489552402647e-05
0.0087110642708311,1.4708995514899433e-06
0.013158121877275,2.863956314598973e-05
0.0123639429160834,1.057761936441315e-05
0.0002378992141647,5.167627718661657e-06
0.0123560813499025,3.653968302265903e-05
0.0071690816918016,2.695822310592282e-06
0.0013932216438293,2.8042581555539213e-06
0.007833074969708,2.0662010471854842e-05
0.0001173751382132,9.133258627413102e-06
0.0164875451959401,7.358627799591326e-05
0.0048938626907369,7.013715101913717e-08
0.0128982391127268,1.927423576333112e-05
0.018050542987885,0.00014769543310653123
0.0095437042661178,2.1767971725190076e-05
0.0015457773764307,2.3096946774541483e-06
5.017993151617217e-05,1.4704391509866038e-05
0.0159524801119048,3.089672723129119e-05
0.0044528319582631,1.8366191351187527e-07
0.0074997070194926,3.531028476171436e-06
0.0028247680195818,2.33350321371059e-06
0.0032579229426439,6.123578470470742e-07
0.0059260825248287,4.202174181021663e-06
0.0118182336637992,5.381820436763029e-05
0.0002152457140832,1.6058965060782773e-05
0.0003197920438645,1.1896282666124222e-05
0.0050976852110696,1.144715781717432e-06
0.0041791953172529,2.4191067450105155e-08
0.013461170629918,1.9970751466812662e-05
0.0179768333407314,6.697597695102228e-05
0.0132789468807323,8.40928903567701e-05
0.0158651669315594,5.385166728814911e-05
0.0070758637963185,8.637160867948937e-06
0.0155320283844032,8.263030631279491e-05
0.0164375703028248,4.625763673631721e-05
0.0190918748186001,2.4649692949715784e-05
0.0049486503729014,3.033739474396257e-06
0.0079182798455577,4.453023623483994e-06
0.0029811941414724,4.548875974218282e-06
0.0172317437271831,8.636757217782845e-05
0.004088139949196,8.869608993539759e-08
0.018540257871936,0.00010891300460368181
0.0027384971031908,1.104074647411447e-08
0.0185081561330837,6.679717388596226e-05
0.0071827857854128,4.858757457434589e-06
0.0132273670273217,3.517547886184187e-05
0.0097853115480872,2.1498516674372187e-05
0.0017324313795833,3.708585398694656e-07
0.0059003670950218,6.848472960875606e-07
0.0121893823627068,4.954065036708148e-05
0.0019471734297057,6.12028051989798e-06
0.0070240027499696,2.2877807343910154e-05
0.019637788680301,0.0001289588816026566
0.0048644052401282,3.6008649768016554e-06
0.0025144032294788,1.3454084079706817e-06
0.0120942856784648,5.072245410866156e-05
0.0113429142586777,2.3191365149507594e-05
0.0170008601079582,3.608963701497066e-05
0.0007640803080549,4.653682223440492e-06
0.0182251627774375,8.467708267866985e-05
0.0018480787733418,1.1002492908608753e-06
0.0034323785063534,3.0057429504463517e-06
0.0187517289072688,7.616037785819669e-05
0.0161161288567435,0.00013478494250268542
0.0138747337607647,4.497050799823989e-05
0.0089000620968407,2.1542513709143965e-06
0.0018341123054876,2.978435263228516e-08
0.0195821069900237,9.086573915717693e-05
0.0052898696715977,2.9305862451259215e-06
0.0137613741818063,5.796202329537627e-05
0.0006322853165924,8.50471486418126e-06
0.011829168040381,2.880680435194625e-05
0.0193269837357007,0.00014470363826758588
0.0104637777550333,2.39614770928684e-05
0.0127995192212845,7.271126299410802e-05
0.0149809800717309,2.564267427624329e-05
0.0033462037834968,2.4447003017205063e-06
0.0007314639673181,4.86534237758279e-06
0.0044829102409788,9.9825061501835e-07
0.0029262580626458,3.0785669929081156e-06
0.016026264570597,9.353786723381155e-05
0.0173582372061403,8.355860064038206e-05
0.0001624080888341,4.457259439539361e-06
0.0041660827316831,3.4046341876839767e-07
0.0104820918243664,1.8783530406426113e-05
0.0076742836106213,6.172530708708352e-06
0.0132703859170273,5.9751526130232234e-05
0.0129631862686725,6.59750777258653e-07
0.0097664882465724,2.7919234860349872e-05
0.0143191771997087,3.118623695206678e-05
0.0119035825228867,1.1129906914895285e-05
0.0013436276876727,5.59709693834988e-07
0.0089282748391373,1.8548797573226287e-05
0.0123422782282052,6.411172912512591e-05
0.0114615304288216,1.2856279610392591e-05
0.0120731977309566,7.155598504402954e-05
0.0015410654695546,4.126759677102835e-06
0.0015925561783771,2.148676281628325e-06
0.0119376628286056,3.6684932065300486e-05
0.0148168557687346,6.245933156887937e-05
0.0176164977239666,0.00011453609110850108
0.0048775503517524,3.1046806945474603e-07
0.0110221275972358,2.596299012209222e-05
0.0116164985951853,3.112702584107637e-05
0.0131546011180739,2.1219401966264722e-05
0.0007782356219097,4.495175764700398e-06
0.0141491003528527,1.0568995858958613e-05
0.0095436330213968,2.1892787676852586e-05
0.006235008681355,7.057123031197388e-07
0.0158043571007603,8.474143334013281e-07
0.0176959231301902,7.659177131860786e-05
0.0185854847704216,0.00010718139271799503
5.096436154711226e-05,8.376139443398112e-06
0.0003933047794681,3.80077184091704e-06
0.014090436299204,4.331250089147392e-05
0.0153323253253914,6.518523468190932e-05
0.0021698556483785,1.0865161227760731e-05
0.0193268016300392,1.7646039925918607e-07
0.0132404936445044,2.4357331485477447e-06
0.0010190918660236,2.5260434078568772e-06
0.0005188674143382,1.2037595674656196e-05
0.0094979118911044,1.0752929998252875e-05
0.0091005777868455,3.063204708346472e-05
0.0128013665443569,3.559072729610752e-05
0.0078248603168547,1.0139236832964375e-05
0.0119271623171405,3.992059778130049e-05
0.0172197715834244,4.427660083481122e-07
0.0162201102427983,1.4386467627127084e-05
0.0104186594449139,4.5383824569478766e-05
0.011266239824053,2.68975886420996e-05
0.0167844397357589,8.277372808016924e-05
0.0081087381188073,1.5353747584172352e-05
0.0115451801383939,4.174098117637991e-05
0.0171276068514691,7.869893883991102e-05
0.0053911113782521,2.9675964447889045e-06
0.0048269776594353,6.419389814585361e-07
0.0101200659411451,1.029544593336376e-05
0.0050086488115915,1.8908624318626177e-06
0.0068851666557273,4.759703383430036e-09
0.0030225860672124,2.5517524719645347e-07
0.0147238229847415,7.907662876482897e-05
0.0033462001804358,3.2535615872576333e-07
0.0111437082724795,1.443979064745173e-05
0.0133669283151707,2.9768470541164626e-05
0.0061785417364744,4.3791502896224844e-06
0.0132047619549662,2.3110510415027176e-05
0.0028238731658105,2.732512413318095e-07
0.0123773976045591,3.0730512841958305e-05
0.0175626724592124,6.276885965890701e-05
0.0169929887445633,0.00013282569387036702
0.0069709113659944,4.598409890445101e-06
0.0032823272584245,6.026811359571946e-07
0.0125342998061316,5.0536574194907305e-05
0.0150705335378259,8.077892335291085e-05
0.0123262494125338,8.23350305919461e-06
0.011623831248699,6.0996134497465055e-05
0.0047340049189259,1.0209119725083618e-08
0.0142007914509514,4.088661239100332e-05
0.0046415975815961,4.384053819958784e-07
0.008581813640828,3.1653471276169006e-05
0.0019597045991482,2.5322408105464454e-08
0.0095825197385556,2.1875485145765158e-05
0.0054140287319805,7.922473190387676e-07
0.0013042590507974,1.3419692712585666e-06
0.0093250026164356,1.0858697559897848e-05
0.0175865323849786,1.786874112332555e-05
0.0137525218115287,8.508494680757127e-05
0.0188648642130126,4.920950392025365e-05
0.0003177825241007,2.608361902197571e-05
0.0053854849894312,2.1632225073093363e-06
0.0014309516625686,1.2482705558406122e-06
0.0048768747487216,3.516386261619264e-08
0.0076741230451517,2.937091727762365e-06
0.0114500095761984,1.8007673523927174e-05
0.0024084335721235,2.6210712213645007e-07
0.0092612922134454,5.975973279825396e-06
0.006706983127135,6.05844260399398e-06
0.0066739370017592,4.739618281235249e-06
0.0156173701055181,1.64829773057873e-05
0.0141555105059966,3.381060705665218e-05
0.0023883156949334,8.146452750452603e-08
0.0062995320418013,5.14673325276171e-06
0.0081056187400931,1.008198559402671e-05
0.0101158309853869,3.627641465419025e-05
0.0078824264033395,1.1597697442906253e-05
0.0147797572766375,5.473544785149421e-05
0.0011350066416107,1.329756026609811e-06
0.0020114011886757,3.4140303028689986e-07
0.0174885057776266,7.41835405899599e-05
0.0183802053735117,6.18217963563492e-07
0.0100726435807009,1.2108592517043462e-05
0.0003286117817323,1.207077063048386e-05
0.0026582338588217,7.725533904993957e-08
0.0118572537226403,3.413370568636105e-06
0.0032180580285418,3.187861678430846e-07
0.0069810488233417,9.09882211539813e-06
0.0043020417083819,1.0140637660919478e-06
0.0112389511574113,2.1798398610227915e-05
0.0044725584646324,1.1415473108009192e-07
0.0073231918117366,1.7535723266375753e-05
0.0053348758463942,2.0004984737537045e-09
0.0152099478937115,4.7359949444483386e-05
0.0089362177349109,2.203125447554739e-05
5.947808812513556e-05,8.31083497928566e-06
0.0017129970653133,6.442640829601262e-06
0.011641383548208,3.2169616621701456e-05
0.0022833710433467,1.2840251511451308e-06
0.0188547970592559,6.522541962281624e-05
0.0090822281618102,2.577299271831141e-05
0.0199022782596531,5.3661515215636207e-05
0.0036833405195007,4.1732085241970335e-06
0.0197212663023239,8.616281738833446e-05
0.0163624413220567,3.106580763057168e-05
0.0075054817619044,6.0160644239643005e-06
0.0029108319482928,1.9922985423814558e-07
0.0157886445863111,8.870376817885872e-05
0.0137547395870293,6.343683429186397e-05
0.0127881388982672,2.3253934061562637e-05
0.0018462199205279,2.7194181203569594e-06
0.0107849250169485,3.137000754642581e-05
0.0015607686847478,1.3343667192022863e-06
0.0073208814028645,8.839748554229249e-06
0.0018968591310423,1.5316494616657565e-06
0.0071910370568268,4.082591077614821e-06
0.0185309040613757,6.991051559954888e-05
0.0196080818015045,1.8951790415824787e-05
0.0188209472521489,0.00010549212013871613
0.0132588607436512,5.6522785625591856e-05
0.0042429243702781,3.551786527928595e-06
0.0137615702926954,6.413614220593066e-05
0.0042551751273056,6.271809894866165e-07
0.0067136684448318,8.00116356774573e-06
0.0016603832657987,1.685225085821058e-06
0.0031854048957574,7.706019980344788e-08
0.0044884180504785,1.3502453195783846e-05
0.0154863751172121,8.340429912885754e-05
0.0079218889007687,7.334411960398079e-06
0.0167800726722918,7.855225809007351e-05
0.0037114667375108,2.3607723584237314e-07
0.0015581556483043,8.019499552005137e-07
0.0064606305692724,4.349427477423693e-06
0.0174551431413446,1.2342564153919145e-05
0.0162010349648278,7.85161331693487e-05
0.0150809584720798,3.176465281120767e-05
0.0134051861204134,6.897169693372838e-05
0.0004316094906766,4.0887377378110784e-06
0.0046851603282067,3.4846731440271905e-06
0.0037240519135213,2.9920424266349823e-06
0.0147387731227334,6.162854358551711e-05
0.0130696123471201,3.091804155634453e-05
0.0077041429760469,1.3573526120167367e-06
0.003483694186816,6.373169383308963e-09
0.0090748797733485,2.5245335074195152e-05
0.0189930285136244,0.00010170733365987399
0.0160190519586401,5.6557187372636315e-05
0.0110317838187821,4.940297745153214e-05
0.00045357428906,4.618129492897459e-06
0.0166950166224479,0.00013459030381585203
0.0079343906944228,5.899992345359625e-06
0.0144017865841569,3.812342326592705e-05
0.0154723081863437,7.517181978222912e-05
0.0111732606981841,1.710934694307448e-06
0.0052032841126168,8.026350974522403e-07
0.0144788100851464,1.3135378058317293e-05
0.0070154028883964,1.685625389422492e-05
0.0007431994405738,8.76606577451043e-06
0.0066679312667167,5.0280988625487085e-06
0.0188038582343637,5.139277037166683e-05
0.0110195323342676,1.0641715935711952e-05
0.0077766811297019,1.5129889797619522e-06
0.0112524152483063,4.64164401527158e-05
0.0125926630727398,6.656054532084139e-06
0.0088423442548356,3.3428025218578696e-05
0.0092019124919059,2.0955617438696845e-05
0.0131321332634307,2.7416237603747895e-05
0.0186531854046482,8.049067892920448e-05
0.0059544785420588,1.3282201826162383e-06
0.0061048097464347,1.6950626097324202e-06
0.0047025082873608,5.306860482771914e-06
0.0181909193511704,2.3663113990805683e-05
0.0186366511206731,7.074699349977974e-05
0.006326469237191,7.99820289738721e-06
0.0016922287750456,1.0733614348083382e-06
0.0111575032893026,3.094418343539544e-05
0.0085432135899427,7.545325694092568e-06
0.0121755094882204,4.584562596395902e-05
0.0141462099128406,5.3353442424303806e-05
0.0043209584033242,3.984153053194117e-09
0.0158089509892685,3.174544470915183e-05
0.0095738575226423,1.7300058264436055e-05
0.0001919157967499,5.32814884010333e-06
0.0050331460718466,3.558244483574451e-06
0.0074883638742224,1.233260480198101e-05
0.012137989746962,1.659542764321497e-05
0.0110912825580056,1.7894803211037627e-05
0.017476906668696,0.00012507324395389768
0.0194719021864632,0.00012765220413822557
0.0054029323727574,3.0267823085057784e-06
0.0121161436601523,5.668980982896631e-05
0.0162211313454888,5.6792710542882305e-05
0.0169755556350579,0.0001173315507913531
0.0192593226971904,0.0001126044445022949
0.0129834886247381,3.8272954679947464e-05
0.0135219070771973,6.858357009728271e-05
0.019397828105744,4.883454715172182e-06
0.0152462337472352,7.675684609857146e-05
0.0149691979335781,8.336318449553966e-05
0.0174261723350907,9.285158695556229e-05
0.0051965524642158,2.2447210633246027e-06
0.0108701006437474,3.6977898985468538e-06
0.0094778119155447,1.530515063783803e-05
0.004990181179807,2.1489477341473986e-06
0.0146844224624829,2.4380215003604507e-05
0.006849494001903,6.189690651009136e-08
0.0059445616295169,1.2721416947769186e-06
0.0191829320962784,5.081525872728639e-05
0.0060788395065044,9.170099465207768e-06
0.0134024568732676,6.580592372476435e-05
0.0048492138537341,4.623612551601733e-08
0.0145426707270932,9.621397319518031e-05
0.0128002610292848,4.3123349248355056e-05
0.0017245019611233,3.159235681770097e-06
0.003125191119898,1.0163284282564453e-06
0.0125657437893124,4.375463326914803e-05
0.004232005528304,9.714181792785916e-07
0.0173658783003096,8.88534862804678e-05
0.0078611733262374,6.445786070716229e-06
0.0055827306980662,7.140901912020256e-06
0.0079975627722482,1.548362443459315e-05
0.0064977378784596,4.8260586537291955e-06
0.0009538629071313,2.3599857302738296e-06
0.0017620423859161,1.333063706508193e-06
0.0161834603049318,5.025246056465062e-05
0.0028174979523534,2.8912370544084786e-07
0.0167739783513404,2.8568617423617358e-05
0.002267620774961,2.0443003610160198e-07
0.0188236106554988,8.725599761705555e-05
0.0171053864628351,4.415557249223707e-05
0.0171307083439728,4.5864542645813416e-05
0.0049294265463889,8.635079186243994e-07
0.0007183758007247,9.552163126049228e-06
0.015589727749405,0.00011554878638221478
0.0101209636316648,4.401895146086627e-05
0.0126190760191468,3.988727789040472e-05
0.0041733305993357,4.78444239207242e-07
0.0181307417767776,1.6939126271180536e-07
0.0108324883030676,1.2494719847519908e-05
0.0087945986025054,1.0282724425716892e-05
0.0187219356549163,9.90169785752001e-05
0.0111972462102685,2.9073173428853904e-05
0.0192127179704698,3.1522153943048495e-05
0.0187913611954035,9.775085432846521e-05
0.0018165734284222,6.493974544992038e-06
0.0135468515176133,3.3644837129659915e-06
0.0043037121697017,1.67034665610904e-06
0.0139158679151442,6.215264462964576e-05
0.0129062028834953,2.5993279050645065e-05
0.0175978319180217,5.0131767839105156e-05
0.0037537807510977,4.065478377213303e-07
0.0007488519291873,7.417936751563555e-06
0.0068320437670263,2.4912849410957707e-06
0.0098638973654365,1.7692547694144987e-05
0.0085542249042637,1.0932543226058442e-05
0.0007132085043325,3.051583494090627e-06
0.0082454623666464,2.7060412380133874e-05
0.0132513993425096,2.8390613556875222e-05
0.0186415287178439,6.281436586022454e-06
0.0057659990488971,1.08067796324715e-05
0.0093578504200479,9.63872049575607e-06
0.0053396375908076,8.753335428887659e-06
0.0009463600942374,9.362890998899654e-06
0.0137384751583157,3.907183095962225e-05
0.0180534981806086,6.646811326686037e-05
0.0071222221409889,1.4558867238972249e-06
0.0178745542070434,7.02074489416361e-05
0.0009917095528946,7.329633325639241e-06
0.0054186487867826,3.480205010842039e-07
0.0103423297602725,1.1189813925426341e-05
0.0056312018419961,1.197722474012649e-07
0.0113888925976169,3.7729861839096776e-05
0.0074237765205323,1.0511330014740602e-05
0.0123040131160327,4.7023293585853436e-05
0.0003727388699062,4.021082256705536e-06
0.0128514213283173,1.56314898312619e-05
0.0041896959768475,2.074300248324101e-07
0.0188458791978297,6.756856706517317e-05
0.0095814407078878,7.863638445385803e-06
0.0170325250863278,7.681024599497683e-05
0.017002576268172,6.16627301091298e-05
0.0141961066425323,7.586648737614924e-05
0.0035859470912906,6.433211639136484e-07
0.0165628820965062,4.491533756327515e-05
0.0109383200195202,3.6249224242608285e-05
0.015676631884021,4.8297825703219725e-06
0.0165145735788198,4.0142077329587764e-05
0.0100938046905888,4.095160912066193e-05
0.0120641480526572,4.996935057271656e-05
0.0133664983662349,5.2358590771822354e-05
0.0048794400636349,2.3036328287373023e-06
0.0180770211615649,8.032573143000639e-05
0.0004110206336372,4.477016571346945e-06
0.0011366708642029,2.297957550564393e-05
0.0055156824725368,6.575689503649492e-07
0.0121328041389839,2.2216328608673023e-05
0.0040748683216881,1.1917253402312221e-09
0.0007014796269101,1.4002324096451034e-05
0.0016803598973723,9.912147172749225e-06
0.0122914464177977,3.4956572169879674e-05
0.0026319871258984,6.566210169228826e-06
0.0102708972748024,1.866138046027546e-05
0.0052453853147959,2.084019676153758e-06
0.001992677584129,3.9214748586833385e-06
0.0038052736059396,3.308270507540169e-07
0.0030998894270456,1.5083965699181049e-09
0.0065754490895312,3.707904667578768e-06
0.0100215132435088,3.4783126206638984e-07
0.0028732596875782,5.407194847132884e-07
0.0057231802691332,5.1621081957484056e-06
0.0154970619241106,3.65491888891639e-05
0.0123888369460468,1.4728322879609724e-05
0.0163181851740688,4.507097192899884e-05
8.906435509286048e-06,8.151787492345617e-06
0.0083061552391857,1.1176367333569091e-05
0.0152758204905223,8.103602842932274e-05
0.0030540144459615,2.223061623839021e-08
0.009784018886879,8.495720351502402e-06
0.0087886558103679,4.760047675300768e-06
0.0043797878701095,5.031848068515328e-08
0.0191105366673448,4.8753917393274484e-05
0.0018120024653862,2.3348414659796397e-07
0.0069917391749999,1.5715218982539195e-05
0.0002024497400653,7.0098172903821085e-06
0.0142971807145763,3.696619171992602e-05
0.0147777451936787,6.435732036440603e-05
0.006715772065579,4.424700184217011e-06
0.0070352588845856,2.837168781448369e-06
0.0184517133435476,0.00011782326793964229
0.0131877765034516,4.422042610927527e-05
0.0126409153798018,2.8678629086830804e-05
0.0142237950699452,5.672757623585361e-05
0.0186629238080305,6.051548104642124e-05
0.0151909199166297,7.773957763976711e-05
0.0076652745405637,2.6166787778761332e-05
0.0001377653954511,2.597603835700297e-05
0.007842915116445,6.901296401021528e-06
0.0191441835101415,0.0001009707576364551
0.0083587971410486,4.649680271283303e-06
0.0045211323540514,1.522527283452842e-06
0.0015889781767916,2.4699500476805218e-06
0.0119601336827312,2.954703013208858e-05
0.0015814572987173,1.258701242352096e-09
0.0133137890705628,4.4100564258336745e-05
0.0065966858333123,2.3052257487101416e-06
0.001395576562724,4.560537898270693e-06
0.0171952018609,7.685466307208584e-06
0.0012363247158991,7.014476888575509e-06
0.0039821838573654,1.7270847010506458e-08
0.0048551145605482,1.0192433956369663e-06
0.0038382867462657,1.1440240877781158e-07
0.0110857232804304,5.860196333542318e-05
0.0030778219803703,4.249818278784817e-07
0.0181467241175192,0.00011033175689869284
0.0175483728564848,4.5172129935871105e-05
4.119383406298029e-07,1.3699224044616217e-05
0.0015272969808408,9.639104494742308e-07
0.0177896567734505,4.539265096340714e-05
0.0074694239781671,1.0383809378306773e-05
0.0048981419155285,4.661684105174856e-06
0.0181623342633226,0.00013041521497082377
0.0084819980678775,3.749169443029609e-07
0.0065578381848804,3.9371775434967574e-06
0.0155576988121557,9.367142710812556e-05
0.01529258424137,1.1099509139764538e-05
0.0019541906652016,2.988168668693087e-06
0.015391507761127,6.020317656066553e-05
0.0063421280821154,2.165644131260637e-06
0.0187647455455723,0.0001275610615727596
0.0013223049785552,1.8723032614946547e-06
0.0105825995615677,2.9114955355106832e-05
0.006836349337286,1.172308850418218e-05
0.0113524589576721,1.3579563847305877e-05
0.0102854874426951,6.697530380122217e-08
0.0056576354984704,1.356893305368855e-06
0.0178596101641489,0.00011330856344600014
0.0016542687839718,3.941715720005204e-06
0.0160735098983123,6.806951956563444e-05
0.008289115144093,2.2510872621186704e-05
0.0049426025436993,8.533296525078395e-07
0.0044003676758467,1.8188842130527215e-06
0.019268581355319,3.617236728673989e-05
0.018774174483666,7.977444146030788e-05
0.0188511836176211,8.67813567752575e-05
0.0127432814040091,2.912490080996791e-05
0.0089272600615691,8.971661955546632e-10
0.0149939262925981,7.566024886018187e-05
0.0043759729868101,1.7413189801045753e-06
0.001001799752672,7.146221372507922e-06
0.0117581586364686,3.716466270478517e-05
0.0030212453572036,1.0553697310588576e-05
0.0150266600603996,6.630218813302345e-05
0.0178513262398849,9.258601626749744e-05
0.0165587984364253,3.8066776911925573e-06
0.0139436592215004,2.418965356994797e-05
0.0180669230485978,9.285514686487916e-05
0.0027736302076629,6.146171587587142e-07
0.009433176310576,8.28201006052216e-06
0.0116608086228298,4.1435188401348835e-05
0.0088884286831191,2.125833380343061e-06
0.0191834567115452,0.00015094300983956884
0.0111967826301374,5.078391865392404e-05
0.0161176206494779,7.239237862519558e-05
0.0156160925307473,9.757997954791859e-05
0.0045978022887234,3.837778181143855e-06
0.0084495991344509,3.1751009987560526e-06
0.0157141496947717,4.790772591657388e-05
0.0125285875776854,1.1710185703821056e-05
0.0029655347613302,2.685836377763364e-07
0.0035559323163531,2.672280710237639e-07
0.0002061381176513,5.816308006331709e-06
0.0164849381448775,7.56922716909647e-05
0.0132296843578491,3.2412934096958475e-05
0.0143537910940848,2.790337606290715e-05
0.006200990179004,7.752165174447194e-06
0.0044115327956229,5.076472534044928e-07
0.0180543066915705,8.42872744968609e-09
0.0104157038457887,1.559061734157158e-05
0.0088482797056074,2.493618111258041e-05
0.0137092699855355,2.7679069822076625e-05
0.0158245601520922,2.616628007812257e-05
0.0056584945437251,1.199020829423442e-06
0.0063638544898132,2.2367732712768947e-06
0.008207517023937,5.647698489613067e-06
0.008678639480355,1.3786094387441043e-05
0.010146712192883,1.4802647744630785e-05
0.0029141539597046,1.5610471393846214e-05
0.0122461927126672,5.808328302276829e-07
0.0197388424767299,0.00015521052583292822
0.0033111274999176,4.477515984337555e-06
0.0195369581185239,0.00013042281161108852
0.0027416579975928,7.231067338524817e-10
0.0149073309166126,4.8881941216894796e-05
0.0091920564209585,2.195502834671332e-05
0.0150749076172995,4.2953889175091846e-05
0.0154111841800985,5.082837160316146e-05
0.0191435075260825,8.497470998690742e-05
0.0060341206546406,3.274330661806842e-08
0.0168132739277722,5.960323931993297e-05
0.0092977209738835,1.9049048836229531e-06
0.0073111421058581,1.6617170890542684e-05
0.0006943503304648,4.1538574872812e-06
0.0010544335551667,3.507355955929391e-06
0.0157005527058881,4.599179812979282e-05
0.0187382339073954,4.712532024061518e-05
0.003904638135747,6.546989707277393e-07
0.0058272965759189,5.620470303856105e-07
0.0010629433780282,7.814049010084642e-07
0.0156000899101631,4.77610102455656e-05
0.0113664611371637,3.5531530230024264e-05
0.0149713260085469,3.903426852122172e-05
0.001481630467158,6.723947729179711e-06
0.0154275790371853,2.3344902588566617e-07
0.0146411003362619,5.140541973403295e-05
0.0067667640070612,1.038171383132273e-05
0.0130540156240452,1.7901643839702706e-05
6.073809495726446e-05,8.788310387492516e-06
0.002282555817546,7.559170254367494e-07
0.0193756643738583,0.0001289919905130616
0.0188802744783558,3.0249060828184454e-05
0.0099005364364444,6.724530485177965e-06
0.0175936871929625,6.123832101438602e-05
0.010284358607876,2.3269344381593176e-05
0.0101353752575682,2.956318709015515e-05
0.0084979938276174,1.541994108415364e-05
0.0009180588192955,7.272322854976839e-06
0.0115997515123945,2.5963435781148206e-05
0.0152104095923497,7.496199171953073e-05
0.0013243164452229,6.126162221231371e-06
0.0193448553045149,0.00010189427438477134
0.01714418548789,0.00010825467042858069
0.015670445953486,5.655214676096601e-05
0.015409541350154,1.206024559231941e-05
0.0130508581052475,6.251409648247494e-05
0.0066538761828707,5.724894825428205e-07
0.0179454428243472,8.887802781594147e-05
0.0132022073457712,3.0096748308971338e-05
0.010685694356563,2.1356050938753497e-05
0.0075598782820775,8.802536384006575e-06
0.0069123119114771,3.205404225859728e-08
0.0057273575731678,5.335239509300331e-06
0.0199350224273263,0.00012636214338019658
0.0067877990640231,3.341092667252646e-06
0.0057608825814612,4.292506746417356e-06
0.0092072238336218,2.7911592202234812e-05
0.0041188293669498,6.736313347799784e-07
0.0155010056089471,4.5924708269405815e-05
0.0033078196084017,4.356276732770208e-06
0.0159413878960932,2.04499949960889e-05
0.008841483456403,2.2520484372091583e-08
0.0012091613273335,5.495687701874816e-06
0.0066022722448247,3.0411091735818855e-06
0.0096599888895163,4.872700642517573e-06
0.0097278619332277,1.2422311358917645e-05
0.0051424671101807,5.686364957886631e-06
0.0067167486355991,5.768105596213143e-06
0.001484904863006,3.4100954285865637e-06
0.0107730526182255,9.636594209268938e-06
0.0002755420829487,1.241775061846311e-05
0.0134375339535537,7.33063085418928e-05
0.0086726965085765,5.27323799605768e-06
0.0060500222759001,3.130042009154556e-06
0.0032762545323432,1.1823371356531166e-07
0.0194474617707445,3.746262067544296e-05
0.0171572604609151,9.07596703997509e-05
0.0039871857569209,1.3563170445079042e-07
0.0096359356344427,3.071025864377493e-05
0.0122028780328525,4.611780483927443e-05
0.0127682534632436,4.1145473711578746e-05
0.0137583196313098,7.843395896463761e-05
0.0167369699530033,8.708504973180046e-05
0.0095737248357625,2.4742440373527437e-05
0.0165907951850499,7.912618043950757e-05
0.0062968130284102,8.705522322586093e-07
0.0060358032167275,4.620003667239125e-07
0.0192786930353006,9.59766902971538e-05
0.01614035411976,6.233965118306025e-05
0.0119170537294697,2.9488818396092915e-05
0.0047229498234687,6.34893646487454e-08
0.0139374219613289,5.577555682914182e-06
0.0146365354866752,7.571499735110675e-05
0.0093748865484047,1.9805870900420093e-05
0.0090440044839022,7.992812262866667e-06
0.0038814384519986,6.429905314631025e-09
0.003806863324277,9.035662388237041e-08
0.0001096335351054,5.3957346305850045e-06
0.0124153072389322,3.4288913181457265e-05
0.0159193070568791,4.980528850233925e-06
0.0097819590055769,3.614811566013929e-05
0.0040475710397286,1.548573924014232e-06
0.0103911130246781,1.115265108292924e-05
0.013375536076238,5.451161292730153e-05
0.0074568188250007,6.6287092499159515e-06
0.0165982277114929,7.020616699185779e-05
0.0030928189954391,4.538861508001341e-07
0.018245621070063,8.260259081363256e-05
0.0111943618369266,3.903463627529805e-05
0.0033186212904883,8.241654247984935e-07
0.003537662169174,1.3481589120547938e-07
0.0093206737634812,3.0703442697931326e-05
0.0008734256481365,3.0182434252636505e-06
0.009634055621449,2.2199029558430087e-05
0.0020930316299631,1.0690700145253389e-06
0.0107571536667944,4.7995773462824527e-05
0.000755190335845,3.6169578384102443e-06
0.0158955634344172,9.152360866971872e-05
0.0061701681173768,8.157037467789367e-06
0.0015113472949394,8.75529873080502e-06
0.0113074797950416,3.0282796028159305e-05
0.0180298545231955,6.650817657006329e-05
0.0016850871379022,2.426895207712239e-06
0.0186839996579493,0.00013510087620165575
0.007982734220595,1.076403929530717e-05
0.0097194940803269,2.3280872162673504e-05
0.0008460122223532,6.04943586367099e-06
0.0167174995480916,2.1475568783066904e-05
0.0109147291696499,2.4080080132426407e-05
0.0034589070122939,4.5975462120562773e-07
0.0191348569050572,0.00012140027952963685
0.0110351706524357,1.954299018197808e-05
0.0198358545001746,6.435104477353217e-05
0.0182672129560526,0.00010541720314603188
0.0160533964613263,4.271996115624881e-05
0.0150169545332563,4.3518840326651985e-05
0.0078966527873778,6.762291480587225e-06
0.0187420212133268,9.684677956317378e-05
0.0056143046069311,2.702301524993597e-06
0.0102994400872155,2.765099659971792e-05
0.0014244336338782,5.8312895143055886e-06
0.0107317859520953,3.1356815643182236e-05
0.0087210112835097,3.115876772620135e-06
0.0045068172155888,7.51024934632259e-07
0.0169900973485658,8.767075548079218e-05
0.0148474951988262,6.041191911486915e-05
0.0106554403233144,2.0732691694679267e-05
0.0110348774965572,2.6559768569014324e-08
0.0164195353635991,6.25093273855392e-05
0.0197357626348896,3.001227293805107e-06
0.0117690722826987,3.0404008274587794e-05
0.0047072978252059,9.056007576084138e-07
0.0191235847344413,9.227983074076709e-05
0.0012684204282388,1.7741076377469855e-05
0.016022992862686,1.8883762704790958e-05
0.0013019315644939,5.433177560469956e-06
0.0101034137368279,1.936511743927002e-05
0.0145778056419509,8.416500370533373e-05
0.0180988277584554,9.85687993034615e-05
0.0048706952690036,1.1456057101223142e-07
0.0169751162526105,8.739043593275581e-05
0.0057985112122842,3.6562769370969918e-06
0.0044077600935785,5.425742572414723e-07
0.0123684766380554,1.708914722192163e-05
0.0117144366468432,4.7914775938118055e-05
0.0158293143334099,9.771462276679181e-05
0.0039675044385966,3.5105317922234535e-06
0.019788270873323,0.00012458934629117657
0.0175774342114715,5.9014849365351036e-05
0.0072097206499733,2.1676665875404536e-05
0.0055819803739692,2.125873198146478e-06
0.0007204800614624,6.282833080981794e-06
0.0123443387641586,9.923521382735025e-06
0.0011359019683856,4.1222826849948484e-06
0.0089725018793635,3.193994822402796e-05
0.0061756144048009,4.513142013696266e-06
0.0169655117472178,5.806106219176161e-05
0.0092359840999325,1.2109219437692904e-05
0.0174480881281541,2.516322033177869e-06
0.0140079272001318,1.611596162023445e-05
0.0030927025119292,2.8382981470049453e-08
0.0136410387827276,3.0277213915304996e-05
0.0068349749116563,1.9412432245771376e-06
0.0158113511511595,5.5278374183664815e-05
0.0197814488601963,0.00011826920318524405
0.0087246361344333,6.837481475193049e-06
0.0052662811574606,2.5136300503497623e-08
0.0134285398554937,4.73948821244439e-05
0.0123303174274008,3.3942261440965713e-05
0.005104176787641,1.7141670578948278e-10
0.004628545120105,3.969934969291857e-07
0.008000644880432,7.4423058081481585e-06
0.0034212610467678,5.884329999806898e-09
0.0004568843749384,9.324848949091824e-06
0.0042681343813193,2.109820113529408e-06
0.0014194878628774,3.443442097666411e-06
0.0145480791277011,9.632010306636272e-05
0.0083470361849215,1.8025115961258006e-05
0.0181390143237899,0.00010248033020610746
0.0124554326161939,2.573011956947564e-05
0.0113175019085738,4.7010862073025926e-05
0.0109897712527117,4.851937552232733e-05
0.0057507740923584,5.888455373181174e-06
0.0036612734859629,4.596377867044707e-08
0.0075344964439018,1.016750727179614e-06
0.0120900086546352,4.052186515355422e-05
0.0125396093346574,5.577624821656817e-05
0.0194195473444777,0.0001605626913019273
0.006628145276604,3.724799626315223e-06
0.0145414619664931,8.303405835088572e-05
0.0048900538958363,1.2330966813862706e-06
0.001155112877918,3.565328886870776e-06
0.0189459610526023,0.0001336380096673829
0.0129978947413208,6.526172410901014e-05
0.0142189773252724,4.9812489612325174e-05
0.0080591314054674,5.581168167766035e-06
0.014310188168121,4.783427129406546e-05
0.0033088722762404,6.495722515755553e-07
0.0187336761153326,0.00012785314062301148
0.009019006103846,2.8526643944471084e-05
0.0043073416570526,8.547425398823205e-09
0.0099620862855496,1.0337855317076133e-05
0.0184867956009467,7.583681983098898e-05
0.0091619667428087,1.9021605166390395e-05
0.0174677454874616,4.566230245396406e-05
0.0130222832918452,2.8744473139058963e-05
0.0190685235265368,0.00013595223506374557
0.0197907172087058,0.00014184616267114253
0.0112523719311137,5.059949111658686e-06
0.0158018044299561,0.00012189664426424232
0.0080926354132875,1.1582321318406404e-05
0.0082144293032064,1.808010249703992e-05
0.0131349826586935,3.447202759043168e-06
0.0083072180186894,1.2437781300127684e-05
0.0079265135519307,1.2616503270252259e-05
0.0040325064167219,1.1770599446331566e-06
0.0125142895990195,3.858717287874003e-05
0.0048108819616563,4.49067175863542e-06
0.015432641732279,5.198798570251419e-05
0.0027120719160154,1.693834299785285e-06
0.004693992966932,4.9565953073178614e-08
0.0125440426640622,9.31473926619227e-06
0.0110781337370736,1.994380874145099e-05
0.0121358560485119,2.4088222318178933e-06
0.0096569472215606,4.6172960710991206e-05
0.0061437754338157,4.077547197015241e-06
0.0130021070838682,4.322930459032301e-05
0.0095520307431327,3.1983261072361e-05
0.0036133600230659,7.295256122973133e-07
0.0063512110034849,4.2004884502689365e-08
0.0147910446553536,3.8868721595923694e-05
0.0062989244945787,1.708213973114295e-06
0.0134539482965861,3.568120239334684e-05
0.0029456302801135,1.923217878781072e-06
0.0138721730479056,1.324540452480131e-05
0.0147295093413556,1.421749673676364e-05
0.0143503678194619,1.0892680743265957e-05
0.0094645703575482,2.5603745235918954e-05
0.0115571185676754,2.0203062279491317e-05
0.0102272583387387,5.981749811794285e-06
0.015057998718164,1.6393626944214202e-05
0.0083966315433953,7.05552181261127e-06
0.0065732218574716,1.85432436149721e-05
0.0087374875573515,4.36397608471454e-06
0.0052579630401943,7.96000836099782e-06
0.016776521266641,0.00010356738620539458
0.0035796469465037,4.897719588822569e-07
0.0050981754254721,6.696215805429854e-08
0.0061824936088271,3.9252389171475275e-06
0.007856556204954,2.735468762243799e-05
0.0143144687733355,6.314284231063301e-05
0.0163177179500421,0.00010444224746414218
0.0036942784931348,5.510460916396334e-07
0.0089208569253745,4.904988977609351e-07
0.0086120633285997,8.885562614740565e-06
0.016005591033242,7.582734530724882e-05
0.0078945107041393,2.4152759130280937e-07
0.0047722941156434,1.157490436228864e-06
0.010394492461161,2.6105681130672584e-05
0.0170255179562245,4.3568072765685845e-06
0.0182283350314968,8.169702828805334e-05
0.0199652211445489,7.388007654679424e-05
0.011629678543672,2.5212213802173413e-05
0.0066271157533234,3.104761374405195e-06
0.0041654037766284,1.1253928125968593e-06
0.0180161356744157,9.657233558037726e-05
0.0095289302504573,3.963007852571165e-05
0.009168515461435,1.531264595486224e-05
0.0164664904627376,6.619091995866522e-05
0.0192401925385161,7.851700951909324e-05
0.0032243623257694,5.801401246078785e-07
0.0027342990804468,1.356504496510534e-07
0.0048169065637456,7.50967735025545e-08
0.0006583130906186,4.246797032094123e-06
0.0064794404635408,2.9771066487163788e-06
0.0144384382620972,8.432859850602565e-05
0.0051038095542476,6.607353249546858e-07
0.0098754329665056,3.1527519712587146e-05
0.0091027995507504,1.3838199157696403e-06
0.0040067563972787,9.012426499591857e-07
0.0002927575229821,4.002919689752772e-06
0.0117190037138628,3.6697580638884254e-05
0.0057439563845888,8.976790033624976e-06
0.0153630432722455,8.14195395987787e-05
0.0011421589139931,3.3129206748070313e-06
0.014602090326916,3.881321956296221e-05
0.0004880720034838,7.2786260161167275e-06
0.0132908092541769,4.6042733763454406e-05
0.0098894259153,4.769091556634883e-06
0.0076807904365264,6.243021874543526e-07
0.0159553063871687,9.746590916223846e-05
0.0174489100441156,0.00011551660863211175
0.0062627301288978,4.349771388276757e-08
0.0062653228044933,3.310113092751727e-07
0.0144699261572968,6.1247819584288e-05
0.0081450779459283,9.463122477620023e-06
0.0181496742285394,2.1269719480225776e-05
0.0031140105444864,1.0372608473614816e-06
0.0016687605335733,3.4622396535145633e-07
0.0199052141127272,1.017978414072146e-08
0.0068468980151144,6.0402731881872774e-06
0.0121689305003567,2.7860113293182227e-05
0.0135534562835207,3.9489642133249386e-05
0.0172805896495467,0.0001572108991982078
0.002487369004697,3.297933982278614e-10
0.0064910347755678,1.545669397402782e-06
0.0148151703912632,5.484355453455767e-05
0.0037714162327377,1.6140220103016586e-06
0.0052527760571368,6.3245148759328815e-06
0.0066207312788892,1.3614474928826095e-06
0.00345587460241,2.162388954686851e-09
0.0162955689473177,6.778226580739601e-05
0.0132164586789279,6.027044712349409e-05
0.0071236399877258,5.18638559510838e-06
0.0022456117072915,1.1197153129128932e-08
0.0165521951569249,0.00010340639433717663
0.0140188482084175,6.084159697572105e-05
0.0068666902384115,1.4652843736445564e-06
0.0079112838805726,1.2766773885816367e-05
0.0055608634864181,1.0106964422450476e-05
0.016086141198518,4.954816203919229e-05
0.0011742164623429,1.3106303359567978e-05
0.0001381268618376,7.2010046879506555e-06
0.0015214229273786,1.5834794039605194e-06
0.0089339358474157,6.702397732700632e-06
0.0095354633981014,1.2086589142552923e-05
0.0094266377738051,4.5551124482251145e-05
0.0049735106734204,5.181760122161003e-07
0.0192445347157052,6.52590848338068e-05
0.0153469126310574,9.668135245498849e-05
0.0160152020905433,2.474214423132229e-05
0.0090019536909322,8.585588381957493e-06
0.0002887789482955,1.4438949169994954e-05
0.0042623661790386,4.889259662205867e-07
0.0029418891996496,2.0843254083435035e-07
0.0007948871585415,5.136911720194282e-06
0.0167284268374886,8.934814443463695e-05
0.0020616230951657,5.5926882166146065e-06
0.0080343345543579,8.504945607179988e-06
0.0198099957102225,0.00011965257492120323
0.0084690884134322,2.6804172115713157e-06
0.0139732218820614,3.7176541768182594e-05
0.0190466367316368,8.599261773182814e-07
0.0189878959414467,9.874743980237127e-05
0.0130149180115669,7.154968979762058e-05
0.0095893970661891,2.4044290904386177e-05
0.0001998639165379,1.4769217534525653e-05
0.0100346665229252,1.0762896756049512e-05
3.111317240262368e-05,4.862601098237353e-06
0.0090816953480741,2.191447837287484e-05
0.015469378917141,1.6489123459835228e-05
0.013020139005452,5.34009367906641e-05
0.0188159463344779,0.0001084156527302748
0.0127620617519467,2.148219858597917e-05
0.019884791725597,0.0001426005242929084
0.0016859399724782,2.270101201052723e-06
0.0099641541594486,3.276489952531611e-05
0.0054264334337833,3.759720759154539e-08
0.011781619044366,5.42399818668419e-05
0.0055126360098364,2.433455002952504e-06
0.003585890730614,1.150245257782275e-06
0.0156953919486523,1.4877020612198776e-05
0.0156280318383166,4.8744942715295e-05
0.0044737854465442,4.7207050801530526e-07
0.0108536812178185,4.325305478270111e-06
0.0083012785381721,1.0012501004521224e-05
0.0199343240795152,0.00015134617181414815
0.0018763014041083,1.8030704128055728e-06
0.0019469661293487,1.067389149577922e-06
0.0111941135284654,1.9820662881534718e-05
0.0014469127708328,3.23815443061017e-06
0.0118613185376005,3.337369977836125e-05
0.0109650003542721,6.09878495847755e-05
0.0027796383125203,7.994677676795265e-06
0.0143268356359574,6.042143190256979e-05
0.0046445403222684,4.006105563352935e-08
0.0023154060061654,1.460195923495779e-06
0.0132805863005782,6.333069818571124e-05
0.0120748895669989,2.6510218593348675e-05
0.0030892011687378,1.2352468899503288e-06
0.0082499992457137,1.564341237002843e-05
0.0170873275964767,1.805645684060018e-05
0.0014830623130531,5.602595160013247e-07
0.0134089413892308,4.2741554929105024e-05
0.0021061546893284,1.8024112105948546e-06
0.0033564678878529,6.905487598327714e-07
0.0050325360119373,2.901884081592645e-10
0.0037278132981486,2.1794491730548792e-08
0.0054030925815323,6.740901051525377e-06
0.0112965018929193,4.56227342545909e-05
0.0099097833530976,1.922765289581911e-05
0.0086123214080222,1.8331994033206671e-06
0.0159470366221849,6.525827805138936e-05
0.0085457427882687,2.1261642203634172e-05
0.0039001570395988,5.012766007918587e-07
0.0004056340573318,2.991672052291041e-06
0.0177288168658118,4.5068334790434416e-06
0.0180126947098904,4.995193021056186e-05
0.0084295583648298,3.64616663781746e-06
0.0029926760911292,1.4182059368514752e-06
0.0011172164169488,3.3810657043130526e-06
0.0122389304125616,2.2384814338179603e-05
0.0041669937727228,2.8444909014328833e-06
0.0168594873726839,6.438550754137019e-05
0.0055876864046772,1.951331270427853e-06
0.0189024164145922,9.743506961956608e-05
0.0098286335197111,1.8468905641473862e-05
0.0193958595025222,6.776499393643225e-05
0.0045912612872207,9.651940290308633e-07
0.0054383779016472,6.617865440952755e-07
0.0017894102610416,6.079228324346145e-09
0.0119294540154085,3.082539798443158e-05
0.0099941244959,2.46748668753884e-05
0.0176728438639182,7.870858557279086e-05
0.0180732993843811,6.382141296585597e-05
0.0035893555177773,1.6324028921104585e-06
0.0114826394878511,3.7025935961573706e-05
0.0183695616050733,6.130621796671363e-05
0.0170825982041609,0.00012640380982208456
0.0108097447794281,5.2669894137016475e-05
0.0176499013093464,6.858654812570739e-05
0.0158958856520534,5.725773947332423e-05
0.0148807752683012,5.153686059464976e-05
0.0003179908617373,7.5282856066256804e-06
0.0072678530830817,7.124656727416509e-06
0.0025261223636766,2.6057655566858075e-06
0.0104365447171079,2.1203781715994e-05
0.0140522524125613,6.465063621110275e-05
0.0013029254315227,2.0804936167182225e-06
0.00527913960037,2.5939196626219696e-07
0.0037613444720695,6.63697465091243e-08
0.0001244479848314,4.332136835347931e-06
0.0011982611717032,6.40832573740306e-06
0.0012175928298601,4.037870197826777e-06
0.003193703597177,4.250500730635649e-06
0.0152223562677705,7.889064703737816e-05
0.0048208662401603,1.926398081021975e-06
0.0054961857594234,4.211485113729866e-07
0.0014604985855795,1.289645781840514e-06
0.0056010248336252,2.749880293529434e-06
0.0041145661578436,7.26369301100618e-08
0.0028645777256203,6.58848836926401e-07
0.0005246496134042,5.831483985385408e-06
0.0096107627149679,7.0575525470034075e-06
0.0173276408150092,1.0350450495635227e-05
0.0062305744961867,1.6429925076651161e-06
0.0125916816140085,5.078886163851095e-05
0.0178104928268858,2.0765001951785194e-09
0.0063586815442559,3.891037584774175e-06
0.0186032692304582,0.00011352481959190005
0.0083053154279503,9.1061975902519e-06
0.0053255607295847,2.0998807271647272e-06
0.0078412123705276,1.3748186506677511e-05
0.0014419194071213,1.0962102403375808e-06
0.0182258114865028,0.00011684322293082471
0.0022460320466391,3.920932841168759e-07
0.0159483940532156,9.341131572667948e-05
0.0050673402795351,3.249562365726381e-07
0.005817995583031,2.0483091567086e-06
0.0179543164833282,9.447973977181137e-05
0.0126876127057417,4.024805861484296e-05
0.0008878571709443,5.4262721314104915e-06
0.0162830577202894,6.941977533484856e-05
0.0083303039390876,2.3295900866015154e-05
0.013814255988387,5.6294722737531254e-05
0.0098988513567071,1.1343235307796745e-06
0.0168506500189188,8.366572163085412e-05
0.0044893207328777,1.6329718917139976e-06
0.0199868876323952,8.8494064307823e-05
0.0154108215194001,6.9344958046584714e-06
0.0178178116624702,7.787636761316018e-05
0.0164401748280246,6.641418801076591e-05
0.0097163250899323,1.1223963384026409e-05
0.0027363211042415,3.594969734060699e-07
0.0019391181731071,4.390924014961436e-06
0.0097539967279015,2.2336501009467028e-05
0.0194786113592975,3.4460597700233855e-05
0.0027300220334815,3.2284361989187755e-06
0.0191986368620352,2.7810807815485584e-06
0.0062336532192916,2.6822743976046617e-07
0.0098466072673013,1.5230549941483052e-05
0.0012957510463848,1.4186183132103004e-06
0.0196421424615153,0.00013297366718720472
0.0144722932002511,6.877053647756552e-05
0.0095606264327784,1.6630519293436965e-05
0.0122755285891946,1.4994606260513321e-05
0.0144546636107156,7.29360730140941e-05
0.002356932435386,6.597710641432795e-09
0.0144798950301436,7.238679238572378e-05
0.0041997922241151,2.9177200177132878e-08
0.012268878691715,3.674228037050774e-05
0.0079910919911829,1.739768417099827e-05
0.0058653327692257,3.1793428490888988e-06
0.0126062223181277,1.632126270220576e-05
0.0040278765710672,2.6977237014801757e-06
0.003174139265728,9.85218302053108e-07
0.0182730718469336,9.05735824850645e-05
0.0042050924880693,3.2134823014273373e-06
0.0110140545095965,2.1300081464477663e-05
0.0128903251888141,5.235881914173422e-05
0.0058666555563147,1.1997421769453442e-05
0.0170862668325104,6.222530163070923e-05
0.0034855169336804,3.1596612688279846e-07
0.014446255128956,3.279822931254985e-05
0.005323560255095,9.109044288031092e-07
0.0184410132418047,0.00011993935266606079
0.0011899066309371,2.7646687012547395e-06
0.0081053348099927,1.531919175212516e-05
0.0002004496670795,1.4813428309497282e-05
0.0090767102497217,2.4445160545100235e-05
0.0119984881739817,3.2480845330790895e-05
0.0157064278946302,6.720639565557482e-05
0.0007701566858411,5.079116911987403e-06
0.0085149791724408,2.739270230092697e-06
0.0149767160952687,6.526810809353827e-05
0.0118946755144116,4.961054517824328e-05
0.0017592294131708,3.7217850577402814e-06
0.0177812450029913,5.3699984697552287e-05
0.0106342738607257,3.930503327958366e-05
0.0063355552917752,8.005722426034724e-07
0.0184163759729534,0.00012054301453794672
0.0110536838328038,4.1843313427855175e-05
0.0150695014108533,5.869282342649126e-05
0.0056414715577689,2.136692231691346e-06
0.0027273433835186,2.4443882859530745e-08
0.0054929195924629,1.9377841990526346e-08
0.0067594610364363,1.2254256718446543e-05
0.000124547452015,8.107754233977161e-06
0.0088823055475337,1.760469477157706e-05
0.0058042045828504,6.623750162121171e-06
0.0144757539300263,3.6323087088315894e-07
0.0171225381788426,1.4547662057425174e-05
0.0160511024387798,7.211079676376025e-05
0.0047718065951785,8.866618890608002e-07
0.0008782787387878,7.084659713617465e-07
0.000946683056364,1.7585344803535013e-06
0.0037115101122087,5.802489134599424e-07
0.0030479726503816,7.444195669620334e-07
0.0148590656594123,2.9355996204093067e-05
0.007504286302003,5.264858915057761e-07
0.0163152782679503,1.0537034075193123e-05
0.0129296110782208,3.1670434112574745e-05
0.0005347594761075,1.1996871425888997e-05
0.0132976020741302,2.480410331421955e-05
0.0181247401149518,7.185375118852266e-05
0.0128304253100024,1.9106257833420605e-05
0.0125450451580694,5.003587630217829e-05
0.0153783214552217,6.929283650299273e-05
0.0166899942357668,5.343636033458689e-05
0.0151153676308249,6.49312182992329e-05
0.0013656670620152,5.932072828925995e-06
0.0122107224731666,3.955469079705551e-05
0.0155360628838552,6.547317149591384e-05
0.0049122885918732,1.4907771967314028e-06
0.0085838618316738,1.436281131069866e-05
0.0093003622271504,1.2566748567404768e-05
0.0020108665115467,2.0301868697829924e-06
0.0161311791203842,1.7385677413837658e-06
0.0127278432706793,5.304847107965735e-05
0.0033015284521956,4.621451159277671e-09
0.0080375475830267,2.6381614730728412e-05
0.0126565820168059,1.8686950776734236e-06
0.016233960504613,1.0668937410263254e-05
0.0143792488199181,2.1590174036747753e-05
0.0037963621102432,5.486235127338656e-06
0.0005968257314688,3.945294698521136e-06
0.0057724135982946,1.5051170108493394e-08
0.0115924127704234,3.318479435816888e-05
0.009919255519065,2.182702890291527e-05
0.0127090921519778,1.758667992280544e-05
0.0180069322859834,3.077529923995336e-05
0.0021754913228566,5.837436384530759e-07
0.0125825789532617,7.407571002720902e-05
0.0096080098600076,2.8276745111547483e-06
0.0167624758451586,5.689753478354371e-05
0.000884626098493,4.941141601435229e-06
0.008597933022045,1.6946339532009577e-05
0.0138062346431106,6.310154318586492e-05
0.0092498721016529,8.165610086400758e-07
0.0049920969412692,7.403284625222518e-06
0.0159846057496331,6.559313272567918e-05
0.0009164953881538,2.8439327353617058e-06
0.0002218701231416,5.33601461669944e-06
0.0093904484165435,1.6199233329723312e-05
0.0062062200256721,4.264971780651441e-06
0.0132595584300126,4.668747171460184e-05
0.0091389620744598,1.0092849870194116e-05
0.0168000328074085,8.868152226371893e-05
0.0135871101507445,8.372957728084187e-05
0.004148092446099,2.5975165432913027e-09
0.0022273813569448,2.0430407703655227e-07
0.0105452488180221,6.822091814166315e-06
0.0163598349780514,2.1050569201987332e-05
0.0096206140888029,5.0561008298638916e-06
0.0178377198038441,6.4818102105686055e-06
0.0176782290570159,7.894641590360806e-05
0.0062463256346485,2.636350217220857e-06
0.0163077995421402,3.1495937521724556e-05
0.0183860541731316,0.0001415262521152928
0.018050875212014,7.868365248330627e-05
0.0014621516993317,1.5640843189273508e-06
0.013095637153457,1.8173533690176874e-05
0.0020561142132509,1.2496674882917284e-06
0.00059756042076,1.1838887094754235e-06
0.0039412082270254,7.029388465376322e-10
0.0010632263398322,4.700884820974294e-06
0.0017454464753744,6.634987583708355e-06
0.0174637793685819,2.71038554301842e-05
0.0181247720685536,9.562196546342931e-05
0.0178829686815102,0.00010127261824243824
0.001530482325835,4.165322903128868e-06
0.0119862213047606,4.024697995151748e-05
0.0049669779421007,1.4378556084169533e-08
0.0109728818870486,2.9655606506244864e-05
0.0024281738688112,6.60004531311333e-06
0.0181939844369196,6.258438184586783e-06
0.0069384226485825,1.674312673044476e-05
0.0009975296850096,1.4886087773742833e-05
0.012316585747153,4.698994661094252e-05
0.0172473260227105,7.659552918948059e-05
0.0034306848440243,1.4352404682048576e-07
0.0131098254471588,3.6746127179318e-05
0.0062732031929658,1.6903324012704276e-06
0.001284778657857,9.644492857353502e-06
0.0045603962225224,6.676340913362476e-07
0.004738159432121,2.5402622135394517e-06
0.0143112339071025,2.0471079319497474e-05
0.003429327572126,1.3642285843203258e-06
0.0068157172007928,3.5968773959802705e-06
0.007455820413383,3.667885336104484e-06
0.0032540609160015,2.7111597743783633e-09
0.0140437649471049,4.548126503337898e-05
0.0117671264168298,3.8686802780911633e-05
0.0121464537964306,1.1665454163184683e-06
0.0043010646747347,7.018487920971419e-10
0.0153378483053374,4.040173347348074e-05
0.0155692006619282,4.93047541758978e-05
0.0171719514670337,7.004903369346054e-05
0.0064104038528638,9.62829741012134e-07
0.0082440135064111,7.5532309343064605e-06
0.0017330540495722,6.4646699446702076e-06
0.0087116044338724,2.114791561969136e-06
0.0133236748594752,2.7545207480138072e-05
0.0012025331475511,3.45673568483937e-06
0.0025781917438774,5.624609917282987e-07
0.0168190314792143,8.956629853707122e-05
0.0146716749432317,2.5036153075418734e-06
0.0134820174573494,2.6544765524284993e-05
0.0037421520576025,4.825896262300669e-07
0.0197248312715506,1.4578262042535105e-05
0.0069425222670172,4.5026720345511585e-06
0.0177563788051643,1.2490663193992227e-05
0.009087049538279,1.4615999460060803e-05
0.0019596352135594,1.0211147115857292e-05
0.0045735256029589,1.31252171643974e-06
0.0068101912975901,2.617935917719914e-06
0.018561417138802,5.6232500152025135e-05
0.0085439181970908,2.3008908528992124e-05
0.006074387570935,5.602185705303488e-06
0.0042366479493834,4.493956703179322e-06
0.0161457315113023,8.993689792967273e-05
0.0128960078964706,1.534030864014389e-05
0.0036971233734226,4.900742802833992e-07
0.0079532546491637,2.244252063251088e-06
0.0060814726959325,2.143283878347773e-06
0.0047864817585987,3.471042748012877e-06
0.0019764344234477,1.8170041159120947e-06
0.0177887291290053,3.464440490993301e-05
0.007870622641041,1.1317744301256279e-05
0.0144267797900322,9.696066890083475e-05
0.0015986909727374,5.738487623787898e-06
0.0070944878661443,3.5740991425840037e-06
0.0160200126848135,7.622543794274549e-05
0.0130671981757159,5.6465593489083605e-05
0.0104694148199965,7.877637493036601e-06
0.0135383552545603,6.95010917612088e-05
4.706664582125875e-06,5.829237405789722e-06
0.0155899294531688,0.00012613709442100947
0.0114411779764257,2.309997789583228e-05
0.0139795237107712,5.65507889968563e-05
0.0041222905344958,4.759743930391359e-08
0.0073142714621096,3.48694171362201e-06
0.0092304334253335,1.6713341908531883e-05
0.0087733645326732,1.3069209734672078e-05
0.004626606509175,1.5741489188292595e-06
0.0136118774441551,5.0727213298767826e-05
0.0055394867070431,8.59841557126844e-06
0.0100925977372551,2.1680589781409314e-05
0.0162529441727858,6.621932805727901e-05
0.0182097764043319,1.682395581322497e-05
0.0188972503412627,0.00010247310327570679
0.0172588889049804,5.957912949755777e-06
0.005739788479506,1.3569698724356806e-07
0.0060619609707586,8.467926941191075e-06
0.0081014570965414,7.369003933954709e-06
0.0101072488373862,1.2877063328940508e-05
0.0077986755077453,7.5382452699498525e-06
0.0054220714592763,3.0080426606781587e-06
0.0131577569457974,4.934916117131749e-05
0.0097775888475881,1.0818974342365921e-05
0.0120775630522839,1.3744242590652349e-05
0.0067235145033089,4.970515892276422e-06
0.0182012188798292,0.00011693475811094101
0.0169828595786817,8.183798626233915e-05
0.0193271792926006,3.662023190698793e-06
0.0124446727427992,3.5730081568309085e-05
0.0114087457649341,6.344853725182969e-05
0.0124542546111778,4.086404973506546e-05
0.0018702640216114,1.6856301384708985e-06
0.0001509888591018,2.2494652273096884e-06
0.0009684501448943,1.029575081482727e-05
0.0157049708367777,6.935577203599454e-05
0.0103832838114434,5.677154793790294e-06
0.015926289059673,5.940408553853022e-05
0.0078927613776562,1.420394992342893e-06
0.0170981223412894,8.972185768605385e-06
0.0076029558040512,1.436703595223681e-05
0.004069615118359,1.1316870999521718e-06
0.0175825601802849,8.364007463658891e-05
0.0115841175393089,5.499158782498626e-05
0.0186255607470232,1.6669388547992065e-05
0.0122849097551164,2.4065838963350408e-05
0.0041175257887169,2.0308036403531253e-06
0.0077728454962024,8.733952707627398e-06
0.0018193449636945,3.0820768286681645e-06
0.0031001631756928,4.784122991302215e-06
0.0029049122099766,1.0625778108299834e-06
0.0089138494890373,2.182657200198356e-05
0.0196805393254039,9.330230664186007e-05
0.0044616747318826,3.775944927341805e-08
0.0156212881640081,5.138921060686069e-05
0.0128068562192978,6.908374904810135e-05
0.0069209133266998,1.7696741802773608e-06
0.0112125084444028,3.201880308759016e-05
0.0144270067127264,3.414519869920428e-05
0.0122252463398231,2.3670198966320987e-05
0.0071885168479148,2.144686028430732e-06
0.0090073268417136,2.67417425225114e-06
0.0158438577788536,8.604423804906404e-05
0.0064341066026465,8.650125364939679e-07
0.0086164390733501,4.287516210225528e-06
0.0168915803297681,9.039491833774461e-05
0.005525305581068,1.741157621772276e-07
0.0163126949093619,7.196953557837222e-05
0.0060280914219786,4.389166406999856e-07
0.005998415615468,3.8050562601784774e-06
0.0046163914423766,5.711883489376392e-08
0.002467192121628,6.412756538406833e-06
0.0177998885884069,3.6863365069865196e-05
0.0090752043713459,7.134343403158977e-06
0.0047440077583795,2.0464468966606902e-06
0.0197626891909463,0.00010067482917881425
0.0094067163122265,2.3731053434631293e-05
0.0174181269957042,6.329536488351058e-05
0.0075527144134946,1.3200389625744246e-05
0.0122235673531119,1.0710788632656364e-05
0.0085471959383557,1.4587398293177812e-05
0.0187158113102597,0.00012352524484074269
0.0103194256812939,8.174714850997964e-06
0.0108080818981741,2.6800134723359348e-05
0.0100673732863826,2.2212163043748472e-05
0.0141475014379386,5.374949684099869e-05
0.012587027785666,3.277285497367019e-05
0.0057643679998536,3.198031901062447e-06
0.0032802299429525,1.1982300473151114e-07
0.0142954793424282,4.7390018236281055e-05
0.0116507415643062,4.105643531436908e-05
0.0035185090177968,2.7938476175277667e-07
0.014719448158815,7.618817716916814e-05
0.009231462458604,2.343532309623257e-05
0.007050930870076,1.3252406095974516e-06
0.014771665013572,5.0129867341475396e-05
0.0195538624373788,0.0001343420501243009
0.0191694235364895,0.0001076153952352693
0.0008331753479671,4.4408688704458596e-06
0.0130605127398451,4.611254612592067e-05
0.0143213853466073,4.134718156498821e-05
0.0128341369924663,2.2703475426846094e-05
0.0048480975106956,1.962710580219642e-09
0.0165197584159307,8.49330403922026e-05
0.0089386871114214,1.8081531311303203e-05
0.0134935341275517,5.82251922287617e-06
0.0136917426199853,4.8907449763346444e-05
0.0107559378044997,2.9578293913053523e-05
0.000988679956388,6.298492998489375e-06
0.0106003359969406,2.1470266158344048e-05
0.0076356885390698,7.00462112713593e-08
0.0048678138637608,1.1414548232148524e-06
0.0187216753101704,8.174712393886259e-05
0.0044152027519196,6.67948007908828e-07
0.0159052474405853,2.9803892002560458e-05
0.0112681372736832,2.651959711901828e-05
0.0075332309275057,8.659695783313322e-08
0.0059949958981319,3.0896658745363967e-06
0.0171999205679178,5.759736505300368e-05
0.0185547308683736,6.5331667760225185e-06
0.0089465363743585,1.2126660622360147e-05
0.000382267566083,3.4787437480174084e-06
0.0078419384924937,3.2391412460150434e-05
0.0191659722174339,0.00010889041130370203
0.0090505663894837,2.6945435356084232e-05
0.0097283950223818,1.2330960600449135e-05
0.0010347187962597,4.021445377448869e-06
0.0180751869111778,0.00013293817107291062
0.0160492850369467,4.6514513205257095e-05
0.0125325192070865,3.683620782269834e-05
0.0129638292268346,4.313266436202327e-05
0.0054746210164176,3.974802485340373e-06
0.0157411747876354,6.844924189788091e-05
0.0027861561455903,9.63981340001649e-07
0.0013854770759374,1.6339982550246409e-06
0.0046181054894375,1.5059902276617647e-06
0.0058247449534278,2.2016006756797056e-06
0.0042973767289262,1.6377142319958334e-06
0.0179802770809021,8.196839019101849e-05
0.0085810186484,7.385427573160112e-08
0.0070973318996137,2.5458730159381214e-07
0.0163581005944152,6.374446489230272e-05
0.0017819512075123,2.111280964126622e-06
0.0131876691441514,2.4604570098905035e-05
0.011022451624162,5.074268894278835e-05
0.0094721679752238,2.671157085270959e-05
0.0067178191081429,6.753846588463229e-06
0.01784106652194,2.008780184760842e-05
0.0166713045064724,0.00012155952325811286
0.0051229676402787,2.4894066070784896e-06
0.0028186082669074,8.958922774417109e-07
0.0152494903983639,6.977950445672089e-05
0.0012801000976485,2.1365425555092613e-06
0.0181873779147627,0.00010461028769580798
0.0082921080147198,1.479611578651673e-05
0.0151356874515462,3.580899807454992e-05
0.0174779766152075,3.010372589200445e-05
0.0054702316032307,6.192972618394703e-06
0.0014650620968461,2.2705553392493858e-06
0.0028035005284329,4.856365769190327e-07
0.012654333629475,4.895363303528314e-05
0.0033080953287242,3.353419964879342e-08
0.0102874787802899,2.0374536604323582e-05
0.006699031172155,1.4071848142182101e-05
0.0145731015000664,4.3032967312049495e-05
0.0078645510710563,1.64957576164309e-05
0.0101773625528843,1.1014887590117037e-05
0.0067492837328661,1.0710180391237457e-05
0.008375293958041,1.1740261158398204e-05
0.0152011288209107,7.711686798969341e-05
0.011196110474562,4.346496385191365e-06
0.007598508597077,1.7549712519099082e-05
0.0009840527807571,1.3691403365609438e-05
0.0161160184030304,6.609744465382467e-05
0.0037893514768245,8.378836301587859e-08
0.0029075110268705,3.2097588091122067e-09
0.0185566757601815,7.822897455561421e-05
0.0199733315077743,0.00011775824587353721
0.0072767546823551,1.3680145030981996e-08
0.0044583934708844,8.014990877489582e-08
0.0182572186038753,2.890349049696022e-05
0.0110705019193873,3.275734453158311e-05
0.0091572030281638,2.9783230027128732e-05
0.0048425988690582,2.0556936387475543e-07
0.0124357764061349,2.9738830843042144e-05
0.0146572970794524,5.0946148177342896e-05
0.0123927101919546,3.8331832321565324e-05
0.0032576340508351,2.213866810041381e-09
0.0043109752168209,1.0943048879634092e-06
0.00348269666312,1.4810066360397473e-07
0.0094223385067058,1.8591960074630038e-05
0.0006327853040294,1.8632223466768636e-05
0.0091977549536349,1.0202199969209372e-05
0.0127194836464463,5.5789966189452945e-05
0.0054072902697607,4.374445070135548e-06
0.012766184286822,5.7198526476448094e-05
0.0147016357128598,7.171061048963285e-05
0.0033853773780504,1.447392449308623e-06
0.016642221769508,0.00011570053170047546
0.0123792099115445,6.448303264303968e-05
0.0190218251887599,0.00012409960735848804
0.0153108837051112,4.5734581939831684e-05
0.0040040572249308,2.577475334928563e-07
0.0187064962456319,9.997675850880053e-05
0.0011166214262737,2.9599273789152007e-06
0.0049320653718445,3.3652270629220484e-06
0.0120503594041343,5.4441167419554744e-05
0.0158825306660632,0.00010747893643457516
0.0186763784883256,8.061329061389857e-05
0.0139622347779149,5.670449769348421e-05
0.0045635547935464,1.7649591017120263e-07
0.0100195442324059,4.967370606612249e-06
0.0063130444641802,1.3385541641370913e-05
0.001327130186647,3.0777515813151763e-06
0.0168985342441248,5.536443493851944e-05
0.003028265459613,1.042453018277812e-06
0.0050242115559022,8.798254227518428e-09
0.0125886982750444,4.0114602581104266e-05
0.0118389035451433,1.9874196152923783e-06
0.0032976212796732,2.079867380175789e-06
0.0076656445851705,8.940755765277664e-07
0.0110660593812094,3.9705582737682985e-05
0.0049977930899411,1.907719900170891e-06
0.001373011177552,7.99535911388144e-06
0.0171492712818539,0.00010247745469710975
0.0093986054375701,2.443092804458904e-05
0.0010808908050898,1.073438577905683e-05
0.0084622023451621,1.809620984451992e-05
0.0047510847236409,7.672459434104533e-07
0.0054739052616065,3.315592977025664e-06
0.0154056941941914,7.602439134639522e-05
0.0190361766550624,5.0194971276108045e-05
0.0017661160839905,4.851766990532853e-06
0.0110058521690492,6.681768395842186e-06
0.0168771784318484,5.932529190051902e-05
0.0198082422108144,3.0723746247695864e-05
0.0008324523761383,2.021454632865338e-05
0.011498151468627,3.988388326831011e-05
0.0002940965037821,6.008482226809799e-06
0.017332788637178,7.385923476755285e-05
0.0198427053595384,4.575746584141263e-05
0.0096598012129024,3.701400568832696e-05
0.0156324875830072,6.411560528456885e-05
0.0085788849739927,1.7659706755346494e-07
0.0006143113988298,3.0637125915516285e-06
0.0179164666580581,1.978851925076255e-07
0.0120007809660904,1.4121952707830169e-05
0.0136047359198869,3.522328243233345e-05
0.0020675275239229,9.472053923453097e-06
0.0019974672000584,3.691101168473697e-06
0.0017243065434299,3.7771839672501678e-06
0.0111296773575345,8.980481832766522e-08
0.0065646995587364,4.969468596390728e-07
0.0174948984844432,3.654388155842255e-05
0.0164303443519249,0.00010169111052331763
0.0187278941501488,7.763667536262523e-05
0.0046824610017691,8.614580882005104e-07
0.0092433467416941,1.398236928057473e-05
0.0151835927315812,5.6606659994106655e-05
0.0129689779544142,3.3679583900675675e-05
0.0111704353070471,2.608338089999659e-05
0.0042182627889834,5.053818847438591e-08
0.0089922717049798,1.3842167139726407e-05
0.0049033178380028,2.7280046535694774e-06
0.0128357337197756,5.386664736299724e-05
0.0060189006365594,2.4589326263920673e-06
0.0073294517839291,1.1107144118402734e-05
0.0140881969381936,3.25785629581996e-05
0.0103567517066364,3.018568244050687e-05
0.0196931199939544,3.974812065761928e-05
0.003483406440806,2.875408512403673e-07
0.0115074970714483,1.53227672343243e-05
0.0074223192880213,5.728546203813629e-06
0.0193681986566178,0.0001302284566605801
0.0036097792102493,2.543796298182925e-07
0.0196209008920178,0.0001283929815095212
0.0089299679567027,1.990491937776397e-05
0.0180579428523748,0.00011699513212888804
0.0086307015379573,1.7217820915493627e-05
0.0066008094574303,1.344353952114345e-06
0.0108995422504429,1.829330335577085e-05
0.003058340421333,1.234357858586835e-06
0.0020366131770698,2.147534958164848e-06
0.0098895283484034,3.378553902981221e-05
0.0141765729354046,4.532062429552179e-05
0.0157220055764576,2.274706699484156e-05
0.0192770924771907,0.00016298438881696232
0.0111327719194107,2.1071826523049667e-05
0.0009423824124081,1.3872851697406195e-06
0.0040672624424643,4.7233962144321444e-07
0.0088006397638491,1.6436400878505504e-05
0.0120853946827551,2.593125124104079e-05
0.0055520154137625,6.78201625489813e-06
0.0041096891803904,3.1655177722389325e-07
0.0033182167386092,2.7003070651089714e-07
0.0093316646898841,2.029062193085572e-05
0.0082210462087432,9.602665261494437e-06
0.0133179652556694,1.3379994539843063e-05
0.0176265017775734,0.00012785552282000462
0.0052661927369958,1.2981463249375278e-06
0.005378147528773,1.4545119221005062e-06
0.0186834884530988,0.00011278160688772428
0.0189294128088031,5.568434540898249e-05
0.0073997538777698,2.2832535100998516e-05
0.0117121753977708,1.8314952760988822e-05
0.0196145994840127,0.00015070072925232596
0.0041218385056454,7.724684124102956e-07
0.0175008508129648,0.0001213357704511215
0.0145417085437387,4.176525586664192e-05
0.0142357105397779,5.280631069523902e-05
0.019012083396856,8.200049503506173e-05
0.0007951296441349,3.186833936086902e-06
0.0041615531762339,3.7435902247116586e-06
0.0051971170894402,7.683441268434748e-07
0.0067961821178172,6.832868704142089e-06
0.002846470211329,4.7445794705731225e-07
0.0023663993159633,1.7161385354946754e-06
0.0182602595859574,0.00010702057164201358
0.0176220961103429,8.22114094654996e-05
0.0081775095506952,1.3688423700301081e-05
0.015542995847609,3.1566980128005526e-06
0.0013328977613999,8.401821897810311e-06
0.0194728258630701,4.941581345490934e-05
0.0160651537276416,7.852050918286468e-05
0.0124663419918767,7.246616060973056e-05
0.0105247951192492,3.214657728059859e-05
0.0113236599480788,2.9975291533088452e-05
0.0080671743135068,1.470776479756008e-05
0.0109761246024413,1.4061939193939855e-05
0.0133515119515632,7.122363814793755e-05
0.0033561821344229,9.745756904902149e-07
0.0166116844450457,7.184501768798595e-05
0.00041509809469,1.0986773287646501e-05
0.0156581770521494,2.866739894338003e-05
0.0018460731076704,6.544579577734993e-07
0.0037421458558926,5.548006698283164e-07
0.0130418307055667,4.3315465254797004e-05
0.0091605745260431,6.062517727528609e-06
0.0054804128401941,2.3598869459248914e-06
0.0135776262576389,4.04960771805176e-05
0.0122922369525825,1.6230365459894022e-05
0.0060081937261794,1.6028638647966816e-06
0.0016011262950661,4.997629448807241e-06
0.0109769861220813,1.2904089664375792e-05
0.0194737651809553,0.00011720155326591865
0.0155124908521768,2.2961652045604104e-05
0.0048239238736485,7.5467120006738965e-06
0.0151024150076913,3.5286268743125986e-05
0.0031513912445859,1.7122598219123396e-07
0.0154966269216947,1.5315918370844214e-05
0.0032108371537722,2.5033300829541004e-07
0.0100319328708488,1.024027157362003e-05
0.0078475340561035,2.7501626467307787e-06
0.0127990346466213,3.6291252819782953e-05
0.0175069101068292,0.00010528467568825801
0.0039323190318883,6.005686854084269e-09
0.0165184755789039,0.00011672781324083971
0.0142297577805196,3.110949373320848e-05
0.0192423621921928,9.791229175498576e-05
0.0074855216904182,8.300504544886467e-06
0.0034427075359933,7.06291417141912e-07
0.0045116420838829,1.432961924835856e-06
0.0057693543703361,1.5510420778405166e-06
0.0001323465269845,3.3555244234660003e-06
0.0053706389699334,4.4171624327839586e-06
0.0170796415297085,6.237761729939612e-05
0.0052025175531549,1.7117943484448201e-07
0.0185360705653003,8.992763346589569e-05
0.0008624025172142,6.221843155546606e-06
0.0129622648696662,3.5630678514455656e-05
0.0074862890047211,1.1671238796417321e-05
0.0060291329856694,4.049292236139937e-10
0.0064524775766413,1.6156485920719092e-06
0.0059954406077188,7.44927306329703e-06
0.0115121967173456,9.467324403313897e-06
0.0066718797632537,1.508774116069107e-06
0.0196941967638824,1.0501409894695829e-05
0.0126731040119462,1.2193138662628614e-05
0.0040010715674245,9.615953277126274e-07
0.0191519573644741,8.63309766984625e-05
0.0006607253706775,8.550796909513515e-06
0.0175468356366091,0.00011044943565382078
0.0198892101186511,0.0001642887460559324
0.0171175440589267,8.721179152747821e-06
0.014343517935871,3.0996771129421825e-05
0.0087724488947064,1.1849546602803284e-05
0.0084912540236359,3.002570828667432e-06
0.0067485557960279,4.61348859685358e-06
0.0092579926344026,7.276550604224048e-06
0.0152417348472185,8.0476923941913e-05
0.0110370386999985,3.178537071476039e-05
0.0038427288344678,8.11497759886433e-06
0.0041273534987451,2.621809582843999e-06
0.0116316986826517,2.2583439925489325e-05
0.0066734269739594,6.142586192901768e-06
0.0002665490518128,1.3096542352383322e-05
0.0177686653955456,5.9341789360850596e-05
0.0179831281279138,1.1742041127917983e-05
0.0093939896941951,3.144537572384783e-06
0.000203079078322,6.1871846454403495e-06
0.0111583913582319,1.6284409814704712e-05
0.0193718794232482,0.00013495449158949156
0.0075191845879061,1.1313817335041758e-05
0.0185888013606393,9.804729737544966e-05
0.0019511350999978,1.4252988640187216e-06
0.0053514108701282,3.136784938830417e-07
0.0180455368558342,0.00016464311274396885
0.0157219333535492,8.705173580730126e-05
0.0068466796739484,1.3879820094890567e-06
0.0038335780105946,1.3634405705008156e-06
0.0141118172888643,6.72649592033068e-05
0.0146881772096181,3.9289125026412904e-05
0.0025999450060102,1.2503663896071421e-11
0.0093924860707627,1.8109615490273317e-05
0.0172662434641013,0.0001242739877295573
0.0055461435064955,1.263044689692729e-08
0.0110866416633525,2.527832518466296e-05
0.0079313010055029,5.05629093294206e-06
0.0138681691480449,5.474686833498332e-05
0.0053755182463537,3.5368039823496285e-06
0.0013793190692356,1.6673423077440407e-06
0.007391950018025,9.67906899759192e-06
0.0066544595557775,1.4196828088075395e-05
0.0078810253260281,3.349527119151649e-06
0.0170759755962319,9.715708957463043e-05
0.0022698804479479,9.08057707611418e-09
0.0193924629595401,8.039894872350722e-05
0.0108435696305619,1.8309709243051686e-05
0.0189990683715906,4.7827498981038476e-05
0.0081504864106186,1.2929993938322959e-05
0.0047733233771429,1.0097570726570265e-07
0.0190315296396777,8.659237887878555e-05
0.0198639256690471,0.0001194761717313564
0.0133787715686118,1.8114133605520446e-05
0.00089754453273,3.4086512835161222e-06
0.007859841491345,8.252653941935921e-08
0.0072875392725336,2.4503425626610144e-06
0.0075949570806097,7.456914602442581e-06
0.0086707804291928,3.709095731915197e-05
0.012215880928069,4.056240636364936e-05
0.0128609642539346,3.3567301900395734e-05
0.0086867542347123,1.5663675462563017e-05
0.012435208865525,1.0555695159479842e-06
0.0125899380397142,3.355842438540135e-05
0.007785503879849,1.9370857555871084e-05
0.0134640168180632,4.902864600572525e-05
0.0055114528993358,4.308697070615667e-06
0.0100126312134943,9.502071684679746e-06
0.0132859442404941,4.03585759847832e-05
0.0075916050736243,2.5215483764668694e-06
0.0083973757942157,2.0567428545171686e-06
0.0091077763466258,2.015494196160548e-06
0.0178906984122137,0.00011420608230151419
0.0020899321357186,1.190963139854826e-06
0.0060626614925306,5.19054675806324e-06
0.0067178803517998,7.028304804985656e-06
0.0047297499018161,3.801967980472668e-07
0.014468330777942,9.053378920371513e-06
0.0161501028348349,1.8324936677642624e-05
0.0184655417355148,8.439389032860024e-05
0.0171514078029349,0.00012285178413994644
0.0059640895533494,7.028848214023293e-06
0.0146036635012313,3.4923103597451145e-05
0.0163923821758455,0.00010419314501611173
0.0131256074314141,4.220602974746217e-05
0.0113623938515033,2.141696027104111e-05
0.0067899145642376,3.74630246966192e-06
0.0130711857490385,5.0681835547445196e-05
0.0037778123520281,2.139879437595512e-06
0.0070534154637848,1.7876464422995463e-05
0.0016253846260426,2.6806058467692533e-06
0.0008689133771281,7.376583007509746e-06
0.0153959382201483,4.833225449535989e-05
0.0051466757087254,4.359251191659212e-06
0.0096910271157199,1.9200760581324625e-05
0.0007185430292682,7.654980832149268e-06
0.0013448145223772,6.0455612122481236e-06
0.0017443108670643,3.1233058127429823e-06
0.01170935606467,8.494227694625577e-06
0.00289089318319,2.971299499666686e-07
0.0177899902815171,8.349977306875225e-05
0.0122315500260252,3.450596974771417e-05
0.0011603692420768,4.152325852209922e-06
0.0176187275689944,2.5441749362062096e-06
0.018715463210161,0.00012399881108102876
0.0143613933393394,5.115874629795921e-05
0.0116997603916681,4.648742654297502e-05
0.0140347606591649,3.5417290857908483e-06
0.0057189870923897,2.065890714489289e-08
0.0183336115708491,0.00012085725288555882
0.0093672629662217,4.2566405312451426e-05
0.0033738738933981,5.471983403818239e-07
0.0158920844107847,1.0662102130827162e-05
0.0106269967361681,4.07063217507883e-06
0.0156653975127372,1.7182998755926916e-05
0.0180204560302854,3.919190865233865e-05
0.0198700449205125,0.0001104108259343049
0.0035928374224467,9.835583748135956e-08
0.0029935379708338,1.0898506834012923e-07
0.0161015335989668,6.603687083452503e-05
0.0131378029361725,6.731062164379275e-05
0.0131633419614045,4.606991827889327e-05
0.0108729027497006,3.786221108853812e-05
0.0089209213137481,1.3040636619000292e-05
0.0052266299447105,4.245258775486526e-06
0.0199834989037278,0.00010904764562359678
0.0171490018381195,5.721172000121658e-05
0.0059436227265498,4.238252456220822e-06
0.0065655490218504,6.917017987858109e-06
0.0092968830313283,1.054478380870938e-05
0.0179041642362036,8.464536690045255e-05
0.0185930064990833,0.0001090494963625246
0.0194062398204229,8.62515869150273e-05
0.0125356318792636,5.5348203358321284e-05
0.0105442240497908,3.457481552003556e-05
0.0028075709082416,1.6558487580500928e-06
0.0049914198171606,1.777956711422569e-08
0.0100485941624922,2.21261158559345e-05
0.0077728396276115,3.6423268485832205e-06
0.0158989085411566,2.592598562970293e-05
0.0009392858691912,1.6272323592978257e-06
0.003500104634537,2.695342896979761e-07
0.0096546892976965,2.417895109083322e-05
0.0159896305638058,5.7236357873579985e-05
0.005025245297529,3.787931755762893e-06
0.0024518052930933,4.2268025820802636e-08
0.0107534126493156,4.831840452528693e-05
0.0144774533774475,4.729553941245905e-05
0.0100256341300281,3.5080391348985613e-06
0.0161429457444701,4.288994752977972e-05
0.0186219352885596,0.00010320455386456356
0.0092443336547387,1.4297910781903383e-05
0.0140363828659255,6.81771815794169e-05
0.0064480951553728,4.85101685940059e-06
0.0004828105009373,3.674948257527368e-06
0.013356145534621,1.739847568653602e-05
0.0101624393610894,1.5990664889467354e-05
0.0109511337620698,2.496451729329402e-05
0.0002961923066467,1.0819791339863538e-05
0.0180852552903875,6.134483451562251e-05
0.0165129018509571,6.841624638303274e-05
0.0184115895390174,0.00014217164223007773
0.0139613840029902,5.9346233689450526e-05
0.0133908452815105,6.734291040900207e-05
0.0146797273061582,0.00010722492726351748
0.010408439254239,4.1272048708444864e-05
0.0131790603470812,4.601795244783271e-05
0.0189685580705913,0.00016434259676079488
0.0133724516063176,4.8414560642536655e-05
0.003461107122321,2.5930035237078923e-06
0.0102537771896198,2.8152171372300025e-05
0.0190973465606865,7.821930183905676e-05
0.0085591935349973,2.6142281733903814e-07
0.0194990375199742,0.0001552302137226358
0.0133424374544909,4.9641689793504517e-05
0.0097238167110806,1.3463193971743132e-05
0.0140474189314883,3.035926638703218e-05
0.0029085373943829,1.367022739109643e-09
0.0197325335440244,6.935331381261149e-05
0.0015375167829924,2.802028467110667e-06
0.0159159017771873,6.984621236000479e-05
0.0194413343803076,6.0603843120302336e-05
0.0167989162851226,0.00012721570402944072
0.0018632745680019,3.062408648733397e-06
0.0118515858374364,3.3159475980090735e-05
0.0042810919302363,9.616863651924127e-07
0.0007030850207684,4.296148137745368e-06
0.0139365999388619,6.986456432980437e-05
0.0180654686605932,8.56224414581034e-05
0.0183401460962512,1.8343561246365396e-05
0.0170370013335193,8.786729320467705e-05
0.0037836686818591,6.880487197960417e-08
0.0168873965355544,6.1026337506910435e-05
0.0095241625372266,2.2719111636766424e-05
0.01491763627323,4.636374804299212e-05
0.0077013902386281,1.3318646424252285e-05
0.0128762455092658,6.820562939631777e-05
0.0127039351499852,3.865410080327674e-05
0.008658271291091,4.530898954979515e-06
0.0053071124455956,1.8247364790143553e-06
0.0087333529544178,1.5085156394925656e-05
0.0184578834676175,5.787803152845513e-05
0.0194820603889919,0.00014083732328687835
0.0126563861579365,5.440096542621518e-05
0.0123268396005751,3.988927128754327e-06
0.0007629755146132,4.658450052093685e-06
0.0082053590807425,3.995948201059591e-06
0.0104378175374517,3.156526926631615e-05
0.0047198942078046,6.676489701062613e-07
0.0191770946796978,0.00012909438827720475
0.0054038586564946,5.741589848630409e-06
0.015386155808841,6.093625791020587e-05
0.0174642233621558,7.59532874343875e-05
0.0154490411090532,9.222080800012984e-05
0.016639432604546,7.507495919287346e-05
0.0177958576221631,9.371090633494885e-05
0.0129889600188859,6.805914955713848e-06
0.0185977693760248,1.40449521808619e-05
0.0153539760461827,5.167940811189409e-05
0.0017126589619973,5.089220371801095e-06
0.0023506706434184,1.5851464499367417e-06
0.0001564159889284,1.7578614314315193e-05
0.0194112367226363,0.00010947349239587349
0.0106364849214605,4.39825215361913e-05
0.0040897230885138,2.2755546319694255e-06
0.0142754267123614,2.7079612106573838e-05
0.0145412671564207,4.960594214054019e-05
0.0014621458912151,2.0965257050126984e-06
0.009883583486379,2.7288440811939854e-05
0.0012214380486319,4.19608555469065e-07
0.0175104456798695,3.550501219372227e-05
0.0159376331912663,2.0480822150569148e-05
0.0077602562050186,6.233254839373549e-06
0.0052557113551573,4.9029056741372e-07
0.003911245693859,5.515348318155375e-06
0.0048944512837929,7.921877490992603e-08
0.0018976207762564,7.139487211422898e-06
0.0145106329622998,6.681014750512174e-05
0.0062359831419242,2.4363723544143625e-07
0.0036611338149181,1.2986211293532352e-07
0.0170812777344076,5.804716503665136e-05
0.0005452233121001,5.084560307003981e-06
0.0019201729114468,8.532835660968829e-07
0.0069146992017434,1.070605399730272e-05
0.0013112966963014,2.7425949007264264e-06
0.0192845803065097,0.00013936081098361064
0.0167265192048087,6.115607322852491e-05
0.0021943399213967,9.037589973497182e-06
0.0048128192797961,1.5535629738083499e-06
0.0017736197251613,4.624714147356103e-07
0.0194650464387782,4.78730877378684e-06
0.0089779229282658,2.51087775292493e-05
0.0061519734880111,5.54579027358235e-06
0.0118339546916639,4.415327945667786e-05
0.001927885275996,5.976294569574063e-07
0.0001510653855879,2.056937677859016e-05
0.0172291598815953,8.213228700919491e-05
0.0011262023679283,1.398980779150768e-06
0.0148880786577986,1.8353675483169113e-05
0.0086221210903251,5.518555694199688e-06
0.0119846989524638,1.2250268134047314e-05
0.0183153380400453,0.00010115379481070512
0.0068323618363568,1.0805549360661993e-05
0.011545908686278,9.376936735445726e-06
0.0194836585259206,2.1249070989006895e-05
0.0033874995251876,1.9055226182818667e-07
0.0062574560743414,2.899526954952865e-06
0.0168938779696703,0.00011303079517904312
0.0159945156428349,9.219791048381093e-05
0.0191456680532065,3.383963812457869e-05
0.0089891153290332,2.4464445580940243e-05
0.0048669267798652,1.2379086739446326e-06
0.0063280543907979,7.0208790109759665e-06
0.012876355403905,3.155931080093692e-05
0.0176948792341955,7.065791016168324e-05
0.014146009886832,4.570083893852841e-05
0.0179970423044588,3.1505563366695456e-06
0.0188612240870402,6.955344603837823e-05
0.0101911703466019,1.4855511644637905e-05
0.0120792347793441,3.086824611190233e-05
0.0189289541102877,0.00010819271597847525
8.499775876809501e-05,6.429326786458323e-06
0.0093063997996985,1.4434341706512276e-06
0.0047911200321951,1.3578379077199496e-07
0.0096114799802537,2.4634917766393232e-05
0.0012080696887673,4.897240774065009e-06
0.0110604502705022,2.6566257073532495e-05
0.0120919464936518,4.975959079103704e-05
0.0173380923087689,8.585891338932045e-05
0.0078156190893811,1.015748488825147e-05
0.0133325035960099,4.514925271200043e-05
0.0014526067662599,1.2720275454052863e-06
0.0184228645602448,0.00015409281027453403
0.010638311740624,3.190823056827118e-05
0.000742165379898,1.4421391148798809e-05
0.0038838143606479,8.235484077816785e-08
0.0046175046062732,1.8099027357737355e-06
0.0189863413411597,7.18083061195742e-05
0.0153404274666712,8.09241282754464e-05
0.0116998354362283,4.607332344584303e-05
0.0178392233877114,8.580421704969245e-05
0.0153301180796734,2.9256710986685663e-05
0.0070707568757849,2.054596457521838e-06
0.0080882964011506,7.766066934045796e-06
0.0077249441847745,2.0542407751784537e-06
0.0158810699280315,0.00010915187698781304
0.0128204840408684,2.7476818980780873e-05
0.0088070175390567,1.4761114200584205e-05
0.0150131156501478,4.3177596178341405e-05
0.0069848536828691,2.7512995014687802e-06
0.0181029782415785,6.455711412392145e-05
0.0095934749507206,2.405039789038848e-05
0.015678986129399,2.888508739439257e-05
0.0095106234597216,2.2947306204941444e-05
0.0123988314447217,5.633509046418981e-05
0.0119849175360217,2.9512620445074635e-05
0.0074158833769998,9.993886087066355e-06
0.0110943528259216,5.6466243910992955e-06
0.0154453345254852,5.800537017818697e-05
0.0111104671676551,3.8041187705928685e-05
0.0002675032911134,1.0114648149305435e-05
0.014564496523251,4.649421483934693e-05
0.0064615624621829,7.43829502055442e-06
0.0056039250587603,8.452920464637997e-07
0.0068608100880636,1.7442216041190254e-07
0.0199630243132584,0.0001237476462038479
0.0040380782782982,7.662732981016852e-07
0.017942742904715,0.00010950654336399313
0.0137864909743073,2.695318354481816e-05
0.0128919812873879,4.6050200286256216e-05
0.0044149925229202,1.7537950277017078e-08
0.0023789315879658,2.3245723490286332e-06
0.0116163440142048,7.840319722399959e-06
0.0093931309283576,1.5951977905960873e-05
0.0075897188910904,7.08584421434191e-06
0.0060589555061479,1.2945930560868406e-06
0.0167390614720397,0.00011677459244687086
0.0096150038730275,2.6531727972911966e-05
0.0005620493132413,3.994697865794641e-06
0.0195448011118121,9.12371544027437e-05
0.0029590007108438,1.9709254330101096e-07
0.001444134485914,9.381919539044627e-07
0.0069500843715787,9.495578191365589e-06
0.0137729774864618,2.2827126164297796e-05
0.0191004007583541,9.719921084279854e-05
0.0019747564122137,1.2545654530648259e-05
0.0127436937096111,3.0397484626829566e-05
0.0123896055762337,3.386692869510517e-05
0.0189991668631085,7.473734563525991e-05
0.0135286811917356,5.341373933151418e-05
0.0121142470830356,1.3166759431068516e-05
0.0059511663328863,6.747740737838281e-06
0.0010246673156551,7.5015993084844596e-06
0.0070438374430097,1.562972455969034e-05
0.0174299527496378,0.0001040897006713446
0.0047707852343827,1.6309414876157948e-06
0.0093271000795945,3.447129145707922e-06
0.0012606177042409,5.496388062059744e-06
0.0089827387601283,4.033950093208524e-06
0.0017305132016601,6.641062354069863e-07
0.0110142070376562,1.6169132907199275e-05
0.003928947706295,1.4313963950919377e-08
0.0173875706642246,0.00010049483746243052
0.0156032680317532,3.8017378346965715e-05
0.0077199445052096,1.5203431447380574e-05
0.0115725638186893,4.887397931907359e-05
0.0082903320202891,6.405134451690202e-06
0.0009870836872089,6.303994996779788e-06
0.0065438346134331,4.2048932489902995e-06
0.0146183396385177,2.1101179994120415e-05
0.0125232177867155,4.082591643210376e-05
0.0086825612637388,1.0985039107681083e-05
0.0154973847380673,7.517742765937161e-05
0.0173305046179877,4.112668035325748e-05
0.0182850719045739,6.294031434748223e-05
0.0171081642472661,8.322396024092879e-05
0.0079779665403157,1.4453854457011912e-05
0.0014802670764243,4.481036964791475e-06
0.0186276235457306,8.378103306159758e-05
0.0182014536441795,9.475607063942326e-05
0.0069963599265825,3.062259042953627e-06
0.00478078088114,8.657393811069644e-08
0.0069723784064348,5.610889917848694e-06
0.0121506716083597,3.070609575788305e-05
0.0097197855829219,1.6901298566508074e-05
0.0074984843374023,1.2726184393240534e-05
0.004741194477504,1.155142583405933e-07
0.0185256073617181,7.974117334147561e-05
0.0004896478423393,1.7276165080291124e-05
0.0092818572292679,7.210913074682668e-06
0.0011558262219234,5.119113455246915e-06
0.0154119906619618,3.640273643832866e-05
0.0113036708385543,3.097369163969208e-05
6.593161377625113e-05,1.0606589102304944e-05
0.0134359039174048,4.61979151369727e-05
0.0197631420592519,6.747086485111817e-05
0.0184736266844771,0.00012067608055174378
0.0122640437857116,1.726818485120494e-05
0.0196010844561021,4.170878906079329e-05
0.0016701274132817,1.165118831458356e-05
0.0063281889317203,3.3060603417599173e-06
0.0113307508874284,9.384707268740882e-06
0.0167193957033742,7.863878021878894e-05
0.0018069712166684,1.4781132978236385e-06
0.0091144494031239,1.0472690470342998e-05
0.0195581379424142,0.00012145396435168845
0.0129343858311553,3.9465254573773095e-05
0.0030139403074569,4.2847569576036134e-07
0.0110849672466093,2.356257851097795e-05
0.000749677858892,2.5765987282897205e-06
0.0182010994783254,7.658344116892826e-05
0.0010633621377515,6.525190043244128e-06
0.0062394616201117,3.467776270100994e-06
0.0033008991331845,1.3416293755089407e-09
0.0173850244346847,1.3034129845057697e-05
0.0001221397912135,1.1158953221524202e-05
0.0011373626793967,1.2725100472721583e-05
0.017899756618075,8.679784238414019e-05
0.0089176276227759,3.149019179909849e-05
0.0195052087584536,4.52795123935446e-05
0.0195066847427827,9.667579939862042e-05
0.0061938741155457,1.3115600710025243e-05
0.0001415984686467,2.3110927824630416e-05
0.0072789627146442,7.700910014816988e-06
0.0112220447016252,4.5701472172679355e-05
0.0047658704294566,3.108882432965228e-08
0.0114902429547977,1.1074360611164047e-05
0.017876110262167,9.48463181345296e-05
0.0081840250261706,1.690951733688542e-05
0.0028613674536477,2.1857744487545907e-06
0.0059148408443437,7.926751100386743e-08
0.0159344807998445,4.1256469265584215e-05
0.0104209753488391,3.945621628279569e-05
0.0024085089966709,1.8366056895973985e-07
0.0031668647086492,2.449280932588011e-07
0.0096567123989376,5.413532383714357e-06
0.0034617250384944,1.2381830114662977e-06
0.0190745302934937,9.379564205463092e-05
0.0058731962759415,2.8338935544141523e-06
0.0003461648277155,6.069112678235874e-06
0.0169506375435997,1.0250485233821453e-06
0.0027552978288947,1.4029658831492732e-06
0.0143942881499926,7.79693096570178e-05
0.0098553329655907,3.542286847850844e-05
0.0112988004875616,2.0550891925887993e-05
0.0132081198217377,4.2340171745003396e-05
0.0013059526930784,5.32793275326299e-06
0.0179340746252404,0.00013890932098270845
0.0108056803770548,1.654875067342542e-05
0.019688622856953,1.0223019612236753e-05
0.0084091707062979,8.03534972598144e-08
0.0052362658760766,1.678390698200803e-08
0.0105100496889864,2.543094793264832e-06
0.0017733573671239,1.1521426790074427e-06
0.0053166849162309,8.747185065468503e-06
0.018262580590071,0.00011042008992088523
0.0108704493221048,1.7605090405646987e-05
0.0178627608953897,0.00010520035720771563
0.0052246714536801,5.173338920905413e-07
0.0041318741366736,8.943314153108144e-13
0.0072713233142813,1.2639089620511155e-05
0.0106047418017157,1.2334886610369341e-05
0.0023040413504832,8.779979698776971e-07
0.0155999148114158,9.836207658760244e-07
0.0171437079848434,3.705298397563447e-05
0.0078690114831601,2.0648419667964696e-05
0.0185722492634373,0.00011699800924101727
0.0176635076224882,6.601654171157002e-05
0.0193654117380032,5.9522983218857626e-05
0.0060797638411588,4.473818932131941e-06
0.0018568820681888,1.7753802343825434e-06
0.0108144656176704,2.095076377111407e-05
0.0069954562770433,4.154029167131951e-06
0.0002489943770373,3.544059908786703e-06
0.0153351776699414,0.00010383400184874826
0.0051288389042505,2.8700870696550343e-08
0.009443708699416,2.570224600357219e-05
0.0012795711789623,5.733058750086217e-06
0.0069257971166017,5.8996842055400206e-06
0.0028268590686478,1.7163620681189076e-06
0.0081420132740596,5.45509818371585e-06
0.0057961968025202,8.06858191787304e-06
0.0017847483004072,2.7592650004500854e-06
0.010719977829448,1.012285565667179e-06
0.0036352358704102,2.0983164602897915e-07
0.0104040693086897,1.579629843558574e-05
0.0194403762369041,0.00013151835208354955
0.0002242346209294,3.0405328566519754e-06
0.0084020203108157,1.4682853204092371e-05
0.0060250325004851,5.479733893517722e-06
0.0046388795003453,1.4870906347586526e-07
0.0095050042603027,1.545824205696983e-05
0.0053323502406928,3.2237216873997023e-06
0.0154083064242325,1.137782558863424e-05
0.0180687200486963,7.010968878425708e-05
0.0079666335755331,2.0769554596036634e-05
0.0005356839606525,1.8920298553097377e-05
0.0135290102239582,3.067312558403806e-05
0.0134456457593455,6.264023953079877e-05
0.0044177914837943,1.66014146794587e-06
0.0130068105076057,6.515872415513454e-05
0.0043095243416173,2.5795459297062714e-06
0.0059745768838334,2.9444485986546002e-06
0.0059647967617027,9.099299178075611e-06
0.0094177236250228,5.550869871845793e-06
0.0158350414507037,6.608780314323146e-05
0.0182338398258543,8.021316659609579e-05
0.0162899608294772,1.0620362582037248e-05
0.0032897468671458,4.168878464541317e-07
0.0125855615630249,4.073285439198254e-05
0.0168160958900052,0.00010551118020506119
0.0099435125547294,3.348854841154589e-05
0.0106099574364012,1.5461661804940165e-05
0.0079509972476619,4.627170106344384e-06
0.0112149881207066,2.3402340898623123e-05
0.0053654497850088,2.620915460738642e-06
0.0073952415968506,4.91148700439063e-06
0.0001609510728363,5.711120182941337e-06
0.0045038877691545,1.0778477725684497e-06
0.0103803209562916,1.760850724960656e-05
0.0186633545479924,0.00010094163351910069
0.0030053121685121,5.983050991322596e-06
0.0124012767695769,4.552053803801294e-05
0.0065043200275309,4.1809045962618867e-07
0.0048588889384052,2.3180951394295416e-06
0.0096073717356778,4.144224722694716e-06
0.0029822199301964,3.281393949289046e-08
0.0033736384618483,7.312383861216783e-08
0.0199626304292571,4.520634211485427e-05
0.016780238269874,6.064025633542493e-05
0.0118840042322232,3.3341685074172377e-05
0.0159003207702702,7.15725391000137e-05
0.003110278837547,9.423558430736645e-10
0.0035890858824352,7.672887734709841e-07
0.0187897860645805,6.758708628097378e-05
0.0148544014896743,7.757647810247223e-05
0.0098446911118288,6.4152117074178196e-06
0.0120425956711326,5.28321373549293e-05
0.0161441006965553,4.637165170556834e-05
0.0035540774883275,2.9939924836507127e-06
0.002260397033055,5.883846344321631e-07
0.0181606464949897,4.6564122310332554e-05
0.0196789120177054,1.0123478750698822e-05
0.0078630013081336,1.1324889970577523e-05
0.0066273208001899,3.4807895309988106e-07
0.0039017644608781,4.784830581762619e-06
0.0040084057034711,1.1886606077711636e-09
0.0044900425869962,4.9033457740797363e-08
0.0019048157560169,1.7464953828072992e-06
0.0130557732442554,1.6939634679177224e-05
0.0171379242992563,0.00010280816412969571
0.0095965666076345,2.2834245847944858e-05
0.0096700400585644,1.5861026815632064e-05
0.0169778701774118,9.879234452359005e-05
0.0020773296503753,1.4433480366783323e-07
0.0116813448236669,2.8090027943123368e-05
0.0155612713961628,9.126109528634806e-05
0.0197962145963665,6.043129135722773e-05
0.0026738634977582,1.4920100176934952e-06
0.0049304434628149,3.277374189669505e-06
0.0190386648386609,6.188271095492716e-05
0.0117784588444065,2.3988478393125798e-05
0.0144690360704101,6.314100509316124e-05
0.017395391913129,0.00014575405257737776
0.0170566194874291,1.2499384743204712e-07
0.0114226287308346,2.6142447692231717e-05
0.0008133400477518,2.2968483358545346e-06
0.0018115470380923,5.222174636680566e-06
0.0197391795338625,5.726360829828819e-05
0.0098348273419468,1.0567858238802485e-05
0.0177253599136402,5.8935890032234725e-05
0.0168547697330938,7.4435008463667185e-06
0.0139079598898113,1.2416278932566619e-05
0.0151131628628235,4.51158398174863e-05
0.0174860965063606,7.618816974012472e-05
0.0134155370151537,4.475528856240736e-05
0.0113566314064423,9.208713401702308e-06
0.0159971033033038,5.449475911004353e-05
0.0045565006993533,6.190909680195682e-07
0.0008188044571412,7.242301350564482e-06
0.0041305768573743,2.3098820757012573e-06
0.0181840314933758,0.0001006315347904229
0.0177347245193489,3.2275646169889865e-05
0.0007532039453338,7.572088891690388e-06
0.0051361314330765,5.105762099485416e-06
0.0196523874189436,0.00011210682634178577
0.0153237121648822,7.456316870833427e-05
0.0072651445131599,5.010907051068788e-06
0.0080794606339728,1.5048192744029107e-05
0.0061497851418281,7.240709199602507e-06
0.0022544773126531,2.8213616679137666e-06
0.0187514818451561,2.2700676778314603e-05
0.0003426590175146,1.3065191668921407e-05
0.0143615402129531,5.319353092625863e-05
0.0125268400012402,3.110364971585303e-05
0.0110853847734655,3.327028518264957e-05
0.0066751686224823,5.242916211515694e-06
0.0122797244897715,2.6801399865982597e-05
0.0126300693071376,2.4876325011837068e-05
0.0070817663145487,1.5631225466980047e-05
0.0041892800976796,1.6123598228998456e-06
0.0115168022621839,2.1898599747746935e-05
0.0089650330594662,7.146806418501859e-06
0.0174399591105326,8.138679489909423e-06
0.0119980845067268,2.277803446511833e-05
0.0182272115617539,4.778433047495455e-05
0.0136970209297572,2.793192094772382e-05
0.0118532950273638,1.7765136350389953e-05
0.0001860343634901,1.7285956167376783e-05
0.0005960493609119,4.094148183141576e-06
0.0195786937709477,0.00013298944366667498
0.0051221294337903,1.6664259026944445e-07
0.0157737054496288,0.00010785792444153814
0.0159588020893988,3.204663417792417e-05
0.0096503051852258,1.045558310411553e-05
0.0020863097382652,4.926575059429635e-06
0.006081689008314,1.0616187481994517e-06
0.0148676435809581,1.2358303853321259e-05
0.0040368556767734,5.766000152611728e-10
0.0059116634198836,6.647721281123879e-08
0.0172228009263846,8.827159422559968e-05
0.0078013863625129,6.779941091711254e-06
0.0188466938913401,1.6242385746589854e-05
0.0010738459581323,2.4325422468403098e-06
0.0053979413288638,2.2330966013065947e-06
0.001555743642729,3.3482965408285073e-07
0.0163014644397927,4.2894267789045265e-05
0.0058796106154577,1.558920062071272e-06
0.0148838454610321,5.6649219138918945e-05
0.0157943899159752,6.765169795758708e-05
0.0141810961462331,5.007907360196104e-05
2.7932864970607874e-05,4.069937740053976e-06
0.0123326331242924,5.177790337741816e-05
0.0066424707246479,9.137338680257525e-06
0.005717903751937,3.637441138172421e-06
0.001229210785029,4.213489838469502e-06
0.0086488038159849,1.825836640300182e-05
0.0025310417153329,2.926999603950176e-06
0.0091334378800416,3.6151662875926536e-06
0.0097204516796429,9.538518111587246e-06
0.0076500478694258,7.466341563457097e-06
0.0071065798947593,4.185305394807354e-06
0.0063061207736853,7.964482700726567e-07
0.0012411651649024,2.58852873648652e-06
0.0184164659293609,0.0001036479861838072
0.015707423380239,9.809761733995751e-05
0.0185437077719683,0.00011450102351659782
0.0057436131317411,6.666519608327776e-06
0.0172559528463977,8.451828161782939e-05
0.0074338819700664,8.615407154118329e-06
0.0196096666457734,0.00016430198428457293
0.0029969397659736,1.7099008639986116e-06
0.0122719156634949,1.2118066579257473e-05
0.0058879786296809,1.3389951781615636e-06
0.0095658318501767,2.778649040389625e-05
0.0007885667867139,7.974820559838854e-06
0.0096884575678463,6.401938137803098e-06
0.0198488479178118,5.730925084607708e-05
0.0182712388190228,4.69278692149279e-05
0.0116521042637091,2.4640105766096305e-05
0.0153406598294217,2.5969014118972835e-05
0.0100399346625581,8.415618502002879e-06
0.0150220925791285,3.1098056543897554e-05
0.0151125918484432,4.95379534306315e-05
0.0190430048385994,1.01700065550501e-05
0.0125259264523006,4.2903197483050053e-05
0.006107303702747,1.1201912072627246e-07
0.0035832324030324,2.6871596536370635e-08
0.0078060027844113,3.522537345307658e-06
0.0067859213977344,5.046732126920663e-08
0.0052606014451981,1.1011839120994048e-06
0.0025493907750581,3.503836069995099e-07
0.0086821838113445,1.235336767959844e-07
0.0091645209569722,2.2785923049955114e-05
0.0018551488111299,7.426646071357856e-06
0.0032715388163235,3.1365739570563143e-07
0.0120002362279455,5.244146175705589e-05
0.0127922883658565,1.9584305085635294e-05
0.004128028700364,9.954143754500015e-08
0.0160536018814576,1.1236279691718455e-05
0.0066213718390429,3.950737488870588e-06
0.002535763045617,8.040865378071248e-07
0.0152495202819473,1.5396057005221066e-05
0.0005207898212466,3.195491460715379e-06
0.0134415611015372,3.2069082576212626e-05
0.0073233205971107,6.635901602653723e-06
0.0169162169741682,5.494527220865105e-05
0.0160887783727396,0.00010137639289122376
0.0025615030370007,1.0787650186103045e-06
0.0134446457459873,9.169567788266551e-05
0.0029632389741881,2.5129384168272315e-07
0.0171026662599723,0.00011139227994063188
0.0170684083918811,8.320160784149154e-05
0.0088074703068703,1.7691772714024596e-05
0.0184252349447095,0.00010841151865559084
0.0072407285644223,6.181837269891794e-06
0.0025144072436163,7.29779781963296e-07
0.0135424198371797,5.7090093986931814e-05
0.0161039032231481,5.561623384614765e-05
0.0157997278445458,2.1414862166084157e-05
0.0144855907075354,9.498564906304822e-06
0.0031924636951532,1.1826689459796175e-05
0.009953111227316,1.749447581890722e-05
0.0154000083747963,7.240752522183106e-05
0.004084463297989,3.209130998377073e-07
0.0158670295980321,5.693177860801568e-05
0.0193498396113931,6.20019433478239e-05
0.0112889484509588,7.197527273684197e-05
0.0140249075882314,5.714230241093323e-05
0.0085279384040704,1.0648831742734557e-05
0.003634687239512,5.208311554767339e-07
0.0195475330596686,0.0001432541499796945
0.0126005510904114,4.9697304625695995e-05
0.0175909381242188,6.808187801053319e-05
0.0129678180383625,3.9729181178962504e-05
0.000622604029097,6.9268358783802494e-06
0.01981423773638,0.00011965556677876844
0.0156618388502737,6.489592157031012e-05
0.019071730155398,1.4547891533267973e-05
0.018152572833286,4.001174708564929e-05
0.0102618539270834,2.196959131569255e-05
0.0115467244177121,5.9102426971244965e-05
0.0175919545338556,0.00011668694974569996
0.0163306080823418,0.00012009109270528042
0.0114026899905956,3.322879888963308e-05
0.0184657120510748,9.921940643959067e-05
0.0092679442054147,3.6464821417809126e-05
0.0174393552992457,7.588126365616695e-05
0.0103679071100553,1.3459198158517494e-05
0.0037516352481724,1.635436023667096e-07
0.0090787237624993,2.193955246002755e-05
0.0052803090481082,1.706629494164754e-06
0.0019238634774086,1.956764569136881e-06
0.0019526467174859,2.439207083601197e-06
0.0113331750181848,8.944433235585965e-06
0.006664912261961,6.844876154649006e-06
0.0095706200346094,5.400019440080158e-06
0.0118545982009811,3.933734934995655e-05
0.0033941330745104,1.85607207823425e-09
0.0042252691335662,3.056079436489373e-06
0.0149925821035477,4.7314073817053234e-05
0.0007115026669648,2.6282686387247997e-05
0.0067800118376672,2.3586804500244183e-06
0.0153039517158259,6.157414378394154e-05
0.0008615178406164,4.477339978327947e-06
0.0013461459903603,4.327265969255537e-06
0.0169232608604423,1.2953834665346907e-05
0.0118456773297182,4.47303575824611e-05
0.0111681440919952,4.0726192478812344e-05
0.01657507002225,1.4350250441047845e-07
0.01606123321201,7.741626386563979e-05
0.0107296286502537,1.5424407834780155e-05
0.0043633976267777,9.067496875609016e-07
0.0081672374577666,4.866844776354729e-06
0.0159368767939499,6.681964283312167e-05
0.008819109211004,1.2515554950838765e-05
0.0053982179692631,1.0764251233367836e-06
0.0125303703011161,5.397360547118029e-05
0.0192579773059894,0.00010829166382408935
0.0129761747384106,2.1155597405491605e-05
0.0077581443503742,8.172090149938332e-06
0.0183132996484109,8.473568182949508e-05
0.0182955371851981,0.0001034766254154293
0.0179765549641565,6.03008319273844e-05
0.016200913972523,6.696500345370967e-05
0.0162361609221876,4.3367868944877695e-05
0.0013903733908475,2.1657553117299337e-05
0.0176751939251908,2.3837874169536934e-05
0.0091421897164096,1.0345883540749575e-05
0.0029933183527053,4.136489313570253e-06
0.005726854824284,8.55536037441257e-09
0.0175153944042877,1.781753521479088e-05
0.019101544006783,6.768098090651849e-05
0.0119963392518579,2.565775686081925e-05
0.018517733722181,3.2561262847823065e-05
0.0044498952459551,4.4745631975612126e-08
0.0191188641587367,6.446158035951909e-05
0.0113795624091854,1.979782110576029e-05
0.0136252538716004,6.140705601200541e-05
0.0033407791789756,2.482924934441615e-06
0.0093071361337833,1.324521089959867e-05
0.0029411350170039,1.3492168069442388e-06
0.0160775093129947,8.422275552432359e-05
0.0163993494346399,7.133887937491083e-05
0.0193285268446486,4.86106498007092e-05
0.0176676789373298,5.625767149129481e-05
0.0020546732609657,2.6624144286928797e-07
0.0049890713283364,2.0009381215949606e-07
0.0027365887064417,1.8783444874463734e-06
0.0032824162963965,2.7019461649575534e-07
0.0016832754770545,1.5050599468396218e-06
0.0077328965887293,7.12735000737327e-06
0.0034165545794148,1.284500434164665e-07
0.0015484644804702,4.8594232842564305e-06
0.0075725693305069,1.719272028151799e-05
0.0188017050752299,3.137713899192603e-05
0.0083767999905404,1.4475036843420631e-05
0.0074329684219859,4.149649683836232e-06
0.007036297282007,3.9749143449979e-06
0.0186559714851471,9.953732656613465e-05
0.0061894527230424,5.6065975328126415e-06
0.0153905600697408,0.00010042044516916075
0.0120965752261576,2.5620375619405014e-05
0.0148269295687367,5.5712344624024574e-05
0.007222427174737,4.911198020363354e-07
0.0122827531269095,8.00565524248458e-06
0.0054232711833204,3.0816635833009163e-06
0.0156740231681713,4.994760644549911e-05
0.0150432483390771,6.300225306731055e-05
0.0136383083762969,3.183639656598168e-05
0.0135998260250793,6.085616817342843e-05
0.0197030991208792,5.2757185528645584e-05
0.0051969832806523,4.4308790176599655e-06
0.0020380375157597,3.961158729647212e-09
0.0010380318957272,2.2532470707903382e-06
0.0007409565870305,1.1463401078381958e-05
0.0191852657699746,9.78191486290004e-05
0.0140969916503607,2.0177321470235177e-05
0.0080909733513841,8.679852007066596e-06
0.0159315611298506,8.240174343688666e-05
0.0041833865384309,3.4968084350832086e-08
0.0195293338207977,4.441720050123837e-05
0.0028994543518518,7.543396843408152e-07
0.0103130573643838,2.1272075142995256e-05
0.0127762643830085,4.027588050322788e-05
0.0143451756642662,7.008012399242652e-05
0.0175522294699433,7.946614164869687e-05
0.0130756819981432,2.510123010459617e-05
0.0189670679723463,0.00012474320594493696
0.0056364479875684,2.4950155437751155e-07
0.006367953018112,3.5533186519103196e-07
0.0165715115561955,0.00011815421563185964
0.014005153906933,4.046887643585436e-05
0.0153711327274117,7.713028633250561e-05
0.0049810099644483,3.032906228954261e-06
0.0064285262823873,2.423775713788499e-07
0.0154791359633617,4.16698603666144e-06
0.0169584443286992,0.00014109060227285671
0.0195263830854869,7.505158575549842e-06
0.0028367254134436,1.019303978901961e-06
0.0042578649533506,6.237511444319813e-07
0.0185077205944144,0.00011013601776652136
0.009006168888779,1.2215100092391241e-05
0.0012168406696075,2.967632686072189e-06
0.0139113454467179,5.588769434223297e-05
0.0141107565760197,4.990873125210873e-05
0.0145125701998378,7.265257120555194e-05
0.0187649530621296,8.767519083708268e-05
0.0185125070959669,8.413921988707497e-05
0.0036892140841984,1.9481243513988175e-07
0.019985780910944,2.466147004788831e-05
0.0112196918119825,4.948423716181797e-06
0.0081083931369469,2.2786615579205087e-05
0.0007728090976547,5.200132601484855e-06
0.0160941850705078,0.00010714997836555963
0.0127067144440905,6.340719757420566e-05
0.0091362215956016,1.8336421392097018e-06
0.0120320902552095,7.041421117644836e-06
0.0068300916838248,2.015623020076444e-06
0.0158671108473632,5.023700445872049e-05
0.0144674604335094,5.571303219573348e-05
0.0079335460801375,1.9550646040867727e-06
0.0166763022324004,5.932616451210798e-05
0.0192001107521825,8.776419701009764e-05
0.0014290667772143,8.97500164892478e-06
0.017194367837288,0.00011193407236908436
0.0095925061876247,1.0270473183327939e-05
0.0028052118832151,1.316688779530984e-06
0.0162430146368636,4.7255267348802135e-05
0.008604700544296,1.8438237015696493e-06
0.0148382350514142,2.6604668481599144e-05
0.0173182629118328,6.82565698934881e-05
0.0034614014777946,6.816948877037214e-07
0.0085577042297593,9.759346851611393e-06
0.0064296086842815,5.2982031757829106e-06
0.0195350351290762,0.0001348309348203991
0.0063430617140629,1.533424149514366e-06
0.0053020542674218,3.383438472644369e-06
0.011444601043771,1.950660367225347e-05
0.01393986181777,7.18463565015516e-05
0.0059448809803862,1.166103656366644e-06
0.0073157779348059,3.725284748824212e-06
0.019454397371402,1.805218763517065e-05
0.0192244102803077,0.00013614878227341157
0.0121528161351208,3.8265622835372816e-05
0.0097069793154209,2.6497284900768376e-05
0.0062906152986361,4.45627678182166e-06
0.0077574834682232,4.533896608792735e-06
0.0070918094978963,8.706374734136417e-06
0.010335692669252,2.211253462919371e-05
0.0105349980596515,2.5922760894448797e-05
0.0110614565966778,3.435504653380627e-05
0.0128713487454816,5.067259548315774e-05
0.0041350930948681,4.528836853771763e-07
0.0002890482503565,6.558759129368584e-06
0.0034250236978334,1.7983802063820623e-07
0.0118366936510818,1.3459799779221468e-05
0.0125197227073721,6.572874074135093e-05
0.0178209157636869,7.068754729847292e-05
0.0145756104635322,6.51685295339543e-05
0.0152032426593136,0.0001070194553643035
0.0071195201696916,6.82820308771426e-06
0.0102787173671714,3.017599978815526e-05
0.0179954075570701,5.7389111031286476e-05
0.0101165634162475,1.6670431838881817e-05
0.0087506651303075,3.743915796127827e-06
0.0021388100770063,1.6434857992553668e-09
0.0033619922871194,1.0387055863897154e-05
0.0073580257769702,1.0390012118081993e-07
0.0090209944265051,1.526457770705261e-05
0.0147141267961177,5.130660318071752e-05
0.0158306472484412,0.00012083471946146354
0.0090883036025991,2.8032724820308715e-05
0.0034847465053594,4.603756509442502e-07
0.0083988912459564,1.7890366131934747e-05
0.0178403243199219,0.00011370227625624104
0.0182779733724782,4.65360267057725e-06
0.0064393620631116,2.0642357188241833e-07
0.0070084325467543,6.303507157319263e-06
0.0014825465010648,5.895340783130736e-06
0.0012701735938604,2.669117863028426e-06
0.0103131494028046,3.401087193924433e-05
0.0099922636117625,3.576933650185321e-05
0.0122680338374018,3.3423902670218095e-05
0.0162727324516892,7.434834215659997e-05
0.0035760480970331,1.4913087200625867e-06
0.0081236531293884,4.7017116112726e-06
0.0119876612506555,3.13976669801315e-05
0.0183661403102428,7.740608926478443e-05
0.0137739382574526,1.4048707494245193e-06
0.0030117688611682,1.958226526745342e-06
0.0015962545464007,4.058868157171959e-06
0.0122144253304807,2.0502715299517847e-05
0.0119922430730382,2.3463587627774733e-05
0.0059064334394228,4.535437243454944e-06
0.0191138120509189,9.049046135055903e-05
0.0036414653235512,1.9552772076393787e-06
0.0124513607097319,4.766737268457247e-05
0.0114678460475471,4.7821574990460025e-05
0.0091540677756054,5.835423385770165e-06
0.016818547593343,5.922452975882976e-05
0.0083114979822402,1.594717961802859e-05
0.0074164680905775,1.8476667853548072e-05
0.0114372976281944,4.191591080617376e-05
0.014513563310345,3.987386523228875e-05
0.0038051812245052,1.8416229629950362e-06
0.008495739256137,8.532582125536364e-06
0.0018022966627666,8.493206352446367e-06
0.0096991994845945,1.443589300299129e-05
0.0153103369188005,8.194963173359957e-05
0.0148968744219306,6.2019743197807e-05
0.0012719119623617,1.2213054224218385e-05
0.016803814612643,5.9777815204125606e-05
0.0160384460847483,4.278844680716764e-05
0.0191308723568043,5.542011947312174e-05
0.0096028043713486,3.0271978290746266e-06
0.0148348234071267,6.318834199372488e-05
0.0048805509912665,6.837006306039414e-07
0.0170318095263929,0.0001048094249378381
0.0006745692414605,8.346072997829316e-06
0.0163277816685152,9.665221785349744e-05
0.0186072501456155,3.982732285094032e-05
0.0164327916692099,3.133619604156898e-05
0.007767343079341,6.847601264644256e-07
0.0114423020713609,2.6966446217244495e-05
0.005769795010712,7.943444244889112e-06
0.0079142359609563,2.2801578431269544e-05
0.0040143657386213,1.0058050521685867e-09
0.0075145587790204,1.3231857934963627e-05
0.0084461240867078,1.1517386512295682e-05
0.0083082152138706,9.874046288499881e-08
6.715052319566262e-05,2.1980580132693936e-06
0.0100197734292309,5.935809967801679e-06
0.0045222918635274,1.2520317449336378e-06
0.0140548910255605,8.137872382034888e-05
0.0041375262620334,1.6141176150659985e-06
0.007218084046179,6.4061056041548825e-06
0.0044234310201025,1.0738211592362614e-06
0.0185298242306073,0.00012853142726160512
0.0012059101777245,5.985211569433914e-06
0.0063883202800839,5.164852570646918e-06
0.0072820537270246,6.175834697778515e-06
0.0136922985822979,5.0062685473505454e-05
0.0067780850587536,1.243448853839138e-06
0.0145314368260515,7.467690669118052e-05
0.0027327646223744,8.31053191922184e-09
0.0139835118149662,4.656898780819078e-05
0.0080336860887303,1.1353512541058504e-05
0.0098821448937006,6.949862673928944e-06
0.0052536580305723,3.165435501004726e-06
0.0075593826211801,1.0561978525277221e-05
0.006439844811162,1.568137938808815e-05
0.0074970143252334,1.7008903156516206e-05
0.0152020631691939,2.4238386902146315e-05
0.00847664135507,2.1248753783748958e-05
0.0084788875567334,8.33091405024987e-06
0.0023467293182163,4.3014350568355905e-07
0.0047155395944246,2.5278672663168645e-06
0.0155635818977485,5.077403034207245e-05
0.0130088479783575,3.177364278269173e-05
0.003327393356206,1.2217866363576066e-07
0.000239129000469,9.358564766048881e-06
0.00469810846746,1.543118340290013e-06
0.0075299352895036,2.2774071687905275e-06
0.0132268113567598,3.9537895316917024e-05
0.0139374056714166,1.835857263856618e-05
0.0054271646297282,2.104187020483617e-06
0.0129291370775021,3.16545977954568e-05
0.0179636023684924,2.4458283284893117e-05
0.0032247719643152,2.2577508198942686e-07
0.002384112028297,1.1327847751492403e-05
0.0184123091950854,3.4485934637582585e-05
0.0112105616804167,1.0390857245968171e-05
0.018648789743969,6.95015304398235e-05
0.0125754678435534,3.8640550240333395e-05
0.0030530877138602,3.098148537186453e-10
0.0189485258784192,0.00014456045206226722
0.0079523731544095,1.5516790804678432e-06
0.0127603753859259,2.2268952863726017e-05
0.0122620554559309,4.398383183079058e-05
0.0020774806633507,2.173847609728392e-06
0.0085703348446099,2.315394633455636e-05
0.0060061486904432,1.2844382156889507e-06
0.0144309437857372,7.41416874188832e-05
0.0196504654794917,8.493455294165507e-05
0.0146571666061976,3.372937315436029e-06
0.0187102724992547,6.482843663787416e-06
0.0004810276772647,4.561936737382705e-06
0.0134779422610307,3.0480440375033995e-05
0.0078491197388388,8.105807639625133e-06
0.0163101008028965,7.263119960742395e-05
0.0199558849127495,4.872453883498327e-05
0.0189693315261393,0.00011381007605701778
0.0175235995241022,0.00014992852039080694
0.0048962540281136,1.871217292811313e-08
0.0072312240831979,1.1317974752779781e-05
0.0016165792654326,7.036008122863114e-07
0.0063820728219135,5.407497180375611e-06
0.0136623664923749,3.809158114981071e-05
0.0155781383556765,7.008977804744338e-05
0.0129617642265692,6.257504756548405e-05
0.0074889235135375,3.0867544946147906e-06
0.0162781537755781,1.810868770703916e-06
0.0089832582516752,1.1473027905536973e-05
0.0020137825568549,1.7553065748621265e-07
0.0029251027970669,1.2416048661192722e-06
0.0039116479114217,2.7586277036024998e-08
0.0165812364134575,8.64757885609548e-05
0.0010001402424462,1.5313623228294005e-05
0.0002057114103404,3.950196712463271e-06
0.0036840561250534,5.577007926243219e-06
0.0126962152407955,4.0016232035595e-05
0.0175248589862291,9.38694575246549e-05
0.0098211937526852,1.2879634748313015e-05
0.0091254571742348,1.605962832074965e-05
0.009861010764107,2.7848327041793523e-05
0.0056356547842496,1.1244035562565662e-06
0.0068552415993918,1.2774287112618412e-05
0.0135718288322464,5.565596653157672e-05
0.0191957967990772,0.00010342006357481408
0.0077331270223178,1.2879717774432623e-05
0.0034029349056747,7.100722373508955e-07
0.0177845899288639,3.221411556275945e-05
0.0116608523540726,3.222224953648543e-05
0.0009564190795083,4.111995171412898e-06
0.0079358358808423,1.6009024652937873e-05
0.0184055322725073,1.057877752303937e-05
0.0010286864167135,1.2054206867456538e-05
0.0069513516949035,9.4279518200581e-06
0.0070853789345075,8.354674032821686e-08
0.0086544494213506,1.3356635106249911e-05
0.008236461254019,1.269763248402739e-05
0.0070571168582573,1.0802715384806275e-05
0.0151557264380805,5.342680911011154e-05
0.0054271012072484,1.9554053039586747e-06
0.0002299702861166,2.0958900189997876e-05
0.0079235101365987,2.6003260575731384e-06
0.0051854381701971,1.9053512244104558e-07
0.0023114569165658,2.594607671419358e-08
0.0009997799435879,2.23828404608912e-06
0.0119475435180928,5.35958106733164e-05
0.0155438080754646,6.0718152879998344e-05
0.0138572191815218,5.970103437601308e-05
0.0021571007951132,1.680604682754715e-06
0.0113609581487993,3.979393068733472e-05
0.0013280367045592,9.326200511203684e-07
0.0108215241376059,3.949855242491372e-05
0.0113708422078877,1.8167590916142834e-05
0.0025101323953065,3.2853986888202705e-08
0.0018609895071982,3.0105824353001726e-07
0.0138732521966871,4.283442080040069e-05
0.004326279330838,6.900545876886816e-08
0.0119243341430492,4.4863529070071005e-05
0.0034160113882147,2.1183874196520178e-07
0.0037147653213889,5.544956594299422e-07
0.0020786726578154,2.9257746903825767e-06
0.0072637965064293,2.8194963259400244e-06
0.0025831223366723,1.58287694150445e-06
0.018479272411647,0.00010061441096890787
0.004437344480089,3.115722510775844e-06
0.0106944529332325,2.7367306458144913e-05
0.0023491916268362,4.2870882943485043e-07
0.017785949381586,3.721394171933135e-06
0.0170950433276645,4.7995463178528826e-05
0.0033794204688798,1.1372870580783302e-06
0.0002599077871011,8.495168505474726e-06
0.0097881845096615,7.039254186709248e-06
0.0184351899578855,3.539725405108509e-05
0.0092284420359254,1.46097908318287e-05
0.0139688544049295,9.385934595874464e-06
0.0072358683887355,2.55278429765697e-06
0.0069482198867276,2.636829947526747e-07
0.0187575020229271,0.00011777017234057034
0.0167772363342415,7.987682186387049e-05
0.0051347694740251,2.99020552522403e-06
0.0181811886659028,8.974777593163518e-05
0.0085156238430822,4.998226987177574e-06
0.0060628121022918,1.2843294498850907e-06
0.0118592792879061,6.280954745826926e-05
0.0165741414127886,4.340214520829912e-05
0.0187752189876864,0.00013791374647355003
0.012755650173037,1.037211537783846e-05
0.0112051048662372,4.5841861038032246e-05
0.0184819693965056,3.460813715728452e-05
0.0132854482819652,2.0321657550552233e-06
0.000714572589194,2.734190586302623e-06
0.0006039797895733,4.8051367872127676e-06
0.0111787304937463,2.0700132745856596e-05
0.010545543240225,8.027792726270899e-06
0.0157929751153901,7.612360969380485e-05
0.0098332488050256,1.1145351723205678e-05
0.0022474656083221,1.8745036572301622e-06
0.0089465372002876,1.4040857402140671e-05
0.0037812636304945,1.1298878880346708e-06
0.016475373913253,6.930635926514379e-05
0.01882345380127,0.00011587309189361143
0.0077761134427926,2.599605832023708e-05
0.0165934170496599,2.997989201710861e-05
0.0011234153846375,3.0933341827225574e-06
0.01169396241127,5.396742538804062e-05
0.0158484006368451,7.292291393407401e-05
0.0003559112694502,6.156125692899766e-06
0.0002003303574133,1.7760762098305523e-05
0.0134573229486467,2.8192899513439537e-05
0.0177935111786232,8.294373152749627e-05
0.0190304838365056,0.00010285135812066577
0.0173646683198152,6.861213291741904e-05
0.0084300569299794,6.078287219723621e-06
0.0094112724935879,2.264896791140826e-05
0.0195308840241889,0.00016959199810782656
0.0018392742819264,7.147270474707269e-07
0.0148777754824617,7.26979722565604e-05
0.0098771276478113,3.948639915253572e-05
0.0069589672840257,3.6098770521275214e-06
0.0053154939611947,4.875819167110936e-06
0.0046730370597251,9.461362159482513e-07
0.0089138599091306,1.718808501579492e-05
0.0174151779131535,0.00010550841407917432
0.0156170505076206,4.665196143547666e-05
0.0049967219198641,1.590351772063697e-07
0.0192519107329015,0.00011244719496360649
0.0122217634626574,3.6453720998826545e-05
0.0126766118391108,2.4901885677962076e-05
0.0114281641342437,1.2451842184029133e-05
0.0060795185065793,8.437094966733571e-06
0.0184734347768503,3.863218090909932e-12
0.0053219102712107,5.447191615142433e-07
0.0128258565734846,7.166804451348379e-05
0.0066040162110913,3.7548089857497316e-06
0.0103841579963948,2.688032232500886e-05
0.0097710738054944,1.7273223068638568e-05
0.0053960564278733,1.181021034461145e-07
0.0071481737264907,1.3327753755138313e-05
0.0123873366425989,4.4435803612294104e-05
0.0071865514158232,9.11200362285718e-06
0.0015132440108685,6.848495138144693e-07
0.0128290554361899,5.725242783395357e-05
0.0079836506845441,4.160282818442986e-06
0.0056418984761807,5.0491690165474595e-06
0.0180118584251852,3.259999372711436e-05
0.0181409265351748,7.487651305127465e-05
0.0082592927107425,1.3940207409448945e-05
6.233769411235102e-05,4.490907933436348e-06
0.018362297248946,0.00010557666421968257
0.0040522706355772,2.0464994797697404e-07
0.0033364431863389,8.588664384079774e-11
0.0040702185992887,1.649039358383009e-05
0.0156150122049941,1.5948687266103552e-05
0.0146821193472356,6.094102869797619e-05
0.018290132197415,9.14080431924835e-05
0.0147488305509834,6.138873585893439e-05
0.0014987638580472,9.316474979430557e-06
0.008348356962263,3.866126868914008e-06
0.0085136160161892,1.6470506781782158e-05
0.0133972855003561,6.369258176764082e-05
0.0056858252752238,2.3959077207885985e-06
0.0066090415443551,1.5333680275485158e-06
0.0069390475133263,9.660309175929562e-06
0.0114128483200254,1.4535691469589473e-05
0.0163191397251625,5.476462251570244e-05
0.0004620064374926,8.340740763316572e-07
0.0154825737128126,8.435531663982111e-05
2.941896760036977e-05,4.8074919043045105e-06
0.0199863857575643,7.00122444054905e-05
0.0134291610014988,5.825998749313612e-05
0.0187282699966525,9.060049896967261e-05
0.0115159012436598,3.24940300351976e-06
0.0011794324497927,4.755340807412161e-06
0.0008766595355702,7.885662685356146e-06
0.0026531803110916,5.000964763343453e-06
0.0070356479932941,9.621704140114202e-06
0.0165214133585454,5.2204148750084465e-05
0.0075437800364565,1.9022360878869522e-06
0.0122813936963944,4.379356254491476e-05
0.0114997879948632,2.4954713706822187e-05
0.0080333814766687,1.955654394973353e-06
0.0083824867640412,1.5508623912230827e-05
0.0172409718912871,2.9588423217245136e-05
0.003876488692636,1.4800809716023346e-06
0.0047378153926679,3.520452786743613e-06
0.004660040350335,1.2477501859609276e-07
0.016452594071622,8.628083331384251e-05
0.0083981865333465,1.3770355824780232e-09
0.0176227529252729,8.680135734468298e-05
0.0035947132132014,3.767624965991496e-09
0.0188708731125394,3.600664740561188e-05
0.018758899964914,5.777296208574399e-05
0.0028222461663516,2.4982851978571792e-08
0.008990100964763,5.570750465505576e-06
0.0057298852726529,3.2245996009545153e-06
0.0046002650351097,5.148415231132367e-06
0.0039367148068485,3.747192644847953e-11
0.0039139045422739,2.6804097754073773e-06
0.0048322223364689,4.9349516186334636e-06
0.0185456892040305,0.00014024478645377407
0.0044489403111372,2.088028630508683e-06
0.0020715104439456,9.420873004478896e-06
0.012549809617876,1.0930498122492144e-05
0.0068909079646547,8.026743874153075e-06
0.01637391389258,8.119910444476055e-05
0.0110642135923482,3.076773204509482e-06
0.0055759311804617,2.509902747423784e-06
0.0034167393942958,1.8325571541932921e-06
0.0127173436031859,4.652220077669909e-05
0.0169970034317804,3.6898053989001446e-05
0.0185764221733963,8.637431446917563e-05
0.0073329169679249,7.667350837982143e-06
0.0151849349555399,3.7874840475742534e-05
0.0194701349646788,3.284213893683334e-05
0.0141387995771129,7.766142219693449e-05
0.0040237963162905,6.854241895147259e-07
0.0015290720156856,3.289033493474641e-06
0.0191235481516277,9.239414378700042e-05
0.0168970892919646,3.361219701849614e-06
0.018772714296493,6.92457177364277e-05
0.0197058680504856,2.117471678916077e-05
0.0010053448620148,3.343967422395664e-06
0.015560389562733,5.851500681832769e-05
0.0146877522159406,5.6048793500111134e-05
0.0054115875345343,6.785084525428117e-06
0.0103387909541298,1.6676619156318373e-05
0.0186789077806493,8.940490737617002e-05
0.0146142054617897,4.5733579664492436e-05
0.0003564860156687,1.1362839606981088e-05
0.0044301939128781,4.8195451015278096e-08
0.0009888708298869,1.1780152465136584e-05
0.0087573052519108,2.561321943053477e-05
0.012700284703819,7.978175767965028e-05
0.0197616118554043,0.00013120564355496986
0.003893243939875,1.2147028965932452e-05
0.017838880090165,8.499976239999842e-05
0.0168063926908921,7.779959348200824e-05
0.0071219188073297,5.53627406544009e-06
0.0095643265925598,3.7681562931791283e-05
0.0047780467559817,6.443072205228211e-07
0.0069846902898109,2.811545107440944e-09
0.001520213165692,4.014326841055648e-06
0.0068504229467866,4.394942825927906e-06
0.0103676150441158,6.330609636274812e-06
0.0092691302879284,2.2477892334216136e-05
0.0011627835682217,1.3129203209230985e-05
0.0077038474078377,8.692432514491184e-06
0.0076081016192041,5.693526737107085e-06
0.0156406040962972,8.876352466309104e-05
0.0088250743020153,1.6512357532059223e-05
0.0186348466023055,0.00015231397761172072
0.0034238409192685,3.0976863077964743e-08
0.0138073708205596,2.3678933195774442e-05
0.0116802346160879,1.3148459280659792e-07
0.0048344275827239,1.6773319503770028e-06
7.369985176972183e-05,1.0623079956424816e-05
0.0147505895620641,4.536965621547232e-05
0.0002980562520162,4.238837176003204e-06
0.0012105430046818,3.970338359169334e-06
0.0195452484834863,8.068587215258068e-05
0.016253067726602,6.433026208974193e-05
0.0086221087957853,6.800793110999691e-07
0.0087321123738058,2.7135515839447925e-05
0.0041159233285429,3.9431732900567844e-08
0.006693674140869,3.803144097803067e-06
0.008084200015358,1.419805544994711e-05
0.0183538394607723,8.822241491845972e-05
0.0093988832210573,1.753123023474172e-05
0.0057413276842359,1.7311682977778127e-06
0.0089974867475099,6.0957598849005975e-06
0.0117366412759914,2.9851808122132068e-05
0.0182923837693374,9.307550096870428e-05
0.0065012571065125,1.7116934295038535e-05
0.0006824193799535,1.795596654413136e-05
0.0195656982196322,6.813156750275036e-05
0.0128460414294981,1.9464191062542854e-05
0.0005534110449945,3.183826623599803e-06
0.007745734758816,7.405077022425134e-06
0.009492433658937,1.1301382406584339e-06
0.0164424033216938,7.427620208702915e-05
0.0119437918733907,4.6833845331005915e-05
0.0020375190308598,9.191977687446021e-07
0.0118494339609599,2.7208050012057187e-05
0.0119835351860221,2.514641097159808e-05
0.0126011708969393,1.7134696487224992e-05
0.0196821349867777,4.997627244059122e-05
2.088303154752724e-05,5.556012224442969e-06
0.0155183071512318,7.743708852273164e-05
0.0126316470637184,3.315516820968911e-05
0.0105939857852215,3.917117025270627e-05
0.0115304564170749,8.213951928119561e-06
0.0151798901213244,0.00010605747620831866
0.005968602146639,4.5991225724305704e-06
0.0064404796399426,8.559012890183643e-06
0.0064672833089614,4.175259128247366e-06
0.0029272353952747,2.1111911809435092e-07
0.0060442063821876,9.20227282045874e-07
0.0124710515434382,4.3117294851395396e-05
0.0166556794722279,7.019312578876255e-05
0.0142411955879947,0.00010343170315307124
0.0121624595048456,1.5085016207297101e-05
0.0042125469480827,3.759067202776256e-07
0.0127004017786416,4.756318415256616e-05
0.0130044694758109,4.6989410721238995e-05
0.0054955208506305,6.00579351944385e-06
0.00118368679767,1.261063969304828e-06
0.0152376287992918,7.32579408313929e-05
0.0078123665945855,1.6983992079410376e-06
0.0127497031817182,4.680044988666362e-05
0.0078599539234657,1.738822508284584e-05
0.0063274140529624,5.644403185735963e-07
0.004177074556817,3.861699590975424e-06
0.0040015393963299,2.7284929380880292e-08
0.0184929151979991,8.013838215841269e-05
0.0044999905640986,4.5690152852026686e-07
0.0026067188443654,3.53337547245755e-08
0.0126400139939427,3.4969927302667626e-05
0.0153187212103141,3.201841717372496e-05
0.0099539693370744,2.5295483235568064e-05
0.0164099335609934,9.504895633761982e-05
0.0049789274805226,3.0142553619114757e-09
0.016626948054964,1.2397529995887535e-05
0.001685502066602,8.474301360105235e-07
0.0178420833229227,5.957174618156573e-05
0.014779125108606,5.2119138325977456e-05
0.0012860354355522,1.2018029452681292e-05
0.0124636142687537,2.683058389557791e-05
0.0037929937899476,1.359084180862379e-08
0.0189494773600016,9.067857144754918e-05
0.0011898673759949,8.38700377967188e-06
0.0188685956775807,0.00010229980692535019
0.0150934083358542,3.156809020116574e-05
0.0055290234749947,3.977472763805684e-06
0.0035416437074729,4.119336035377482e-08
0.0198914503779166,5.2979549564531004e-05
0.0048167909155272,1.5171365703172922e-07
0.0082253164485122,2.0146042005895342e-06
0.0037102274833161,1.3901191036911859e-06
0.0133799905024534,2.032843989642792e-05
0.0173355541410864,8.323413965886331e-05
0.0067572623168195,1.6049498293756846e-06
0.0104699834231994,5.6060102642292945e-06
0.0028843600858768,3.234139200103572e-06
0.0098738771513818,1.3095625474650855e-05
0.00642666727929,2.705473946872036e-06
0.0156660210128824,1.6841418283331294e-06
0.001777525247192,6.767845689835758e-07
0.0174047527610581,8.591829759276331e-05
0.015487521928783,2.783963710765509e-05
0.0170641454922475,0.00010509064384676236
0.0023117953456707,3.101395869363104e-06
0.019415470004344,0.00014763336347862438
0.0039507126257448,4.609738710594238e-07
0.0038788165258288,7.780417638772751e-07
0.0034559646356864,4.3501554115169954e-07
0.0029713373802129,2.7423416172803735e-06
0.007090341056514,3.2033532486045686e-10
0.0058803417625857,6.765834007601116e-06
0.007884191656624,1.805046004272395e-05
0.0043118235053459,5.131144899780468e-06
0.0123220186773073,4.955519277777081e-05
0.0034768149437565,2.1666864354480783e-06
0.0075678999023468,1.6593220719396043e-05
0.0019956905025174,5.1259180295999284e-06
0.0024961335948001,7.670641743664204e-07
0.0150152901513137,5.715628744136697e-05
0.0065892174887781,1.1660745024290987e-05
0.0088957292072605,2.0406487844553532e-05
0.00071513045542,7.481889063972448e-06
0.0027548434866464,1.7605635260532548e-07
0.0129238492911761,7.71611836919688e-06
0.001505301532608,2.463081016898942e-06
0.014149759991298,1.3644033758376206e-06
0.0167387961091384,2.2033875075675788e-05
0.0199882739854791,0.00011617462714048229
0.0122514032235824,2.9276169904166337e-05
0.0053651582842112,2.8311716225021447e-07
0.0002908247129191,1.6523829972030167e-05
0.0177570845465252,0.00010905686137382605
0.0015915403557344,6.576469887319377e-06
0.0060594565016437,1.075039896571312e-06
0.0199788653111767,7.877350373891221e-05
0.012300268656489,4.4713650136060646e-05
0.0133851871259311,4.533246803469075e-05
0.01328958309818,3.0382937247964333e-05
0.0125746565319148,3.408071481367752e-05
0.0042893942190595,6.421543025972552e-07
0.0003557106391152,6.768747210238783e-06
0.019425439080432,8.640535524877081e-05
0.0179538174205998,9.844483259308669e-05
0.0149312368303804,4.034532953478283e-05
0.0146047731189577,5.4620987679317065e-05
0.0032167954842826,5.048110219707099e-07
4.075374807356092e-05,8.709136873904027e-06
0.0054991076142463,6.392091969412153e-06
0.0150844413156252,8.713132502454295e-05
0.0004165698834901,3.71085470570421e-05
0.0033996077817647,3.8265755210043835e-09
0.0048554486597096,5.053758141491765e-07
0.0199784630393667,0.00014424694627218444
0.0068915142673545,3.9934162176353726e-06
0.0135129383629519,3.9544894033279964e-05
0.011550823582567,6.363823995624494e-05
0.0090187803107295,1.3753004416563543e-07
0.0151969606025112,6.643578867750856e-05
0.0041072525239559,1.1871631654793674e-06
0.0073786759291293,7.726249559557734e-06
0.0115444903566763,2.1575928619121475e-05
0.0145593356524485,6.843178903605944e-05
0.0139008524432461,1.7100930180669278e-05
0.0008655434567778,6.286481670909986e-06
0.0139460234799559,5.8252301342932247e-05
0.0118740611366958,2.8035275433768223e-05
0.0072348523547555,8.181376424339881e-06
0.00788631756041,2.609023700318949e-05
0.0096663246017663,2.356137201600969e-05
0.0130209686909596,3.289362538085732e-05
0.0180420293728868,3.418781286331889e-05
0.0197428985816532,0.00019473886112393024
0.0119540374920907,1.8659208371378307e-05
0.0113587600550449,3.984613332677423e-05
0.0066996348543859,4.996205589527839e-08
0.0001435658077162,6.922185007247474e-06
0.0132783077103396,2.7239397425800238e-05
0.0054743176700289,4.01522180486586e-06
0.0154242280224625,5.3898526552083746e-05
0.0177285320115175,3.6694301415068954e-05
0.0168091179076405,8.294219247588677e-05
0.0031795238395219,2.957853125098236e-08
0.0024293063087148,1.5518561355146696e-06
0.0058368062755138,9.016858252159553e-07
0.0171425792397139,7.271117064959423e-05
0.0148699414251036,3.776978761629694e-05
0.0195782987778588,9.579045532136395e-05
0.0008529591722689,4.271391650618061e-06
0.0123592376050332,2.873763403488932e-05
0.0041171558396611,1.4887645098241361e-06
0.0096835749467294,1.7116699350011075e-05
0.0136912920596129,7.056386603667513e-05
0.0066010064761876,1.4380040867826097e-05
0.007393486312832,4.754535297559921e-06
0.0163655611322635,4.7245335556916765e-05
0.0141311610666943,2.0889731201413118e-05
0.0156859342258894,2.784892116227124e-05
0.0141649243200108,6.842068856558774e-05
0.0154179297837322,1.6913872677924043e-05
0.016048876203736,2.4000366785624326e-06
0.0120348425397035,1.731578930398289e-05
0.0022548094802211,9.536875149206192e-07
0.0031207505489119,3.5509665509617677e-07
0.0126882687761437,1.6930421746581976e-05
0.0080438455631873,1.7700375541396625e-05
0.0161364170016121,6.147065072291404e-07
0.0143515678436994,3.0322416942839384e-05
0.0180314098120271,2.312420706294537e-06
0.0123626672454158,3.8630831842579195e-05
0.0009485345630249,3.475580235969363e-06
0.0153699759683213,4.521003442974432e-05
0.0122826109994192,2.607481579166448e-05
0.0109476926721029,3.240040171681979e-05
0.0125798411742398,4.684231277563252e-05
0.0035431110075832,4.7590619984417304e-08
0.0032293235767295,9.446838091894229e-07
0.0144690671197668,6.38822743481719e-05
0.019675898138418,0.0001292200895277984
0.0167142715259089,3.2295796815851787e-05
0.0101931917011636,1.8410819430675236e-05
0.0193679913928143,5.849781511554938e-05
0.0105850363358303,4.260537434290151e-05
0.0036110022928177,2.825475543234423e-10
0.011708446018101,3.341167233555575e-05
0.0172015398017194,4.750108495090295e-08
0.0183815721752727,0.0001299263257012539
0.0142919373612901,3.461470507217547e-05
0.0149559672717202,8.6183464846536e-05
0.0105361993965534,1.107119356678011e-05
0.014464375136641,1.3576156489955289e-05
0.0176263333225838,6.936748822308662e-05
0.009662698880436,3.318108711786042e-05
0.000656756401247,9.876365748019614e-06
0.008253078269824,6.721926139855939e-06
0.0162088290839235,8.308734187417515e-05
0.0173348744912133,4.032638165228318e-05
0.0021441553197548,1.1979211490157134e-07
0.0116370883683417,4.142561588369233e-05
0.0045289299972889,2.5421395130741034e-06
0.0180935205691658,6.90703754115089e-05
0.0013210928469903,3.6372251620760463e-06
0.0134547589176925,4.208141797433439e-07
0.0107559105632405,1.3729403008441242e-05
0.0043573516529655,3.7600914396916403e-06
0.0088826318828952,1.0657262308706094e-05
0.0141221788018022,4.393683748629973e-05
0.0173040047421087,8.897920466956022e-05
0.0198218339333186,9.136951394574576e-05
0.0085595906190856,8.265575197762389e-06
0.0081349036187493,1.1785687663101648e-05
0.0019002141859495,7.272436581919677e-07
0.0170776860424611,1.4768605559392086e-05
0.0100910810231483,4.344714186978721e-05
0.0184842685513566,5.329894624175561e-05
0.0172381906894339,4.5734520427684576e-05
0.0082822971954968,1.464177302292737e-05
0.0111290010273235,6.220099890346668e-06
0.0092459719031131,7.76025751396414e-06
0.0009110472161915,1.1787333716043242e-06
0.0052906029163941,7.712467815347032e-07
0.008775558548173,1.6761714600540377e-05
0.0057949682186391,4.849566792187973e-07
0.0029957266991667,3.359218774061719e-06
0.0181285626253282,8.330038259882955e-05
0.0142545678943728,6.923097418171765e-05
0.0095839844455265,1.8291264449717277e-05
0.0039603454789861,7.979438759421057e-07
0.0197333384092896,9.968905996682323e-05
0.016638971393346,9.44613996034869e-05
0.0042217857396119,8.812961645021454e-06
0.0006340429587695,9.464851306888969e-06
0.0128090136416525,4.025203228276122e-05
0.0052564896900666,3.2125068114082186e-05
0.0088550654666995,1.1311904472445354e-05
0.0051052176224131,3.07381408482157e-07
0.0111488720855112,2.3814746751087726e-05
0.0183802318464174,6.047578277324746e-05
0.0064393026197361,5.298954123091177e-08
0.0074451862835292,8.592538752984379e-06
0.0072302274725287,5.928683465415335e-07
0.0159487542884977,0.00010400389396443415
0.0190486706957133,0.00012605027520381498
0.005639926153031,7.440654786788357e-06
0.0150271284739236,0.00010051343605948368
0.0133279071945932,4.7934308848710535e-05
0.0032638915700279,9.524424101007939e-08
0.0019494050278257,5.1315500635692095e-06
0.0092311956748362,8.945095408973948e-06
0.0055227064367077,5.283968391736467e-06
0.0093690388021333,8.383997627577518e-07
0.0042249394275733,1.6175308648670883e-06
0.0086090341772979,9.685303387053477e-06
0.0047121026688055,1.0470345409078372e-05
0.0183923519584696,8.410365839135594e-05
0.0048704379830902,1.306353181219156e-07
0.0131420341867432,2.2258344962393038e-05
0.0088428744222185,1.9894815728050902e-05
0.0023105727924108,1.4168443776402095e-08
0.0015198222072282,1.5459908644222438e-06
0.0156851039372233,4.152853045326633e-05
0.0059022858954332,7.118567929340975e-07
0.0188866971041625,6.043376783919372e-05
0.0073082418399874,8.068780308950199e-06
0.0031267996547672,1.5387541551092145e-05
0.0057778221166223,3.615285528550197e-08
0.0154437911394028,8.77944841153927e-05
0.006891194023937,3.1653680105804145e-06
0.0115284581482051,3.4420944781942004e-05
0.0095632485263925,3.0164159259275853e-05
0.0112332905191205,2.2476377755315563e-05
0.0056209384630351,5.552590165056124e-06
0.0179885893875083,5.7033921131349135e-05
0.0153328358598056,5.2856760498260113e-05
0.0198788002382751,8.295141761641167e-05
0.0160449803343079,7.672547829172198e-05
0.0033690543776904,4.818228314760082e-07
0.0067498173806234,5.145990410476968e-06
0.0022921597971835,1.3756451175972034e-05
0.0008848803556166,3.876259801910302e-06
0.0164191544755592,3.804497427594433e-05
0.0155266970233745,5.2987071230357434e-05
0.0078932084409366,1.1498486028579608e-06
0.0120876789405991,4.665932329797168e-05
0.0180897470284899,7.787528892802888e-05
0.0154314627968002,8.024666086940147e-05
0.011513837891109,3.11476252301858e-05
0.0034885816277249,1.1969107751374476e-06
0.0005320354224586,5.124257358418005e-06
0.0114588786490509,3.2740559732628263e-05
0.0045991572015521,9.942327860149715e-08
0.0021082670391095,2.1845171589298205e-08
0.0161184395821612,3.584827757416867e-05
0.0131877464611427,3.309125729016609e-05
0.0162923173473078,7.720165771541339e-05
0.0191441106122145,9.795766751117716e-08
0.0047788083657931,6.105649285674345e-07
0.0113395543027237,1.3324417716298903e-05
0.0139059371204898,3.224612740327046e-05
0.0137863149727731,1.62105613183731e-05
0.0049029713227841,1.101412284437278e-05
0.0108049877754147,1.0704152866629245e-05
0.0175293524120301,0.00013895700352769137
0.01497333885451,6.867173997164077e-05
0.0047837997869163,5.153019674912534e-07
0.0106296990924691,4.000333305708378e-05
0.0016549929166526,5.9431007315103705e-06
0.0064586155379481,7.056179410504886e-06
0.006435084622539,9.171657890970296e-06
0.0103553462640659,4.715133394849097e-10
0.015883765401962,3.1887695535215456e-05
0.0050358684524936,6.7805595069383204e-06
0.0197337255195991,7.104136226455291e-05
0.0189787952813907,0.00013233624809743538
0.0129438385194342,9.283632628166987e-06
0.0094479829562368,1.4745105393294107e-05
0.0100649160716042,2.4521338540245446e-05
0.0086549474582955,6.562758475910971e-06
0.0059260144959584,5.034395853228599e-08
0.015998658322047,6.619949840989309e-05
0.0134819197589032,4.558797366060518e-05
0.0052989841115777,1.4251181388938415e-06
0.0143687186875762,7.665486909320332e-05
0.0056126912169759,4.931879033893853e-08
0.0168475306389408,6.683138433242595e-05
0.0152205125326572,3.339006944078352e-05
0.0172158315767745,3.564536714779487e-05
0.019991447024576,0.00020649453873680478
0.0180433225509736,5.697317257437449e-05
0.0012568379149349,6.870068151932116e-06
0.0083149254024543,1.2723330086967674e-05
0.0125835623814854,9.847250797675253e-06
0.0023417625142986,7.412523392670429e-07
0.015434176111303,4.1264185578433e-05
0.0157822699309456,6.38252574505862e-05
0.0003871904638607,1.0229423315166255e-05
0.0171836747821167,3.064931263129171e-05
0.0110551414923217,5.398792531414624e-05
0.0150379587484092,6.503544397780387e-05
0.0054550897098658,7.774200319774449e-07
0.0069260065591915,1.0047781607174388e-05
0.007651142386381,4.976432575757552e-06
0.019077200679769,3.2301469299484766e-05
0.001049160996572,2.0509898565559053e-05
0.0030432842267787,2.2700096513193553e-07
0.0002125654382147,4.351100334881564e-06
0.0108519387590246,2.6920537693217905e-05
0.0148050557616261,3.915742651761606e-05
0.0098642440364894,1.2313309128461369e-06
0.0160713375480832,1.2392859289085515e-05
0.0050400260315274,5.785722501360573e-06
0.0004888760063869,1.1446723125203277e-05
0.0063232593424742,4.332101076102952e-06
0.0119616189237798,5.348723036736911e-05
0.0053972345146266,7.471624035128942e-07
0.0080412936373601,5.89858608558108e-06
0.0088551385306546,2.2703545841737236e-05
0.0022570824028978,3.3372685387589587e-06
0.0119171122349049,2.3738282137240452e-05
0.0157392257462839,3.299595321391054e-05
0.0050528074422978,1.7679700218568734e-06
0.0088535903235945,1.106496744170367e-05
0.0171322954803128,8.790089484857841e-05
0.0063674481723793,1.401091050342121e-06
0.013490053787579,3.64487545274407e-05
0.0127329322887554,2.228364482414182e-05
0.01544300091876,4.529281850637781e-05
0.0071816139261934,1.2588669097172821e-05
0.0137242420208061,2.8025040157621643e-05
0.0044788493676539,1.4765703109085007e-06
0.0168281965930408,4.516455164152671e-05
0.0133369074035602,9.32728758724516e-05
0.0041452261684582,7.184236081120634e-07
0.0092365229946649,1.8318550773135995e-06
0.0135010130469293,5.526346502789698e-05
0.0164121335052054,3.7778592658389334e-05
0.0096766470744066,8.568612227519842e-06
0.0152021029703411,5.4321190389214374e-05
0.0139021127663353,3.8521975055314145e-05
0.012048052310869,3.380990299493183e-05
0.0197693115344858,2.2962039447651144e-05
0.0013757206733386,1.4482612528175859e-06
0.0122408516890542,5.3513121583730165e-05
0.0131197457349124,2.1132473655173484e-05
0.0132018667759899,5.981251226795873e-05
0.0055380124869156,5.078819180040111e-06
0.0077592280683205,7.83538442892492e-08
0.0050151701156282,1.3633576238989758e-06
0.0091176813505073,1.685981429929297e-06
0.0174015390435799,8.594622290633913e-05
0.0164888672109528,3.7143983808460614e-05
0.0116042713127337,2.275959471400537e-05
0.0077640170578965,1.2498526302112495e-05
0.0157690705263191,2.5873825368880624e-05
0.0158405360753824,4.265519266207535e-05
0.0027417070808549,2.250546818651685e-06
0.0181013667848431,5.328113863802859e-05
0.0149346386794577,4.849029314435255e-05
0.0119066704756142,3.8848347683335184e-05
0.0018441875998621,5.2448011186037865e-06
0.0035238416112561,1.2122751009064467e-06
0.0032235349551812,1.8243781499351805e-07
0.0167911540379206,1.6609985377309164e-05
0.0134724684197126,4.308038623936237e-05
0.0008504370898133,9.321720816766607e-06
0.0169395282277183,6.096068680719956e-05
0.0148533576403552,3.164536687558665e-05
0.0088721758559754,8.213257916460553e-07
0.0103506205963076,1.0052461704625827e-05
0.0113876447956779,1.9350457095858376e-05
0.0023352661920739,5.9826450008029575e-06
0.0032706647017314,4.529512759362302e-07
0.0106360769844832,4.829632701377063e-06
0.0104281152086993,2.7984343341011582e-05
0.0056456838538208,2.34804088053348e-08
0.0182520355174697,2.0289168279039414e-05
0.0072173427401672,5.9396042109073e-06
0.0113101544260202,5.8285457116018433e-05
0.0108356742775421,3.268365938035152e-05
0.0062229331905964,1.919425315536107e-06
0.015045300261929,0.0001080440379138606
0.018813577059558,0.00017657924034215075
0.006946811255702,2.624793898584646e-06
0.0085213865011584,6.621282143595626e-06
0.0039557191753346,4.0128630471020354e-08
0.0076492967759873,1.7578183977702338e-06
0.0081478176480403,2.865049786438788e-06
0.0046875251470233,6.606327834044475e-07
0.0139073470496942,5.306935923210189e-05
0.0154708353737216,8.986985263252021e-05
0.0007069029644366,3.5155858900606955e-06
0.0013005731795727,9.382259829054825e-06
0.0170111944048921,6.34867243972605e-05
0.0043270592386991,5.509200641909403e-07
0.0139126038011211,8.630046684484303e-05
0.0125562247140658,4.3842956627728934e-05
0.0114494573116749,1.883546792166156e-05
0.0019313358258182,9.587313314216476e-07
0.014942263807633,4.3713724404854115e-05
0.0081098954473949,5.97799162007221e-06
0.0052081499202754,1.044585372180446e-06
0.0141417502683375,2.8948074974552623e-05
0.0155823863795777,5.8822216733451614e-05
0.0008907314438774,4.195969811746908e-06
0.0053365954189209,2.044180067390524e-07
0.0023234932048526,6.563751493619201e-06
0.0178042755482421,1.0571947987793424e-05
0.0134625505694221,3.6205068478177816e-05
0.0025076059135129,1.4688077194660937e-07
0.0133785213293891,6.470816344516573e-05
0.0095753803380349,3.385734608124447e-05
0.0058967384320001,2.1557003681134998e-07
0.0196231639948351,0.00021983730192700083
0.0014569352582879,2.0626287635085677e-06
0.0032290129031266,4.0263045393262415e-07
0.0020955808058926,1.1829692493438614e-06
0.0023178206722564,1.5064165441917557e-06
0.005291539856502,1.8152694833588459e-06
0.0089350453726779,1.8055242833406882e-05
0.0058992501589868,7.551707942743499e-06
0.0181441900178506,1.5215794360819062e-05
0.0077155654253123,5.060139465960104e-06
0.010992214063245,1.7631096995337897e-05
0.0085122498001479,2.108219332177998e-05
0.0028422719787955,1.6668108703637527e-06
0.0087161177258791,2.2087562591553676e-05
0.0154452053293949,6.973382640514984e-05
0.0009451813446006,2.8015057207188775e-06
0.017190277914569,8.633827558250858e-05
0.0129412249613452,2.7000970912907363e-05
0.0131081681002954,5.376177531865488e-06
0.0165389432671409,2.695126818201524e-07
0.0025564559517416,1.1591192415132719e-07
0.0125465772409379,1.9461732217944133e-05
0.0153533796392906,5.125744367857238e-05
0.0119581793696804,2.091616619789978e-05
0.0010167573860908,2.461753395211051e-06
0.0158663694068857,6.930214758857927e-05
0.0188782175919663,6.956178252500403e-05
0.0070637484128235,5.552784987601292e-06
0.0018902940924819,2.651489370819612e-06
0.006960815409639,3.605169674813032e-06
0.0102900749695871,1.977599931166602e-05
0.0085756381118931,2.0729404336785124e-05
0.0048448182464777,2.5057752559722476e-06
0.0113570666054185,2.943375836663267e-06
0.00955817218577,2.346687000292828e-05
0.017677336310699,9.021779783946429e-05
0.0048328614376232,1.92734438760753e-06
0.0071500405192405,5.376478545247231e-07
0.0198034736755084,8.123836414826842e-05
0.0038522925052115,5.200993269085577e-06
0.0077909507396515,1.6714518313974937e-05
0.0182601710980046,0.00014843413000558762
0.019068991392132,3.758601461878536e-05
0.0115636092599227,2.440463322722399e-05
0.013772193709151,6.103904740312745e-05
0.0170139742105955,1.786229366890512e-05
0.0122604309580053,5.478955600127421e-05
0.011416307348143,2.3921898438339208e-05
0.0116835191816845,2.9744818612943703e-05
0.0038208912584288,1.5166053126019395e-06
0.0178764654255422,8.614846989735237e-05
0.0001794857802867,3.631289854152941e-06
0.0100902451422,2.7284785568587177e-06
0.0005818701669238,2.049510708313592e-05
0.0165578659796079,8.834604726217768e-05
0.0038536364396722,3.398410928888762e-06
0.0104746768619395,3.255486279221692e-05
0.0040764757808203,2.6314541969938996e-06
0.0159953610048463,9.499234540949491e-05
0.0064355463806684,4.018406033500485e-06
0.0188186131134008,6.71210555223603e-05
0.0199305338161076,1.8992318059556963e-06
0.0159372131108968,1.754464514231336e-05
0.0198532395447508,6.264203716417511e-05
0.0051987409848758,2.4828416155268715e-07
0.0180060788360193,8.878277957635054e-05
0.0135192880421698,3.270112914182585e-05
0.0157009082987714,7.766051066012452e-05
0.0118173447162591,1.0246941741604014e-05
0.0165623075775609,9.427825346298624e-05
0.0057658606159747,2.8724813683334813e-06
0.0127300797351142,2.5431665981032885e-05
0.0144154927916671,6.117843453100697e-06
0.0117502351530941,1.8469930613462748e-05
0.0080976129273413,3.3863136579775476e-06
0.0111778008541986,2.2602828512679932e-05
0.0159951836479971,7.910633199847575e-05
0.0064546879920102,7.357921556701589e-06
0.0190346663589617,0.00011622077948386508
0.0166997881097604,4.169419589955305e-05
0.0082703686598401,1.0341850468478016e-05
0.0017086727394727,1.7778960685163245e-07
0.0153710813725193,6.279082004539907e-05
0.0187605468223802,1.536276611898269e-05
0.0161163636988269,7.51198976319572e-05
0.0080275984223439,3.229222772357883e-06
0.0019185371792748,4.202676105201879e-07
0.0065720532159716,2.0405715719560163e-06
0.0136715482836738,7.5216080262168e-05
0.0066119799886042,1.226755984176894e-05
0.0164515763576755,5.96654382936182e-05
0.0026834354485286,3.497059934086813e-06
0.0026758284115364,2.6751255389656165e-07
0.0102422060787284,4.886786585241232e-05
0.0169751179177647,7.180979444765098e-05
0.0104190968412046,3.420557852012075e-05
0.0127126150184207,6.266220315336375e-05
0.01191911883226,1.6913408055687227e-05
0.014479895927691,3.088048239633314e-05
0.0148365590717199,5.173810427422406e-05
0.0121436583894083,5.634364704816798e-05
0.0015831615517326,1.7415629654221187e-06
0.0146951015925746,9.034918826092243e-05
0.0078204151607945,3.5051847872148053e-06
0.0001402995734111,9.107710738537063e-06
0.0072164163512054,7.945783423361229e-07
0.0085680152520623,1.2747227568678201e-05
0.0005777497223785,3.33929766712157e-06
0.0140294145658379,2.9691966249031688e-05
0.0049317964187161,1.2822650924656076e-06
0.0029175975071919,2.1539193084656064e-09
0.005484625797802,1.3037182852797295e-06
0.0076000079724561,1.9456713437303217e-05
0.0197466032822157,0.00010357004535490828
0.0143690880374021,4.808855762618111e-05
0.0185093092490195,4.168557113670171e-06
0.0090705615036928,8.678635270272541e-06
0.0183362355172064,8.041547435619563e-05
0.0113019968385857,1.1030953144747237e-05
0.0034525239150324,4.7516605784453365e-07
0.0086033051787398,5.005057115936992e-06
0.0170719073060778,0.00011170375218311629
0.0087030832636867,1.942780418634739e-05
0.0082482901908131,7.063198547055294e-06
0.0127590863093395,2.2627363298095345e-05
0.0118655413439142,5.6660542158378226e-05
0.0087914914133707,1.4422463047054706e-05
0.0156134792130194,2.657466397861191e-05
0.0134464977560406,4.984464215871122e-05
0.0116124330705685,4.81246053834176e-05
0.0023329596954176,1.1456617438426482e-05
0.0051318062156812,7.373690997959461e-10
0.0007217588837375,3.278232237943428e-06
0.0161435348035706,4.0994492505553925e-05
0.0179962220997447,7.92395291586817e-05
0.017258718094353,6.374633389846261e-05
0.0162205863572133,6.263798813653142e-05
0.0066224091168553,9.39003907324641e-06
0.0168474848333738,5.373094151081864e-05
0.0106410076903296,2.6130852018198133e-05
0.0024166781173777,2.0409404533894522e-05
0.004512000646334,1.7725644321134767e-06
0.002043793933,2.480327540162863e-06
0.0054562390848189,1.4929906142410105e-06
0.0059996436377368,2.9964857973610716e-06
0.0185034819096963,5.2018268884650564e-05
0.0179948681876959,0.00011479788223134933
0.0127612909645034,3.46450723145013e-05
0.0181340171294283,5.585994145904258e-05
0.0071454697566943,6.76722259778306e-06
0.002992211678874,6.515933012211475e-07
0.0174831129315777,3.6728737348190316e-05
0.0029917087724295,1.234285819128191e-06
0.0095439172899974,2.7552981887635597e-05
0.0157441509772745,3.808507552812028e-05
0.0135555821790174,3.928512455595095e-05
0.0096351302366415,7.490016589579803e-06
0.0126150831703547,1.0549425163645472e-05
0.0154113919474672,6.920069204167439e-05
0.0011176809026471,7.781988067859572e-06
0.0037867153638034,1.1334241114652602e-07
0.0141670563268455,2.4812651525493707e-05
0.0128553356529623,4.4932201750954054e-05
0.0008658523016012,9.828292457503246e-06
0.006196439513585,8.739251614448791e-06
0.0149196609407168,5.5595476247013714e-05
0.0120871882623286,2.7017752399323772e-05
0.003250086657868,9.969971631521658e-07
0.0161778156456766,4.6317204494137305e-05
0.0046579078208804,3.4903607661219675e-06
0.0083556533727736,3.356331393561788e-06
0.008922095172915,1.4461470847832187e-05
0.0179286557422385,7.301106657442441e-05
0.0094901930878526,1.917184260531709e-05
0.000978862075142,6.075599452683046e-06
0.017370574039114,0.00012509828853754656
0.0136049725356383,4.230153386991956e-05
0.0109741724889921,1.2923717832916507e-05
0.0094916166448785,3.019180555270996e-05
0.0050566996145102,3.893453003854891e-06
0.0163556710505542,8.61583673185529e-05
0.0045976038399113,4.5481243848622195e-06
0.007926801666174,8.172345279975414e-06
0.0184111540884431,0.00010019125337856691
0.0159028261322469,1.7357714055680365e-05
0.0153694621843413,3.1834045027958644e-05
0.0161436719898963,5.7702341669057864e-05
0.0173913969232338,0.00010102852981778876
0.0005991873668228,6.863868734651145e-06
0.0012131940143061,8.924700772392534e-06
0.0002307257492766,5.63702917600619e-06
0.0046116270105376,1.1101236397426399e-10
0.0041677857479283,4.7472742233441494e-07
0.0085069018545653,1.4800580719804843e-05
0.0175013399958701,5.4385360798348434e-05
0.0127769491153647,6.464962545933519e-05
0.0104559616380266,1.982293049005908e-05
0.0050618163687451,4.54129938497275e-06
0.0168551734981499,0.00011616826236664332
0.0085050086170309,1.0725762205219421e-05
0.01796012161468,3.159890716918664e-05
0.0033089495870735,4.621364264985557e-07
0.0052452416329438,9.242880415454166e-07
0.0166896809241115,5.376050997139634e-05
0.0067667219273944,4.668167247128321e-06
0.0149249270343983,8.706426601795035e-05
0.0154659037003491,1.4779966902422577e-05
0.0178351550484701,0.00015209311451651293
0.0106138206633016,1.961553464046376e-05
0.0101239449715204,3.8895666066346994e-05
0.0015716529708915,8.509369007068447e-07
0.0047235442045631,1.2141164649022274e-07
0.0186433016590495,0.0001543494539771331
0.0075654571964691,1.2673171746634417e-05
0.0052586796928304,7.541337087116444e-06
0.0047973902292575,3.814236536896433e-08
0.0093460933725023,2.3497410704733374e-05
0.0033821855469251,4.941958002386049e-07
0.0131938590633413,6.832783190631984e-05
0.0059730931691363,2.3334307151917574e-06
0.0030389415027919,9.776021952997147e-06
0.0063948352765973,5.854322172792748e-07
0.0061591034157783,4.1468661564340725e-07
0.0120674682103592,5.996107127160936e-05
0.0039204186044481,1.2757327734341388e-06
0.0122697877839335,5.4938005149416336e-05
0.0076742930649547,6.4693335229940875e-06
0.0043931915209392,8.078353657332335e-07
0.0086719371932022,2.6507228497708553e-05
0.0031521466295349,1.6563092075073014e-08
0.0028450416078112,1.2268683104742928e-06
0.0090150868400881,2.757025971346154e-05
0.0059397651328645,4.479004292245876e-06
0.0053100018093342,3.752637816674347e-06
0.0162628473004551,6.86846623747368e-05
0.0106786776712038,2.3194732571382023e-05
0.0012734229282634,5.261604089268185e-06
0.0109716487229172,3.326624397365564e-05
0.0104779714392014,2.359401926221369e-05
0.0080977202751683,8.636457671754419e-06
0.0010566194056757,7.81113948944653e-06
0.005880643542303,2.0065728540937716e-06
0.0172336620883257,9.706674526901863e-05
0.0113372509029671,2.3768354388130668e-05
0.0018948839677579,2.467815472027784e-06
0.011914845995244,2.4956403804735963e-05
0.0114863647614293,6.0720448523636636e-05
0.0002766091839821,5.887213531294678e-06
0.0065183647802817,2.216051433654568e-06
0.0055463952990124,9.04986060104923e-08
0.0170327664726852,2.2373436662440246e-05
0.0121852294999147,4.3504989058691285e-06
2.0320080596867296e-05,1.4509829911699163e-05
0.0197045340606268,0.00018832427670474966
0.0199454740523527,0.00010397017307725164
0.0058127793612652,8.029224206503485e-06
0.0081072965306958,1.2127073025045335e-05
0.0167013017570173,0.00010758949317171109
0.0173891892897516,3.2253986395939865e-07
0.0025700760479674,1.353396642531272e-09
0.0082744529192883,2.000487545313115e-05
0.0022999563752804,5.920983635898772e-06
0.0070185174199974,1.3686603920917643e-05
0.0139746092190958,6.0954854544938744e-05
0.0038957910481019,3.904196429807043e-06
0.0018118568350471,3.0044171377044775e-06
0.0113829064300934,1.2605583132658296e-05
0.0175661105811636,2.1774956658825988e-05
0.0152192777553567,3.907224057653239e-05
0.0058098772731183,6.133377816651761e-08
0.0171979537282309,8.523071279253693e-05
0.0050743878459273,2.3201009028161235e-08
0.0039558234201081,1.876161334099821e-06
0.0019735176421946,2.0785256888261846e-06
0.0197023931244941,4.228213466045924e-05
0.0019204407311393,1.883006026290287e-08
0.0053220992137819,2.6180908452151395e-07
0.0114421560117016,1.891832364848194e-05
0.0177314722797723,3.076516401701326e-05
0.0186311914100964,1.0134178016569103e-06
0.0194096915791308,0.00012867759659022698
0.0011354191779469,7.936972535302592e-06
0.0144742695133095,6.66992131482118e-05
0.0036241155689028,8.468463035829175e-09
0.0048887241097389,1.148452806656502e-07
0.0013869054461414,4.098002745528892e-06
0.0096794428070219,2.2127480496107614e-05
0.0106290094632597,3.1121363690626235e-05
0.0027325319203025,1.716305643509179e-07
0.0130927073530317,6.792244094154966e-05
0.0071342893616726,6.946433608608702e-06
0.0105522991824106,1.455143541357926e-05
0.0041748462224601,1.8285741188761344e-08
0.0151425927797967,6.655411450298603e-06
0.0128324110721746,4.1468911409693914e-05
0.0093307246476208,3.409534350712918e-05
0.0191567028318153,2.8980196436124135e-05
0.0038294985750389,1.5596678977882598e-08
0.0090075698246632,1.2581507653110165e-05
0.0192647902536681,0.00010324218028658839
0.0178130603975581,0.00011583140788373136
0.016906445174178,8.119709216982076e-05
0.014845604970485,5.1635031806847564e-05
0.0149332402023179,6.550430688340835e-05
0.0001829772769319,3.1379276716177362e-06
0.0021319087430343,4.823174270249169e-06
0.0133061464587858,4.496057868980608e-05
0.0196189379298386,8.709539328748311e-05
0.0018024753021565,3.0004750373516198e-06
0.0154760097793241,5.7834259962546677e-05
0.0031018606468834,4.296100176419501e-07
0.0002859849605868,5.373917125921608e-06
0.0082536155264094,4.207134744763429e-06
0.0053832077580348,1.6182981429776768e-07
0.0061539193731796,8.572555550387548e-07
0.0181441476024349,0.00013249960483228176
0.0003433197464616,7.578655118815203e-06
0.0022893660637728,7.332522783936309e-06
0.0112880226382825,8.916101062214745e-06
0.0104980185691174,2.0700837295760264e-05
0.0019105233534684,1.0023777467334053e-05
0.0021789896593061,1.6934663641724876e-06
0.0098263429303126,1.7154040461944544e-05
0.0063756616233098,6.075689856309223e-06
0.0165203430626661,0.00013051264243164426
0.0118129930268907,2.7016611005982365e-05
0.0026485723185497,8.971121920325078e-07
0.003602330879697,3.2742239873465608e-06
0.0067506427880612,6.124585414146057e-06
0.0139132392876651,3.4109425610532686e-05
0.0160941509217868,1.6478392723900782e-06
0.0143203681369989,4.10614889521808e-06
0.0049427539471736,3.0144084982375064e-06
0.0035175611090712,1.7490109434079003e-07
0.0101093844789875,1.549808712120864e-05
0.0009100266685111,9.319694542026507e-06
0.0115479492983841,2.3419066371593975e-05
0.0159602965736784,6.0031768134243205e-05
0.0191313056299052,9.636241769372555e-05
0.0058229623461138,1.1656287390031663e-06
0.003767720033033,5.029180337573456e-07
0.0049964524638025,3.3182329232729034e-06
0.0145195186221634,2.8593624794838136e-05
0.0171759207115733,9.223198528876113e-05
0.0019358796811199,5.5491465627718995e-06
0.0132542728804808,5.6704374276314305e-05
0.0006802207760565,1.36437865911133e-05
0.0110694949175466,2.1134237138301174e-05
0.0123335742865029,3.142989756770667e-05
0.0024264887801524,2.3292672214849317e-06
0.0095424659335774,6.419657481814105e-06
0.0073945811190774,2.487693256522512e-06
0.0106075679353759,3.15265464069396e-05
0.0162645418038079,6.739262219665013e-05
0.0186624260356659,6.502855116405945e-05
0.0048404339622421,2.070312390709366e-07
0.0192656029375245,0.00016176148005886523
0.0052603398288248,3.1180814989936285e-07
0.0089088026434342,3.3194291238223036e-06
0.0192650359742965,6.360680198868373e-05
0.0181507231776657,8.557621072071895e-05
0.017931076838378,3.1151158242119326e-05
0.0140901651114123,2.383791620653446e-05
0.0002361772928099,1.0260812442567328e-05
0.0143440861155522,3.9238984158850924e-05
0.0076194475780985,4.7198065401836856e-06
0.0099709675993639,9.200563468417741e-06
0.0100536458273944,3.3956131239078475e-05
0.0193645329903918,9.889773710292255e-05
0.0188540460652379,6.944185661082351e-05
0.0076720087406009,1.664502653090454e-05
0.0158504514088657,6.806535916532493e-05
0.0153245130633658,9.340204271601391e-05
0.0044388999339201,4.6680690464256674e-07
0.0118356545791013,4.900552937337914e-05
0.0085134477023749,1.9816102116603142e-05
0.0108661670106275,1.6728103243226678e-05
0.0150642850226345,1.655598335983007e-05
0.0069929552063292,6.08767396239211e-06
0.0140470934290516,2.438165509881108e-06
0.0175400882408328,1.9446973815855435e-05
0.006969002249996,5.4680048258896735e-06
0.0006961483395298,9.5957892218084e-06
0.0099812702640553,1.929860043020943e-05
0.0127358335671862,3.3310332947269484e-05
0.0048470792425614,1.118092007112466e-06
0.0087586752746143,8.418943090092272e-06
0.011454867910911,1.742764009489384e-05
0.004369365283983,1.209410939676732e-07
0.001997838656693,1.9581118861364816e-06
0.0197661238801211,1.3559610318644356e-05
0.0165870392764986,7.27513998441234e-05
0.0044738057539104,1.6635016711390298e-07
0.0055391072308473,3.5228272777755566e-06
0.0044251044815054,4.0313864695409056e-08
0.0172394360964713,9.29133663423292e-05
0.0160225423533744,3.850537488773715e-05
0.0061622837124857,9.811732189315949e-07
0.0054406283706863,1.3567020967159949e-06
0.0105451656017755,1.02376815751276e-05
0.0183420984870294,9.931009765239098e-05
0.0074705705731426,7.855309293198095e-06
0.0065475885219716,7.915139093032835e-06
0.0128322805426713,2.924633840540416e-05
0.0178249894798644,4.890920209389029e-05
0.0029122201773759,5.346311355121092e-07
0.0089887777413778,1.9034810298314518e-05
0.0079019879866942,7.602005663316277e-06
0.0035755277572201,2.2365439437755347e-07
0.0063044092936147,1.5263472827858195e-06
0.0036738839371755,1.0769767946296795e-07
0.0164291826023912,0.00011365290797425049
0.0148913474760789,1.995272341497471e-05
0.0018575177466099,8.695640761516741e-07
0.0169473161246296,0.00012356539413257338
0.0198661504801496,0.00014528463006988732
0.0037786711195651,5.091492719374657e-07
0.0013945378418275,1.3356625485291175e-05
0.0116029480240336,3.534661212146525e-05
0.0056842909459197,2.0324882710063307e-06
0.0043605978249018,1.4282754928162793e-06
0.0125242617299278,3.449582551318469e-05
0.0144636773445815,3.431793918070544e-05
0.0179377603494798,3.630028862534723e-05
0.0090397605777893,1.304993872287821e-05
0.0124989452173364,6.396165229900557e-05
0.0149383195102563,2.1807805043020307e-05
0.0021635507421501,9.39851803161506e-06
0.0119278656452159,1.8151456900693095e-05
0.0181284816752594,0.00013107564169548345
0.0104993624237116,2.4286490673828067e-05
0.0112318683113807,9.472658965676266e-06
0.004656659258439,2.3894165298263222e-08
0.0023604377292606,2.98390644969013e-06
0.0002117366446788,4.592963059296409e-06
0.0040138099268841,2.719777367582767e-06
0.0111213398739346,1.545464027372582e-05
0.0079769632513988,7.3218145208058e-06
0.0061244360915152,5.7605109823193005e-06
0.018288885605192,0.00016683415867310106
0.0122411398136709,1.7460442713979255e-05
0.0002715645432532,2.089289483658836e-06
0.0056574959022227,7.19095805151475e-06
0.0070783680804509,3.0455170226665e-06
0.0041394730156976,1.2643146281983087e-06
0.010982570939065,6.993998441038381e-06
0.0190434827872269,4.1916599708694817e-05
0.0030619433172529,1.6019557633664664e-07
0.0125984640868005,9.550411417034882e-06
0.0032927708353266,3.5562964650343248e-09
0.0160125682887203,6.859002185009048e-06
0.0125765812551382,2.552569274620912e-05
0.0025231465363462,6.606773623929926e-08
0.0199745844799391,0.00016848785625289358
0.0167537243984408,3.9810043582469265e-05
0.0060418981301298,3.0214938166233356e-06
0.0154730841043347,7.289346594466066e-05
0.007002387931435,2.9103175951184125e-06
0.0008740545066126,8.554897864280929e-06
0.0103148837160711,1.687193507122744e-05
0.0177235221390912,0.00014544562378630466
0.0060753652406997,1.7594175020538086e-06
0.0012700482081987,5.1263902764079205e-06
0.0122269122726063,2.4245944246229078e-05
0.0183140677531654,9.941970124747438e-06
0.009149233982825,1.193541415457423e-05
0.0057497690344866,1.0500410936460543e-06
0.0013719335482986,1.8298760387265653e-06
0.0198929038748207,0.00010275312387153333
0.0179849618003481,6.614021178092912e-05
0.0084437439156601,7.42601855637943e-06
0.0026700835894635,3.720960508813493e-06
0.0108314181915034,1.2426780008092428e-06
0.0031601021088159,8.090169515825457e-07
0.0098314804678792,5.910743165748359e-06
0.0166786569500053,8.798450004682575e-05
0.0063676307321155,8.78256845812914e-06
0.0192482150848968,7.689140048466346e-05
0.00344033695708,3.2401811768008517e-06
0.0155221942658657,9.730930579380111e-05
0.0182892994788475,1.873763198721361e-05
0.0088163692368462,3.004909764950453e-06
0.0142148167811877,2.2523080403889385e-05
0.0175908679281636,3.3320938404641034e-05
0.0009074380608072,1.1987279350378659e-05
0.0012419614332782,9.077885305697574e-06
0.0046246058244209,5.1465137023787635e-08
0.0025131809752141,3.708885899002193e-08
0.0152090052387517,7.304745441397206e-05
0.0024656587808442,9.043422243600189e-07
0.0042318665997704,1.5911945142085934e-06
0.0060903615292055,4.627010804114514e-08
0.0123960192310209,3.051277503379702e-05
0.0183355644356165,9.678040467695574e-05
0.0016215267796391,3.0126462266324235e-06
0.0078177625099786,6.865490743579976e-06
0.0024277587876634,9.558686136523491e-08
0.0111313686647878,2.392950987307706e-05
0.0015346802196574,2.441023001612063e-06
0.0193864516628928,7.119823236423654e-05
0.0194060636376822,0.00010583574427223033
0.0021101264724881,1.1327509030072219e-06
0.0099101587725945,2.635368533990255e-06
0.0124300942989352,2.58272604905989e-05
0.0166324865035908,7.015941791311106e-05
0.0092343434151309,1.6020245500228445e-05
0.0139886312930712,3.533514488334449e-05
0.0197060712075026,3.998769368439887e-05
0.0168950256712015,0.00010426984491913113
0.0003671706677339,5.506035184458553e-06
0.0127405197838437,4.903759964334075e-05
0.0012743769165581,3.0997126873372205e-06
0.0038518105862231,1.1467354463231228e-07
0.0001189192581676,5.174549867192278e-06
0.0087981395078401,4.501525004083853e-10
0.0095082081480645,4.823926341160152e-06
0.0176270225360318,9.599715286332936e-05
0.00360732045722,3.4149661596241756e-07
0.0105441265460005,1.3291753930961675e-05
0.0138771956811925,7.52261561637727e-05
0.0169703427680409,8.433947343455372e-05
0.0044724217987868,3.4929394924556387e-06
0.0170167745628556,4.697051289045119e-05
0.0039920089647326,3.6565442099540077e-09
0.0181506385632013,0.00011996151859483962
0.0006693552915662,1.158393542925179e-05
0.0054123850384187,3.0928215678724433e-06
0.00611583428272,8.09787703450586e-06
0.0197613701545109,0.0001355408332238368
0.0031322572515872,3.452455114125498e-07
0.0042147443401334,1.7861266443978707e-06
0.0177847702018172,4.7693370597514704e-05
0.0141938339439389,3.769514383481082e-05
0.00262871105736,2.8035639178047457e-07
0.0068535157020711,1.0805134788714567e-05
0.0046594282244176,1.383518907677206e-06
0.0105123344447074,4.5464080711240795e-05
0.0006439593628821,3.65694083343177e-06
0.0161563962660207,7.404830100901744e-05
0.0199088526514577,4.173676912211902e-05
0.0031543851254628,1.8333950210598987e-06
0.0011265062103408,5.997055625287172e-06
0.012943485051408,2.911235727646055e-05
0.000134768210342,1.048503880839971e-05
0.005710680188023,3.37070593784328e-06
0.0075449301342166,1.0866047243372062e-05
0.0033410527128484,3.876381581308685e-08
0.014364350905008,4.573452707850536e-05
0.0087096751223723,1.993051356034511e-05
0.0044392594999947,7.185434585362213e-08
0.0107612152269798,1.2140257115595115e-05
0.010553208533584,3.2251993673156744e-05
0.0009759077612613,2.3893296625659916e-06
0.0175440671707259,0.00011301385124947833
0.0111307199663394,9.13355221307874e-06
0.0046131909805747,4.206003593240444e-06
0.0073279150198309,9.058950406859973e-06
0.012522283685801,5.2164733626670213e-05
0.0046781211941776,2.5357595866761666e-08
0.0106131525903696,3.208509641397037e-05
0.0035270528551003,2.8339286036022123e-08
0.0009551414189784,2.5196537859138356e-06
0.0119216691049833,2.6238605939162675e-05
0.0181140985968814,0.00014878404707739906
0.0014585542306558,3.380601853453192e-06
0.0020843142124501,1.1922508204824018e-07
0.0112707360992934,2.8067496994469953e-05
0.0184965037597308,0.00010228534526951253
0.0109600598839974,3.9284174906572046e-05
0.0159375406915901,9.004554580015596e-05
0.0012436561385167,7.2704345180373626e-06
0.0027442507569277,1.36313042187959e-06
0.0185144791443163,0.00010811428104236198
0.0182501580779857,0.00012114472616504951
0.0001353709786932,9.430109359128979e-06
0.0074947479612289,4.877891966721576e-06
0.0089313256882395,3.0272833291679247e-05
0.0175341503493635,9.18853333907344e-05
0.0089889687101593,2.4667704638914056e-06
0.0046975678310603,4.0244814078442405e-06
0.0082183141913044,9.454067498134496e-06
0.014401065937946,6.59760629220185e-05
0.018386045635069,9.747206759698609e-05
0.0049174852524583,7.086616423394479e-08
0.0068849189515759,7.375179566240294e-06
0.0072001874269519,1.618046267363754e-06
0.0123920276307314,3.431995849513917e-05
0.0143286312869349,3.463126353854932e-05
0.0016284992697279,2.5254329591163046e-06
0.0026948521020386,4.2452602293555035e-07
0.0067981068598271,6.520597267862513e-06
0.0045225562050582,6.769132149298721e-07
0.0177135976200948,0.00010211786667156469
0.0029857835361109,1.597524984907942e-07
0.0118028275752453,3.4604691903356816e-05
0.0014076618585575,8.794379212292416e-06
0.0113264323574672,3.266133799439284e-05
0.0022384421358493,2.33949115477976e-06
0.007103211819423,1.097524517467598e-05
0.01077562504243,1.3541682857141432e-05
0.0032334835348016,3.700166420950741e-08
0.0134795751986951,2.3651832262062355e-05
0.0174477482632847,6.667657934427813e-05
0.0198287484413398,0.0001439889502046708
0.0011409051486908,5.772963683333888e-06
0.0074557683866865,7.360895964987985e-06
0.0112783904029031,6.216069326225553e-05
0.0042608621199863,2.6464647316056785e-07
0.0194356360724023,0.00016684962730843756
0.0019662600663215,1.1530741603051996e-06
0.0076083545836079,3.1307211392386215e-06
0.0056496977601055,9.781636218539989e-08
0.0198184367213066,4.874914304195794e-05
0.0033688683236611,8.28008678072328e-07
0.0127605159958282,1.1870727510127168e-05
0.0116757042656042,3.3003256334109926e-05
0.0081161509999175,6.1406134167956965e-06
0.0138186928028507,5.883807407391109e-05
0.003595713121868,2.5020973502478737e-07
0.0050194241239026,6.840508913796513e-07
0.0015008997453423,8.421727765363518e-06
0.004518981699365,6.909174261432892e-08
0.0182117910077568,6.87408390177791e-05
0.0084418520063188,1.564089169791225e-05
0.0077852673758121,1.3652675047390235e-05
0.0101237012884851,2.1399266891143252e-05
0.0012314352307199,1.2260677451410767e-06
0.0156233872424263,5.7513246503821915e-05
0.0049071556650813,1.2688964171326907e-06
0.0139628070636699,2.160095989078664e-05
0.0071213426183973,1.0633585420233916e-05
0.00268321073076,4.246471837798629e-07
0.0063077551222175,7.147864805486681e-06
0.006335943419142,6.99330853135107e-06
0.0188121616988423,9.608239882133304e-06
0.0021212273630943,2.2861589945161433e-06
0.0072014857819726,1.0272645467023527e-05
0.0095460086851952,3.1343584708116134e-05
0.0024135120851657,1.6201800896809097e-08
0.0082696998868889,5.057670245965284e-08
0.0159467355084992,8.999090028046216e-05
0.0047897355622328,4.891894991597876e-07
0.0004842143346868,4.428675839274994e-06
0.0050522016679189,2.66394416916314e-06
0.012547381972523,5.0159409748456904e-05
7.778675179144656e-05,1.2977336517594995e-05
0.0070497743685508,3.66772259541992e-06
0.0009691332566259,4.022700288287685e-06
0.0067285947785298,6.757098009117174e-07
0.0105098784210803,1.312943858923483e-05
0.0162923569743077,7.402043359225483e-05
0.0026326328492282,3.5538049297659293e-06
0.0185470374779041,8.579875790459089e-05
0.0148380320175714,7.555072957303107e-07
0.0003893104888454,5.605939470042885e-06
0.0038303211971606,2.270679672941733e-09
0.0028935302550434,1.2930187460443387e-07
0.0182546066084259,8.226725257443901e-05
0.015796731510862,9.031536839661095e-05
0.0124623993187456,2.0524181696247385e-05
0.0066143791468627,3.3245889770160625e-07
0.0054616142816929,1.7714142679328347e-06
0.0101513348691842,1.0726215777630573e-05
0.0155743750801622,5.04674245327925e-05
0.0130084212498463,1.3224977713912675e-05
0.0030293680174993,7.705275853757225e-07
0.0118818795320969,2.5699280921028016e-05
0.0021299859630566,5.6035866379544e-06
0.0006633039484968,5.407360940397293e-06
0.0061308020439025,1.215459256125134e-05
0.0131106093852032,5.307861984744079e-05
0.0063539375036143,8.302572569951504e-07
0.002451642453203,4.5228328697255527e-07
0.0148323459318746,5.390227956966824e-05
0.0192064221510451,6.12487867547012e-05
0.0149229388741846,2.7715409104514298e-05
0.0135157364955936,6.767771476849114e-05
0.0107369777976621,2.4812871639905333e-05
0.0165528615328901,1.5333391176963963e-05
0.0158284162663178,0.0001031156992834481
0.0012276326315439,2.7343845478354544e-06
0.0071630767682234,1.4029016960787837e-05
0.0007500977112602,3.7780194059058747e-06
0.0089598872474622,2.0479282464304234e-05
0.0015812477740686,4.560878221019543e-06
0.016493915123347,9.963618939079395e-05
0.0046882823171618,5.292056552130988e-06
0.0189004878037101,5.5576802142459644e-05
0.0069842140651319,1.1762475823517227e-05
0.019492483710403,4.9031235423090404e-05
0.0089786321667066,1.7767678192557385e-05
0.0029548927494478,2.480092327259024e-07
0.0017219259232545,1.7621718022349532e-06
0.0100821276396009,2.544487547370001e-05
0.0189079491284689,7.382124824864753e-05
0.0180473347099686,3.2109433809639944e-05
0.0036457425105629,9.537165413041128e-07
0.0043272038649407,1.9551389137503185e-06
0.002492132494323,4.663179365832724e-06
0.0105017872935897,3.061362664195612e-06
0.0148326039142108,2.5094572518932484e-05
0.0042224205362043,2.27916206531837e-07
0.0034916778949594,1.172513848418816e-06
0.0169691178120256,0.00011436854695196152
0.0088453977524391,2.7575149861668823e-05
0.0172089119035877,0.00011299021499899571
0.0155076560098604,6.102969722095701e-05
8.919547415940254e-05,5.5609035161105234e-06
0.0042938490838501,1.5704982784543484e-07
0.0159085769116825,6.34465031871205e-05
0.0129090430082548,4.4101970988650185e-05
0.0048360526663285,1.7670000670718136e-09
0.0115597891474568,1.6867578383324066e-05
0.0007238664617542,5.4354894335900906e-06
0.0181612668611735,1.9098122387142045e-07
0.0143491486846005,5.2969014044686753e-05
0.0100617828852289,3.2454460681545345e-05
0.0175697950485713,0.00014078572905274275
0.0193580113043532,8.986495925687306e-05
0.0026422975823499,8.522855536737252e-07
0.0135301215642389,3.927472747826219e-05
0.0016988414947107,7.148962135320085e-06
0.0085243717407504,6.444343220769736e-06
0.010734947127962,2.6262339939310005e-05
3.4299493884712984e-05,8.853634343838574e-06
0.0133528740764831,5.562760683603201e-06
0.0098449992755963,1.2282807908046507e-05
0.0177948697041056,1.9963734599930024e-05
0.0189122420358456,9.811121114471606e-05
0.0067224600447432,7.985167293639454e-06
0.0125342930393385,2.8496151201087285e-05
0.0182770288879927,0.00012040527377663017
0.0174979992894657,8.2752211615321e-05
0.0117671922158868,3.119234303324202e-05
0.0105566824675428,4.003613184569664e-05
0.0172941747996538,3.964266830130608e-05
0.0185764144135142,5.829371235780638e-05
0.0104275861762887,3.6276892429881096e-05
0.0102615624782152,4.274723134505677e-05
0.0181497940571775,8.311783404049622e-05
0.0097037851759753,1.2642934213238319e-05
0.0149092839983585,7.272579152898192e-05
0.0021904552100985,3.828350525194506e-06
0.0190540789987434,8.707653955120945e-05
0.007985601540823,8.762947924564112e-07
0.0142750049572347,5.439806258561834e-05
0.0148567037438465,1.434913554336897e-05
0.0175166555462488,0.00010600042170106085
0.0005216922273879,1.0735865118156274e-05
0.0111680411088254,2.790203303243975e-05
0.0060287534879386,1.3279810884672846e-06
0.0199699847951815,0.00011373589499651807
0.0094601819779814,1.058727750431496e-05
0.0023423973596712,5.723627724422149e-07
0.0193574392695774,0.00013984484477451786
0.008727606932485,1.458616637243057e-05
0.0177986105685801,7.82875805862012e-05
0.0099591009382155,5.111331991138194e-05
0.0116033454543802,9.28464019935679e-06
0.0063732691681517,2.6517183329122583e-06
0.0082395296804171,1.3213716543005583e-05
0.0161641221371262,8.246034055588542e-05
0.0099683973285191,2.9410001934364833e-05
0.0153664579870677,8.43014142217275e-05
0.0082139910605388,1.0456582636614838e-05
0.0005169089475879,4.6763621413137414e-06
0.0192710247945017,0.00013872964500930883
0.0173284032008049,7.410979175503264e-09
0.0131785619431904,4.2216221991110164e-07
0.0003308113663903,1.4652488092057344e-05
0.0123963664689934,2.643059848762619e-05
0.0118429384629917,3.495997243527136e-05
0.0040023065194808,1.5638467511252194e-07
0.0079141186460409,2.988128108080455e-08
0.0058237784774273,9.185883300908708e-07
0.0048668612251055,1.3849203181579018e-06
0.0195100427657193,0.00015515077004993867
0.0064806357998823,4.848000983614928e-06
0.0021808918515692,2.722671176029213e-06
0.0127044122753314,3.717962592978273e-05
0.0072240023292857,7.234095587257663e-06
0.0150688134138782,5.241187412098679e-05
0.0023372107998945,2.7413399446425066e-06
0.0196773932300584,0.00014092989271307155
0.001054018760777,6.708275599604549e-06
0.011290927897358,1.619450545891595e-05
0.0034958746900793,8.58815297502139e-07
0.0018233610998944,2.6439077130977736e-06
0.0068195191074646,4.421296186274671e-06
0.0173177685679958,1.2243115030236826e-06
0.0013155552119706,7.0588340180222495e-06
0.0174531547828627,4.2574347035756065e-05
0.0154413320018536,2.3798749072338677e-05
0.0158898235785896,3.5253905157492533e-06
0.0004827400960463,5.880952912477528e-06
0.000901672063738,6.5334758936558135e-06
0.0081514735585147,1.4468617674027713e-05
0.0132975092685081,2.016026782509244e-05
0.0103776856618682,1.0468689020068698e-05
0.0057195697150563,2.165023610843995e-06
0.0033529421921548,2.0980282580094905e-07
0.0171524108631559,7.747006247074477e-05
0.0041149542931809,9.324434749071273e-07
0.0150705350604721,5.6128334425526485e-05
0.0012990936842689,3.423349132908522e-06
0.0066645558392138,1.1615093762569462e-05
0.0076183113533668,2.0253822918041657e-05
0.0070413813963119,1.6420253966786279e-06
0.007749784100587,3.222386910630446e-06
0.0186253734003671,7.4911538858064e-06
0.0191444313821681,0.00012378095720881954
0.0095205287512927,2.0033183733796934e-05
0.0015065517661363,1.3181965030603845e-05
0.0167570255941434,0.00010141553650425414
0.0090831637294758,1.5068188876264703e-05
0.012573010168786,4.191005691613686e-05
0.0141620957523461,6.255029133964803e-05
0.0144324470961816,7.103704710495433e-05
0.0126413898245758,1.8480879448504e-05
0.0115617143230715,2.3932121635483262e-05
0.0088834257883395,7.1077601288948185e-06
0.0143225199964263,2.49959081711103e-05
0.0046912945332771,1.393881356872784e-09
0.0165177364311428,7.43606374853257e-05
0.0001507885146952,4.946894748087568e-06
0.0038667723046679,1.4962256867846104e-07
0.0072953370178818,1.8793101476275036e-06
0.0163461622729209,6.682561054515916e-05
0.0076117562917299,3.995876930208278e-06
0.0036693951472496,8.38331357109783e-06
0.0022456156069853,5.743925685503005e-06
0.0134931001949506,4.4887669990430295e-05
0.0003401494880579,5.208684151459417e-06
0.0118035801559661,3.99969739163294e-05
0.0195241895582243,0.00013849764162877085
0.0068844105154718,7.530100475119413e-06
0.0016039645115181,2.9316526594424054e-06
0.0096353728291655,5.9252387259529225e-06
0.0015396074130407,1.2815376162479435e-06
0.0052565707835593,5.817928748645191e-06
0.0073094690004804,9.758460235891263e-06
0.0036505113525615,4.424153373909765e-06
0.0034284672419141,1.9770660592255357e-07
0.0027701777699214,1.0160823248000732e-06
0.0144797915644657,6.207722441764161e-05
1.850925171917428e-05,9.078836726706324e-06
0.0012580978676036,6.458343453497468e-06
0.0148331478572449,4.1075136385530374e-05
0.0122750976502844,2.4290756337452703e-05
0.0152402302816483,4.6012397591770114e-05
0.0016056452648855,1.0671977403764714e-07
0.0003190059682788,5.95052875283602e-06
0.0133951969292995,1.90296712425811e-05
0.0082187170574289,1.643974071448789e-05
0.0072839860688354,5.358550900923806e-06
0.0144070053639679,6.849930392724705e-05
0.0099816493772545,3.230097338054159e-05
0.0178503752021193,3.751579335392464e-05
0.0048945265363878,1.841951259197523e-06
0.0171335194766987,5.8572475620700465e-05
0.0099070418163977,1.0643304341032332e-05
0.0015365845934776,3.2771212878538975e-06
0.0170877925609519,6.951881522895197e-05
0.019287015976187,5.595448051451124e-05
0.0067428435167554,3.3421970570926016e-06
0.0093423535357578,1.688393129283103e-05
0.0061410856587092,1.0206677983764472e-06
0.0171849299531054,7.713516027535734e-05
0.0033212022481534,3.9981515529959876e-08
0.0166494461251367,6.228260819179079e-05
0.0134371575180975,3.5348560591520844e-05
0.0094146550412284,2.6332662213817e-05
0.0036534735648058,4.664512164253883e-10
0.0162256476754553,0.00011625345568029955
0.0055421582868136,5.39358668672498e-06
0.0017385757006207,3.172028180175573e-08
0.0009278464204962,3.0385781940238007e-06
0.0028394248632308,6.259679468318526e-07
0.0048642076741234,4.6208163775589065e-06
0.0062908567520613,4.153649740088709e-08
0.0170452685798244,3.605171625537981e-05
0.0119850867958339,5.387807026626133e-06
0.0116096332433905,4.336387918882409e-05
0.0107364793521313,1.4782077820370485e-05
0.0020848172733347,1.5020765692356215e-06
0.0184750980032561,0.00013689668153347705
0.0065468611192336,2.769451461738192e-06
0.0035160853878598,1.032544370684676e-06
0.0169617984620204,8.864094737775631e-05
0.0178537019779463,2.1817364397130306e-09
0.0117689133804743,1.923670908267098e-05
0.0137524445720174,1.66869630125421e-05
0.0080960158333574,4.5826211534983365e-06
0.0142021289967073,4.501684193346727e-05
0.0167061885870784,8.52139939190336e-05
0.0042241285215799,8.566103538536164e-06
0.0129827725395794,6.0281790715274596e-05
0.0116999794476549,2.903265986569041e-05
0.0161052280964324,2.823729876508287e-05
0.0044747181282378,2.1553316466984953e-06
0.0108938016934136,3.915969267664312e-05
0.0191620250542221,8.393335550054661e-05
0.0056094304143029,3.2354452377276386e-06
0.0077164815304834,2.297384347128284e-05
0.0121727190628487,3.743145206404696e-05
0.000361057906218,3.5813407781608658e-06
0.0100254054268122,3.5980172995428425e-05
0.0049069838659983,2.504238331069602e-07
0.0120622884583825,4.0397180108481954e-05
0.0019944798696698,8.011108399175176e-08
0.0146749874816967,1.9963884169935395e-05
0.0023303290482751,1.3895636764478894e-06
0.019819588025302,0.00011790544469029583
0.0124558585588716,2.3019334043030342e-05
0.0148717279756664,8.133678900296253e-05
0.0098430860303258,4.2143790396543726e-05
0.0178081478887896,3.239999708211524e-06
0.0113440021955212,1.1735275277323951e-05
0.00652721499607,6.739732537060166e-07
0.0168774381176798,4.191643384068584e-05
0.0169846932346621,0.00010511561711058969
0.004845654811843,2.374004535162307e-09
0.0161753811342973,5.6320158318150754e-05
0.0140366397604406,2.1523612044902814e-05
0.0090185382190019,1.865574198917311e-05
0.0159426143994589,9.083191983860746e-05
0.0181447192454893,5.317084035565073e-05
0.0134154037324707,1.0833579016048411e-05
0.0059727248411105,1.0305150613468517e-05
0.0155149173249692,5.3082209157464756e-05
0.0061341371871912,6.927953672523564e-08
0.0156276470431867,3.08561357574486e-05
0.0145717117660899,3.597723194291887e-05
0.0083277997845165,1.5650877538568678e-05
0.0071253536817575,9.38022070907309e-06
0.0013025736860971,4.687379674431935e-06
0.0196010946815095,6.814501575280323e-05
0.0089021203949436,1.2037638548286416e-05
0.0159354588944251,6.507135631448868e-05
0.0011273247530107,2.703868990111458e-06
0.0131948006215271,4.289281152995037e-05
0.0190672795836097,7.503466289786968e-05
0.0012797760787178,1.1813348315256827e-05
0.0022847166591167,1.0185202026482547e-06
0.0001662566710324,6.368205088305455e-06
0.0060190132191174,4.75311389978562e-06
0.0075054036642934,8.909660534343068e-06
0.0191191523753751,0.00013261725212477906
0.0114249503001068,2.37289505709813e-05
0.0177025343737474,0.00011297599143761502
0.0055302865826447,9.448318873059755e-07
0.0006261747877058,6.0491547960570065e-06
0.0092201652666857,1.623817917470694e-05
0.0088345503295129,1.2737243244037526e-05
0.0045341413157368,4.741735470088502e-07
0.0096365616831684,3.147593178111641e-05
0.0010284163944874,2.529226437727298e-06
0.0168438339045941,5.26296873977971e-05
0.0046635362179096,5.833208867259125e-07
0.0191938486967047,2.137411350336068e-07
0.0048189347173639,1.0668820697529866e-06
0.0018702878604316,1.3992551591436119e-06
0.0062176883829709,2.9736843662564852e-06
0.0013000561519323,1.8179674753400213e-06
0.0042717721921216,3.207673855955822e-06
0.0193070650075823,5.862338875567994e-05
0.0099958079721033,2.7484795963855352e-06
0.0150315484046745,6.733960214610796e-05
0.0164708037675362,5.9945279553660395e-05
0.0137551520115393,8.961096408422527e-05
0.0159829210479706,6.889368971750081e-05
0.0147182860553572,9.361595717440765e-06
0.0139405907357651,9.747815583866352e-07
0.0108394964666255,1.995922286860988e-05
0.0065692351790798,1.7785463512127355e-05
0.0098629276845945,1.1793565181876803e-05
0.0095088114305679,7.412388681632683e-06
0.003651448184001,2.0757680776212596e-08
0.0024710324005363,9.409832825531532e-07
0.0092152378985805,2.130709996154186e-05
0.0169328114329622,6.027126970629322e-05
0.0040004223603681,3.5609312391862526e-08
0.0179942575074077,6.031590391088168e-05
0.0010636320856641,1.8589722951014111e-06
0.0080343831459626,5.265756443228826e-06
0.0176914815556418,7.013711354357974e-05
0.0138570932210336,3.487695654941705e-05
0.0072310507160875,3.2995929482319726e-06
0.0149703524821346,3.6396506412625716e-05
0.0153612415377832,4.6476663354368235e-05
0.011695779280519,3.100914440304158e-06
0.0128660961718927,5.066185070713144e-05
0.0174604098179109,4.599514799944393e-05
0.0103992874512539,2.1220594437485234e-05
0.0086360122055306,4.814097539397407e-06
0.0173264377228803,9.233238266535711e-05
0.0125686384342861,4.1160559240013536e-05
0.0124068195623603,1.0950494124829881e-05
0.008801399348518,4.434550760276615e-06
0.0177312343743718,0.00010150632051429262
0.0148608906168355,6.900919609848988e-05
0.0125748793790719,4.083211982572302e-05
0.0190240102247787,5.61808894858149e-06
0.0108332271415797,3.362342422361566e-05
0.0013069147594663,6.4513172212877245e-06
0.0077218160642716,1.1854234669393242e-05
0.0114651941127925,5.045240741320291e-05
0.0037763186050587,1.5509984391504875e-06
0.0107817334205611,4.380423832707555e-05
0.0168394425908368,7.011312592276005e-05
0.0196942533366142,7.42979131493288e-05
0.0146219884580382,4.4566155041408944e-05
0.0053042206456027,5.222223788159514e-07
0.0139819465283545,1.9279780296531293e-05
0.0006559792102335,6.966407857512075e-06
0.0078386960325332,7.023622701533312e-06
0.0049537808896309,1.7321453357066698e-06
0.0102184234750907,1.8925653838760074e-05
0.0044561037729518,2.1520912219784502e-08
0.010224859928935,1.7818472536620413e-05
0.0107056954445079,3.741186945953714e-05
0.0146676777321408,4.6402084524263925e-05
0.0160182893355158,9.262522825611159e-05
0.0067750243018437,2.994632587136808e-06
0.0058865735348522,5.551943719348181e-07
0.0038169498581993,4.935385259042302e-07
0.0197276800011118,0.00011595560342271743
0.0076204968765977,2.977005394398178e-06
0.0142022636766396,4.753803429406401e-05
0.0017168987084186,1.8603936165046224e-06
0.0137034593578772,5.21720687284597e-05
0.0093355825997655,1.294492984833797e-05
0.0112482686492187,3.846774642653023e-05
0.0185665571147028,2.8311146296018892e-08
0.0004569803131519,6.051530068011523e-06
0.0186497251192316,5.7421388337634074e-05
0.018973445514851,9.973504225943653e-05
0.0154214584808348,4.525753748417371e-05
0.0153761125176489,9.652339973501223e-05
0.0092057947515295,6.639919434343114e-06
0.0110272219386023,4.747813567216498e-06
0.0074195410964926,1.4711092929183668e-05
0.0072246079949835,4.418554552300816e-06
0.0144949333496291,6.452848453213031e-05
0.0142357196694399,8.403053046180052e-05
0.0169476808457547,3.066532339745013e-05
0.0163130742908529,7.702915960031553e-05
0.010452227843484,4.0783372773014675e-06
0.0031873439335774,4.2531481693006244e-07
0.0108480543882351,3.735170776895411e-05
0.0072060728382374,3.850137783359953e-06
0.0053257317655454,1.8852643297134892e-06
0.0126790832263839,6.016119003012933e-05
0.008905962246259,2.1370679743796366e-05
0.01302701269575,5.290173236496154e-05
0.0068631239830953,4.4985258594086545e-06
0.0163511257365717,9.01630714114113e-05
0.0062905465723145,9.682633506272597e-10
0.0094058274499777,1.7536973144735028e-05
0.0083426248764771,3.944519648411806e-06
0.0148041020354704,5.583453645619069e-05
0.0103874025830156,5.192397722820832e-06
0.0069843333531859,5.866472595619508e-06
0.0168844932983702,8.718500777451393e-05
0.0178344661250611,0.00012377544521644304
0.0035945107549087,2.254070479968377e-07
0.005727978024539,3.3880736215283035e-06
0.0197738654190749,5.709705009382268e-05
7.198108777200397e-05,7.10073432761266e-06
0.0152478429753388,1.9472140949855526e-05
0.0066341662635854,5.905360110245445e-06
0.0011231152018054,5.8133372945557085e-06
0.0107211981053604,1.32395713194139e-05
0.014612432105158,2.7216830574197308e-05
0.0066193410888289,1.4836495361993687e-06
0.0075834189092885,1.5335899879043837e-06
0.0097550914627428,2.4095447319260658e-05
0.0062068533447991,1.9076705392605523e-06
0.0053093121043524,7.083412634852142e-07
0.0003146437556,1.026245495436176e-05
0.0194094791343918,5.4272696015342154e-05
0.0116918545620946,2.3789329390172438e-05
0.0049039999686197,2.2182479944161113e-06
0.0085900399276881,8.606892144654688e-06
0.019020592433243,0.00010477789437058106
0.0153494703060133,5.2845441417682307e-05
0.0056262129702714,2.1432420089649717e-08
0.0085235012964047,2.5312007863408886e-05
0.0074151154891578,1.1338823985046992e-05
0.0039186252988846,4.3942965698346215e-06
0.0121911691316891,2.243417667210603e-05
0.0061649907447204,7.393374810639855e-09
0.0001494802986957,3.923740929718023e-06
0.0025754018457368,6.079067151828517e-10
0.0103495351470645,2.1320079575434962e-05
0.0186764588473726,7.63344313427615e-05
0.0089650282909213,7.348189192094938e-06
0.0114804408369354,2.4761791751705412e-05
0.0104678836593176,3.461472263870293e-05
0.0010279723351478,1.0760088891137754e-05
0.0102490411518053,2.4394466185424075e-06
0.0099213728638304,5.524008968819423e-06
0.0061908388473049,5.419714650435359e-06
0.0101006750955891,2.7701012808361615e-05
0.0134056895334455,4.054191291894274e-05
0.0033575716313968,1.5384883169347885e-06
0.0029486391411058,8.246618988110623e-07
0.0147768378321772,5.491344007747737e-05
0.0027229301021393,2.7331551748092195e-06
0.0035892951353165,2.4004689470923317e-07
0.0063907375490915,1.0787147523162486e-05
0.0154940938931911,5.674131113096539e-05
0.0169516541799188,2.8780828638683033e-05
0.017267085665026,9.659559600783356e-05
0.0052505329308505,2.9871015694884664e-06
0.0150920520296941,6.45560081102464e-05
0.0062859419239724,8.122557324909146e-06
0.0108489695540621,1.1508950214367431e-05
0.0064130233899338,3.641876936295381e-06
0.015512388998265,0.00010449301458318064
0.0107389882380557,1.8314038010022458e-05
0.0139705430815782,4.978518563109593e-05
0.0094585345936048,1.3158801657693907e-05
0.0049656664701983,1.4511001383203737e-06
0.0154126386879963,5.1646587539824335e-05
0.004556992611795,2.2997738963698253e-06
0.0052786671199106,1.3744418875923705e-06
0.0023878326512385,4.14462224203051e-07
0.0024435894206027,1.3446312320966857e-05
0.0168710826560052,4.526478185065027e-05
0.0181559961714948,0.00012211564808658665
0.0194263077439454,2.0618526452389106e-05
0.0142465161285177,3.691620165851718e-05
0.0133643972554234,4.073995716765434e-05
0.0038758100247904,4.029306791040953e-07
0.0077086522809091,1.2078340591148677e-05
0.0015981106578227,1.375656641108277e-06
0.0046707575103027,1.4379287383805714e-06
0.0154292905352414,6.426497002292409e-05
0.0116108080212686,1.451617688147186e-05
0.0161202580178153,6.777533944435684e-05
0.0057695479094347,6.816890567092032e-06
0.0021506486482812,2.088267006974976e-06
0.0178088993357239,4.448620518614268e-05
0.0084726605153187,1.994593354351253e-05
0.0079044438305898,7.2351025900748394e-06
0.0081063308804513,8.43474008141448e-06
0.0147316425871868,7.407471619067217e-05
0.0068724655318333,2.7515795531638995e-06
0.0195421308210859,0.0001516734845821302
0.0190452001648418,8.369557857075948e-05
0.0058516516400521,1.1351705628398894e-06
0.0139524028925916,5.0589587940434076e-05
0.0127837311210283,4.0537865696756876e-05
0.0148170640858608,2.0023455832931816e-05
0.0132541764494917,3.810963512529338e-05
0.0193933753834164,8.664077737569252e-05
0.0197268242970516,8.183782924618133e-05
0.0027272946134962,2.8326824767429165e-06
0.0164528382594963,7.550359025708068e-05
0.0166534819816883,8.12427908722155e-05
0.0169820362736748,8.032050514686087e-05
0.0035851422044866,1.3148438941793662e-08
0.0069909360779978,7.332273365568238e-06
0.0095532614064194,1.847180305227754e-05
0.0105155509569333,4.035164638315375e-05
0.0013161906711923,5.381726956863834e-06
0.0137954090258188,8.142454896505734e-05
0.0100262173071641,1.1349321099221416e-05
0.0070641295872113,3.677513660038986e-05
0.0003775989297269,5.031096315906728e-06
0.0087312710085498,8.727183527446871e-06
0.0129403764653228,1.1286207531729233e-05
0.014341593653992,8.470144774853603e-06
0.0131663840899856,2.636191270652055e-05
0.0040393373625102,1.6679984752451005e-06
0.0168267533016662,6.964994121152301e-05
0.0153360983039601,7.215198525629455e-05
0.011596156206593,1.3857290372265464e-05
0.0175197678574778,8.513415504588972e-05
0.0002461411591511,3.067353066632697e-06
0.0154015527844027,3.111851526519478e-05
0.0074884910888944,8.585838923396582e-06
0.0181819443647145,7.511054015904209e-05
0.0175365995001352,5.862423213756321e-05
0.0134944549737057,6.736831801177579e-05
0.0103396427120045,1.021565400003875e-05
0.0121883735886511,1.9343759348936145e-05
0.0117841361902018,6.836632420170265e-06
0.0003621461414288,1.0200032168693884e-05
0.0046412930417981,2.28861406793314e-06
0.0158005971671167,6.059787176762335e-05
0.0058854280760534,2.278907962315722e-06
0.0151662980396411,4.2830384597459045e-05
0.0101555345417983,3.371494778624061e-05
0.006318532937674,5.8122273831756746e-06
0.0078181337538688,6.180956131061867e-07
0.0005278479323647,8.917525399586008e-06
0.0039221239733468,1.874898785519321e-07
0.0192858356699656,0.00012501176277918212
0.0092929648708812,1.5805554980494095e-05
0.0168416910135447,1.8486402738219481e-06
0.0199551663514755,0.00011736433211327317
0.0198706392649221,0.0001690060835892662
0.0128049965598988,2.601405226171014e-05
0.0139979413554348,3.27703162222914e-05
0.007466625971713,1.2030292447226656e-05
0.014110297510358,5.370577420581593e-05
0.0111796110641362,2.0409769279568707e-05
0.0113791727863675,1.797682771798592e-13
0.000184004661682,4.6799880207182994e-06
0.0182929823759242,7.994500524508492e-05
0.0030630331819936,3.970759872837358e-06
0.0093702903982018,1.2173731759617529e-05
0.0057421659817938,3.4107583869238225e-06
0.0046519138807957,6.979882002875597e-07
0.013581825193541,6.838099119771282e-05
0.0055676964662393,9.5677012378324e-07
0.0181169305060722,9.35243109505454e-05
0.0185815567586815,0.00010311559703221669
0.0131901964430892,3.9772568057784295e-05
0.0093103730861699,1.5190507851659343e-05
0.0126269574800201,6.263220765584339e-05
0.019380673518376,5.18826773766375e-05
0.0039557412492264,2.9126690372150285e-07
0.0090255801998164,1.831089852123972e-05
0.0072865750882992,6.121626029900266e-06
0.0014809931067342,2.878131228311956e-06
0.0198384365589845,3.5510730209710674e-05
0.0167700173544237,9.687374513267974e-05
0.0112182070236647,2.6245860971055463e-05
0.0120481212008888,2.7701349392880443e-05
0.004758483934138,2.911617583435396e-07
0.0124620868055933,1.534532663210591e-05
0.0059155713012803,2.9933506174967404e-08
0.017994560611674,0.00011132072873162357
0.0001134288471749,8.631017536390982e-06
0.0105521596569023,1.9136988055437158e-05
0.0184085058834492,0.00014275766104976744
0.0042231566262823,3.6708224744420013e-06
0.0130473236741801,5.638796596689818e-05
0.0126351724333591,6.756157010006902e-06
0.0001457999459787,9.695928547152486e-06
0.0069323107733679,4.9083494766809285e-06
0.0075713656133431,1.42807829687231e-06
0.0169047119265573,8.440553083015764e-05
0.0056825290801517,1.3717689998981417e-11
0.0012052987860061,3.096122249584891e-06
0.010880773650017,1.1284807864280388e-05
0.018209145242676,0.0001342141303086976
0.0194815917125412,4.723505995267978e-05
0.0031688100710084,2.0632180114619628e-07
0.0085158204094897,7.208108484335797e-06
0.007145155129831,7.166374467533959e-08
0.0094305424598144,2.9261274241270307e-05
0.0199176548093563,6.346224005941925e-05
0.0036647919197811,8.52422445603159e-08
0.0139716904798574,4.60329915411592e-05
0.0077268906400968,6.730159266566294e-06
0.009560597345157,6.379057024924013e-06
0.0059244997385784,3.975662586253515e-06
0.0077994293559721,1.3187701400137897e-05
0.013202710433241,3.788013236589555e-05
0.0059525383656848,1.656482090297461e-06
0.0104586099321767,1.3189368160064814e-05
0.0017179361580314,4.23882494213776e-06
0.0009466305295985,1.0199674748502353e-05
0.0046008435974587,5.446924295888572e-07
0.0164041870932868,3.5149048802599465e-05
0.0034425317845252,8.737758767627945e-06
0.0106697090041169,3.799578241657454e-05
0.0198405559349572,0.00012455229277203228
0.0019542845712972,1.1175287111021358e-06
0.0086653574713713,1.762047951723218e-05
0.0196748263557534,0.00019308189002252107
0.0185449621058246,3.9998219669661725e-05
0.0149257671402279,8.964384130463793e-05
0.0177866848172211,7.148427336679916e-05
0.0170040060433901,6.075628922407034e-05
0.000735922730654,2.5374991863228386e-06
0.0073643684441193,1.055391760949962e-05
0.0126497102006323,3.665903438437323e-05
0.0046202929338811,1.6733384126009704e-07
0.0035432898042371,8.934482619595788e-10
0.006731600755416,3.968012277908519e-06
0.0041100637390502,7.253179379187515e-07
0.0027322240266735,6.83457795928629e-07
0.0045236986750176,1.9575004349462984e-06
0.0056937613036559,2.9838255630003712e-06
0.0154462970203934,5.569183606051418e-05
0.0193036145028591,0.0001076436555994017
0.0077786765183694,6.742161280573835e-06
0.0162727107798332,0.00011176336559572076
0.0096389941379045,2.4498933044924317e-05
0.0132905520530132,2.4566506832183273e-05
0.0187815832812365,2.3197213560805342e-07
0.0055181843401555,3.807110648084336e-06
0.0119289014256336,5.762742657461759e-05
0.0194664904909115,0.00011794809196277613
0.0188080886465758,0.00012330626597097729
0.0007001408912306,5.6088997253321525e-06
0.0071645582401024,1.115552622076765e-05
0.0044032281008642,2.3679477279207877e-06
0.0127406999227979,4.747078721626398e-05
0.0050674932173112,5.59080105643555e-08
0.0119293418732434,3.016225022782179e-05
0.0055189869121433,7.343138494191384e-07
0.0082439387816309,8.358326613189834e-06
0.00659685658683,1.4435750954882782e-05
0.014751836443639,1.7249565871087882e-06
0.0159710261714345,9.932103078220261e-05
0.0132950553092349,2.285306581366748e-05
0.0123428607266858,2.5865130702470003e-05
0.0040297090542558,1.7882267173816647e-06
0.0161171508644819,7.425430479593065e-05
0.0015384005583121,2.737984269041133e-07
0.0142234146119128,5.041593411387245e-05
0.0189898022950345,6.75721230661823e-05
0.0002720917637638,6.482417183670302e-06
0.0089555504189522,9.337977821594137e-06
0.0030705677301879,5.401869585392001e-09
0.0124067358010932,1.4194588232013503e-05
0.0080339623348185,6.875307972123636e-07
0.002321614500605,2.633150796167706e-07
0.0026372870971869,4.857096950759556e-06
0.0006285330185293,2.207799262981595e-05
0.008733076607607,1.0769796719496603e-05
0.0065881641064334,1.8715693188974215e-06
0.0174509301959064,6.952195342859034e-05
3.3476641876557524e-05,9.908443825321806e-06
0.0096198302208502,4.407540825735665e-06
0.0049339496033375,5.179916247255196e-07
0.0162830096007377,7.877099337548832e-05
0.0151412785112423,5.0877066006439864e-05
0.0041852631641443,1.9692766922549615e-07
0.001672442969792,9.601547741590643e-06
0.0008587499929919,1.8880313511255585e-06
0.0172905614590212,8.042808626614768e-05
0.015960658697332,3.769996577389079e-05
0.0190088364542694,6.932890288910572e-05
0.0071376801244678,6.117242939221377e-06
0.0151529526591547,9.058139188985284e-05
0.0182496360717389,0.00011069246577666335
0.0062457973653489,3.248403399835452e-07
0.0175839344840992,0.00011753917033742158
0.0189309466973801,0.00013116528122891343
0.0093389140200902,1.8526634831827818e-05
0.0146315664574108,4.54964981258335e-05
0.0054569914601492,1.3950885006789138e-06
0.0150126105386173,6.184706062701084e-05
0.0070496794879691,4.845046546782363e-06
0.0017216985460761,3.199893714568974e-07
0.0043183176469216,5.538469027250007e-07
0.0046882191914171,1.4546946476168115e-06
0.0051644326570172,1.491204097914584e-08
0.0171635163753283,7.403358894900651e-06
0.005080124311031,2.138371065761767e-06
0.008290001450414,1.0888302088424056e-05
0.0087230262847631,1.3382555432410775e-05
0.0159554426034633,7.095711407918344e-05
0.0008630356415771,1.4068406300860611e-06
0.0150468852695742,2.5711690283657987e-05
0.0024828644554932,7.421401431861474e-07
0.0034459661082844,8.052097200397621e-08
0.0043305865492468,4.883468414297242e-08
0.0045027164035525,1.0484025268156256e-06
0.0020940297319906,8.082033094388102e-06
0.0060337867962968,4.289738944904675e-06
0.0018804528770746,6.775221758374361e-06
0.0184108707562788,0.0001098113806475207
0.0060980312976225,1.390860553299493e-06
0.0036987226602676,2.253444861222485e-07
0.0061192264530774,2.4757906290925364e-07
0.0132900679056007,3.7564453943698435e-05
0.0102651198487366,1.0220995975838458e-05
0.0123904891970315,5.6704414001060414e-05
0.015001865080725,4.767261604634715e-05
0.0082643930206127,9.112612630437721e-08
0.0003563578489278,1.83612326418695e-05
0.0153255310821149,1.169358235363301e-05
0.0016438991574785,4.583754284585978e-06
0.0104020705752742,2.508598470892553e-05
0.013437445413797,4.7549980443374066e-05
0.0125351691805405,2.645277899035546e-05
0.0071067656060029,1.1516427792141252e-06
0.0118571271066321,1.8937673788623435e-05
0.0073601385906955,1.0388886088360334e-05
0.0045324358286382,3.3100892782324744e-07
0.0106346434813907,1.9044655884386935e-05
0.0004229131652499,9.793325248237986e-06
0.0064227388275756,5.51511645985798e-07
0.0058209745959579,2.7520470879254614e-10
0.0050518786531048,2.2040997405143257e-07
0.004353174833558,1.0315397246656013e-06
0.0020321832191447,5.8992220870201284e-06
0.0108257207744021,2.9435629894548283e-05
0.0149163386820541,6.11537858089315e-05
0.0168409464105029,8.196242067555296e-05
0.002964266287547,3.368731314000243e-08
0.0136491926902647,5.597946313235315e-05
0.0170079427192865,7.586590328207679e-05
0.0189199133716631,0.00011862305227400242
0.0077609149025039,5.99029412970836e-06
0.0028283151376853,1.5990243358534292e-06
0.0023667337417232,7.526757673344035e-07
0.0124253661618888,4.258379788318259e-05
0.0040721488334334,1.4358663946715158e-06
0.0013113233324893,3.921827332500686e-06
0.0096065368857816,8.05716034430125e-06
0.0154431080243775,3.0026110872103057e-05
0.0188913416356075,0.0001617211261100304
0.0029063091950766,1.2592974420805966e-07
0.0198498279972131,8.757816949337579e-05
0.0134035929270979,6.553167504148342e-05
0.0154646129429107,8.519914386698275e-05
0.0141366607879272,1.7488459023182324e-05
0.0066032704190688,9.342031356333401e-06
0.0008440221246978,5.776522019869675e-06
0.0123359333036913,3.2797292665742455e-05
0.00101432241673,4.2005971477676244e-06
0.0041041339954539,5.27027329841569e-07
0.0043890325615718,3.588210697954271e-08
0.0046451725647963,1.6128129392215197e-06
0.0121304214134374,4.404290916112393e-06
0.0190183489471746,0.00014605536801682868
0.0034756679356239,4.10841765104495e-08
0.0092037932316066,1.4961037520103535e-05
0.0039001501365881,1.0993996302060446e-07
0.0037170703934647,1.4911804448924012e-07
0.0049548316743078,3.999489098652092e-06
0.0069586238376808,2.2114063267199906e-07
0.0077785620923844,5.995752419959989e-06
0.0176462771626,8.785073214680497e-05
0.0016728376856591,4.92876510024108e-07
0.0186102132136333,0.00010763051552918745
0.0181897095850302,0.00011668597588886719
0.0193668773069928,0.00011486990016114902
0.0182572391792121,5.7215943663303335e-05
0.0199112309977404,6.298078150505662e-05
0.0034778207209365,4.953874551849292e-07
0.0105315342202614,2.890610477985516e-05
0.0141969908740456,5.705601965820205e-06
0.0186481610069926,0.00010365236093974324
0.0016141431884184,1.282737978108665e-05
0.0092727713375032,1.2922495310884287e-05
0.01983978685488,0.00011965944125178388
0.0138510338771754,3.877696193315163e-05
0.0136914641740989,3.843717539096205e-05
0.0153448222434301,4.869178183322199e-05
0.0044773601253885,1.2079220453073286e-07
0.0190720153644711,0.00010501738767636352
0.0127354700969248,4.8875002941612945e-05
0.011882356475899,5.675932067052424e-05
0.0176378601101374,9.847172289644564e-05
0.0011090781572624,4.344738651295711e-06
0.0051788946284771,1.996967274715978e-06
0.0009960616572909,4.240380489679233e-06
0.002570788417002,4.435770757282898e-07
0.0038702569597501,3.25098758326838e-07
0.0179700332843938,3.558016211562642e-05
0.0004610752377141,5.8727910354046316e-06
0.0064701069465603,1.1593907817012843e-05
0.0088841825288856,1.6879328928786886e-05
0.0183859453029941,6.465057344115209e-05
0.0017169196379205,2.4869751756247693e-06
0.0052451348150082,1.0020603123309139e-06
0.0191594180142485,9.759570764129118e-05
0.0096437174730466,5.094408417568131e-06
0.0065103988468913,1.6255140864025698e-05
0.0189693177078031,2.5501555463775987e-05
0.0107090458373248,5.660543285354099e-06
0.0195299240008472,8.345997712472621e-05
0.016085840932672,7.118710865569186e-05
0.0028295330520682,6.000857473053019e-07
0.0031947597250474,1.811584101068468e-06
0.0082574561870413,1.4582854958760037e-05
0.003561265545147,2.2360407092905213e-06
0.0105924222496812,7.2118558198810806e-06
0.0151770502977314,5.1544648484460486e-05
0.0197076946576302,0.00014240021921087666
0.00723591498048,1.5031058574822592e-05
0.0078481354825972,7.96587543632387e-06
0.0075990283499868,6.554341463186403e-06
0.0195538738899603,0.00010599941567553452
0.0010175221443676,8.891429590322391e-07
0.0164175791444572,4.943530951417132e-05
0.0027677188802601,3.8372910034346495e-07
0.0019089526680612,8.729672645957513e-06
0.0188665875728453,7.320330498527779e-05
0.0178557605032196,4.751038636810308e-05
0.0046622125354374,4.85651326142549e-07
0.0111691588469165,3.695020948915485e-05
0.0118046562788824,1.043646612568279e-06
0.0110185690372859,1.671567589458797e-05
0.0158946002255093,3.7518367312802165e-05
0.0106847810752374,3.703336636812797e-05
0.0186876036983291,1.1861686661693665e-05
0.0097970047240884,1.2539122405602391e-05
0.0070112442200315,2.0518627924003018e-06
0.0127210000105392,2.0145374664042627e-05
0.0091493606207388,2.3227790676972832e-05
0.0060667404529136,3.0802736359458327e-06
0.016215911493855,8.575197408610309e-05
0.0007413233504754,5.976272246803602e-06
0.0110198827882419,1.0251645338964754e-05
0.0071491383479607,1.5900041695785435e-05
0.0136925228720759,1.1099554700588317e-06
0.0016897571211642,8.87110579163619e-07
0.0095028570635172,1.8390934814699284e-05
0.0178010232812247,0.00012798416817648992
0.0106842205516653,2.7769190120518105e-05
0.0085198067430385,5.951425778649516e-07
0.0032705726344978,4.6014243276941426e-07
0.0176807580745675,0.00010023998143473392
0.006032908397141,3.2159845256319436e-06
0.0093141289195801,1.77800877748847e-06
0.0013939483088415,1.095759450539204e-06
0.0149211512540249,7.188328998109376e-05
0.0021293047468772,2.2811253986406403e-06
0.0020669697578524,8.967320322969293e-07
0.0092949601214379,1.9186890392823364e-05
0.0100168709968079,3.2296881181120656e-05
0.012691947774129,2.876925402927358e-05
0.0019887433501499,1.5904654640645347e-06
0.0140499280206925,7.441751446828507e-05
0.0186444216000143,4.3429445774645665e-05
0.0156443506413767,7.621301332947446e-05
0.0134291083251225,6.908972682567991e-05
0.0006863180930594,2.1560045482450235e-06
0.0006988722317641,4.372907114502676e-06
0.0195508545591216,6.951000486810656e-05
0.018080871547009,4.9729898168416856e-05
0.0064148236245328,9.124958072175011e-07
0.0176916183022737,6.119202492932733e-06
0.0130695041410854,3.845370809195812e-05
0.0069533007656255,4.728270201490162e-07
0.0169226271050689,5.011658079394302e-05
0.0022248976034432,1.9581909303816923e-05
0.0054650014828526,6.52322310099666e-09
0.0004457317502123,8.149335446436917e-06
0.0137197479956046,4.871226552853666e-05
0.0013865520127267,4.0392774904181275e-06
0.0033373895159419,7.943550527912113e-09
0.0186120264233511,7.523549093393437e-05
0.0116704291792384,3.303266129092492e-06
0.0177369063631468,0.00011910648038188749
0.0157785492740685,0.00010639737791108023
0.0029347754868934,2.163771343459435e-07
0.0037415123248787,8.58835919828019e-08
0.0081709484290361,2.8636878983171945e-06
0.0026020617730682,1.9359772999403685e-06
0.0016977409940637,2.986797139598674e-06
0.0113656167344259,1.462327023060609e-05
0.0059027896026465,5.479344748517139e-07
3.8814590472875386e-05,7.92976774669133e-06
0.0055139876008978,4.4979222143175574e-07
0.0007500165749058,1.0675429876990196e-05
0.0094940217647999,9.130826105214789e-06
0.0131273260107241,1.6171085725045963e-05
0.0008537549570746,1.2757998396041766e-05
0.0096501814090225,7.268546215804691e-06
0.015549029364747,8.637732182782709e-05
0.0193962258821118,1.889896162716879e-05
0.0057412206908641,4.7150074041967725e-06
0.011228189858207,7.07485586656635e-06
0.0163814177991871,1.7348584334987595e-06
0.0043293893367233,2.038745655145428e-09
0.0167485935457944,9.749278828954321e-05
0.0068848800475923,6.990798928027434e-06
0.0108663929491193,3.512593204639836e-05
0.0064388602076479,9.77840024956816e-06
0.0141186084692382,3.265298506243636e-05
0.0105034113472721,1.621701578206448e-05
0.0014147528254976,3.944094117581114e-06
0.003071201727493,1.2613324010940678e-07
0.0141794232781631,6.702836434764283e-05
0.0074568250243772,6.188618239508014e-06
0.0189637455772454,3.9762885451777854e-05
0.014933989949022,8.266035466057585e-06
0.0048140795109415,3.8330032219206943e-07
0.0187330170275869,0.000141736230956169
0.0147845197760554,6.378595479801919e-05
0.0184885672210084,1.70509167999271e-05
0.0138819823100142,1.8588615711999722e-05
0.0179873904879344,2.8625885392771162e-05
0.0150895063198096,7.911358628230021e-05
0.0191676151974734,5.7563810990246195e-05
0.0175766430710957,0.00011362975149288271
0.0080414638697369,1.2995019859564092e-05
0.0068382264369524,1.2004536076802614e-05
0.0132659355678234,3.162356586966942e-05
0.0133853845235682,5.5601979524696954e-05
0.0113655188669972,1.8814304536456718e-05
0.013158504271945,5.575873197197279e-06
0.0055982949749679,8.846068645494673e-08
0.0071904356731228,7.308589940166767e-06
0.0115918373701906,3.743606790642578e-05
0.0141760902936559,6.64288028666834e-05
0.0109655132757528,2.8860441769996362e-05
0.0128125685280717,2.3127083570867478e-05
0.0051290608738635,7.641321372577036e-07
0.0101717938400585,1.357996870623615e-05
0.0126522677972448,4.0446586346343697e-05
0.0010757940193305,8.724565089992076e-06
0.0047193130908939,8.08259938192454e-07
0.0197713855435036,0.00013931570786820808
0.0115071283946251,3.4649383254170566e-05
0.0190298439804206,0.00012692919827434593
0.0189708076842589,6.11775372113245e-05
0.0177380160288813,0.00016857455430424877
0.016317270235982,7.787357183040187e-05
0.0168993279095941,9.814310029996683e-06
0.0098174917097387,3.51781827791112e-05
0.0065120363910504,3.4194853628531596e-06
0.0040680019637842,9.11450048215241e-12
0.0119474946142638,1.5908194612851995e-05
0.0054767725090741,2.7290133558873077e-08
0.0006626979466307,4.7062821566739725e-06
0.0159658446600516,7.678680766349547e-05
0.004557436853948,2.2511922343159178e-08
0.0080326746853632,7.297152406018808e-06
0.0057964363612922,1.569560947995033e-07
0.0196285080981378,0.0001220819172491405
0.004414619511188,5.713474275492999e-07
0.0029711047117118,8.747013888332524e-07
0.0163378360731899,7.92886330574314e-05
0.0095674525482316,2.9499095377078404e-05
0.0105048290092289,2.0126388952001432e-05
0.0032920786204696,1.1553247410725154e-06
0.0140626894701309,4.712430866406915e-05
0.0011054936171723,8.204870074407554e-07
0.0033597620624983,1.009376852576341e-07
0.0194273161783244,9.396858282494487e-06
0.0018222315851658,3.9796396443482595e-06
0.0191788908361901,4.30053405342796e-05
0.0031495440518914,1.2273334174002781e-08
0.0187605013431921,0.00010547390236035983
0.0162070843007125,0.00023648649231823652
0.0051930337167427,1.6521424389344823e-06
0.0116671092267934,4.890741000040454e-05
0.0033197485583679,1.093930293002772e-06
0.0077004796218348,2.4599336517354306e-06
0.0020765241169253,4.086428775831929e-06
0.007237183346997,9.723050385603882e-06
0.0145060560955052,6.423692507078788e-06
0.0094543329862739,1.7273007356808324e-05
0.0139318408593761,3.7249858695476265e-05
0.0156898155855573,5.9850947695600385e-05
0.0012700926454973,2.6188060057182787e-06
0.0191019109617521,0.00011240226378912902
0.0087703493105574,2.0301161198940708e-06
0.0165592198538686,1.4204013099219856e-05
0.0047296862280784,1.1931268649693033e-06
0.0158906827938377,4.091523037540333e-06
0.0023161861321028,2.4240099121680454e-06
0.0146458894808823,7.647389837772932e-05
0.0112708947975443,1.404810635557287e-05
0.0104643730222849,2.9358425526004074e-05
0.0095638959125936,4.115287401072102e-06
0.019605856728742,3.250609714499854e-05
0.0194856352123681,9.294305504639516e-05
0.0041124281718855,2.2352464181840065e-07
0.018062946081337,0.00010920959714538402
0.0145921963947072,1.1125875362334297e-05
0.011004826301871,1.9366468402912517e-06
0.019665020188798,0.00012199731642027496
0.0043375436909066,2.6660263976643343e-07
0.0085788779650486,8.267562751473543e-06
0.007162902871125,5.711202722206765e-06
0.0059759073175742,2.5928971176889976e-06
0.0037992462594146,5.9318969620318185e-06
0.009572243475058,1.92118177193229e-05
0.0129704722625419,6.028598006294685e-05
0.0184259043248686,0.0001018899480610736
0.0122837401542531,6.256100204557607e-05
0.0058667723417162,7.008015360248247e-06
0.0095129770543092,1.6307823459252485e-05
0.019995068109445,5.887415561953067e-05
0.0027264485172545,1.179566076142763e-06
0.0095746436204659,1.9915534744243018e-05
0.0083003117844466,1.0647690342708437e-06
0.0052984826828611,1.179752732192615e-06
0.001134610701395,8.209893855999321e-06
0.0042654220877727,1.7213842407865543e-07
0.0093516666434122,1.7691940116021862e-05
0.0027847540533568,3.212496638961052e-06
0.0012602633829208,6.395329547052642e-06
0.0185450091425294,7.62204748252196e-05
0.0129614534748177,1.2624523719135904e-05
0.0117968362040031,4.859930995205728e-05
0.0193469560003967,5.646693886212292e-05
0.0196985118427148,7.303030218753132e-05
0.0066769160724172,1.113926831796294e-06
0.0023930175508705,1.1827579805891014e-07
0.0182204131781061,7.494606307341734e-05
0.0098678877946566,1.0171916907204735e-05
0.0036260416953379,1.4752962736379024e-06
0.0032668609585738,4.049142830611107e-08
0.0077739772600823,1.4782880624661029e-05
0.0023487218756194,3.5546515252636503e-06
0.0089470413161161,8.0455461614899e-06
0.0017191842799027,6.005182136687296e-07
0.0034942132606966,1.0638287300987263e-06
0.0093358472081928,3.906007522184705e-05
0.0176336899937151,8.698511945700032e-05
0.0037566404290166,4.3256931331853343e-08
0.0090882185288299,3.054448650810819e-05
0.0012223406304535,4.325858575451296e-06
0.0191627225060262,6.758514850173968e-05
0.0020798762437988,3.7915164207450967e-06
0.0056700304491219,6.764352981394641e-07
0.014640319105909,9.613919122803439e-05
0.018565268273812,0.00013078471649027718
0.0037537968067704,5.517123443514633e-07
0.0101139269722181,2.407753635118478e-05
0.0154241220072395,4.15741292220116e-05
0.0103339987621395,3.4272028665339865e-06
0.0079941543579105,7.326373046764079e-06
0.0161645517799322,9.090214197431654e-05
0.0061195966592286,9.383952165750511e-08
0.0075839618116196,1.2758623083468483e-05
0.0107405473173076,1.4602637868974271e-05
0.0128125481877666,4.686516996138199e-05
0.0080852358965076,6.24000568729696e-06
0.0067828829689388,2.412784895170784e-07
0.0141332662828497,7.55870562024246e-05
0.0028083018376645,1.0934948925698097e-06
0.0107495055852823,1.2723284018640424e-05
0.0093729565009243,3.5389318938735823e-05
0.0006546412440637,1.0160793037725254e-05
0.0147834725907426,6.447591159317793e-05
0.0073194528676918,1.0942443282055256e-05
0.0052612618836869,3.7961450178289595e-06
0.013988612071861,8.262608789816386e-05
0.0068539690573377,1.8455942896727414e-06
0.0197478246716435,0.00013239572696858393
0.0122846613587684,1.7017266758584057e-05
0.0053768855208321,1.1711627507899143e-08
0.0109986140514493,1.538083101667422e-05
0.013373262064826,6.652850159136662e-05
0.0002085664769576,8.087228640898195e-06
0.0195996910800827,7.079131096564452e-05
0.0022602876403515,2.056836415151976e-06
0.0188146350939339,6.882051675319019e-05
0.0101447449429366,1.8608150975344336e-05
0.0096278739133804,3.992116709962347e-05
0.0184251905696395,8.746610877697342e-05
0.0092048138302598,9.784893327796977e-07
0.0077273263386541,7.298529668758329e-06
0.0007968812832901,4.592527869472792e-06
0.0040300519125237,3.4705435273480684e-06
0.0128143333980336,5.11353016401595e-05
0.0191917500232793,8.15647184986376e-05
0.0033501043686515,6.654616338439714e-07
0.0170708955695554,6.920215547095902e-05
0.0188574669288839,4.746183068925561e-05
0.0146316547721374,6.77385256342957e-05
0.0073049682228981,2.105727495083007e-05
0.0071072131138806,3.634881402473511e-06
0.0160713304645834,2.7275440223773273e-05
0.0196198698257498,3.846813132539838e-05
0.0130484810534451,5.845074708596948e-05
0.0084577330404131,1.8284814471846384e-05
0.0107379015652006,3.619785568439288e-05
0.0134278676402158,8.610340502166796e-05
0.0023325048400904,1.7861054586005422e-08
0.0116524480771176,2.9692866189957e-05
0.0154704583807541,3.417928221299042e-05
0.0073062809683826,1.0823467911921086e-05
0.0191635495994062,8.030940608338554e-05
0.0055784699772104,2.0412237521099563e-07
0.0010727913188921,6.058540240156942e-06
0.0051433416482116,8.623799215893791e-07
0.0199849924378429,3.1167005176810538e-09
0.0154325639270448,8.112446747557593e-05
0.0086684253824863,2.737157684644891e-05
0.0061163513496593,6.106645133641518e-06
0.0014781419589875,6.615038772404475e-06
0.0058187028973632,5.90144260409023e-06
0.0022498463886129,2.1336340222860068e-06
0.0065609248778279,6.358208527514979e-06
0.011747982966378,3.414953787366054e-05
0.0072842218568297,1.162462143432549e-05
0.0021502523552191,1.1021429994836673e-06
0.0154107149425516,3.4385841912943784e-05
0.0110132914494579,1.8384318023678476e-05
0.0080756843654986,7.858708136515218e-06
0.0143176675012252,7.203162812222477e-05
0.0160306066950088,2.409825593256992e-05
0.0102362691668535,2.6691338356917414e-05
0.0152917744392299,2.798071575369506e-05
0.0154052193787691,6.467955525664503e-05
0.0185412067869256,6.23800556135879e-05
0.0160442638783565,5.776708250252847e-05
0.0044561498170153,1.644344970239528e-07
0.0181810833480477,0.00010758955856482904
0.0137390328649026,7.267928768804973e-05
0.0050701907047686,1.0740284870855398e-07
0.007862204034864,8.291109414345322e-07
0.0080472084393196,1.4791226811608092e-05
0.0178566877797933,0.00010358092035437444
0.0010907949847824,2.8105441594691354e-06
0.0035257830158013,1.5138357423276263e-06
0.0152219118572253,3.548421080259898e-05
0.0171501125554687,7.33184918882399e-05
0.0078348904801528,1.2026687773305906e-05
0.0052174712175642,1.079796182727442e-06
0.0039146000403799,1.6810099049548645e-06
0.0193023407523434,0.00011122411305082726
0.0192662638161014,4.873007758130767e-05
0.011386284267362,2.0003704692872406e-05
0.0005742726562555,3.7091735032989396e-06
0.0158729255780949,4.550407697381678e-05
0.0159667154435925,5.8996862719069715e-05
0.0134428961806261,1.5841292616579574e-05
0.0131834792947712,1.6740916636602e-05
0.0157830662172409,6.698785972977664e-05
0.0195661661092221,0.00017737600234099386
0.0163227979727769,9.637179543043467e-05
0.0197721952832237,8.38715296216329e-05
0.0061345856565901,1.809513405675443e-06
0.0149227329972514,3.093282435680728e-05
0.0016625619001873,1.5708901624452462e-06
0.0192654206087155,6.060972341311081e-07
7.544118084919838e-05,6.141524449659513e-06
0.0086630654879659,1.2641521859938262e-05
0.0168727029865662,6.509869304545172e-05
0.002547649324873,8.517612353617693e-07
0.0148019810543212,7.516487927482588e-05
0.0086047745333556,1.4393800601628156e-06
0.008018988607325,4.4588552381474346e-07
0.0088964689647447,2.8622602690623717e-05
0.0090948013043334,7.857478391471986e-06
0.0025888133355393,1.361548050406766e-06
0.0055696254286541,1.608315615371438e-06
0.0084254822228242,6.255123743004081e-06
0.0147278636553161,6.747353624413306e-06
0.0098577007513258,2.0038942270525854e-05
0.0161185188305995,3.158268073222506e-05
0.0046085363983999,2.3659707220951787e-06
0.0057649706748427,4.656469690267172e-06
0.0108851741029773,2.70854238284536e-06
0.0033101597339055,2.47525395281292e-06
0.0087297003330821,3.140552873826709e-06
0.0130336510939285,3.841620809104229e-05
0.015969603123063,8.331558802091294e-05
0.0169176690694692,3.839774348061908e-06
0.0032710679456522,2.4908924358704332e-08
0.0199429071808665,0.00012408481850234698
0.0178231816333451,7.235858911020062e-05
0.0008721919648926,7.736544729099352e-06
0.0035387800034289,1.0261339739055374e-06
0.0195243559864523,0.00010762696627959405
0.0122151784643688,5.215180314252291e-05
0.0102409752845406,2.1353202141478425e-05
0.0145590738005404,2.721241864437807e-05
0.0138686118141858,4.522781436260203e-05
0.0192164703749538,9.170072571025264e-05
0.0143008022320724,6.868484992551667e-05
0.0081254369215575,1.1552966392892513e-06
0.0097403911554444,2.894098145231045e-05
0.01458954278667,8.971236606201636e-05
0.0166691088172909,5.7059139103196135e-05
0.0145359437469297,2.5730920941327002e-05
0.0068520409736564,4.908202811794877e-06
0.0165884751344857,0.00010979259654765999
0.0173244346016741,4.275775637561567e-05
0.0004780931135212,9.098422255958406e-06
0.0077412344278515,5.043581189261774e-06
0.0051881904512365,1.594917285304603e-06
0.0103083846961349,1.8137164100949347e-05
0.0175661158794833,3.198765537869691e-05
0.0191447253122491,0.00013521773396760471
0.0025913026670562,1.7849674681141783e-05
0.0013761547683479,3.707435255536675e-06
0.006532565565002,7.803308546758885e-08
0.0157576394127859,5.642178961618113e-05
0.0194242224077062,0.00012631153368511993
0.0010220773690198,4.086149485630425e-06
0.0023125662188232,5.1661548870613634e-08
0.0053813647203931,6.9877826274723894e-06
0.0168109256347222,5.4101023315392256e-05
0.0146295632511627,2.3174737575627834e-05
0.019712201234668,7.518878565721214e-05
0.0092330212032959,2.1291855847482548e-05
0.0153624652156306,5.844604888444952e-05
0.0036972352982915,1.582876680895326e-11
0.0174739620129581,2.3497826034121006e-05
0.0090957755881444,1.0014246916742421e-05
0.0164913515076782,7.110425917455118e-05
0.0063988743941797,1.2555901591130894e-05
0.0101309325191443,2.305977396963141e-05
0.004217061214677,3.2801681642113467e-06
0.0049896050149298,2.604545932356922e-06
0.0045754836419564,6.415963847741518e-08
0.0049240407266092,5.455066006659309e-08
0.0008707111688976,6.0272619801028175e-06
0.0163169746911262,5.4517026832064186e-05
0.0096437379648974,3.224436637762754e-05
0.0006281829252521,6.7274200408648935e-06
0.0130560397505457,6.731538882568321e-05
0.003891221723101,8.02151982652772e-06
0.014015361750984,1.2589804865741439e-05
0.0166012102922343,9.249510281145364e-06
0.0196148591064874,8.339715354461779e-05
0.0144738197941585,4.1104119360434464e-05
0.0092505960072173,1.4614946872087676e-05
0.0028363520624515,1.623843286825568e-07
0.0181426511351481,9.015222541316703e-05
0.0102847951422336,4.783663397218333e-05
0.0063401487669875,2.44738580070098e-06
0.0090507688624106,2.161736922323244e-05
0.0021843763479277,2.708068971349364e-06
0.0187575116145921,0.00015280559264438991
0.0026769789177709,3.203081929498139e-07
0.0117993462959658,3.380635011256267e-05
0.015993906378699,3.4015666450363915e-05
0.0019247387648145,8.060838520831634e-07
0.0066231440987438,5.036407156702074e-07
0.011347116916367,2.1240219309104944e-05
0.0097479390334258,1.5594611114045354e-05
0.0074649601902225,8.387782393960023e-06
0.0112738458856775,3.9989678431644515e-05
0.0170709640503077,8.972842649570478e-05
0.0024369537324707,3.8618753174292276e-06
0.0110160632202913,2.6719021482866057e-05
0.0133224658297864,4.2354609128234426e-05
0.0117907061164977,2.468759830404333e-05
0.0039262873184315,1.9644456616149494e-06
0.0151571944990578,5.2704463106452054e-05
0.0122337776178527,3.384293384890865e-05
0.0124935048676437,5.46950463593971e-05
0.0041342923795282,7.945149762737705e-07
0.0084812794886275,1.945965560668551e-05
0.0174966820910861,0.0001513669985231467
0.0122517853872358,3.1753064523701824e-05
0.0034116908450275,1.7791959871058877e-07
0.0178816477450308,0.00017086852681993278
0.0194260193606582,5.118407951624711e-05
0.006229950562682,1.4899239507236336e-06
0.0149230061546044,6.5163631955774e-05
0.0177245212710162,9.59957561989819e-05
0.0116792897697805,4.1640949498062126e-05
0.0121608958680129,3.2477744950336695e-05
0.0151034624152435,1.2545808479328048e-05
0.0198911879114953,1.4513802583314708e-06
0.0100918816916498,1.2201642787407915e-06
0.0110144672221574,3.6683852028131385e-05
0.0198337053450649,8.487740463253549e-05
0.0067733609057702,6.808127432343951e-06
0.0128859997912225,5.855267616457052e-05
0.000230312377332,8.021291551674072e-06
0.0143398585633987,1.7562091600822605e-05
0.0086301951000074,2.0395952439380603e-06
0.0077992685541746,1.0659530426058191e-05
0.0141750904808048,7.77999414615152e-06
0.0100836671777387,1.1848148296970458e-05
0.0194251876343064,7.96826850749567e-05
0.0182303211099004,3.5231748360514036e-05
0.0125749308908005,5.623179607959889e-06
0.001709638868643,1.2766352979449576e-06
0.0103407450226026,1.681315373489167e-05
0.0151218927389543,5.938078816884555e-05
0.0197120188496357,0.00014789950851718282
0.00822601308248,7.98488323312345e-06
0.0099182873335291,2.5479297172907072e-05
0.0193506219040462,0.00012492638434675636
0.0006265164448085,5.764526947782754e-06
0.0075130648588258,6.8058242951730106e-06
0.0033270824343876,2.199653878828398e-07
0.0184546648797154,4.007087116164041e-09
0.0146001723672087,4.318697849166894e-05
0.0166056754005651,6.241170375761525e-05
0.0058870776547657,7.52173814666595e-06
0.0139409970256195,5.639768668584529e-05
0.0008995701720864,1.9412476467200453e-06
0.0046298750733435,1.8391908969487922e-06
0.0105815841694591,7.689216043559585e-06
0.0051563681313858,2.668099695643401e-06
0.009586045665724,9.237956652394486e-06
0.0029243452776197,4.613510866173806e-08
0.0036987975178361,2.0863227109254075e-06
0.0138971814896853,2.9344489764534842e-05
0.008993988139878,3.2776241232960405e-05
0.0036541952853085,3.576686049432512e-09
0.001633698315317,2.9456311790768898e-06
0.0080040012287472,1.5004586114371712e-05
0.0107575891180346,7.929711154521166e-06
0.0190385062281561,0.00013431224756920736
0.0024319446098787,2.6162624388417273e-06
0.0157401603121701,6.349228309937399e-05
0.0120751472260868,3.8135655428581316e-05
0.0131940137033341,1.7575414358752026e-05
0.0083379448426199,5.292788914185501e-06
0.0153665010205839,1.1033892700599393e-05
0.0015132123713498,3.050068669200709e-06
0.008954880845834,5.527409292336932e-06
0.0129607543318445,6.714937417783644e-05
0.0077555164011422,6.8332915423425404e-06
0.0055055140573768,4.115914741532465e-08
0.0126698268552938,4.691482574142884e-05
0.01943239031095,0.00012377189191149163
0.016660519476027,2.588753711888401e-05
0.0044948410200111,1.1573378073431902e-06
0.0177095372163802,8.790356840820707e-05
0.0194435872467145,4.214141964755805e-05
0.0120882985597177,1.6112413295071477e-05
0.0022860815569413,2.0808889743557283e-06
0.0131112915752671,4.797520740160607e-05
0.0126969750089003,3.5258031827856316e-05
0.0003836221874125,1.110907719214071e-05
0.0018270912987478,3.226986452283213e-07
0.0138116126314783,1.1907389797433331e-05
0.0098942422399965,2.7500474536734476e-05
0.0109548859468342,2.0858746377812676e-05
0.0141904294759316,4.550738240814143e-05
0.0146899395181984,7.018327589037207e-05
0.0178318096954278,4.4510096376885204e-05
0.0021267972300613,2.588353609803057e-06
0.0038953587840022,6.700271275912452e-07
0.0133085038139631,3.566678059036857e-05
0.0132806539500889,2.9732562448453117e-05
0.0009282154584205,3.7682271105096297e-06
0.0173515069021643,9.05141041432086e-05
0.0152305821573776,7.64828408314679e-05
0.0178273114154137,7.299873815597807e-05
0.0153986500008939,9.105034134986184e-06
0.0143049746465942,7.203724265198926e-05
0.0071733232404021,7.098602867681468e-06
0.002223575058637,1.6061607023078282e-06
0.0132566083065321,1.93190906273167e-05
0.0165357360142414,8.67642152524313e-05
0.0030798924270165,6.252337774129751e-07
0.0100581342687942,6.358898923361046e-06
0.0049981022836841,5.1378016808657095e-06
0.0036806980500035,4.918521222341707e-07
0.0128237178150449,4.90871019195731e-05
0.0192958112781245,6.729483823392435e-05
0.018269630043664,9.398482494246415e-05
0.0171992637707437,6.716265942075378e-05
0.0124087074146596,6.9773210398359096e-06
0.0012259864236222,6.860157046812796e-07
0.0148914288543383,5.597885585905571e-05
0.0090254558978575,9.179806551777837e-06
0.0116363694934497,1.8928566591529434e-05
0.0093543686490707,3.227894680085759e-05
0.0070659174622365,2.102073179831532e-06
0.0194720348998805,8.875005646336282e-05
0.0031926350119611,3.9753822286038415e-07
0.0026049959241957,8.139321570870369e-07
0.0035016813218845,4.161132835954263e-12
0.0139973554318306,5.6504080138237585e-05
0.0096087791039271,2.475115715991322e-05
0.0037213941176816,8.933590300864107e-11
0.0150511108578644,4.230291736404244e-05
0.0149444227742095,0.00010468393139934578
0.0153299416563813,8.720379020102606e-05
0.0168437502561803,5.2517957796448875e-05
0.0188691030811937,0.00013049015902499487
0.0089142148137074,4.89850516880995e-06
0.00647271914121,8.009073399897421e-06
0.0183206739066895,8.168598627940626e-05
0.0191172743344279,0.00011437749113700748
0.0095047145490811,2.641768103427369e-05
0.0016731477605066,7.037473649611801e-06
0.0089024522174728,1.688024287885696e-05
0.0187476288586252,3.3334846996600244e-07
0.002903419590135,1.5593720706414608e-06
0.0083539275864827,1.5246083842915339e-05
0.0171801982431231,7.02099923072177e-05
0.0181127272767749,9.892581795549157e-05
0.0143874503202263,4.6065706367764655e-05
0.0034637814408573,9.7235269088036e-07
0.0014867095407006,8.885035258646154e-07
0.0015813451783771,7.023591938103418e-06
0.0191782220906903,1.0791220575472676e-05
0.0045912980867668,1.3503549982854603e-06
0.0114722725312814,1.3916616066047776e-05
0.0126168693623226,3.70743882596433e-05
0.0001829946924751,9.926118710834216e-06
0.0103296794843328,3.576760463519969e-05
0.0114871954440147,4.513073085198771e-05
0.0051339787994219,1.6238702882634531e-06
0.0016895196451599,1.5773496975008892e-06
0.0047772059015963,2.409580628718459e-06
0.0085267187034665,2.778267633845859e-06
0.0004719389047504,6.707188900892476e-06
0.0095624013053016,7.865992208861166e-06
0.0178325056898353,0.00011640646281402237
0.017273535568868,8.609320779127174e-05
0.0074766999205908,1.4308683394560167e-05
0.0075655734022804,1.4297390682089092e-05
0.0002475019212651,7.73605683702686e-06
0.0058110316482173,1.7957926349708908e-06
0.011312278448179,2.9568961902016608e-05
0.0082146301320057,1.8730335105918104e-05
0.0018705365316396,1.7934906694030121e-06
0.0009530996065968,6.970408562209654e-06
0.0007296779572155,3.5550656479920904e-06
0.016783917722216,6.60783568062979e-05
0.0085039418277766,1.9511385170463193e-06
0.0067271852144391,1.2496201472342178e-07
0.0169788619667256,1.4216049907465958e-05
0.00696928070147,7.254553783294821e-06
0.0120996080514176,5.58474699043626e-05
0.0090317326464708,1.2945774916163583e-05
0.0102037654840479,4.552740901284426e-05
0.0005110569350437,2.96255305831139e-06
0.0031697655243413,4.982942586607466e-07
0.0179341692374837,9.122708805404486e-05
0.0107992999053372,1.7671500638900034e-05
0.0093351277372767,1.0446910703284206e-05
0.0165912926278781,8.901037139856502e-05
0.0006447621901365,3.0170163603377977e-06
0.0031035974649103,1.0854461057323716e-07
0.0171275093544248,8.543464076209784e-05
0.0189738383313731,4.5852052084728316e-05
0.0108859158674072,2.5969095681667482e-05
0.0037914565516715,1.752378130949303e-06
0.0074779019637956,1.5325410035623544e-05
0.0068964719046793,1.4366018166249335e-07
0.0198029607360034,6.391378991143731e-05
0.0171633778902668,5.834818698305999e-05
0.0014942428008468,2.873273216310057e-06
0.0062762494822008,3.2455538254256434e-06
0.0006070740755506,1.1239457385915926e-05
0.0083791862238918,7.532475856484684e-06
0.010291878669694,1.2077024674634838e-05
0.0152348834822547,2.5291449366410377e-05
0.0086834826552217,4.976141398960607e-06
0.0058018779100614,1.8446574641696696e-06
0.0149057361161931,5.7692175708866364e-05
0.0199788173625075,2.841854948842344e-05
0.0066811415546275,5.8458970673315734e-06
0.0026636039411325,1.16323806300677e-06
0.0142460148005508,1.893564440363599e-05
0.0066661914103488,6.30372170752352e-06
0.0171274269322487,9.780223541647602e-05
0.0001566720241299,1.4339425081627873e-05
0.0102765715244524,2.8181627567044863e-05
0.0124505348509323,1.2442689332088757e-05
0.0150036226242109,4.1839204683975895e-05
0.0188129686160696,0.00010606023521096615
0.0100055319096851,3.4327774443003635e-05
0.0196202133877618,9.522668855562066e-05
0.0170322346457532,7.28768825614196e-05
0.0099923626178751,1.2249985523252713e-05
0.0008677439829583,3.534712938844755e-06
0.0134467683337798,7.434601551007727e-05
0.012824927297644,3.912316927674251e-05
0.0146962839230313,2.308854626241782e-05
0.014908892825131,6.096304045939827e-05
0.0127720509990019,2.278705569942725e-05
0.0195772817164404,5.064216625265033e-05
0.0173648345898802,1.4997388384804978e-05
0.0007596571100634,1.9832132198990553e-06
0.0080353003204329,1.2214939224491833e-06
0.0057368693215689,4.968610204100277e-06
0.0014600311421149,4.748036185862042e-06
0.0043810134022014,3.27161357937123e-07
0.0187403806032416,5.7554503262451676e-05
0.001030424474825,1.6408790231681137e-05
0.004733043894223,1.5974182384250407e-06
0.008966405875256,2.1544687874712336e-05
0.0056927296552625,6.41955906683669e-06
0.0168084212833901,5.279345450209077e-05
0.001115011055936,7.41005467875613e-06
0.0036817000894484,4.205547906208269e-08
0.0002453049624213,3.3627346407620797e-06
0.0126909410669051,2.723745190600553e-05
0.0053934752067312,1.4403481482042638e-08
0.0037625033716166,7.514343846734462e-07
0.0178099324882012,3.622361514956588e-06
0.0102417360051561,3.1694267071234033e-10
0.0116439587104246,2.5215386442680317e-05
0.005258718450417,1.3277440993330206e-07
0.0163764240075659,0.00012095561076577783
0.0110937876402595,3.46055703099178e-05
0.0055956729581707,6.337436590538938e-07
0.0083682627402936,9.512569210681403e-06
0.0114727795502133,2.70157693069976e-05
0.0134933876372409,5.825063043656518e-05
0.010820626800365,1.1480587210001732e-05
0.0028535414370131,1.6094648908195906e-07
0.0046691493198006,2.5713722767957873e-06
0.0081944654473056,4.288131605838994e-09
0.0074743850721593,2.4115437709133394e-06
0.0143198117980537,4.626877445623232e-05
0.0173834741475486,9.9441494834389e-05
0.0002992790245528,8.804505780838592e-06
0.0099464770392987,1.3786763256664383e-05
0.0152421173837913,5.170881295543109e-05
0.0042501103799896,2.2119110679083756e-05
0.0047389432466251,5.848420349962774e-08
0.0179790946941446,1.5490183388539098e-05
0.0155080312487653,0.0001027886020659442
0.001963404358516,3.6673062554862663e-06
0.0034230078735179,1.6020792982621283e-07
0.0153215945431388,5.273440755383613e-06
0.0048214334701471,7.643093842427738e-08
0.0077566099356135,1.9878499026936302e-05
0.0049974102993077,2.6014390821662893e-07
0.0056343912659203,1.2504198112871214e-05
0.0167454214505697,0.0001022549934718233
0.0054994146524519,1.0865501740662348e-07
0.0155483892150472,7.561355477956659e-05
0.0199492538794607,0.0001372073344488443
0.0012887302961026,4.957991576996858e-06
0.0193942046167337,0.00012031131106556318
0.0007963046787951,1.0165169617083559e-05
0.0188166215294475,9.237266099804993e-05
0.005280344373837,1.8167149103814533e-08
0.0093710283512465,3.97709228096902e-06
0.0090744414218984,2.1097266690429094e-05
0.0139128910051612,7.389455032457018e-05
0.0046281377906728,1.7435728041623094e-08
0.0189446666053261,8.90560071953355e-05
0.0030500251079944,1.3762359045456149e-07
0.0185948145529492,9.557039494051656e-05
0.0038807313919756,1.2596212243296935e-08
0.0140897512712176,5.720063573396552e-05
0.0153878589715826,7.542347445391746e-05
0.0099156594790578,2.705179185537812e-05
0.0191014443065358,7.105684622006913e-05
0.0171767134799877,0.00010418054598722656
0.0079089720190676,9.653736596357449e-06
0.0067906312332272,1.1346093259943893e-06
0.0114901259448416,4.533158310509573e-06
0.0171025839517867,8.706062165024603e-05
0.0044678746709066,5.760936404021248e-09
0.0142176644485587,5.2816952229735225e-05
0.0019566351527379,1.5259145602488827e-05
0.0177626063959692,5.136427021617314e-05
0.0197112755335657,6.578903122972676e-05
0.0121382479430084,1.3732781318136805e-05
0.0009543580370722,2.607558927274804e-06
0.0141668809337094,3.12195019585909e-05
0.0135768406627573,4.786035044338802e-05
0.0004571631710794,4.488452560660948e-06
0.0069100970420357,3.01975029212627e-06
0.0185650967725403,6.248950725655672e-05
0.0050670086581228,7.151125488790544e-08
0.0031989591338542,1.329092327329438e-07
0.0132766999788115,3.750183748158285e-05
0.0199350193167795,0.0001190285410336518
0.0105816072044488,3.715844052915675e-05
0.0022263736995144,2.442308095018395e-06
0.0041830570819988,1.0134372753847581e-07
0.0059106383289401,1.6058724127068065e-06
0.0039846566264175,4.511535439694911e-07
0.0155118367443916,5.616209702184656e-05
0.0135895238672638,4.563863316157946e-05
0.0122710022480142,1.5829199527449196e-05
0.0016246525395896,9.969439584865412e-07
0.0150413879572121,3.621921657395117e-05
0.0198394244449393,4.198736773684432e-05
0.0094893033127523,1.598507290352622e-05
0.010245772490641,9.367059811316851e-06
0.0041938644285766,5.231715526583543e-07
0.0147005786417902,8.923249101027336e-05
0.0140896780918979,9.269683943473756e-05
0.0008616028181757,1.9556735112116955e-06
0.000179118616397,7.774372907682273e-06
0.0131242848121465,2.721647114160072e-05
0.0162596976520352,0.00010396762286228252
0.0076676028204475,8.817523671477494e-06
0.0135770411485917,1.804143449823417e-05
0.0029729832629992,2.3100537891658177e-08
0.0097625349534768,1.2332912912335613e-05
0.0035665430070202,3.7525048862051856e-08
0.0188267490401309,9.389639924921707e-05
0.0197492995693906,7.238501783877092e-07
0.0126120857112003,3.204148505091297e-05
0.0086938486975864,1.873978624388713e-05
0.0121352841937973,2.0554109537176716e-05
0.0078424330685962,8.378233647657081e-06
0.0173548523691459,0.00014263485378691477
0.0072618187903123,1.1036210007243239e-09
0.011190320771429,3.4459911535447014e-05
0.0117714330929662,2.034884096831506e-05
0.0131706989816604,2.551504150280583e-05
0.0055637472238726,2.9892960101838e-06
0.0175642364973666,1.6219978415723277e-06
0.0159211263692441,2.2752053883312202e-05
0.0139635193132162,4.086276243014624e-06
0.0135021501848812,2.9461867097468426e-05
0.0111431638959251,5.549978542860599e-06
0.0181128989445876,4.2001243373222325e-08
0.0025070886685788,4.982207691483098e-06
0.0067814573950698,1.3583084878950224e-06
0.0107241524368806,2.2412834426592216e-05
0.0156472999123926,8.568088111401058e-05
0.0130584445768951,4.8858905417305704e-05
0.0066537864961994,1.3658145838729337e-06
0.0169313371518096,5.748437016606343e-05
0.0142268827335528,2.54386314074588e-05
0.0081352252798249,1.2461225418100994e-05
0.019149533270249,4.8263763601977495e-05
0.0191078835301062,0.00010157443031367673
0.0186060845774288,5.6816646735573955e-05
0.013116818034214,5.6222342297779075e-05
0.0061058437688953,1.3008619252341893e-06
0.0072504939564672,5.967269920102248e-06
0.0197207015708313,3.429994439860036e-06
0.0058626624185765,6.353068472306468e-06
0.0040375664395613,2.336879397485779e-07
0.0125178725829432,3.640607285793992e-05
0.0158797715073261,9.614721598590548e-05
0.0123114151334131,4.6410519993362284e-05
0.0035748277156264,1.1057922999781492e-06
0.0083409500471305,1.2909666024793455e-05
0.0172527150331023,7.714958426365951e-05
0.0002413728713735,7.783156365423393e-06
0.0112040226551878,2.4698394624187944e-05
0.014547726701431,4.824839603255732e-05
6.658204629565124e-05,1.5588486233172856e-05
0.0116945050779515,6.027035695447656e-05
0.0159433863729646,3.817303256278412e-05
0.015315330837281,5.265408527751615e-05
0.0193942687015933,0.00011206277492314516
0.0029433093929279,2.424610890539291e-07
0.0073990906532646,5.456446506627647e-06
0.0016416352703567,3.951019513674926e-06
0.0044337626504036,8.351892960139002e-07
0.0047893914035266,1.4891831499863276e-06
0.0104078935490793,2.0449297450032643e-05
0.0016960767740648,5.3368737307900716e-06
0.004537674566466,1.5365974250534492e-06
0.003916781557506,1.5276906204316233e-07
0.0030347972850357,5.4131186494876e-07
0.0023971447108145,1.6580606454711226e-06
0.0199592311619918,0.00016359348278452524
0.0198322429046361,0.00015064483522757454
0.0083308286361031,2.640030387848213e-05
0.0110875972536967,3.0033836929829583e-05
0.0042268507847454,6.876318225605413e-08
0.0086780504847447,1.256684335115466e-05
0.008954036377311,1.7691182146724635e-05
0.0014124672506417,2.620307874132098e-06
0.0062569786752303,1.8186025724267842e-06
0.0068691955762341,1.3525725827212143e-05
0.0091342698768287,2.5002137230324393e-05
0.0046655479152609,2.429031553059296e-08
0.0148006350159054,2.899090986184538e-06
0.0106696319000273,2.3669036433820794e-05
0.0143569975979416,4.215613586767179e-05
0.0172955814500168,0.00010840010162136668
0.0192974895216135,0.00016175421813932543
0.0093808150015463,1.2611014461426167e-05
0.0078275146044411,1.1301186055663862e-05
0.0157844256756478,6.586392883679998e-05
0.0186791440528429,8.782973763557175e-05
0.0068901733803345,9.202903481612742e-06
0.0122873965542917,7.27532313610189e-05
0.0151289235676963,8.342539930045618e-05
0.0039779380978648,1.1335396626528084e-06
0.0008698540861125,2.368741361010034e-06
0.0103601033813553,1.697864010142047e-05
0.0109439509865432,2.7193197149876684e-05
0.019089261895764,7.93014457713e-05
0.0197064928471511,0.00011241339896071015
0.0086389889046453,2.4822641072406786e-05
3.844848009659341e-05,4.754529325530392e-06
0.0176634846540704,6.761957024191969e-05
0.0030792387291078,9.833448868465997e-06
0.0038060413714786,9.588170352170169e-08
0.0017694333087376,3.036046029365478e-06
0.0067115962681328,9.467409037884414e-06
0.0010526395862408,7.670508736129754e-06
0.0071479378887076,8.513526798440947e-06
0.012426972543271,5.046176469191451e-05
0.0186817774629135,7.204172049539105e-05
0.0094461899978853,3.4521137120258817e-06
0.006509578406583,4.2602707997305746e-06
0.003179218657141,7.959743116644004e-08
0.0073452346836911,1.268034129882797e-06
0.006808025065632,9.255185543930145e-06
0.0040025173941512,2.7382215891701745e-07
0.016303846712326,8.797594041393638e-05
0.0088124358275193,1.6741578269742913e-05
0.0077846911818418,1.2648246503492656e-05
0.0189838444836578,9.102032157151371e-05
0.0155585496212213,5.54002045299278e-05
0.0167900984772866,4.378029292058258e-05
0.0162428991166043,9.656186103826988e-05
0.0013202601733186,2.1370284255017443e-06
0.0111384106148698,3.741881235355512e-05
0.0061705767624891,7.744226968285983e-07
0.0120596484611076,3.209242023621216e-05
0.0152885374678297,6.101211941632243e-06
0.0081569437162255,5.349304617335197e-06
0.0153024402890623,5.082072467957764e-05
0.0065544395569548,8.841798186795092e-06
0.0108488026376698,2.5095761754768773e-05
0.0054054562769021,3.7745283529020037e-06
0.0093641334325775,3.060903616785051e-05
0.0102064152946319,4.8312520870175436e-05
0.0009768400024353,6.724070463047455e-07
0.0061240956088618,8.432284840067502e-08
0.0027936216579912,5.4639588098595755e-06
0.0131581625748495,5.559339345756893e-05
0.0192879251177092,9.297114945336733e-05
0.0143919152081463,6.972636586742906e-05
0.0089599919992,1.9055900746389792e-05
0.0106413857131316,1.0298068879680466e-05
0.0104254049452079,4.517340928228179e-05
0.0191887792891295,7.267649556585416e-05
0.0036171299469711,1.4280237179433686e-07
0.0115188632640608,2.407451443530485e-05
0.0073127755193245,4.034562243911729e-06
0.0097239078241614,3.10459964872419e-05
0.0120013682152234,3.076765507476263e-05
0.0106686896003917,1.774527628129292e-05
0.0112661214917199,2.5083951977148075e-05
0.0045386600717509,8.528065642779126e-06
0.0055889161451433,1.0771578769438167e-06
0.0043823279595905,5.971898516017887e-08
0.0129810027736696,5.857470148289823e-05
0.0125878813098578,3.430120103976963e-05
0.0059580841387385,3.2378976484541125e-06
0.0043857652213626,5.54077427169064e-09
0.0137329539818406,1.709727469828202e-05
0.0028593071528875,3.512878177620415e-07
0.0172950270318159,4.5633999166190434e-05
0.0063693008534253,7.017374030946055e-08
0.0117825440697294,2.012481465614792e-05
0.0070408608213594,1.222756191589606e-05
0.0122864009263032,1.564748886695704e-05
0.0153215423040117,6.319464131538128e-05
0.0118006791636382,2.3061330493158228e-06
0.0011220065972629,8.343555087440662e-06
0.0109320981817136,8.942990638272707e-06
0.0161930018711742,2.422360053727046e-05
0.0029423268881614,4.5219760840399087e-07
0.0147141426178483,2.5989865270292023e-05
0.0139269240234578,4.25608521965137e-05
0.010754383462116,2.346276986635588e-05
0.0186034427788078,0.000132069179390072
0.0044730375451304,8.03796492226555e-07
0.0046479749028076,3.128547742871562e-07
0.0070628598781496,6.4193402068771145e-06
0.014528422660542,4.55600512855385e-05
0.0011850419268948,7.2057401957175205e-06
0.0026844228151054,7.720677306123235e-08
0.0151588698360346,7.034847677442304e-05
0.0112095814580764,1.60385549568055e-05
0.0114583331038457,3.606872014581007e-05
0.0039508761325916,9.268972122364225e-08
0.0043524960053752,2.1973423521635058e-06
0.0081249141223799,1.2446317135354216e-05
0.0062187472523977,1.8601578049420962e-07
0.0150857393026334,7.32849961400866e-05
0.0156694214273907,8.181850887628743e-05
0.0166111032265278,0.00011585978203878817
0.0081729108300819,9.789277330959078e-06
0.0135759618486584,6.543079736688541e-05
0.0095470581772179,8.076447560016041e-07
0.0174969726546424,5.083548796202678e-06
0.0149855335215255,2.3108324795284675e-05
0.005683125748916,3.5394922849895413e-06
0.0049665631521038,5.750565362155485e-07
0.0024250150535128,8.064939478338153e-06
0.0145490649739213,7.420515954066301e-05
0.0058841646461042,1.0519286562579103e-10
0.0046581570472303,5.189969575464646e-08
0.0116936310147121,4.001143522046461e-05
0.0035285974328793,1.4727125667313494e-06
0.0181113784276607,2.0566746801967823e-08
0.0026164637207927,7.576883118444726e-07
0.0066643513800381,5.133900629760806e-06
0.0013529925393112,4.382493915003169e-06
0.0058503337500352,5.063375644036558e-06
0.0085663983171132,1.2484575255586695e-05
0.0100421912440935,4.0208382426196124e-05
0.0078239070702899,6.864127542977718e-06
0.0075030119965382,1.467320601276079e-06
0.0077584411376464,1.3283100923958414e-05
0.0041853902927902,7.461246305100588e-08
0.016458186002959,6.711250535097574e-05
0.0016282077482376,1.6532954238072444e-06
0.0196390930260111,0.00010128876092487348
0.0127196434431546,4.004183826167501e-05
0.0066602704180176,1.2636189018320795e-05
0.0112087477084005,1.8829345156577153e-05
0.0119848362168222,4.059466369648707e-05
0.0011166491215315,2.2323291779247856e-06
0.0006065454876915,1.64922595335422e-05
0.0114318037252206,2.1266081383998874e-05
0.0123806690140319,4.0019222787071544e-05
0.0128214501272573,4.311709444359411e-05
0.0065205110733675,3.158409993532435e-06
0.0093113492882049,4.1638435030165525e-06
0.0066706560752996,1.4040658483435978e-05
0.0070243367508034,1.372209973428309e-06
0.0122212835601608,3.2487657964932323e-05
0.0050394762830674,9.651884242629673e-07
0.01284889061896,4.8186360128428105e-05
0.0066806147643008,5.436067784817766e-06
0.005936449326319,7.949782994027972e-06
0.0063705125234742,5.597764654122071e-06
0.0151623757513486,5.493415584238907e-05
0.0175067072806576,0.00010827854422406328
0.0138327393496086,4.371503209271796e-05
0.0005527720234219,3.820950089217327e-06
0.0149770407883888,9.045535835139687e-05
0.010867591771644,1.4307005848105897e-05
0.0044416377254405,3.9899416421159173e-08
0.0165657681088435,6.326862868663741e-05
0.0112170723404997,4.040911567467012e-05
0.0049214226020886,2.2616513488811065e-06
0.0162240788911195,8.038002723243922e-05
0.0064622769694279,4.404358331340983e-06
0.013744470719757,5.454051795501862e-05
0.0092615231657543,1.3465665326056705e-05
0.0059241842280698,3.043125148430834e-06
0.0013363901201124,6.911302038986661e-06
0.016357785236419,6.222928120858204e-05
0.0181734538852847,0.00012940302586652005
0.0124984521673396,3.3802042213941983e-05
0.0017585786657338,3.62993826183573e-06
0.0112930094162647,2.7374314251283526e-05
0.0013511654947619,4.7272872415790717e-07
0.0045379449530209,4.042360021482687e-07
0.0075593369842898,6.372902978383581e-06
0.0066120834029273,1.794897333933366e-06
0.0181019780750925,2.2527152726464616e-05
0.0194871961490408,5.8341796735350054e-05
0.0021301420156411,7.250883544996014e-07
0.0097215200859038,3.832865846477542e-06
0.0169089040069579,0.00014911070490088667
0.0158697805515628,5.7633361799061205e-05
0.0102539141967692,1.5462595521764506e-05
0.0019394962848537,2.4715055841053937e-06
0.0133273413533473,2.5089866573019343e-05
0.0064196769228885,3.07218939983333e-06
0.0072828947092345,2.9367271046418873e-06
0.015867331871045,1.4122473968839078e-10
0.0080206852141338,8.120007689792788e-06
0.0141740080902595,5.472350445801644e-05
0.0049358189277085,1.290535292845695e-06
0.0078823054915049,9.828283146033964e-06
0.0117188722864157,4.768448501040184e-05
0.0185157676038563,0.00010145447872801935
0.0032866746933405,4.195661925546837e-08
0.0042448257431553,1.661514826412163e-08
0.000120717628991,3.885028412532191e-06
0.0088130931160457,1.233107546689368e-05
0.0083708617749865,2.2005266878206444e-05
0.0152345935230592,5.614690178212024e-05
0.0050321330831605,1.4629302819490308e-06
0.0039228395518802,5.320866668410116e-07
0.0075266361716449,1.1601338428697964e-06
0.017481983203776,8.611301406757856e-05
0.0184825598644032,0.00012079917708683916
0.0004009192668661,1.8593592138663988e-06
0.0177061218477632,9.89777024888675e-05
0.0157637496328705,5.596676418731313e-05
0.0057703700426623,9.828052951946103e-06
0.0186095972486453,0.00010761773523531394
0.0020731156562839,2.4265561228756528e-05
0.014618735810813,5.1720287387285986e-05
0.0054597132454703,5.95437791423221e-06
0.0013018367549688,9.53534585652631e-08
0.0148599809050232,6.615389612148485e-05
0.007868968971814,7.37166559544882e-07
0.0012051951058977,3.3167049836701927e-06
0.0002190109175662,1.5358109221873144e-05
0.0014326149076744,1.3585038164797917e-05
0.0128689117814701,7.052559796302841e-05
0.0067214185153251,8.479091692591406e-06
0.0150914383905581,5.821905977438441e-05
0.0050609032127258,4.4173477939889064e-08
0.0115986396161038,1.1260328829046992e-05
0.0179787400268914,0.00011280523934282452
0.0063609380466479,7.928480473108536e-06
0.0008850443247647,3.7710746980603766e-06
0.0029607462427409,2.454037140529021e-05
0.0147852451539294,5.768621701764176e-05
0.017459002430691,0.00012263630512745577
0.0119404352538401,4.527992348903224e-05
0.0102505307395652,4.687373875769483e-05
0.007812039314816,1.67285040185935e-05
0.0082932978183297,1.3994033919719851e-06
0.0059036177847246,1.8807118817336932e-06
0.0047797126996801,1.022554069355845e-06
0.0096929072622214,4.574658697423441e-05
0.0097648309487622,3.284729131000981e-05
0.0097817421723502,1.2972905411933143e-05
0.0100964318799556,3.1907961531891866e-05
0.019907051568518,0.00012611334299387445
0.0053537295090136,1.0889752363220985e-06
0.0173610248965346,8.41658652768102e-05
0.0194484347791213,4.506370590824713e-05
0.0107868437981413,8.394180795490178e-06
0.0132874375142056,2.507866795513753e-05
0.0073979133329597,8.12196786766595e-06
0.0003009485611225,1.2994250111482143e-05
0.0175101349751429,6.388468235541791e-05
0.0136685514944344,4.071402130683252e-05
0.0118794812007677,3.0859638948983556e-05
0.0061997960677727,1.986396839254322e-06
0.0011336430607412,6.421973756969847e-06
0.0144495408542711,4.2121138596454556e-05
0.0099886362960374,2.2330302424457433e-05
0.0128825210642177,2.0802073480081688e-06
0.0195601461721856,8.85089677838289e-06
0.0187308327028551,2.0144327283837885e-05
0.0098341775514741,2.4989180335631554e-05
0.0018453520981455,1.347277472164516e-05
0.0149949099049425,5.53500903789439e-05
0.0030599904287568,6.938007273502166e-07
0.0091352998114045,1.9299755369738302e-05
0.0195295369868098,2.8515216331411675e-06
0.017065774590264,5.655344546344141e-05
0.0134969769991708,5.907276413474911e-05
0.0052727186938638,7.211588791284751e-07
0.017416760278856,4.987516134798614e-05
0.0013678403131568,4.023240352384776e-06
0.0013838925931851,2.5998377416822385e-06
0.0198569869841645,2.3444930841044214e-07
0.0162941242734977,6.94666145558651e-05
0.0016368601019868,4.255757525208162e-06
0.0081724223754309,1.6073411973250276e-05
0.0060809425557946,3.7189981794838605e-06
0.003466588862009,5.573129004031178e-07
0.0166050556262794,1.9754500659125822e-05
0.0075309788867397,1.7181129529382373e-06
0.0039067666764143,9.041570064679708e-07
0.0191437555797089,5.3536064544070674e-05
0.0143334851242868,6.486293026484632e-05
0.0019283945594856,3.213290115268637e-07
0.00609022085436,3.2093266648763044e-06
0.0127273388248519,4.489186303801139e-05
0.0046623379313717,3.0046647658340985e-06
0.0194086197654434,9.589694097516635e-05
0.018193146074576,0.0001610386316201985
0.006537650634623,1.1466359200721323e-06
0.0054860763693298,6.166380297417438e-06
0.0103750422996073,1.9702756390460352e-05
0.0083777037408573,4.148882597343734e-06
0.0138346734974863,5.4466838549282864e-05
0.0029678325411904,3.086775097439432e-07
0.0158122046350637,6.65782006722433e-05
0.0062490977639621,2.341258070504938e-06
0.009207037193884,1.9333098026675586e-05
0.0005471771717682,2.9806405794862797e-06
0.0121115724485519,1.638089065212533e-05
0.000848288513081,3.160530387789675e-06
0.0011638831266508,4.823398610464147e-06
0.0193027429895264,0.00011315727435708006
0.0001365250123565,1.2585638487577642e-05
0.0035921546734818,5.337531368007046e-07
0.011669195650423,1.5101659712078248e-05
0.0007453191327085,2.3599926627855597e-06
0.0133105256607298,7.206423982020866e-05
0.009296152879965,1.0267641284526062e-05
0.0065053701922285,1.7071134857440012e-06
0.0013629271413914,4.657951942696727e-06
0.0105501011899979,3.962274082551568e-05
0.0151244473750613,6.583499425526916e-05
0.0168784712504702,7.142192516042511e-05
0.0110452599289923,1.2470967936854013e-05
0.0020963138113514,1.8216111374749258e-06
0.0173038990991046,4.371210103215839e-06
0.0099946019253952,2.9781852346378395e-05
0.002628485150708,1.184788486009175e-07
0.0106608887972288,2.0199990738961652e-05
0.0121098328728254,1.6407868922544872e-05
0.0156047822560727,6.394852342720103e-05
0.0158663611881096,0.00012901857085358703
0.0155837487870264,1.3184746635662049e-05
0.0184068581432386,0.00015097245498876168
0.0109489968850854,3.9666315883883486e-05
0.0084816776480748,1.7959668833037863e-06
0.0188636389007144,9.643829586364398e-05
0.0151286845255655,8.530657468031821e-05
0.0092571126225764,1.2991541332398085e-05
0.010812790413494,1.4589874414100315e-05
0.0148359688371133,7.317710098823113e-05
0.0054876752672992,1.866597790353344e-06
0.0070862366972035,6.551458247539056e-07
0.0145932296190451,2.4551196679587268e-05
0.0141283495834066,5.3562804836742804e-05
0.0059575623336669,3.187818423434986e-06
0.0199135551399015,4.287784755088414e-05
0.0040396273831261,2.450989246855207e-07
0.0115901267485766,4.292085598915515e-05
0.0183396806834999,0.00011224770136074064
0.0185134971945437,0.00015152221425375142
0.0198029078317983,8.327959848424775e-07
0.0152743261752039,5.250210809049495e-05
0.0163619375431921,2.8719252597816843e-05
0.0103240791913192,2.0713144510694626e-05
0.0086486147446614,2.0355036738758795e-05
0.0023278749183247,1.1969491655683941e-06
0.0078574833210311,2.6899142861705774e-06
0.0103422775550298,1.0380229629252977e-05
0.0075024484371704,2.0067715598027218e-05
0.0110843954490019,1.9380199006001596e-05
0.0193213510579927,8.321915559478265e-05
0.0101727595998892,3.52302581103791e-05
0.0181088958887169,8.5635724187467e-05
0.0198453487521452,3.722069072657468e-05
0.0192969710259989,5.7211978582149e-05
0.0171129081875177,3.079047977372017e-05
0.0095426318591396,8.628538732962859e-06
0.0112250110083592,3.054716004070307e-05
0.0053830889826754,3.0772556253962704e-06
0.0062338679247283,7.314360934425754e-08
0.0178558119891188,1.4299512818156639e-05
0.0160360050543515,9.498145718741883e-05
0.0076913308038561,1.1073654843129067e-05
0.0187532579434113,2.1376976736621074e-05
0.0086620976343636,8.88819696750458e-06
0.0014852577588687,1.0482250716983424e-06
0.0067682776478184,1.2601078438372493e-06
0.004413309006575,1.9915886872231955e-10
0.005514377875497,3.793690267597226e-07
0.0113669506974123,9.300794689567043e-06
0.0030486804640585,2.248587987504695e-06
0.0112864981455836,1.4682706829318768e-05
0.0037762474396084,1.3791689598105606e-06
0.0132348639680391,2.179582507221167e-05
0.0063978668727195,5.826238149235496e-06
0.0133148130666413,6.457317787120623e-05
0.0197891934046089,2.894094894634771e-05
0.0178297595351082,8.865420745696332e-05
0.0136331146702959,6.999133997467606e-05
0.004205399612304,2.4071711081752793e-07
0.0175238786734212,2.866158362242914e-05
0.0125130798671339,3.9434078459096786e-05
0.0076008095898211,8.36779776748328e-06
0.0172145831017611,7.912343295527244e-05
0.0132629775155405,2.4195114732531628e-06
0.0100722476321041,2.8550102036010273e-05
0.0087259274421787,2.5309698627794873e-06
0.0124887997846735,2.0373237060303526e-05
0.0081278743296453,1.0215375877295737e-05
0.0174871549887575,4.6200367642311835e-05
0.0140091848410142,6.485361063717995e-05
0.002217909363356,1.1163761911608375e-06
0.010221724365674,5.106528476897154e-06
0.0018971159625467,1.707659741959962e-06
0.0191157869217881,6.49917172310227e-08
0.0039116873575233,2.2921932628295038e-07
0.0094317418352912,7.6720581391549e-06
0.0199248266135358,7.563597892273811e-05
0.0039744127852686,7.251260076531699e-09
0.0027703384034636,4.8932847013706713e-08
0.018246903887608,0.00013235392843522362
0.0179625685053353,2.996754283943855e-06
0.0181019157020707,6.338756509381549e-05
0.0060917804553119,3.4524708010814865e-06
0.0104725897157321,5.5161386606625564e-06
0.0152219392728497,0.00010545453291985099
0.0018564655600008,2.777124576423757e-06
0.0078746016119845,1.9650162455014596e-05
0.0125453736415444,2.866888282144768e-05
0.0072292452507134,4.307245343478035e-06
0.0117287114457265,1.5233806534263996e-05
0.0162216532047256,1.819234314711137e-05
0.0055736441944554,6.379464679864508e-06
0.017801033279325,7.194373614193521e-05
0.0054644886041953,9.92043094173483e-07
0.0187013630824448,5.237777487150514e-07
0.007211577024454,1.4648737443142412e-06
0.0174244676006832,6.397984079028583e-05
0.0166018542698276,6.675665496883593e-05
0.0023585258483586,1.4520261350650855e-06
0.0026619411996712,4.90324772949892e-06
0.0162202387681289,4.408106712695193e-05
0.0136083087521192,3.13021570342527e-05
0.0064500899794765,7.68319998201353e-09
0.0100701354879047,2.042331254605386e-05
0.0055038302461045,4.0193404825985247e-07
0.0162253419077056,5.689971011602265e-05
0.0166703561966526,7.307176797211942e-05
0.0175615003708216,6.633395969462424e-05
0.0005619058837526,5.5624829742783155e-06
0.0004138156867803,5.333717322830074e-06
0.0132407097003517,3.863771361795967e-05
0.0182398050998871,5.1766177905057655e-05
0.0100668387206444,2.197663757081955e-05
0.0079092500759567,8.143906990654087e-06
0.0011246546914783,5.250491359289427e-06
0.0002897551064175,1.8423753682231465e-05
0.0131453100050835,4.849091528327676e-05
0.0170696465523291,0.0001266430923385423
0.0013274413381549,2.1179491292305945e-05
0.0150688186032335,4.321729258906626e-05
0.0099926198040766,1.3558114481058576e-05
0.0090713291547793,2.4338197544771953e-05
0.0194814736985658,0.0001223545759620458
0.0054243555107114,3.721310129496658e-06
0.0061629056065871,4.043683501400893e-06
0.0171055762669713,8.586640065092183e-05
0.0041742220837042,1.0441303173303656e-06
0.0132283245695575,6.109874942598838e-06
0.0116664302688759,5.46962987118052e-05
0.0149593684956584,7.099484725542037e-05
0.0022701321950084,4.1331741334827484e-07
0.007455614959587,6.900597289652873e-06
0.014177561497189,4.7460763125322695e-05
0.0128551697783978,2.647690239802493e-05
0.0168415830126749,0.00014054635201992923
0.012161688660589,2.982512165150682e-05
0.0047215936334276,2.397592945437969e-06
0.0095678394775583,3.770936023824047e-05
0.0139789181059363,4.773344789702449e-05
0.0151998628707908,4.678519749395151e-05
0.001819734386793,4.5566378698772783e-07
0.0064206130985293,1.934572541343085e-06
0.0012983864313964,2.3672554105731452e-05
0.0008018586435848,9.237879824894253e-06
0.0067948279042981,7.579620080439884e-06
0.0096311008860876,1.4556245118617518e-05
0.0117840522051439,3.7168563409217426e-05
0.0091699976081508,2.276680648467295e-05
0.0095198905661617,3.0297852024662095e-05
0.0102662081357666,2.413276915373065e-05
0.011816076848914,3.013041984107261e-05
0.0117226336382843,5.306892280516551e-05
0.0129296077000478,3.740841864450385e-05
0.0141632618995523,6.88670288339611e-05
0.0170453060848909,0.00010713743485919909
0.0106800625397589,8.238107107894986e-06
0.0068891482393197,4.543047681034881e-06
0.0124499708043288,1.4236558291950465e-05
0.0190215945983142,0.00014847725619997386
0.0087427833294983,1.7904639282579883e-05
0.0041908010348396,5.877457729134725e-07
0.0132261232565942,4.6535274617960764e-05
0.0151016927014868,6.403428433578594e-05
0.0009542346416731,7.703364955047744e-06
0.0073770196927837,3.093849075698562e-06
0.01530307102211,8.381359004820189e-05
0.0173239257053384,4.3967623491794646e-05
0.0020228098221465,1.4450773142975633e-06
0.0078572243329202,4.194129026448438e-06
0.0115113236843937,7.542354944396118e-07
0.0151621087195933,0.0001316923578785131
0.0045385873474048,2.3357658334694458e-06
0.0116809169250722,5.672295913502118e-05
0.0010328876570587,3.5305935267706337e-06
0.0051897453635366,2.8372471836503485e-07
0.0196869494879846,0.0001024636569945206
0.0053143343764983,1.267481508925595e-07
0.0047381802506527,8.718605387912637e-08
0.0040153422458396,7.209245666179254e-08
0.0184921659261976,1.8009367470492176e-05
0.0034750753816101,1.4333911180755498e-09
0.0016901159227259,6.37854478912303e-06
0.0141389147630348,5.539353865570242e-05
0.0089807266577569,5.491160107564225e-06
0.0168016506748732,0.00010385718549703385
0.0171803271728255,0.00012794910927449362
0.0120691254500754,3.7808641051706274e-05
0.0160864046767884,7.054186997629748e-05
0.0149111278540538,2.2943353076666957e-05
0.0073560534902445,1.882146415649917e-05
0.0030668496789859,1.6740716157953263e-06
0.0014433486445732,6.757864223985351e-06
0.0117316768923207,3.2202811125197866e-05
0.0065893103898488,1.2774491896077576e-06
0.0138441765543639,1.6904599781749063e-05
0.0045705788984886,1.0980518102011946e-08
0.0088830687472697,1.0980333997116522e-05
0.0160036338213113,0.00010129623892544299
0.0084476781435458,7.064075687106733e-06
0.0086739711066919,6.213803145891106e-06
0.0188061245303252,6.87637549516941e-05
0.0027598393845316,3.5160749372853894e-08
0.0114637706443915,9.81428771393288e-06
0.0026250602180892,2.1644885816563893e-06
0.0055947827573461,3.439079680007676e-06
0.0020132181075401,8.198219645950572e-07
0.0095553424536863,2.8506668670239443e-05
0.0169241363076203,2.1381908230456677e-05
0.0051722527248854,5.141233062528269e-07
0.0006157901883243,7.095701928296247e-06
0.0056864449130074,7.700496665301741e-06
0.001918425178175,1.0197551125667182e-06
0.0143007323159119,1.3695745036462232e-06
0.0082628742040694,9.495508449669435e-06
0.0189711421487966,4.868379327661444e-05
0.0111188328534852,8.170217570701831e-06
0.0175294378653098,7.73471800299218e-05
0.0009813246141743,4.171894868806669e-06
0.0107700462494778,2.6862269998538045e-05
0.0100933938130012,4.1285219017409123e-05
0.010773336595998,2.374011317189045e-05
0.0002074821671663,6.8330633935231194e-06
0.0058339532972252,6.66001946191822e-07
0.0064711743016153,8.736689855788094e-06
0.0184844716608361,8.523454946879303e-05
0.0051776056432053,3.5637480930062085e-06
0.0165118910437103,4.1925428370549626e-05
0.0109800704748482,3.664006769082634e-05
0.0018066126895639,2.253201479748735e-05
0.0142545179516703,3.428538446694714e-05
0.0015733745624091,1.5478009716707798e-06
0.00521055580164,1.0833280346601592e-06
0.007647475755321,2.3830738478984468e-06
0.0088023716353068,8.274111490031067e-07
0.0188163954308512,5.606937651308648e-05
0.0087705758116247,1.962144515222665e-05
0.0185268130285107,3.8739461703967975e-05
0.0084226393042471,9.340069979878983e-06
0.0069420858724938,2.277962262080563e-09
0.0074359412922899,3.498056345054494e-06
0.0078734511899136,1.5142105333363653e-06
0.0038693256636501,2.7388475214059395e-09
0.0116266373812756,3.9828493861292585e-05
0.0021292300360223,5.883164838008715e-06
0.0078068003866772,1.957643431630847e-06
0.0070256836007849,5.4066257883019825e-06
0.0042101566705191,2.2576341830009358e-06
0.0094691088230207,1.9626896084418186e-05
0.0009783337532702,7.876643260821908e-06
0.0039313935254291,3.245874714631286e-07
0.016067328816266,5.082370977204782e-05
0.0031900798575571,6.845121210241484e-06
0.0083068592224316,6.914694148578444e-06
0.003273744434069,1.4717062216479994e-07
0.0142501145322939,3.390528267032789e-05
0.017317309711447,7.916081349665511e-05
0.0109358508599237,1.3417037831344032e-05
0.0041890757479378,1.4250224573508673e-06
0.0017672877771184,5.753161597987735e-06
0.0135224220933722,6.132320359503e-05
0.0110828186421128,7.802009116085251e-06
0.0152322000477317,6.66517021312242e-05
0.0048901949386833,4.026066966648654e-06
0.0186907187689765,0.00011752769190415067
0.0167578481924306,0.00010263172761623645
0.001107644120434,5.933902474592048e-06
0.019413872858895,8.680571986426048e-05
0.0178223947290824,0.00010370233991985614
0.0160078645338579,6.881526403622363e-05
0.0196046535801201,0.0001176604584077499
0.0092695385411766,1.0256838577137624e-05
0.0104435186378912,2.2217004671990297e-05
0.0132624028776749,7.244014090285348e-05
0.0040098980805069,3.901120240351322e-06
0.0133918592681439,4.15363964716358e-05
0.0108911548707277,2.1493103926562044e-05
0.0044548201303955,2.02704784067549e-09
0.0199413213587052,0.000156020466048993
0.015822469398517,1.9906129109253787e-05
0.0100195063590605,1.279921698881891e-05
0.0173759303766363,7.21332616048558e-05
0.003909120404618,5.686481526203596e-07
0.0043176489422458,7.778114060015537e-07
0.0064447362160386,8.88628685943786e-07
0.0063399543350022,7.157858626535625e-06
0.008841266593659,2.3562938079124697e-05
0.0100362224543549,2.0597576782676473e-05
0.0043269697581417,2.352927684525098e-10
0.0132759965513817,3.315802111406519e-05
0.0027694292668004,1.424239070441125e-06
0.010049248085143,2.5216733371595664e-05
0.0051013343433184,8.688916447231112e-07
0.0107381682243967,2.19358658155016e-05
0.0034472083373715,3.874768738757249e-08
0.0187607614454318,5.9037587812799436e-05
0.0023439374875069,1.989160035945693e-06
0.0173827203510413,6.471767765645073e-05
0.0086363821646687,2.995390470337696e-05
0.009191103772369,9.09960553576309e-06
0.0072989313521069,1.2772286633277364e-05
0.019573630024101,2.9144787369679914e-05
0.0182484296428305,9.924677101755832e-05
0.0073170101444702,3.843266193167201e-06
0.0055912363841012,1.431564916131997e-06
0.019615872052672,0.00012934225802698976
0.0021999212858457,2.287228188758163e-08
0.007021658444351,3.5875864330170004e-06
0.0106426026109173,1.1724311950646094e-05
0.0113326783657314,3.228399363659261e-05
0.0194387020086072,8.3476845374277e-08
0.0069301119316034,5.819579914385657e-07
0.002256128714037,3.957306311175634e-09
0.0143951655224184,3.448525455710972e-05
0.0082340957434499,2.4535397814608495e-06
0.0170365793652914,2.77307998831876e-06
0.0187674844684238,9.514353656160954e-05
0.0080453382042468,4.1589891789536395e-06
0.0045566951776134,9.048856861521523e-08
0.005452534744557,1.1489287541863263e-06
0.0057939469095226,2.742314908712195e-06
0.0121876056848833,5.7483588106673405e-05
0.0132066109453958,2.990348753211891e-05
0.0199025860232183,0.00015543455801043764
0.0042835923151822,3.3466939309520035e-07
0.0070419396407047,1.0426705779838932e-06
0.0030754056250076,6.304158073156578e-07
0.0146584884362524,7.793298033571354e-05
0.0100776186421864,3.781962941980731e-05
0.0028770435775526,2.363711893866499e-08
0.0128954043672,3.08725815648345e-05
0.0016683166959624,1.8575360274311965e-06
0.0147483877173095,4.4087534787988504e-05
0.0017207010704427,2.5423536418120376e-06
0.0076249685998522,9.310813992553285e-06
0.0077696933127963,9.03744001298812e-06
0.0053804036252822,6.516007557025972e-08
0.0062828252145559,5.6451553037728345e-06
0.0045869343788125,2.8435055534854773e-07
0.0195181987747338,2.9259193552972487e-05
0.0185679925878431,0.00011039698802755534
0.0107244354694647,3.566967559332443e-05
0.0091202898176464,1.42182334729947e-05
0.0170429357192328,5.048092211772798e-05
0.0158840873808664,5.3071330421394585e-05
0.006034126362789,1.2979347824398838e-05
0.0199550813638955,8.634634272688533e-05
0.0123613039854688,3.89487077176717e-05
0.0069446504026421,3.3168253462228497e-06
0.0111130767296131,2.624660248594642e-05
0.0027079936844526,2.127885091375945e-06
0.0049572388809287,2.8503880118125194e-06
0.01376743381526,2.2223065137651675e-05
0.0100848756035976,8.398095885216987e-06
0.0032848113420249,5.526247282603044e-07
0.007948110552946,1.6578303953523825e-05
0.0125631162078519,7.215750155165662e-05
0.0020229841824661,1.4950901379700166e-06
0.0198340615882515,3.940733636923023e-05
0.0110752263523572,3.703976446735175e-05
0.0057513012810504,5.281903109169193e-06
0.0152510620435689,2.0265105200126835e-06
0.0122689784316729,4.586254259655824e-06
0.0035851168269118,1.7475588859836662e-06
0.0042693130491388,1.7201179427377421e-06
0.0004004290459595,3.2640327463601233e-06
0.0087541738142523,8.35463930814002e-06
0.0134456914990563,5.297570745656435e-05
0.0140504830150779,4.615027791049503e-05
0.003131768368751,5.289216573712424e-06
0.0039775309879792,5.082204776279421e-08
0.0125199511557053,2.792614716704153e-05
0.0064686341430608,1.3723707398775126e-06
0.0075078484485468,1.7496319038044284e-05
0.018327250226273,9.99649824848943e-05
0.0193528353017941,1.8151928778614994e-05
0.0076347508058123,1.3204128253783535e-05
0.0068465231629858,6.779519037389564e-07
0.0008613425903425,1.8486211888633919e-06
0.0162468530579452,9.165936126729387e-05
0.0119538606758034,2.534773242886848e-05
0.0116799634057111,4.1858912885067105e-05
0.0194184502744665,0.0001049852774530569
0.0103712088554819,2.1754484484899992e-05
0.0107259629370367,2.5968586425928084e-05
0.015365027281285,0.00010323698313888284
0.0144364159793128,4.175181065479429e-05
0.0011420758476635,3.7292904056010608e-06
0.0113279754411258,2.1563154839233574e-05
0.0130395285230381,2.4992475670078583e-05
0.0066220821470614,1.0794364452857675e-06
0.0061729289732352,1.0269832532415563e-05
0.0025495415449683,2.7733833780213813e-06
0.0160389148830068,6.766990261168745e-05
0.0125632888803798,2.231749889294324e-05
0.0173418756324905,7.398437432212484e-05
0.0011638992346948,1.4938196657255725e-05
0.0164077838338466,6.803480709421798e-05
0.0142833317672938,2.9643881821213967e-05
0.004626685141721,2.210852569377061e-06
0.0072727383200875,1.639213598843019e-05
0.0166759473044301,8.025442932336104e-05
0.0124169772648902,2.2960501516888023e-05
0.0065186760473689,1.0150923216510397e-06
0.0019907144021338,5.012252509001994e-06
0.0109028800135685,1.3412858026667225e-05
0.0159467312881635,7.288385762962156e-05
0.0187711206044201,0.00010761403266642081
0.0044382068265599,1.9254976728044572e-07
0.0005722941256625,1.2731099410967934e-05
0.0197537264451529,0.00013491196734536856
0.0072110835990181,1.18649513722253e-05
0.0046883825668555,1.57995119458449e-06
0.0090999926089913,1.2417666741177593e-05
0.0166601127058123,0.00010200249165181188
0.0093734853136351,3.747839676218167e-05
0.0070334270498005,1.1554703613911714e-05
0.0154089870731082,1.6940189237032207e-05
0.0085548698990633,1.1458792684210476e-05
0.006191447455723,9.457333203652554e-06
0.012208014963932,2.206778405555251e-05
0.0073706085335341,1.3464681937502242e-05
0.0037926533352054,1.5283407062918027e-08
0.0131582714199223,4.06797002612251e-06
0.0096792787236584,4.432377223217956e-06
0.0009859503459359,3.4107905582862762e-06
0.0016523275720695,2.092699000547583e-06
0.016529523977992,0.0001174922208432057
0.0138792879843193,5.839952313069875e-05
0.0004717469834007,1.1454821843538355e-05
0.010136872230087,7.746147461802731e-06
0.0077097181410409,7.920647264466063e-06
0.0175968470277034,0.00013830026743522794
0.0108640633560563,3.0195643017951424e-05
0.0016608394708599,1.6830408837626695e-06
0.0162519048030912,0.00010417258483822459
0.0090420341454442,3.4577396067130284e-06
0.0060718293493415,8.867882690972165e-07
0.0055635039264465,8.611772109328568e-08
0.0024824716168173,5.609487886281268e-08
0.0114853005298244,2.5985038839234027e-05
0.0095847040679059,1.3280283058911794e-05
0.0190878332869133,2.143781661300022e-05
0.0043036800253023,8.858472465591965e-07
0.0044501718246295,5.588465441915312e-07
0.000826961719801,1.2215815578682378e-05
0.0077286177402226,1.951911473061535e-05
0.0030063440850346,2.4081455472339857e-06
0.0148768521091812,6.253546200802004e-05
0.0009728210343606,2.4277466623528173e-06
0.0088676837924358,2.2340094878531175e-05
0.0071411561590374,1.941994837421082e-05
0.0116028730937008,2.6762614121405258e-05
0.0072905251030013,1.696311831989041e-05
0.0079284953964588,1.1256829839626078e-05
0.017705180239968,1.5966633069651147e-05
0.0131428880042531,2.3276043855944465e-05
0.0148864522456924,4.717976793305622e-05
0.0001230673650759,5.2425896931850125e-06
0.0009686365763669,3.836077147110807e-06
0.0168736494650722,9.568509399407686e-05
0.000866831538177,1.4318780479972081e-05
0.0176946517976606,3.214049968806158e-05
0.0148457075814509,5.208352150132949e-05
0.0108348082819333,1.2621685424189955e-05
0.0144467966350357,4.3860917544044314e-05
0.0054646812476546,2.012429022242109e-06
0.0169019981493871,1.5584914162662932e-05
0.0048303974909718,1.6530249677255698e-06
0.0130769261347284,3.881666517742987e-05
0.0126258062581582,5.0922357566174665e-05
0.0102089188694479,6.580662633188771e-06
0.00129140113474,2.939188458305052e-06
0.0110287719863108,7.317574782071021e-06
0.0081174430647341,3.2688990397854356e-06
0.0135816419380103,3.869571485673717e-05
0.0144919169617248,7.452457549877691e-05
0.0155488601853497,0.00012033838033714505
0.0179444583456805,6.892386603165408e-05
0.0134868946217833,2.9682717073536276e-05
0.0045346326650121,4.757011219896251e-08
0.0173370516550644,3.5734990192022954e-05
0.0032854361775852,5.017126787226311e-06
0.0062211352786178,1.1463560119958145e-05
0.0097620927360601,2.6114199166069434e-05
0.005544768066956,3.3839846613894025e-07
0.0053218080716081,6.453194667929385e-07
0.0127528409075027,7.555039000277647e-05
0.0113716351858534,1.3721262140032632e-05
0.0176134439287724,5.7740757068779486e-05
0.0033869930707199,7.905730381151235e-09
0.0001543038709541,2.534253097929301e-05
0.0054468523790399,4.680466374697757e-06
0.0070306070593606,5.913773028679118e-12
0.004227423669763,1.0331161238992054e-06
0.0033484190265245,1.5215863691296445e-06
0.0024973939599571,4.7092478142973567e-07
0.0101614885600447,2.123700668776332e-05
0.0087868236796773,1.8606910772970467e-05
0.018849613700608,0.0001594123207642523
0.0173028677310989,9.099842886029442e-05
0.0132374411818297,4.7570341767888194e-05
0.0010490286733501,1.6057631481660118e-06
0.0069571842567557,6.112135137198211e-06
0.0150132478871578,2.2960812594901327e-05
0.0040426865483368,1.5462086678014241e-06
0.0160370264257511,8.028463352402299e-05
0.0098917062109573,3.477758719690252e-05
0.0037769910216658,1.7924799471379842e-07
0.0132825634270518,5.4974846537453505e-05
0.0012737236282781,3.8290231105454065e-06
0.0141197618671996,7.964782985611676e-05
0.0127297303449942,3.104778530435476e-05
0.0170783776010228,5.018932691225837e-05
0.0012290628434406,7.742048124332327e-06
0.0145892266794473,2.616119032140916e-05
0.0160976986338639,4.077764178333776e-05
0.0195207182795498,0.00016317067642231573
0.01476050985204,7.306116469145118e-06
0.002486137748866,4.7111463505554606e-07
0.010915432739519,3.363147216941981e-05
0.0013991823331009,7.239158940529717e-07
0.0010355619836621,3.4184218372526865e-06
0.013862544495199,3.672518432751426e-05
0.0079340924284655,6.118752710502156e-06
0.0055953259140591,3.0227040307346483e-08
0.0148030338528511,1.7022852368186165e-05
0.0156233559737567,6.0401049423860295e-05
0.0103439454711855,4.205227324474927e-06
0.0153030416734141,4.634345628351618e-05
0.0085258131680864,1.0131053775687265e-06
0.0182819837830264,0.00012096027591720993
0.0139870376360013,2.8210237662601173e-05
0.0018986011144745,1.8387604062505833e-06
0.0055715020282857,5.760918123966978e-06
0.0025774176772678,9.462320260584456e-06
0.0125941476285452,4.960706153674909e-05
0.0035127274514803,9.894836909790737e-08
0.0061667283265811,1.3855350752630376e-06
0.0012036201158935,2.222619124362341e-06
0.0130861101048417,6.295119495034886e-05
0.0104070647909493,1.165501219499695e-05
0.0193963491096951,4.6447877640365904e-05
0.0059801928533575,1.2624657647958357e-05
0.0068242797275844,5.675925760617857e-07
0.0061896824501148,9.469847933349825e-07
0.0193956615760273,0.00011177221484085233
0.0185274952169037,0.00011200445807827793
0.0186123601862152,7.534488246634833e-05
0.0156342490031254,7.92389687176966e-05
0.0139917088851003,9.514458331516185e-06
0.0090319398120091,7.525848604774308e-06
0.0095308106344211,6.858171516882239e-06
0.0121669188262665,3.0219771600665976e-05
0.0013188088853814,8.263488440040743e-06
0.0102649715674538,1.649691610117081e-05
0.0059343961464708,2.868037083424695e-06
0.0167525192359381,6.538085324926462e-05
0.0122591413096788,4.8389248048530284e-05
0.0053884475357375,3.561665029810183e-06
0.0134431817349725,3.2328477466169825e-05
0.0052380512718426,1.0128080233228768e-05
0.0011357656210646,5.4143524392123225e-06
0.0029758016979605,6.642491682899126e-07
0.0033653480413537,1.5475470155695623e-07
0.0079676903459016,9.848201465015768e-06
0.0029478176141227,4.459824934091466e-06
0.0070925443782042,2.689871713879091e-06
0.0037361397676041,3.048035276728587e-07
0.019460239530878,0.00011054745775021784
0.0181900732434746,9.466439074863396e-05
0.0048701645318009,5.004238270292174e-07
0.0053795516148996,1.631521773664119e-06
0.0167001576311197,3.115486027131983e-06
0.0082277464512712,1.1119460860184126e-05
0.0031102774622667,6.337464999909964e-07
0.018040405535107,0.00011848606736892826
0.0102652390567888,2.9390826501277003e-05
0.0042946107514092,7.458353290281154e-07
0.0101982252510857,3.0070959994516557e-05
0.0039368277006759,1.7913175585827644e-07
0.0057414192749192,2.8383793196490325e-06
0.0170335436426128,2.4453954379531107e-05
0.0103905417355513,7.5924601866679625e-06
0.0155157826574995,8.390904078543616e-05
0.0135042489113416,7.319420873558396e-05
0.0083322932624259,4.7787411116292585e-06
0.0005864678776088,3.7401829944107916e-06
0.0060018294788458,5.71515483530015e-06
0.0141772686923372,6.358366661932469e-05
0.0116405263023081,4.511638887300351e-05
0.0043906454204163,2.1342678497182576e-08
0.0177670339644131,6.358604470808864e-05
0.0179504388363593,6.731947691695784e-05
0.0199954018609561,0.0001694233640977781
0.0045085746496765,2.750666254204185e-07
0.0123975905481662,6.184484384359907e-05
0.019054492308368,0.00016690363398066276
0.0023485652429937,5.427099714110514e-07
0.0115507805743333,1.4273819466043043e-05
0.0137453367278334,6.407425669248199e-05
0.0023516951053979,1.161125253463229e-06
0.0158899955523688,6.679027763746172e-05
0.0049441323097616,4.624025802658534e-06
0.0041021411695183,4.556573463649303e-06
0.0018932523970608,2.309714599324136e-06
0.0111504402695235,2.789500594449853e-05
0.0016146536695401,1.3750145910491392e-06
0.0059447722283508,4.7314628627484975e-07
0.0111243724328157,2.080603852926276e-05
0.0080415310169839,1.1112702292928445e-05
0.0042590574086518,9.525649548498008e-08
0.0003169463412019,5.93435746723944e-06
0.0159345784831889,7.84666271720349e-05
0.0174263367634523,5.516309712453295e-05
0.0135612134944714,2.6527480407820514e-06
0.0077146257634889,1.0531820953397894e-05
0.0118733567768991,2.4840543896638396e-05
0.0196503161888491,8.416111152155807e-05
0.005182051847525,2.862691685867725e-07
0.0097171224773214,8.343857586855638e-06
0.0111785700752821,1.5242380533495476e-05
0.012324709743406,6.692405180831367e-05
0.0139233171342567,5.111378238959365e-05
0.0169502026724363,1.1404596960855676e-05
0.0151449497789493,1.3322427543009575e-05
0.005051252652545,3.2602229616401394e-08
0.007193736887059,1.7227455384751476e-06
0.0088019724641603,6.661096223718811e-06
7.466682585946182e-05,1.2915085425762956e-05
0.0074272514730239,5.896920295158812e-06
0.0108351155046694,3.530682463342835e-05
0.0119935651897926,2.818617539002572e-05
0.0174483098477814,0.00011549219707420113
0.0021670796783264,3.0250940559819604e-06
0.0193970343702929,0.00018193072509316987
0.01757134540894,3.2636840689791087e-06
0.0134188013120522,7.609029462959939e-05
0.0072161828828851,4.845807366393955e-07
0.0166409047884281,4.8811028785540985e-05
0.0126276624205305,3.854118395840059e-05
0.0198499567424208,8.6025319928457e-05
0.0074422010839968,4.472652250288744e-06
0.0097876479147816,9.656554551793836e-06
0.0098456543892465,2.173072742740186e-05
0.0044527762518182,1.517017442718141e-06
0.0068325279701648,3.0179746620774586e-06
0.0178387477151334,5.922188565078987e-05
0.0191881044118767,6.457985458219499e-05
0.0076943117531053,1.1889837754450591e-05
0.0020921351676434,5.081791965051074e-06
0.0086343623149509,1.636050506851544e-05
0.0010687566115734,7.365146500282231e-06
0.0012869641261329,8.843932896509068e-07
0.0157215890251861,9.290579187199939e-05
0.0015503627479919,3.7026178864138787e-06
0.0083132170251999,2.065228211323586e-05
0.0172765013839057,5.511878793566228e-05
0.0068009119305517,1.094913360092284e-05
0.018102613585604,4.7063208733724275e-05
0.0114497370517788,1.2892054921251057e-05
0.0012505813282651,4.225279168046351e-06
0.0106186225213552,4.616106396321778e-05
0.00511470202489,1.3457803474854946e-06
0.0049373452361932,8.301488678513286e-07
0.00695969925719,1.5551103195108432e-06
0.0147744549951647,8.900232732161097e-07
0.0122870161109551,1.292234586765785e-05
0.0165933151989247,8.813871955218762e-05
0.0166443587875723,6.320683383762322e-05
0.001277731760304,1.9646703472664843e-06
0.0181332049924804,0.00015085759053687278
0.0053014303457087,1.073965700614112e-05
0.0100898433486308,5.082537099454216e-05
0.0016755787042451,2.5078892897020643e-06
0.010441120126236,1.612159319131689e-05
0.0153680165306022,8.860052436684454e-05
0.0179041804909462,8.738438744204781e-05
0.0080886567419014,1.0688237907613434e-06
0.0037103909169543,4.782334434823839e-06
0.0182726900668574,0.00010177939513463355
0.0114510175214437,3.2851119007684276e-05
0.0114383466212418,1.809237171303327e-05
0.0158901369070037,8.975340337093619e-05
0.0069973707449956,2.8095499610203677e-07
0.0109751574702047,9.31200706735828e-06
0.0169038651227789,1.6351578651914474e-05
0.0153473277104699,6.136362114968959e-05
0.0167992386287645,2.3144620685173123e-05
0.0060556492076188,3.0847191071638296e-06
0.0017310918363124,5.13029021726995e-07
0.0187095276431961,9.294592354349724e-06
0.0179914267854058,0.00010043725181274905
0.0024993274690487,1.5405241800883237e-06
0.0131713789262648,1.2405026726109102e-05
0.0009268399725972,6.116219014240001e-06
0.0157782900166899,7.621749830170127e-05
0.0196774321488741,0.00013616333408317285
0.013272562063364,3.0448057944750317e-05
2.18068815028416e-05,7.375513963746013e-06
0.0099226679566984,1.681634385643814e-05
0.0070034795079446,4.389262025069386e-06
0.0190121425865316,3.8197260007665335e-05
0.0113294073869656,4.904909297447949e-05
0.0147529976798212,8.277128276427185e-05
0.003000915585102,2.581453279162941e-06
0.000736067381283,3.856792917985633e-06
0.016996207516582,8.429230306414225e-05
0.0067181745805634,2.166556608595986e-06
0.0149829695233973,8.6629235490974e-05
0.0172903879962345,9.519402887270158e-05
0.0142207808829921,3.437678815461591e-05
0.0011477898455067,1.0857548083743124e-05
0.0035356147469087,1.0152707389566526e-06
0.0153772200887062,4.916427383030278e-05
0.0040379995161173,1.183051921660411e-05
0.0134715086258658,2.5097549723038463e-05
0.0196024403855764,7.47032924837858e-05
0.0141239463096238,4.072338680742229e-05
0.0072838286312901,5.642552200686903e-06
0.0193767222027626,0.00012761630997252122
0.0198064832095775,0.0001448757840351592
0.0129842917166409,5.228210752152806e-05
0.0092814169404712,4.748287043718346e-06
0.0153453335164798,8.123115289490089e-05
0.0068462816648012,1.0419094779802836e-05
0.0068910494229311,8.064752030803276e-06
0.0127739306917464,4.6816558968222125e-05
0.0117463485017083,2.7257422183805022e-05
0.0043798903134123,3.129867225672176e-06
0.0103619243003001,1.4339984441828566e-05
0.0171206183438635,0.0001064709993824278
0.0171241317742409,9.244201679683006e-05
0.0086241215183352,7.959668541941032e-07
0.0068473932903367,7.940345083482157e-06
0.0085138718473446,4.710614054059984e-06
0.008974510850142,2.902632418767347e-06
0.0075117994202028,1.0065085836700916e-05
0.001246807423076,2.0533186826348047e-06
0.0079907297328893,1.5443073495367329e-06
0.0112234921494009,2.7011985861056954e-05
0.0105467805650912,2.092996932318994e-05
0.0097371242959168,3.7043124082981694e-05
0.0139046241808505,4.192598946789601e-05
0.0062094375144675,4.268343125443815e-06
0.0197484257523506,0.00010320983190888003
0.0186697809828453,8.035675186165925e-05
0.019114714523829,0.00010309698216530719
0.0103329949192102,1.7088262862147044e-05
2.2682812476992888e-05,8.420821545501913e-06
0.0199895027387468,5.0724951635853457e-05
0.0030388058002346,2.71672700597362e-06
0.0035270609094141,1.701277618254238e-11
0.0182500585375537,0.00011219145524163388
0.0047961133095912,1.3374206980832422e-06
0.0137091496586458,4.7514180415948585e-05
0.0018950414781008,6.404058950592942e-08
0.0093367834440564,2.1009498762714897e-05
0.0027199935026488,1.8432395933241365e-07
0.0040158188166749,2.4525081908230006e-06
0.0060364656703552,3.4007610113132267e-06
0.0082453061829342,5.515211338498177e-06
0.001759203504549,4.290027825550783e-06
0.0174973807121087,4.549069906815565e-06
0.0035069500067504,4.1179300665004073e-10
0.0183903774375941,9.901720238096873e-05
0.0108629958656701,2.4272690869065475e-05
0.0092678068146231,2.083514689252647e-05
0.0083695343161623,1.0431726552032475e-05
0.0079642795028111,2.5877264290296577e-05
0.0086447965701032,1.409034376412928e-05
0.0032053505414577,1.1236257384796129e-08
0.0197201988689184,3.9736339766589714e-05
0.0143596202604617,9.803818403115258e-05
0.0166777668626694,9.873432240642902e-05
0.0096888351711531,2.3892776290083597e-05
0.0138476074277855,4.773535551130739e-05
0.0076168707104165,7.384334215301981e-06
0.009505878151003,8.609432272456115e-06
0.0032495037655402,1.3512743597535458e-07
0.0134970633623104,7.103388949313259e-05
0.0163647910352742,5.247808354384167e-05
0.0187969198338165,3.524370915134848e-05
0.0009237565669563,8.859791202319131e-08
0.0059660753497552,6.19992179390673e-08
0.0140492786321649,2.0922651411693196e-05
0.0185748596137473,0.00010267021004509223
0.0069839253264585,8.763325345522427e-06
0.0050030372438577,1.2504381916258805e-05
0.0146259124579915,5.392063660435468e-05
0.0033789813773652,7.433785444258213e-08
0.0139303256445246,5.081103338037423e-05
0.0182450772287387,8.083491187135336e-05
0.0154683264496133,6.371470755770492e-05
0.0158099047220759,6.971623540624428e-05
0.0067700447172492,1.4399004793838585e-06
0.0183863724893487,0.00010952657473897255
0.0186655256546745,6.872212107536954e-05
0.0133055935901969,3.8968143419217146e-05
0.0075428401617783,1.041140483146624e-05
0.0179232794138749,6.416559352727654e-06
0.0002237061315553,5.890934615912125e-06
0.0030709627519027,2.6513331519311666e-10
0.0119172118458449,1.8420803327321784e-05
0.0117103787736948,2.730316941689899e-05
0.0015320332729721,8.753070044805846e-06
0.0139174548475821,6.63648262205301e-05
0.0013034633222114,1.9094477148595944e-06
0.0145654906290781,4.742077050347659e-05
0.0193206156211916,0.000118157576877276
0.0106937157605213,4.2936080874799876e-05
0.0139913544643158,5.984979860996362e-05
0.0075342062468512,5.496119770119535e-06
0.0137574604145539,4.368073277630544e-05
0.0044786273917272,9.08889884112623e-08
0.0076181804951315,7.125125049213997e-06
0.0042232881825762,9.46699184860968e-07
0.0189351491760288,2.9579953632280625e-05
0.005956905855489,6.286915413945718e-08
0.0143694462695747,2.6671384930360006e-05
0.0140842068536546,4.0600331370087224e-05
0.0084054854347098,1.756109537835752e-05
0.0122525502926965,9.040010557327778e-06
0.0005651419017781,1.3650051684650598e-05
0.0112218818135956,3.587761556435736e-05
0.0098031185554661,2.068818050981554e-05
0.0069425658665407,7.140928915458859e-08
0.0050313425238662,3.524312540843004e-06
0.007026582531471,2.047954232501501e-06
0.0140935283107523,7.245407882228913e-05
0.0069503909646198,7.896529729726271e-07
0.0110897716366653,2.781197915135825e-05
0.0054775830408496,3.7749373689756965e-06
0.0044830391723189,1.339296394552204e-06
0.0047426905320586,9.911775564486338e-07
0.0184244461293885,4.736128512197108e-05
0.016940936306233,3.0101440381205317e-05
0.0030660698637698,3.364345323066819e-06
0.0042782267612229,3.633565249468028e-07
0.0116536067704244,4.2589208982310306e-05
0.0061091487125206,1.0693841869006579e-06
0.0033823532045189,3.0278445143523694e-07
0.0157237644868033,7.05163418906706e-05
0.0127563311446573,4.8147391368597617e-05
0.0173279440646128,7.795730453089306e-05
0.0084532370698607,1.4520043332299874e-06
0.004077992746485,2.732816653290594e-06
0.0031151496782713,1.3141339811487387e-07
0.0134106140395599,4.215350421261951e-05
0.0029423881070276,4.4170183882704534e-07
0.0019223574162208,2.7843785156399347e-06
0.0126155405915175,2.579717608502287e-05
0.0090756867480028,1.6855465839773657e-05
0.0021201828589848,1.044389954847213e-06
0.0122475075441086,3.140122960035628e-05
0.0112711550989415,6.8590868381821655e-06
0.0041362156380832,1.995343441941215e-06
0.0172495148191179,9.938143935910352e-05
0.0187059623209396,0.00010347267744178626
0.0138088049257603,2.473446485927707e-05
0.0139951502318016,6.721575031975492e-05
0.0127564595192367,1.7167765399940483e-05
0.0084197050738233,5.41651011805281e-06
0.005983235270611,1.2838373349623052e-07
0.007339297434302,1.6892379206340338e-06
0.0199863888240481,7.675860459537229e-05
0.0101962560849211,5.3062587345083635e-05
0.0159371268668358,3.823641056605311e-05
0.0193462782594444,4.746271829497013e-05
0.0161369032953047,9.627602389548944e-05
0.0161698896653307,5.962480307077312e-05
0.0050111991709714,4.566074873251726e-06
0.0112062265416637,1.1083943758591635e-05
0.0062396679648952,4.525514175903617e-06
0.0147042610280262,5.0512155026985397e-05
0.0190821250968889,5.196506191105691e-05
0.0190292734578067,6.665856858925569e-05
0.0051141046537746,5.2075695520475884e-06
0.0053741029299737,1.6133576875635785e-06
0.0121181361868473,4.17201813960832e-05
0.0127209550671277,5.3362779706613403e-05
0.0170445420408753,5.050927051525369e-05
0.0103782636863018,1.7430054714045337e-05
0.0006540097062525,5.795348797813367e-06
0.0178024091973926,4.2576742200390076e-05
0.0033915921864219,9.715508858224067e-07
0.0031464320194632,5.109359624759619e-07
0.003227740752643,2.3016490275174026e-06
0.0181329105652889,4.4269089995923155e-05
0.0007895067541699,3.6441589865951637e-06
0.0168895483294265,5.9875318215576916e-06
0.0043329466342263,2.3578552105079515e-06
0.0109994631665832,5.034386398909147e-05
0.0190130340910629,5.755277158095225e-05
0.0127846096633025,4.213062570428424e-05
0.0143156573287129,3.961731969813028e-05
0.0084332618561222,2.968981916947497e-06
0.0057606187070657,1.0504882443881269e-06
0.0043894004279829,3.6427973019811876e-09
0.0149875834229815,6.596610590939478e-05
0.0196300133430952,5.716719155908637e-05
0.0130855688224711,3.3481857447630984e-05
0.0031680173763757,1.1647183954722055e-08
0.0142694303652941,6.811975559921861e-05
0.0182388864425632,8.985665748960977e-05
0.0061762210280367,4.038090761828125e-06
0.0147517120915251,6.280275825444308e-05
0.0142348932405174,4.4450720611053504e-05
0.0006761063898031,3.765338863214774e-06
0.0115706100421389,4.161977400774073e-05
0.0053901749446307,4.350651309575774e-06
0.0021959623420364,5.585023545402135e-07
0.0019721681625269,1.2350943384249364e-06
0.0066596465000267,3.895678235572751e-06
0.0188316696943795,0.00013624271065771257
0.0185431491711278,0.0001404012495350367
0.0121518926894029,6.226367282204185e-05
0.018818316737255,2.334201640531008e-05
0.0013417848683125,1.447183912111551e-06
0.0056441621203381,1.5011289316903688e-06
0.0143614058678693,2.723113283215317e-05
0.019584279371718,9.172343161057529e-05
0.0134858907126013,2.9330233151352017e-05
0.0069961833321746,3.4877399020965916e-06
0.0163193817636775,0.0001478617192519484
0.0137859842031503,5.8337354885826164e-05
0.0095488401627988,3.7983804210522784e-06
0.0130347776318041,2.8993848801275172e-05
0.0119728779428075,7.76593804816658e-06
0.0104996426128956,1.729577943916005e-05
0.017804224963741,8.617852652107822e-05
0.0185749434534411,4.582781216345121e-05
0.0123876046586986,2.6181695194758923e-05
0.0148802554890741,4.133965840806535e-06
0.0121447000394848,1.3819135573509947e-05
0.0154780362379485,4.501158031234105e-05
0.0063368416905279,2.2944746930863552e-06
0.0120027937693129,6.049263743333787e-05
0.0127729742500019,1.1967256360797293e-05
0.0001619883645531,6.501392961223033e-06
0.0100130296533312,4.435645708829084e-06
0.0117380267446494,1.364366098586878e-05
0.0146977567451918,7.594781027661826e-05
0.0064143187031551,1.038963282713639e-05
0.0011767269897031,9.702518509328636e-06
0.004485386823293,1.7740961329123776e-06
0.0106568862600481,4.042253533792492e-05
0.0084626617832717,2.5453215121303378e-05
0.0124800169425278,2.7441590603968614e-05
0.016107048431835,7.31350391321752e-05
0.003096524237603,4.92669369139716e-08
0.0151611128588061,7.080010979972739e-05
0.0197372810288829,5.665403851447533e-05
0.0158812827362099,8.895064608596761e-06
0.0004059944456047,3.083386899298228e-05
0.0032904038203049,1.3016182844729254e-06
0.004358477008422,1.0964465097085987e-08
0.0133531695323848,7.24545039685704e-05
0.0112628954068805,1.717411567895011e-05
0.004371862414779,1.9132012303689114e-06
0.0142869917997973,2.0797667959258256e-05
0.0112174511555809,4.4400868180183055e-06
0.0010308900638928,4.571208084600715e-06
0.0040791665684702,1.4109172835903363e-05
0.0006558480861109,9.763604016727163e-06
0.0102033480240504,1.502639545452605e-05
0.0010911424430437,3.1053024956738647e-06
0.0043770462503182,3.2986855347762613e-06
0.0158565326654062,8.523849591475184e-05
0.006919219328002,5.658078578094181e-06
0.0199559871760036,5.941715618566108e-05
0.0066967936869516,7.138317186423879e-07
0.0015147098772898,7.350569182530507e-06
0.0157429857796326,8.494100958523741e-05
0.0001803944121772,1.4516459274311447e-05
0.0109285806356907,1.1547257755236664e-05
0.0133458113239817,1.0590909633608243e-05
0.0019292243778474,4.2815270326262625e-06
0.0132934841554358,3.4091445823396635e-05
0.0179452023654523,4.481668786488998e-05
0.0183666618968042,0.00017887082354287476
0.0133517620188287,2.315696317274099e-05
0.0098635061530624,1.8922643037254842e-05
0.0174835254868131,2.957875756385801e-05
0.0117940005831396,8.614943606627537e-06
0.0066045778114678,6.764469182138136e-06
0.0138126694414541,3.409134746466493e-05
0.011486252512915,8.294605303030486e-06
0.0091599066734744,1.1253441612823365e-05
0.0192234526903706,0.00013432416917115209
0.0137206529666651,2.910783185724953e-05
0.0102142587171707,3.264657688785268e-06
0.0185551486821819,0.00012887045205088872
0.0105922493357056,1.5542678248401847e-05
0.0066936632528993,2.6776908721882693e-06
0.0091919161719763,2.1501833766659327e-05
0.0106708179370192,2.0593051949110057e-05
0.0059201440319407,5.025594500603667e-06
0.0164126530678154,1.3440481373825605e-05
0.0146787545251968,4.616293749791034e-05
0.0029957131331018,5.8813617005783995e-06
0.0008132029931262,6.21190485113908e-06
0.002289153756918,6.021300572886392e-07
0.0102642729111724,8.851152497875986e-06
0.0077960323535053,6.016418127670181e-07
0.0035594330516945,1.5047523967486578e-08
0.0139448529424609,3.467456500055764e-05
0.0044520550022675,6.817317130376843e-07
0.0071451142088086,3.925547060043898e-06
0.0165441743544665,7.887089237087065e-05
0.0180670309970329,7.280858971576613e-05
0.0189291681919111,1.5377213923729291e-06
0.0004459986598746,6.747013253832911e-06
0.0050767695153981,1.6153880913623532e-06
0.0161998509719559,6.361324437797522e-05
0.0132142888916707,5.16176159912405e-05
0.012344389383172,2.382713703239897e-05
0.017236283655318,8.760287357702942e-05
0.0157423387935442,0.00012001451217720163
0.0188425102478833,2.42200157961434e-05
0.0079108835035642,1.6176899435359203e-06
0.0125119283866377,6.225338323004946e-05
0.0013975800269325,1.1561856725193661e-05
0.019972050940794,0.0001421510142718906
0.0163747658434685,6.783499862463957e-05
0.0172584423235448,3.861978770885741e-05
0.0100357100998371,1.447487435842074e-06
0.0077109248287238,1.5141031494374128e-06
0.0186218198500808,0.00012062320729239641
0.0186611702984612,7.76027849976226e-05
0.0169748004590875,8.215466625522144e-05
0.010443763728538,2.822753460049124e-05
0.0172254506532464,5.284478551676906e-05
0.0121586651985741,4.6915507004526484e-08
0.0171728171130459,1.4650431933803235e-06
0.0090154378302053,1.6792380167643318e-05
0.0048902894216262,6.915011836194753e-06
0.0178763370360602,5.8724340054909926e-05
0.0008396407623183,6.756555235179571e-06
0.0049252752310197,2.782706917338561e-07
0.0095751163824789,1.5020135432979393e-05
0.0092587746203232,8.610930411234145e-06
0.0191904119207337,0.00012316203065103516
0.0032196016113268,1.610928854067329e-06
0.0157468042051079,9.270078689378641e-05
0.0169784683068712,2.0673984800293278e-05
0.0174943257138184,5.828833831487383e-05
0.0164816004799112,8.725072962405527e-05
0.0198270110395337,0.00012833288118095363
0.0119092252486836,2.516622890161864e-05
0.0179787269655368,7.974723862382626e-05
0.0192659481720445,0.00010065508300083668
0.0185382695080268,0.00012390845110560152
0.0044721726163398,1.45368374511816e-06
0.0089479772251562,9.742173765027895e-06
0.0099054400976523,3.385430840453289e-05
0.0076642080594892,1.6689663358972728e-06
0.0116771220364089,3.190521685321e-05
0.0157967972412545,4.8657779420318216e-05
0.0034438999063,2.6460528913763507e-07
0.002376066351922,1.9968400546802847e-06
0.0088002990497713,9.804397425276399e-06
0.0122651235567206,6.321160931807672e-05
3.211503784537051e-05,1.221591730712625e-05
0.0069761782222892,3.8175711876919745e-06
0.012230092946358,3.998856490072945e-05
0.0181720748491843,9.18387244664799e-05
0.0187230886985903,0.0001297012127673684
0.0191764238937838,0.00012553393538108568
0.0116734988677785,3.081999739120005e-05
0.0143258407149004,7.851359154929891e-05
0.0064268067748934,9.43307227473729e-06
0.0089997041229655,2.449844509370126e-05
0.0031746031098799,1.1026348571692244e-06
0.0197791857660596,8.318106879305977e-05
0.0070940531871893,4.136777971169843e-08
0.0151724534993614,5.4088394876265956e-06
0.0094819018033019,1.5307591761128513e-05
0.0002398914061973,6.619989213828638e-06
0.0176436619487143,5.462445726522563e-05
0.0064361033817792,5.286064470609377e-06
0.0009662681415752,2.7591090189445946e-05
0.0076474946073346,2.241418881817543e-07
0.0051833996240665,8.06865620142565e-06
0.0033767710664694,3.6769230921499495e-07
0.012379041556139,1.1061324154535848e-05
0.009781476215724,9.5500850688043e-06
0.01820230202033,3.951881758211882e-05
0.0169450100825264,4.493813095354124e-06
0.0089131789084714,6.118621872676562e-06
0.0184100763197076,2.204789685856061e-05
0.002956375717966,5.2341958832814676e-06
0.0133288457797524,6.981865819188351e-05
0.0092440127266689,2.1516629498703454e-05
0.0122205488199094,3.3870856227801807e-06
0.0123056602770478,4.926975045210495e-05
0.0091706668711864,2.1836115431643857e-05
0.0021845042157717,6.714917715084987e-07
0.0047105233585424,9.923403818524536e-07
0.006524220547776,1.4459795525099796e-05
0.0058415968714984,1.2989666634397266e-06
0.000531063746552,1.3424186926421311e-05
0.0017392212511805,2.3899901365411962e-06
0.0023807458915979,1.5282111145020664e-07
0.0011311418167606,4.751774880718792e-06
0.0140902150373636,3.271811192342987e-05
0.0005591657361438,7.43485368649271e-06
0.0086640463616468,4.5734473519928756e-06
0.0028432445393163,3.371608841703971e-06
0.0107919679398768,2.7614771047615648e-05
0.0113164272911076,3.325819427509428e-05
0.0092569424913425,1.2140565061393339e-05
0.016983338228411,4.275510803242338e-05
0.010571430467511,2.0508022334490344e-05
0.0003936751767873,5.2936819640439365e-06
0.0097773194571631,1.9371154248992774e-05
0.0092184515207172,2.4699808432341942e-05
0.0170949186739967,4.302210020149004e-05
0.0080434850018967,1.3253356523242964e-05
0.0174605151207286,7.70929487589437e-05
0.0019188629722801,8.476125624719984e-07
0.0197990177814094,4.0131283437697423e-07
0.0186391368240232,0.00010135058004096778
0.0141823122586147,3.571647972781371e-05
0.0173536286907958,9.842724419898217e-05
0.0111062637883141,4.0616159301158445e-05
0.0193042397799425,0.0001800219263939894
0.001198427128482,2.6244170918260537e-06
0.006521715726444,8.285069807167628e-06
0.0069131968137441,4.227719553137504e-08
0.0047168578308836,5.7818552754410754e-08
0.0054233894116673,6.083104170410011e-07
0.0181307047035094,8.512362779839659e-05
0.0190595876250274,9.540855216648669e-05
0.0016481542036872,6.735029770253502e-06
0.0004222293464887,3.945818933687249e-06
0.0141648198760869,2.7185656732947278e-05
0.0096381805100479,1.7373763720131554e-06
0.0159144022098298,9.776647727650332e-05
0.0099459889655525,3.682319475264423e-05
0.0079232569072099,6.210661394123594e-06
0.0164714904112328,7.875532604546298e-05
0.0070323388043788,1.153142796776221e-05
0.0061054138641305,1.2714670588855452e-06
0.0089304904626357,2.4340220167377874e-05
0.0007555608959821,5.2790950076124e-06
0.0121313121070072,4.995268739056958e-05
0.0063060350701001,2.0870013368348186e-07
0.0012268941480565,8.808735688488859e-07
0.019551435606135,5.892106019219638e-05
0.0135593688031673,5.420143804315154e-05
0.0085529293017095,1.2477805609969845e-05
0.0034511876460874,2.4237689405135594e-06
0.0182924836964181,0.0001183401184838227
0.0182666844849582,8.783755665977735e-05
0.0008946769642779,4.696261933546959e-06
0.0143460610681156,3.089710705830854e-05
0.0177657379331935,7.748071788544935e-06
0.0144290691686989,7.585785014660928e-05
0.0110242822703624,2.0138809907135623e-05
0.0150769575941544,4.431410681145038e-05
1.0817938090295077e-05,1.2298157361961965e-05
0.0139318540444588,5.7109296392651604e-05
0.0185137281617836,9.427601803548205e-05
0.0189803743682047,0.0001100384599009821
0.0093478968854164,6.94116938777837e-06
0.0134289060156535,3.8418190831861696e-05
0.019940827596441,8.274575006197529e-06
0.0122216581039913,6.111244358418935e-05
0.0053912561247204,3.089976510164287e-09
0.0153057668708438,1.0301671332226069e-05
0.013726393947701,2.9876285149346182e-05
0.0096426926301356,1.283206283332294e-05
0.0160996203499298,7.697003424778167e-05
0.0025757188252007,8.312908178829225e-08
0.0103280463146566,3.389113375595281e-05
0.0164253233720778,6.155033877150388e-06
0.0188404353767796,1.0951680601963441e-05
0.0119882771306352,4.44062068495959e-06
0.0042649280713662,8.059536814082732e-07
0.0023146331877584,3.0359684212183227e-06
0.0063756264311807,2.0881227329038573e-06
0.0133286707980712,4.996432042370468e-05
0.002353665442488,4.589997440633062e-06
0.0042164680795148,7.216292006656718e-07
0.0021740173324999,2.0230907308580725e-06
0.0065736362232927,6.68752746002331e-06
0.0063416537841398,2.9907512086722717e-06
0.0151931687825423,2.4150310761053627e-05
0.0008819943733023,3.6519792950793377e-06
0.0043257011511589,1.1362874419280136e-06
0.0103350290746085,1.4409167061054891e-05
0.0150113046056498,1.4381542601006635e-05
0.0122473367096671,5.9086665228133913e-05
0.0087932170569371,1.489743221375707e-05
0.0093308707431483,3.1280408251467915e-05
0.0152579877418052,3.147761992615438e-06
0.0073317233206985,6.301423130353939e-06
0.0158298741673304,6.244185523052454e-05
0.0058500148541716,5.483715437531021e-06
0.0171409009463973,7.70551563841246e-05
0.0162888596487974,1.4267535377986978e-06
0.0060289230317027,2.1797318906090996e-06
0.0152820148122777,5.589074425344153e-05
0.0172742835229056,4.607274889767952e-05
0.0070605597756477,6.757634895052828e-06
0.0003472196502324,1.7762711446593705e-05
0.0042897137242956,3.238114942966971e-06
0.0061212387733519,1.940440652412426e-08
0.0197941699847123,0.0002024325126103083
0.0041109813318415,6.021734914191927e-08
0.0083040987864855,1.849894622705864e-05
0.0008437764039771,5.759209255352868e-06
0.0100794623726722,2.551617493136505e-05
0.0128282735655402,1.218065835392698e-05
0.0189402948868845,7.605418949828073e-05
0.0130250832020379,6.709741652866131e-06
0.0136371240896248,5.442009545145625e-05
0.01191334956305,6.021805726494486e-05
0.0056289593867734,1.2436673779668754e-06
0.0035807592147055,2.8141101321750085e-07
0.001318862962299,8.221050102546899e-06
0.0055396025230345,1.319148373411562e-06
0.0087987460786468,1.221217699043841e-05
0.0128695842389164,6.646950715754418e-05
0.0049324318665764,9.536777527958665e-07
0.003037724966193,2.507858929623226e-07
0.0091914273780788,1.7285238866938254e-05
0.0187214614009628,9.981100989580446e-05
0.0016099967154118,3.943146150637145e-06
0.0182908183107293,6.982757554347308e-05
0.0007178259183499,8.153049268122793e-06
0.0144169258482855,4.882277789625447e-05
0.0046575227020343,5.089488672505661e-07
0.0197398497021724,7.295447680403909e-05
0.0169517678721295,7.314734640089204e-05
0.0027572925906637,9.776143998654432e-07
0.0087282013980526,4.329559664887848e-06
0.0150157374324252,6.992054676718035e-05
0.0034819740237301,9.63891769791114e-07
0.0137248276501003,5.010169438119278e-05
0.0116960560951358,1.4429708040084171e-05
0.0063948825059625,3.229039128132739e-06
0.0089746756863589,1.7357516971080755e-05
0.0063791918622234,6.72851563826983e-07
0.0058026696602118,2.6613642795697855e-08
0.0036254098315713,3.5910954416859315e-07
0.0003825187618776,4.9752152893051336e-06
0.0109825064624699,4.17365015156168e-05
0.0097443197193638,8.392677819325007e-07
0.015513957842176,5.4262869541047906e-05
0.0124110471876431,4.370305214216387e-05
0.0019578213118099,1.143550213995059e-05
0.0020253084353975,1.0986106889141663e-05
0.0165578258619844,4.0588362522473764e-07
0.0011972020606386,6.392717069750644e-06
0.0191038035766984,2.2939028625976008e-05
0.0024915297032102,9.93752178985755e-08
0.0115992240526903,1.5276955193192196e-05
0.0053304308619247,1.525236280441867e-06
0.0016452075512083,3.08924521404156e-06
0.0060944339348332,1.5223020327292318e-06
0.004124672682529,1.1004464428256413e-06
0.0106477047373965,4.3070014565541535e-05
0.0134545567527918,6.564635116204526e-05
0.0012371479653608,2.187439841363339e-06
0.0094010557851902,1.734004260562872e-05
0.0196549229314054,8.03210092067929e-05
0.0047691629184543,8.971709651410938e-07
0.0124862929482521,2.0693819643609163e-05
0.0066789673052163,7.518507590863177e-06
0.001703703682015,3.5937958095458256e-06
0.0153859464191178,5.682081642421734e-05
0.0044667631788616,2.424240076510856e-06
0.0024567670204521,2.5328866874512326e-08
0.0153987804122089,8.427303476805119e-05
0.0107976966672365,1.5473616892228542e-05
0.0188498968647883,1.7738002694654092e-05
0.0110590781358624,5.820497124696399e-05
0.0178522765988486,9.376194912768037e-05
0.0110832847940833,1.4000724152007525e-05
0.0179344179477156,0.00013165349777531258
0.0166516699351788,2.6167837635960595e-05
0.0077308996484981,8.534621084767141e-06
0.0030746628346386,2.4502222902066003e-09
0.0162093814484451,2.291201376918204e-05
0.0160219245209213,8.431201493147048e-05
0.006299455985223,3.1464444548083093e-06
0.0173311228565285,9.940227390501622e-05
0.0104565296346578,1.6510161287246985e-05
1.7995135216741786e-06,2.6172804348003838e-05
0.0044374466407253,2.3437493216605297e-07
0.0145250256827913,2.9037375083728525e-05
0.0177935587758487,8.940846055669212e-05
0.0183472412967486,3.4405041535778836e-06
0.0122378264988208,4.678670932739312e-05
0.0187480580632488,4.5432335170676466e-05
0.0084508969263467,2.6617113842289545e-07
0.0017587308830619,6.514474592442146e-06
0.0152504520649898,3.957718958550438e-05
0.0062628218043787,1.7965402541499765e-06
0.0143685325529686,7.666153331999283e-05
0.0068465031731163,8.686985190365436e-07
5.17299783000924e-05,1.1631221960256953e-05
0.0066625794254604,7.344050096589107e-07
0.015822516516184,7.960411275122135e-06
0.0186370077644859,0.00012332479492285417
0.0197133155649805,3.0061961246251578e-05
0.0075614406468735,3.289278059015072e-06
0.0091921940799568,1.8765688678771658e-05
0.0036367620787939,2.7864793245012484e-08
0.0125818038891086,4.604254779535269e-05
0.0121286453352086,6.213377449506568e-05
0.0109164501326544,4.522352449908393e-05
0.0163822337933069,5.121800648219564e-06
0.0005993819697209,2.2950363514630465e-06
0.0074062518231938,8.843646551769217e-06
0.0018103604216787,2.561446005182226e-06
0.0132271738704569,3.114913258198613e-05
0.0158575268253631,8.910754191161131e-05
0.0154327992113006,3.938079164750408e-05
0.0171056977829886,3.2224710634323286e-05
0.0172013072173408,7.08635285661569e-05
0.0081685967174167,6.852701752603951e-06
0.0030193930526551,7.216403079899558e-07
0.0044304900284663,5.834333906254971e-07
0.0141149838183082,3.1556858453399025e-05
0.0137923094449868,4.5258227210522836e-05
0.0125274141587619,6.10487707453905e-05
0.0092217221075141,2.0468077685652207e-05
0.0002736534887182,8.21474735495439e-06
0.0101183777241477,2.0071568117223304e-05
0.0144205023498245,4.807071743588015e-05
0.0073417701751735,6.91795916233046e-06
0.0006828173877968,7.710563237367684e-06
0.0161883044011965,0.00011248043457734185
0.0101486967776507,8.747194336874985e-08
0.0146485720988057,2.6650121176321365e-05
0.0059257574412891,4.830000716047767e-06
0.0078065440128044,5.373334526261753e-06
0.0199268004742374,0.0001296557928659274
0.0140227032816306,5.4994101803864874e-05
0.0131463847613332,1.9528878253391057e-05
0.0185635584252269,0.00014213173140689437
0.0037682914537694,3.869407098376726e-07
0.019172575054633,0.00013847504908056995
0.001123848340168,8.761915560064779e-06
0.0157567579770549,4.154783339718209e-05
0.0121107493593029,3.625917686280891e-05
0.0099574256206938,2.670212716254606e-05
0.0059670364196389,2.3742789354879293e-06
0.0046899962642778,4.153692719736614e-06
0.0194001239483845,7.36058306058176e-05
0.0105436827687223,1.3193374884474916e-05
0.0148236339702202,6.581934221032515e-06
0.0021889851084785,1.9159966303964557e-06
0.0085263246305864,1.0849060407225038e-05
0.009048474360858,2.109790476565261e-05
0.0098665056897369,1.2645791010689865e-05
0.0173356701579348,3.5882629635255027e-06
0.0021436730238286,7.95405558599384e-06
0.0105360338984405,5.096216788788037e-05
0.0012964106171288,1.1963113690197783e-05
0.0045274025966337,1.573994252213952e-06
0.0096473896330766,1.5185559067295294e-05
0.0118753491246312,2.791934435990381e-05
0.0022345427597892,1.170774461153569e-05
0.0077648581178099,1.332991673889957e-05
0.0037188191273613,4.8741716485961274e-08
0.0031518132739451,2.7094469897591947e-06
0.0079024390711747,1.6552220371124167e-05
0.0012610566656395,1.2828423067526753e-06
0.0180167139943933,7.615138483324028e-05
0.0110012091890732,1.55725307141883e-05
0.0105598039275732,3.501818830186026e-05
0.015425488432232,2.5772712372522943e-05
0.0137600039517757,4.495701640138484e-05
0.0153644978841331,5.706384105597052e-05
0.0061751951235353,1.1102611499419017e-06
0.0042266727853862,1.5326329727594075e-06
0.0182488025546812,8.028867304528838e-05
0.0020314962959143,1.5137805072215857e-06
0.0083309744556152,9.543864203800393e-06
0.0180210540273653,2.6378059898215494e-05
0.0014911341632096,8.47710233708444e-10
0.0006621174421584,2.928648661266645e-06
0.008707779255974,1.4220605102963886e-05
0.0150718753516255,5.337482132616595e-05
0.0002007592872949,7.3617462968654665e-06
0.0155065254857543,8.718063072562279e-05
0.0083211022675597,7.902159560484164e-06
0.0046450209126186,6.783770258607986e-08
0.0122301523471383,3.0869629433400547e-06
0.0133563398724902,4.7897496115952315e-05
0.0168773666373545,5.414237190554326e-05
0.0194224990541342,4.960097468329437e-05
0.011395056790186,2.943604819211838e-05
0.0011317939615712,2.6060620647215497e-05
0.0153471279525003,9.058303406841406e-05
0.0141434388532528,1.0825179988357037e-05
0.0131292324853583,6.434810788666954e-05
0.0039284238008167,1.4242437275254774e-06
0.0022067858978802,6.972733887348951e-08
0.0074100731576659,4.0260366380365946e-06
0.0107781224247199,4.4897963799060506e-05
0.0032151591338486,1.9732645799178345e-06
0.0072566933222972,1.2589775346863716e-05
0.008450591591869,1.0746840599453514e-05
0.0112283803963891,3.8934335956936556e-05
0.012412624999874,3.94004563324687e-05
0.0148738561928924,8.649363804874844e-05
0.011480181935058,2.3652487479200642e-05
0.0143150766959507,4.93631645582509e-05
0.0112439321991833,4.211907647599352e-05
0.006068766063106,8.629082244363455e-09
0.0140041291557362,6.054454871206367e-05
0.0035654148193129,6.131883834755348e-07
0.0127019210869355,6.056729423148492e-05
0.0118462400759738,2.9206815716404665e-05
0.011464310431048,1.7649611469720055e-05
0.0120759804900877,2.509722381681677e-05
0.0154765545082049,2.6283202409791756e-05
0.0134703860623906,2.7025399880632875e-05
0.0188241790957083,8.718332319436453e-06
0.0088817815179215,1.3243604069293936e-05
0.0052395136667188,3.274846839973022e-06
0.0146628998540962,7.355531517307173e-05
0.0199139230154853,0.00012888166612187084
0.0194261476458999,0.0001014623422963369
0.0032768120767601,6.74375616442058e-07
0.0032361984362058,2.7664309219155326e-06
0.014631363219146,7.228484558427593e-05
0.0081816724154562,1.1477659972577547e-06
0.0090096293548656,1.0278642436542846e-05
0.0139833074246387,3.831133407565339e-05
0.0002709342141965,4.747294910362903e-06
0.0193515831953831,9.893727510658635e-05
0.0085130841508331,1.1048772804342898e-05
0.0135992358454844,2.1538781558148043e-05
0.0005311774889183,2.9890236375857806e-06
0.0091285436192045,1.838934126179247e-05
0.0152829312743751,4.5500539302120846e-05
0.0076348953848663,6.193916114533706e-06
0.0019699762192423,2.357536654373771e-06
0.0134035135458728,3.783135389530508e-05
0.0066156051943982,1.139324553666753e-05
0.0007560871425346,1.1984543688208822e-06
0.0001287235401657,1.0529495722710902e-05
0.0168862610084864,2.304041074273301e-05
0.00873814435867,1.8503255637316473e-05
0.0173146468546619,9.245953254433543e-05
0.0007910182067421,2.081162508043693e-06
0.0121288643241288,2.4712709500505723e-05
0.0130873786012659,5.827880470823625e-05
0.0023980759681257,5.508282114075213e-06
0.0007619944968827,8.614736900645526e-06
0.0066309805579403,4.432484152232374e-06
0.0197393763250779,9.340900638407313e-05
0.0072587231049719,4.318482974208993e-06
0.0021196864110799,8.959631044001782e-06
0.0051541069417762,1.037109186800194e-06
0.0110147658208198,2.0247712101611996e-05
0.0025683911359186,1.6296445897119847e-08
0.0198489278290371,4.46455159661333e-05
0.0152431927318181,2.3524493998435596e-05
0.0009961830054935,4.028813718462334e-06
0.0112686564281698,2.847102086890325e-05
0.0171595976264572,7.680166120059201e-05
0.0130090628339844,4.216189350446503e-05
0.0151183625459732,3.2798387657073895e-05
0.0078281470735158,1.1577401476187733e-05
0.0142446958464651,3.979603720479699e-05
0.0092489156375881,1.1010660056830459e-08
0.0023738766701906,3.07877944019655e-06
0.0093116338918552,9.391859158767397e-06
0.0177138493938816,0.00010500303194698912
0.0134851332343978,2.4174956636051224e-05
0.015122407250743,7.767409810130872e-05
0.0010893008472993,1.1271992936777385e-05
0.0025598438006933,1.7507381115410515e-07
0.0149849572052581,5.881574276653008e-05
0.0099593165253844,6.089170949617609e-06
0.0003579128150561,2.7085166183160385e-06
0.0103016999006198,1.1206041735352229e-05
0.0159234141264978,2.5122279153602877e-05
0.0130282326524806,3.453684217230309e-05
0.0168952346412502,6.89770039431276e-05
0.0145871417724861,7.748760205079761e-05
0.0085206410269989,1.065190150448164e-05
0.0188697391099369,3.052998357331923e-05
0.018291271902636,5.0910959339396265e-05
0.0139808224221511,4.608597537734049e-05
0.0032596262183315,2.3059639530381883e-08
0.0103827087326463,5.297303737516048e-05
0.0114182763634539,2.895449081795992e-05
0.0043965561991278,2.559600067930715e-07
0.0197326157541397,0.00014920475639350052
0.0023332240511852,2.1547389875755537e-07
0.0097794245397825,1.9089443667668755e-05
0.0045406678215378,3.979346143624376e-07
0.0016382048874297,1.965234131632836e-06
0.0010836662424866,1.9549187419787633e-06
0.0032165999399551,1.136274253187688e-06
0.0094557382382591,6.902124069410902e-06
0.0098897570554612,1.0593870911215258e-05
0.0033018563655142,1.228663853679181e-07
0.0043924661250286,1.5535362446133804e-06
0.0055072521683129,2.8908994021529217e-08
0.0177824096418384,7.010233601023083e-05
0.0118433254000006,4.366164964991525e-05
0.0094896652221695,1.9100344689188938e-05
0.0117907867598582,5.9787109117109366e-05
0.0030997543130619,3.4382887298171524e-08
0.0163791092444234,6.052885278228823e-05
0.0173445812755155,0.00010591985769998618
0.0114554668112833,3.3664147094731335e-05
0.0019328140939629,1.293217431219073e-05
0.0172685207102375,7.930590840348485e-05
0.0151859917160966,2.531506828758961e-06
0.0195166898450213,2.700167415549723e-05
0.0114848877055803,4.5373060469803556e-05
0.0006205761463443,2.889670965684621e-06
0.0191032197893444,7.287617282991147e-05
0.0107263527782423,2.0150898211462234e-05
0.0188603079381845,3.656872795999296e-05
0.0120344686110512,5.1154078126285537e-05
0.0142885685805467,5.728188485710154e-05
0.0129077625362446,5.7931311311064314e-05
0.0060230598108363,6.063736438274552e-09
0.0032359388532689,1.0550188937245241e-06
0.0068980435207579,3.218643180806638e-06
0.0104358554269997,3.320949413710827e-05
0.0067159814800321,9.10194126981969e-06
0.005708523663166,1.4890876821146138e-06
0.0141834263896307,3.730893893503294e-05
0.012192813645172,1.514516148971595e-05
0.0017665779578689,1.5268327130608784e-08
0.0020665531749496,5.699372468063153e-07
0.0003218729447981,6.568480930158978e-06
0.006476985153975,1.1931754000713895e-05
0.0138163416947119,6.536524898819682e-05
0.0132662026774397,4.352799521641986e-05
0.0078474010342459,5.38468695812173e-06
0.0193655443598565,0.00012738606668667433
0.0173010146346161,7.833011381328656e-05
0.0033946599586466,2.6907216642076772e-08
0.0094889901020894,2.996304391635062e-06
0.0098618134690387,2.1876533709696916e-05
0.0155626770541727,6.209405762021778e-05
0.0161367553659902,3.5593527361374916e-05
0.0190624854202033,2.426799599488686e-05
0.0115188068852378,1.3133020569813893e-05
0.0053730165474859,9.928789852381275e-06
0.0194784382037513,6.227173244633918e-05
0.012463944449964,2.8445337394652733e-05
0.0123546406358441,6.243642282797135e-05
0.0067506199268493,4.372718393639104e-06
0.0138484336531112,8.951010710768645e-05
0.0086641550098179,4.682899210603353e-06
0.0096620952929566,2.0737292119432388e-05
0.005575486796241,9.115132564569689e-10
0.0031878759090004,8.145208701402583e-07
0.0136820927235477,2.616640504175548e-05
0.0107877632262988,7.570864667506454e-06
0.0178701214632245,0.00010362623841570528
0.0024700568914902,1.088096976609911e-06
0.0079606828582994,9.371100310326931e-06
0.0047842106937821,3.589377202501055e-06
0.0038565406995471,4.876825664295891e-07
0.0130790314908468,2.7750933042877102e-05
0.0013230674398566,7.561432749616608e-06
0.016654487459583,5.6402737322883465e-08
0.0081818104867288,2.252243778922319e-06
0.0198527125481429,2.8908643682242695e-05
0.0040215938848569,1.640275381625378e-07
0.017439258865774,6.363607076946908e-06
0.0137427807295859,1.0449376006720708e-05
0.0097434923517376,2.768178132342749e-05
0.0127302085092113,4.6685331679507255e-05
0.017846671675133,4.307978085486118e-05
0.007399082888779,8.347196150490105e-06
0.0177436334773302,2.959792535727699e-05
0.0047915633008492,2.5149968669299964e-06
0.0168253633413059,6.023560785320851e-05
0.0120348694127051,3.221191247356051e-05
0.0052178479267867,3.4142475028799237e-06
0.0165729330987243,2.2945728471757933e-07
0.004681342169474,1.0183736476192279e-08
0.0191602941308807,0.00013744590918713797
0.0047433076170597,7.500378426910319e-08
0.0101897490504801,1.5203202216781255e-05
0.0121744053719193,5.0154956596251214e-05
0.0139176214325295,3.42816231107298e-05
0.0028509858893346,2.563591820708011e-06
0.0095394520976653,5.798071023070591e-06
0.0026473694483211,4.834029264468191e-07
0.0176323677001784,7.051158848750405e-05
0.0132717047487407,3.306500598486673e-05
0.0146015309374888,3.551756133795491e-05
0.0060620615361276,3.3738959219195e-06
0.0104654069443453,3.526911531962121e-05
0.0055986858092828,2.927924492679112e-06
0.0030663624608462,7.948072054027794e-06
0.0075576681339705,4.844766340749433e-06
0.0146305233525504,4.4377600684865745e-05
0.0146441621004634,2.7073434317874396e-05
0.0052440689289535,3.7539562202278234e-08
0.0170501932035779,6.114665369352536e-05
0.0034716806599932,5.298765120625787e-07
0.0106885747048742,4.263075160033356e-05
0.0070139371182009,1.3212233816217347e-05
0.0063913203324453,6.2200817226681255e-06
0.004754083403609,1.0876682605351917e-06
0.0135316220811714,4.097401307628166e-05
0.016981105711056,6.0694991855189694e-05
0.006296246547772,1.0092096560599603e-05
0.0164553700721773,6.302394631750649e-05
0.0023361653867842,3.0852275774114775e-07
0.0072721548011016,1.4549220694715748e-05
0.019985217437399,0.00013920196319800428
0.0174338834473677,0.00013764565285896222
0.0127241057843021,2.0138167118773023e-05
0.0066470896880234,8.949058539365794e-06
0.0177724018575486,4.732569181785328e-05
0.0076127126143177,3.0557375170079615e-06
0.0103966050640591,3.3533809526665403e-06
0.0136749340487152,5.126242153462189e-05
0.0080634617321118,2.9638205682929095e-06
0.0146909203045532,6.878450960211433e-05
0.0051061559013369,1.5891557001308717e-06
0.0072953523236446,7.728418848452955e-06
0.0134917950237105,2.1326808732770025e-05
0.0043892309381061,2.757059323947076e-08
0.0182698763987375,4.655181594351443e-05
0.0190963910222737,0.0001421601378594791
0.0157441312927556,8.877037726362303e-05
0.0077961977365765,1.3511159070453668e-05
0.00556347731204,6.482680930242097e-07
0.018741841705055,0.00010760831367523756
0.0032083513959892,2.462744982695538e-07
0.0060352710500693,2.6884556771953946e-06
0.015361076062616,4.520175384227083e-05
0.0068574468907654,8.25159142170931e-06
0.0023842876560982,8.766304898052047e-07
0.0097985330609751,1.7706512860225943e-05
0.0079226171371582,1.5027538870640323e-05
0.0080263181508661,2.280291113094331e-05
0.0115093653688485,2.41715994099371e-05
0.0186400314159416,9.677857100262909e-05
0.013322283990047,3.202471347940006e-05
0.0066387538701644,7.924522560144099e-07
0.0101298041312741,1.3854488911327015e-05
0.0003042976399341,5.637959168115866e-06
0.0095978551424888,1.3952230592208756e-05
0.0123905185207107,4.455959126677946e-06
0.0103413432039544,3.391860533901104e-05
0.0073096557929784,1.384225841853759e-05
0.0140762158910249,4.5877873341533594e-05
0.0115678510316883,3.078565026594068e-05
0.0027228106654214,3.3990714263898947e-07
0.0006305911239752,1.332066651410129e-06
0.0105054842679241,1.6163205868136233e-05
0.0057410988737272,5.959333680044382e-07
0.0111013158345477,1.4098399334499055e-05
0.0053087312546612,1.2889086016233127e-06
0.0011912576982319,1.9151172835176127e-06
0.0075441265899788,2.3032470224187772e-05
0.001186292251448,1.4726640537157338e-06
0.0008543079090885,5.029926065560657e-06
0.0148901100969857,2.267811345256763e-12
0.0028895171073511,4.5428841784572444e-07
0.0156937651968767,2.5398589208663e-05
0.0199520217796009,0.0001086886398209482
0.0008563630987866,6.853053731094413e-06
0.0072798044309357,9.769503691864423e-06
0.016031452706552,6.993961940176638e-05
0.0053496912464939,2.6051829444162515e-06
0.0167209165951764,8.605165445819625e-05
0.0176925501814398,8.394061444440235e-05
0.017007912227362,2.2595009101844854e-05
0.0045020598361307,6.711495056123767e-07
0.0117918624940731,6.011410798578419e-05
0.0006565998900355,1.4475733009409602e-05
0.0006322993057958,1.2378490139353558e-05
0.0126064621294473,1.9665191043297317e-05
0.0104885793117315,1.1246325008745172e-05
8.738703983227625e-05,6.9001423708779e-06
0.0052712542241256,3.56721825549887e-07
0.0164772378037156,5.428680113409877e-05
0.0154323907669376,4.005461897259986e-05
0.0043611696237376,1.120022060489684e-06
0.0030480448231594,6.651425341328653e-07
0.0154620778091703,1.185327762711475e-05
0.0047802777951654,1.1121921339744027e-09
0.0079504804670956,1.5941741922087983e-05
0.0131093748056023,6.278043059684826e-05
0.0064735278817472,5.604927780298382e-06
0.0132874747653286,6.471992587300714e-05
0.0048185321465054,2.9822834896150165e-07
0.0163416664371512,0.00011951842072096341
0.0143797620145644,4.79039567546616e-05
0.0174378290700561,0.0001338274793980745
0.0197989428929776,7.957017135549217e-05
0.0120601747384546,1.912961752361859e-05
0.0018141400511428,4.759113576787899e-06
0.0168969526504578,5.4807939576988985e-05
0.0197602569605837,0.00010217025183143028
0.0161238830776883,6.036382090793335e-05
0.0116316365403119,3.392454943309722e-05
0.0078969811003313,9.73466313938435e-07
0.0163469278379534,3.956133553853452e-05
0.0190185771217338,0.00011154719862611989
0.0106149940487244,3.0158662474490746e-05
0.0150813250910792,5.2668200149365666e-05
0.0059950341286434,1.8784418257162725e-06
0.0020508979367502,8.779280199408216e-07
0.0027458238565938,3.2956574683431482e-06
0.0021440016535123,6.20286175173156e-08
0.0144956881095133,7.507632901159664e-05
0.0072963075189393,7.477301928322744e-06
0.0069732147345801,1.2196050243766502e-05
0.0135404886648436,4.2984788521804485e-05
0.0121248836300341,1.5452245198675858e-05
0.0052443295025889,1.131989230170716e-06
0.0130329126564805,4.47102375413945e-05
0.0138666243679865,3.16611721866535e-05
0.0179540719188406,2.4841320630200658e-05
0.0101280224135086,2.8830820508084646e-05
0.016434569114577,8.667938335472547e-05
0.0058700965321021,4.42055901121947e-06
0.0045581022130624,6.725813416096506e-07
0.0160329529472103,1.2553936987503555e-05
0.0142053484340178,5.55907513470948e-05
0.0127815840647008,4.4408937856829373e-05
0.0084345028936719,1.5859031921562834e-05
0.0082788348089947,2.480792946007187e-05
0.0037408512638707,2.69233106309869e-08
0.0015208825708845,3.804524171145025e-06
0.0078060997573902,4.558719021205554e-09
0.0075358156055903,8.644834370589952e-07
0.0033154635932565,9.518602644953873e-09
0.006719899401301,7.1129192811954775e-06
0.0194831641423624,0.00014838168555728244
0.0066030955907847,5.2865570501880855e-06
0.0042473279045077,2.93040545573125e-06
0.0115727872793707,1.3821159940510369e-05
0.0157237388736087,5.0973554787630354e-05
0.0134641419789281,3.1810760634925585e-05
0.017918963152132,4.040527310358589e-05
0.0046430216112645,2.1239771883536347e-06
0.0033699764060091,1.3838983461695143e-06
0.0125830063248646,5.8918601491302174e-05
0.018464173310262,3.8828817658381854e-05
0.009201071845447,1.9472801745167705e-05
0.0111840366348545,2.659802847134535e-05
0.0013175947601543,6.525888541419397e-06
0.0084777693449625,1.7190867626618418e-05
0.011915078473578,7.980895680913789e-06
0.0011171842334112,3.440190548897848e-06
0.0018734096680448,2.074407985192434e-06
0.0135182855317051,4.025886179737798e-05
0.0148802686867647,3.550149350358572e-05
0.0032110300106127,2.8003991317755224e-06
0.0060900090040092,3.6345454797160914e-06
0.0055698406135505,5.432504372704031e-06
0.013856071398041,3.306670805107622e-05
0.0090042974239561,9.968409081299773e-06
0.0185962919193407,0.0001121007539283339
0.0158563579953225,8.501303931263956e-05
0.0023564525547904,8.092189739678513e-08
0.0089170582171442,3.0282541055602935e-05
0.0174571623084006,0.0001433572994986596
0.0190430506328291,5.3386746546676246e-06
0.0167642282642448,6.0604527481977515e-05
0.0085924313538841,6.258069507329858e-06
0.0055447936910284,1.6153173050130632e-06
0.0151605104610669,5.0664251504810306e-05
0.0045043888858772,4.310237546766118e-08
0.0068855555094534,9.06505851459465e-06
0.0049127050191904,5.954681133131621e-07
0.0057904032477231,3.289943836005656e-06
0.0174742031262414,7.400798475366503e-05
0.0132061381124602,6.076163017373694e-05
0.0061148420531547,6.108342134342687e-06
0.0091635962989368,1.2864489070782893e-05
0.0137667453068691,3.230875262904495e-05
0.0078888811896309,4.545174253660407e-06
0.01751055999755,0.00010104814911462019
0.0193459244917469,0.00011898298963895774
0.0022118829905688,1.3352632124622264e-06
0.0026297453216643,2.817914534566318e-07
0.0034187191917799,4.79366098495956e-07
0.0110599359309324,3.298479271639185e-05
0.0033480186296538,1.0037166409928358e-07
0.0038885465650562,1.2387916621697574e-06
0.0092502954938583,1.7794031475054316e-05
0.0151930720108194,6.315471393480105e-05
0.0195037667294218,3.6159076238607e-06
0.0063129861963074,3.66510374837177e-06
0.002775128284086,1.5101353918008306e-06
0.0066973336498118,5.136494151814866e-06
0.0085068311029212,4.528818768114353e-07
0.0061285657131778,4.140406676872137e-07
0.001325069597956,4.250371044220502e-06
0.0085351265732173,1.2772633412157259e-06
0.0160506926226204,0.00010960332122486623
0.0112575093972571,3.4123560839323474e-05
0.0135944714341109,4.6795015415242645e-05
0.0114109979071302,7.052982623393606e-06
0.0132719781792067,2.1905445207559357e-05
0.0041413188649206,6.690546146876282e-07
0.0021879423993591,2.097002920998951e-06
0.0149273813847198,2.5831237246348727e-05
0.0035355843866397,1.5717122315418153e-07
0.0186066478025418,1.8834468145344484e-07
0.0118733585784465,1.1368225167551319e-05
0.0085239532878589,1.0944276273969536e-05
0.0135259602569694,4.666769310357322e-05
0.0113277738596481,8.469915127621881e-06
0.0040048941426057,1.3600885701265848e-06
0.0165830385250044,8.583573871844328e-05
0.0150558296373964,3.249943480628427e-05
0.0095721764554897,3.0035574037069743e-07
0.0175676688962769,4.91386984285907e-05
0.0111561774236469,3.627657712584635e-05
0.0090523207476101,8.214854592217316e-06
0.0167368853318994,0.00013006361127027217
0.0176111124631446,3.2298767370816e-05
0.0190278870192663,5.09061677421513e-05
0.0087148565507136,4.945770671086681e-06
0.018312084710286,5.775054942766131e-05
0.0109988924002653,3.862051057077667e-05
0.0089455625921229,8.608922635676909e-06
0.0078128128261452,1.3319262248439321e-05
0.0053031226961558,4.575395042774454e-07
0.0016419891726222,3.570633036331297e-06
0.0110045199193334,1.1044453419957743e-05
0.0182516631469088,7.042595617132559e-05
0.0070065271779744,4.627404440356826e-06
0.0042569698966088,1.6170047211395856e-08
0.0056324666338121,2.1246599889558177e-06
0.0177860385368786,8.24794627722909e-05
0.0170643931836194,9.970126744545596e-05
0.0093688436560966,3.532838320723505e-07
0.0059939557302187,2.459774215455888e-06
0.0121167973155763,2.27105174102984e-05
0.0177484672461835,0.00010502991034606895
0.0082390020831692,3.4065649670932306e-06
0.0178162713949947,4.351430130255548e-05
0.0081112304212794,9.740464361609374e-06
0.000144709190914,3.129883373763708e-06
0.0083976387354,5.204126619998366e-06
0.0166570886944612,7.44716092299507e-05
0.0171475311211815,2.319472362374875e-05
0.015903892137046,2.833384736569535e-05
0.0113829567822361,3.2514709372542485e-05
0.0117283785082199,2.8966325344613965e-05
0.0143440203124985,3.462928877289846e-05
0.0109936298401717,1.955505864504197e-06
0.008731107559532,1.9427696295379304e-05
0.0046451431371609,1.778400079258478e-07
0.0054101507766328,5.376454641993789e-06
0.0171617010103126,2.638166393889796e-05
0.0156709090708684,9.841403309366055e-05
0.0162224435614564,0.00010895196999586039
0.0168774534095925,9.518278651177747e-05
0.0119520371050089,2.0891974998473947e-07
0.0059212694582999,1.5697468284367167e-06
0.0002221907159009,1.5245357221782591e-05
0.015928224540821,6.624331593663872e-05
0.0050428756985616,5.645018155822527e-07
0.0012601652759757,6.567375993455678e-06
0.001647514637611,9.233871754944594e-07
0.0020525165208804,5.939662810753608e-06
0.0145169027108289,9.369083816535778e-05
0.0113219875721051,1.3196479943549281e-05
0.0145054449660649,2.5017491580884707e-05
0.0168054700162545,1.999418284049026e-05
0.0188609213360274,2.2171986819971375e-05
0.0054526459525008,4.198108357428404e-07
0.0039212732127491,4.340387927791306e-08
0.0108164147499039,2.045413146729927e-07
0.0097053364062442,1.6874732048399348e-05
0.0028050381003217,7.870566809053666e-06
0.0106810957190617,2.770099711243581e-05
0.0074045824158568,1.1126284895422985e-06
0.0099671594085342,1.1233649113059838e-05
0.0002604539373345,6.398714294924471e-06
0.0066486034135291,5.346526006233723e-06
0.0041437302787362,7.342570821644013e-07
0.003991596473324,6.40792815590165e-10
0.0141254566612233,8.29015387469213e-05
0.0126149689612115,3.5554040164181434e-05
0.0099394728791708,2.7696135211084723e-05
0.0174293149650412,0.0001276425694158084
0.0165723182377446,5.733098280920482e-05
0.0195427028796799,0.00014357857718737786
0.0124507623162469,2.4297756709468894e-05
0.0054191611357028,2.0593812202487196e-06
0.0125067683297209,3.0298221919892446e-05
0.0036777057377263,2.9164169114375116e-07
0.0101232824032693,1.7471052202581517e-05
0.015543036906495,9.739552933365074e-05
0.0148544383931513,3.780861241774901e-05
0.0031564092305056,8.072997603128339e-06
0.008726186037571,2.6494228668433083e-05
0.0130700818538443,3.178144821880867e-05
0.0113845118964585,3.581623696551505e-05
0.0003696251056722,5.188782009324083e-06
0.0109443186180189,2.7763371533241616e-05
0.0117235646366954,2.3167158981192736e-05
0.0191959963465973,0.00010606021399543499
0.0140870338580863,3.499980310609347e-05
0.0098565551294884,2.7650589124128852e-05
0.01096287795252,6.948634072725194e-06
0.0097053782508516,3.974383111702583e-05
0.0136795641711351,2.1022232870671893e-05
0.0073655640709411,1.951677227068257e-05
0.0041694085062272,1.6114351317619758e-07
0.0113742633267363,3.360966233494176e-06
0.013510138790103,1.2362922793674224e-05
0.0177464403692528,8.398803132522453e-05
0.0164571445974234,5.7149097757435025e-05
0.0185808754581303,4.202984279688418e-05
0.0052336423260824,4.170501355727206e-06
0.0140455398771029,7.154412506763765e-05
0.0096084882020605,3.5358100355001716e-05
0.0156038433136149,8.550593310414671e-05
0.0070387139705238,1.2540521435558728e-05
0.0042778942756851,3.937870996441641e-06
0.0179162076263197,0.00010616559697067397
0.0014741253941646,4.415333373936277e-06
0.0153151343836461,9.212301278618204e-05
0.0047875275502057,2.803230992262911e-06
0.010873487280667,2.872957393579781e-05
0.0134817111107404,5.9070801090376904e-05
0.0088625455190248,9.845299041840647e-06
0.0146369363977096,6.492669123634165e-05
0.014655070998893,2.175350236632733e-05
0.0024552494969295,5.024288721437833e-08
0.0035883713426237,5.905573403570499e-08
0.0003539175015861,7.139933998882025e-06
0.010806137888021,2.7416378855194507e-05
0.015007440375421,4.9095731612996534e-05
0.0070122559040397,6.529886326324783e-06
0.0149092022625012,3.831512160307763e-05
0.0172219764075362,0.00014413979874505894
0.0048323794944116,9.365992567845835e-08
0.0083339819759855,1.6857003453945607e-05
0.0188866868956045,0.00011973628288665344
0.0139226473472119,1.8546203690635202e-05
0.0046604977051934,3.729259509174383e-06
0.0006604669394687,7.24170167332695e-06
0.0081858183024575,9.641508574237817e-06
0.0070382129194101,4.747049866045031e-08
0.006690950040589,4.156586083910609e-06
0.0047869707705151,1.0606590428762557e-06
0.0001541691940398,1.3213174613382073e-05
0.0073355088969055,7.983888020237434e-06
0.0155557491510013,3.54185231778783e-05
0.006516153370016,6.411260315881228e-06
0.0082130818255515,1.985392864457173e-05
0.0111559214071872,1.322971323132847e-07
0.0134740903400262,5.482472390875438e-05
0.0023861759814566,8.54207795261133e-07
0.0066189031665274,3.931781593192998e-06
0.0033483932476554,3.452471875491219e-08
0.0144926486662895,4.489745435699597e-05
0.004986375934898,1.0604966124205785e-07
0.014001454923448,3.1619045156026565e-05
0.0034817215018866,8.792677280659191e-08
0.0117188320510676,6.0783937841117595e-05
0.0046364840068566,4.2372676668595737e-07
0.013509879631599,3.888094519521158e-05
0.0093568364899552,7.352097651769251e-09
0.0087885881098252,2.3083041573224805e-05
0.0079019091801038,2.524660242020088e-05
0.0076319180392919,9.273075677177504e-06
0.0033194956826032,7.691411378483227e-09
0.0198497727403598,0.00013467521052558452
0.0162763191351859,5.364129627735599e-05
0.0127458351325513,2.43581581338351e-05
0.0161799700675143,2.939342239405468e-05
0.0031067930057718,5.33425161789653e-07
0.0015103324083023,8.708202035240565e-06
0.0133861134355489,4.1444834059365144e-05
0.0078718398645027,1.3671674866906188e-06
0.013625569972106,3.950710774340972e-05
0.0083260437222491,1.0582013359944334e-05
0.0089637387153239,2.940112131356746e-05
0.0134059086993674,3.9323979541823206e-05
0.0182001563871857,5.666717636062872e-07
0.0044932919727082,5.0483071676796625e-08
0.0132735292761973,1.7718426620056775e-05
0.0139478167458392,6.862994746354873e-05
0.0032715897178264,2.0260622513380135e-08
0.0070650391531633,7.471786773426963e-06
0.0117103435613177,4.411979467289892e-05
0.0146718867209136,2.551871159318362e-05
0.008848800589217,1.4345901880862326e-07
0.0126037554296318,2.4785361853833543e-05
0.0094451521848576,1.3665866552118665e-05
0.0086723078620112,2.8277363900272953e-05
0.0149480647678594,4.112186845647358e-06
0.0057465067207149,2.2274643320102885e-06
0.002444315639482,2.8585062312666755e-07
0.0120427879238295,3.561233159779903e-05
0.0070074723970591,2.546130283862446e-06
0.0089136659641473,1.2351905397735584e-05
0.0173663460930442,7.742090663323985e-05
0.0108589169703217,2.699609129112035e-05
0.0059961363663604,4.687279843918674e-06
0.0016569892231082,1.0467882896808934e-05
0.0114547657675498,1.5530941907431536e-05
0.0007160937658702,4.742423343335259e-06
0.0129869213063046,4.626779548396273e-05
0.017946117078801,8.994539087968975e-05
0.0038772308341608,1.1314605633778429e-09
0.0178519498891646,6.723209272457037e-05
0.0099315254887835,2.7178307946465257e-05
0.017058537436816,8.766636900611727e-05
0.0169747572857705,7.09464342687644e-05
0.0114652883729437,2.3320998439599593e-05
0.0163597357943128,4.8765662969865575e-05
0.005996057317794,1.615449671671638e-06
0.0035289311917724,8.302267764464932e-07
0.0009557277601818,3.970313438336851e-06
0.0130700588974206,7.474449097634274e-06
0.0058526223164808,2.2063674865956254e-07
0.0046543456575559,2.2938741612933177e-06
0.0149629371212281,3.5514974191761575e-05
0.0142256600191979,4.5215872184459183e-05
0.0089852188467769,3.083300008984554e-05
0.0087091461334945,1.9703050826961767e-05
0.0038611636569453,1.5686863160382404e-06
0.002809628708264,1.2548617570571939e-07
0.0198486231417444,8.437919829349583e-05
0.0034476234019587,2.5508467629312327e-07
0.0167433611777194,8.160886568922471e-05
0.0007202179073169,4.998649388718089e-06
0.0089424682731023,2.1104744056652042e-05
0.0048077379452022,2.291970593353653e-06
0.0146949379044586,5.077436366997359e-05
0.0091723382166428,1.6101999344690737e-05
0.0106903015252822,1.2273620704594732e-05
0.016764637967954,7.362541544538694e-05
0.0142636035105335,4.5714441649902024e-05
0.0033646733911583,5.039621553348735e-07
0.017970781771915,8.49757798588009e-05
0.0052868453156518,5.623946226671741e-07
0.0012682967981781,1.3553821345990915e-06
0.0054614932658151,1.2695952404881313e-06
0.0194633451242065,8.410829031720422e-05
0.0099984855658824,1.0700413555726476e-05
0.017600353070769,6.194229543290458e-05
0.0006712416727508,5.7767183166190354e-06
0.017364619464526,0.00010072467452901865
0.0086880463970238,5.940607607678573e-06
0.0018609785140835,2.01488577136374e-06
0.0114259586790801,1.501325871799474e-05
0.0108711090509215,3.613808340091052e-07
0.0025056595430714,8.086197445245145e-08
0.0026250185597196,1.1831513868434365e-05
0.0136090438021506,2.8469041182438185e-05
0.0174295232366485,6.086802669731166e-05
0.0181529055812623,0.0001355751266705539
0.0068524078305112,7.634599885607253e-06
0.0150776928459174,0.00012402526433536273
0.0040735233291167,4.545658546532338e-06
0.0168897247225574,9.874246653595319e-05
0.0065714693884056,8.600489253948834e-07
0.0113156530799451,2.5878230559684295e-05
0.0169934830483916,7.29680205368426e-05
0.0063386280786801,3.7298818827992258e-06
0.0158447281613842,4.6950814489674784e-05
0.0154870869300142,4.544280538320282e-05
0.0010463144611085,2.2601777992810883e-06
0.0171597978061225,7.227367295574102e-05
0.0129771873400625,2.8657483846044756e-05
0.0052760804649857,4.6088814562737125e-06
0.0048315461276143,1.460239668124217e-07
0.0064473180241903,8.327877167579508e-06
0.0051265942560393,1.7551542610894176e-06
0.0161378953133708,7.941832445647897e-05
0.0109729389463695,1.2823534367319065e-05
0.0168915242349549,0.00011234996448290331
0.0106766794097802,1.5107978056990215e-05
0.0079411467058497,6.1607176223436505e-06
0.0070432990156791,3.7115515575517684e-06
0.0009470309833448,5.241167684554712e-06
0.0080760198541733,1.8447052238619488e-05
0.0154322233886287,8.670979395131248e-05
0.0008672609585837,4.8799554351576e-06
0.0114097998065887,1.9485750315545705e-05
0.018449532012407,3.830837848916106e-05
0.0103753743446095,3.8261589140676034e-05
0.0147358110585009,3.954888902014793e-05
0.0019334647944988,5.597234723581683e-06
0.0032828653820096,2.3699699353809342e-07
0.0107675178839194,4.5226790280941074e-05
0.0016506290386374,7.234697417994528e-06
0.0124747964797179,2.3550715500883822e-05
0.0102283516858207,2.312261211242827e-05
0.0067106866340016,7.984303563052914e-06
0.0175873967096881,0.00010779223418616529
0.0183987171900088,8.535067922254037e-05
0.0090268733599563,6.416595856114624e-06
0.0055596047305866,6.489811724137337e-07
0.0083246126572114,5.501517800327206e-06
0.0080062495076925,1.0515685174102927e-05
0.0099921030079085,2.619370239665552e-05
0.0085681692143013,1.8063037425820513e-05
0.0185715843941873,9.260337168474581e-05
0.0011559066315997,1.448421338910258e-05
0.0099363523146962,6.000757285293562e-06
0.0032665163704693,1.2567257933763363e-07
0.0195533231140754,9.942952784574372e-06
0.0148108745593076,8.77466177071607e-05
0.0078868345529062,1.1542381470509573e-05
0.0036536318339493,3.5920802792080977e-07
0.0068856055520522,8.232472301410663e-06
0.0119916139661336,4.402910730190596e-05
0.0070830613445252,5.2690609343578825e-06
0.0062129143598433,1.554274913457907e-08
0.0095669029866653,7.494228100412447e-06
0.0172246605297741,7.575395112950939e-05
0.0062247152471703,2.0039094462551807e-09
0.0176725341068223,8.049490163779183e-05
0.0105989335107656,2.375694773400767e-05
0.0044075125173298,3.716893241177927e-07
0.0185224974863043,2.9825716438197295e-05
0.0169829235980169,9.445416829950945e-06
0.010869553326771,3.830396154656478e-05
0.0157596319508361,7.971433848729383e-05
2.4346985592111905e-05,8.367245336942156e-06
0.0191443632198414,6.235209668336321e-05
0.0154022879819977,5.888568107695892e-05
0.0029129637261242,5.179460685353915e-08
0.0147226910215703,5.227320602511881e-05
0.0167867018745168,7.250372236474778e-05
0.0090762843112526,7.908046202117622e-06
0.0122367506786471,1.7042096721864635e-05
0.0004864071688352,1.33511045085997e-05
0.011882871646459,4.259878561164344e-05
0.0172962388671486,5.025153473842049e-05
0.0081823194052798,4.4541392670623066e-06
0.0099666582987736,3.003942561539159e-05
0.0048738475122901,5.391948437630513e-07
0.0163909142454849,6.70800910954747e-05
0.0162940812648469,8.922100904943791e-05
0.0132456383526015,5.052337272443893e-05
0.0115720086929236,1.968682228948276e-05
0.0124426370368668,3.4055798034143486e-05
0.0092026483627733,2.1933842830571165e-05
0.0029089570722269,5.350108191709923e-07
0.0057288625597214,9.645475048210022e-09
0.0121648550482158,5.095412872926958e-05
0.0059429615282744,3.6414273919545096e-07
0.0182368683852764,2.0100535094635126e-05
0.0159815537499757,0.00010499587866825188
0.0068127071538198,1.2901125735885529e-05
0.0024715331298977,1.470438113162093e-06
0.0083464969852003,8.079527028391286e-06
0.0007678444923355,7.209512355996095e-06
0.0056569885615475,3.4718081957297707e-06
0.0056961926327856,2.9054181271727866e-06
0.0181160631010924,2.817478526135266e-05
0.0019152890835327,7.389269620281924e-08
0.0160681849641875,5.0551224126916066e-05
0.0093737960686706,1.1156780177171068e-05
0.0118074653250278,5.859056559709964e-05
0.0120414924608765,3.8279947565594996e-05
0.0131737711006815,3.303585860958777e-05
0.0053902823356088,2.2102647531098815e-06
0.0168177451566253,7.744080823701237e-05
0.0129370543759033,5.753684680685354e-05
0.0015751412091409,1.9548855965488155e-06
0.0092822682874855,1.7942743791228327e-05
0.0115618162139935,6.513547747021321e-06
0.0109536204777614,5.164619471079869e-05
0.0144487189832034,5.171962191735173e-05
0.0133239952322217,3.0249517602667573e-05
0.0042087905005221,2.683115767641198e-07
0.0126043504707667,1.1520750214600713e-05
0.0189092460105135,7.337421539535388e-05
0.0174299722018888,2.908060551566903e-06
0.0142343329513731,3.683514057678423e-05
0.0056249352792287,3.278005827826297e-07
0.0156944865256438,4.9779464548391365e-05
0.006919366651062,4.530256123796895e-06
0.0085478088369811,1.561401025296901e-05
0.0083664162583158,7.239131824221727e-08
0.0120498400109268,3.74627189302209e-05
0.0172222727480458,0.0001262452979915815
0.0111920336421654,3.1701447697126076e-05
0.018587559584678,1.0987872700256292e-05
0.0035018224538343,4.35948670416999e-06
0.0070257689762207,7.102545349946493e-06
0.0194700551995316,2.6524274886201423e-05
0.0162596744857791,7.192855574961243e-05
0.0185326058810664,5.347809038082642e-05
0.0129169584676873,4.486605242110562e-05
0.0158971803259163,1.8974297979404946e-05
0.0011011213874648,3.4485928785812125e-06
0.0028167743153586,1.6056116663640606e-06
0.0020037637397357,6.517217880608606e-06
0.0074900088612179,1.8077288193634063e-06
0.0188552170391634,8.081578210853262e-05
0.0106824156903329,1.8689195451824705e-05
0.0181811588805447,5.002590323635085e-05
0.0114601923173702,2.498221659972166e-05
0.010858120342693,4.1672020477707166e-05
0.0098960163872512,1.9944783329634834e-05
0.0078227441825835,7.013905453384601e-06
0.0141857437070676,2.660925868480731e-05
0.0101046572774739,5.568081038288546e-06
0.0023882784580821,6.300953512353712e-06
0.0158436962202733,5.3931084802127745e-05
0.0114642110196346,1.4415675343210803e-05
0.0123143037233089,3.399094815855043e-05
0.0119306421613611,1.649874835173378e-05
0.0013340081885673,9.040403657473947e-07
0.0179250324101468,1.238726470994521e-05
0.0089412483505195,1.6003233839966453e-05
0.0044395967499099,5.653479863643647e-07
0.0085725649536232,2.7065588985418864e-05
0.0106577942193853,1.0273465910220111e-05
0.0001954935014401,9.441340481672324e-06
0.0194101086060723,9.14317744964859e-05
0.0002696326547963,2.385612675510481e-05
0.008820844819358,1.2381024554442274e-05
0.0134274518173544,9.118316406153135e-05
0.0103102713918298,1.804989050559377e-05
0.0119567883858255,1.4867732621414386e-05
0.0167111859030715,4.325379603880705e-05
0.0057179353868228,2.066955184053964e-06
0.0085622827092681,1.8029479059649178e-05
0.0149310471471031,2.2987816294944527e-05
0.0196305595770509,4.3362567642386874e-05
0.0024151255647856,1.4689644988359853e-06
0.0126027640024913,7.11947946504584e-06
0.0041853884036936,1.0924150530107524e-06
0.0122646090140676,2.9088442087692036e-05
0.0171594533967913,0.00013232278188196421
0.0140619910081809,0.00010488226530750255
0.0187357435989895,0.00011182866938784524
0.0021135354811187,1.3305501754678473e-08
0.0089138391931887,1.8685173059415493e-05
0.0196802883182481,7.448253803417582e-05
0.0125381292648902,3.83542831561003e-06
0.0059029298682479,4.163717183937224e-06
0.0019436613038508,4.968041901847503e-07
0.0196986619293571,1.1936503630750845e-06
0.0135147138429139,1.3215005502718865e-05
0.0173189075641739,7.750309396165577e-06
0.0160229760343581,7.974989051560762e-05
0.0099439005025968,2.550997062629612e-05
0.0097909539102981,3.124940064329367e-05
0.0105630180150969,6.140944668433471e-05
0.0127786411832352,8.69087200130933e-06
0.0082893956767366,4.449760219234781e-06
0.0166000852019737,1.8186720862883757e-05
0.0062501030473266,7.46454347987811e-06
0.0112582914455805,1.4872430968638695e-05
0.0135282976038992,2.7272096459087366e-05
0.0017551586900401,5.376359063046762e-06
0.0022811860003577,3.4384930949707956e-08
0.0065661133657851,6.008776759781521e-06
0.0078916183376831,4.356066521973218e-06
0.0145052777170238,9.083066812386858e-05
0.0143499513492569,9.755705963467887e-05
0.0137221056294521,5.0626116121250175e-05
0.0055501465442606,7.790640403254208e-06
0.0178099942711382,3.4583388269485075e-06
0.0027839689219743,1.9763021178821628e-06
0.0121929902233811,3.6119637671284534e-05
0.0062874456308536,2.4635818086781567e-06
0.0005740322773852,3.912321735637509e-06
0.0150215885103958,6.112975626521838e-05
0.0092138870540246,5.751085169318633e-06
0.0112351530010108,1.7994835481739247e-05
0.0188105535640496,0.00011658392969784568
0.008064502025615,5.840633573115137e-06
0.0101125131152894,1.332645792708286e-05
0.0083365424293318,2.7721122283119457e-06
0.0047202570280006,2.154335387526623e-06
0.0157380452452798,2.0953729711043774e-05
0.0109106575430127,2.5975689938132048e-05
0.0146973604449297,5.343716039644457e-05
0.0199767287501999,0.00015423815266981568
0.0159131228934694,5.4539933888643786e-05
0.0047062467663385,3.0323652853297363e-07
0.0124707997755665,7.3485980215304524e-06
0.0044301491273369,1.1424442059787184e-07
0.0162319432051721,5.312741863724563e-05
0.010289486364773,5.1284998464003336e-05
0.0148031393763395,0.00011409031552755017
0.0170437214040798,7.587782940735842e-05
0.0192068039069676,1.7452153578068402e-05
0.012308285617837,2.720300011618366e-05
0.0181799578786093,3.7012776826450785e-05
0.0156974548110544,2.601297778194341e-05
0.0170351087798672,8.259523244737742e-05
0.0188091136234524,0.0001355136593508123
0.015417514139437,6.0813234323595706e-05
0.0003578737336765,1.9590578176555244e-05
0.0026573276816776,1.0135304869612534e-07
0.0030339751913393,1.1646158889023396e-06
0.0168580211012657,3.126542338618846e-05
0.0099240350062801,2.608464544078908e-07
0.0049389341410129,1.3320873882981718e-07
0.0158883056555292,5.533920411333111e-05
0.0175822656873146,3.407918040054439e-05
0.0110626828513636,1.4443538053058908e-05
0.0016456289612812,2.5330634413567036e-06
0.0012945982519538,8.223232084529979e-06
0.0190427534668295,0.00010698499222208363
0.0064577044489645,8.047044804578575e-06
0.001269486579766,1.898962108366918e-06
0.0020474577286277,1.6488909911533196e-06
0.0038427897786973,4.370887709763222e-06
0.0029522028739109,3.951311087252109e-06
0.0100243446997322,1.8833034636810924e-05
0.0187988254592824,0.00013760873085267582
0.0174082003505279,7.868892522367643e-05
0.0173222963222987,1.813825296673861e-05
0.0124372592432733,4.810274282964739e-05
0.0184744465276396,8.549037611323624e-05
0.0195520120619484,3.410434734147843e-05
0.0130449032492449,5.056419645833101e-05
0.0165237560268944,7.606887728548525e-05
0.0148830620018598,5.2860511642517205e-05
0.0082680447458439,5.0499866134479444e-06
0.0001594482962264,1.0648414221056298e-05
0.0113554580815869,1.6153337052263533e-05
0.0131776825062559,3.3506600733718684e-05
0.0164814374529232,4.55835041273405e-05
0.0137771178823211,3.212613981470947e-05
0.0185268701224795,9.09861968346371e-05
0.0070727914832289,3.6040182081641945e-06
0.0123078473034301,3.36809445190827e-05
0.0015338654025742,1.2662039683535423e-06
0.019282591155951,0.000124256740313271
0.0138047687702124,4.308932097568717e-05
0.0052981217679943,2.382967851792501e-07
0.0175260265484355,8.362091966239447e-05
0.0022365893686791,5.292484919235779e-07
0.0191232208252951,0.00013474897032201994
0.0044339406799582,8.873192667344074e-07
0.0091833392824045,1.0788047010384652e-05
0.0094442177422369,2.8075745799488882e-05
0.0053263038081925,3.987453830157411e-06
0.0021744185589895,2.479262433336111e-06
0.0148405273528026,7.26133584752292e-05
0.0009198042076216,4.922083234324013e-06
0.0169835933625533,4.438788384095329e-05
0.0170170890414287,8.942924824888266e-06
0.0194857278006705,1.9964492421905034e-05
0.0150420326962328,7.87223931075377e-05
0.0108941163998851,8.707638582178379e-06
0.0118582425984173,4.021800361587814e-05
0.0018755706933967,1.7026272049046245e-07
0.0148273281184998,6.285044707998588e-05
0.0006363707443585,1.4950566604199868e-05
0.0047713498439669,2.281984771640054e-06
0.0151952694750498,7.329025109265657e-06
0.0030830616297886,2.425840747458629e-06
0.013535837654792,6.116331687727317e-05
0.0173876197880583,8.735825701758977e-05
0.0164525079899834,6.817602960492827e-05
0.0029085973810478,5.056208680715694e-07
0.0117719215252515,3.477519808520643e-06
0.0184112969450148,4.4603417045712966e-05
0.015564777050872,6.824298069253494e-05
0.0084169456265541,1.948976948892808e-05
0.017387664583694,0.00012632792943914655
0.0195765460244835,9.240941235352645e-05
0.0073836009454595,6.494043434587201e-06
0.017295354864472,0.00011984118545861822
0.0133983336387228,4.718925919776976e-05
0.0080302127052783,4.538914300027576e-06
0.0147377153806622,7.443266040840116e-05
0.0053033132698328,3.413647586861933e-06
0.0118133536808313,1.9248098309834895e-05
0.0153489647045087,6.50166853688601e-05
0.0026290444986716,3.587134223505268e-09
0.0152269714704093,4.372907687274469e-05
0.0101135520067637,3.5701864597859184e-05
0.0051758748075124,2.2724101186693836e-06
0.0182729142953856,5.2538466680469114e-05
0.0159315429014054,1.7260607922481181e-06
0.0004870187070919,5.462871724045197e-06
0.0078402565784578,1.237836634081512e-05
0.0151269417763247,3.276290570245885e-05
0.0168951543971484,0.00011157910400170742
0.0064969805785734,8.59039989903957e-07
0.0115819489388624,1.1866275811898588e-05
0.0111047650948258,4.388125502890938e-05
0.0165320659712277,8.624791666418278e-05
0.0102745020039097,9.302724171564913e-06
0.0025787590823745,9.994267511240127e-07
0.0048306948943577,2.211287560235799e-06
0.0155767436684878,6.422678114075159e-05
0.0019998436227149,1.947267011169031e-06
0.0065304436017027,3.878906045605065e-06
0.0083685464458108,1.4069782615909377e-05
0.0146076288264431,9.324552513083537e-06
0.007041988205953,1.0179463906629108e-05
0.0197047050980523,0.00011345770513531657
0.005944933398141,2.769240778171889e-06
0.0081990619146137,5.724840070773714e-06
0.0066397283229579,1.071330789749283e-05
0.0185333231132935,6.123918664902635e-05
0.0141449868889335,5.590955264516471e-05
0.00750259911776,5.348920508663217e-06
0.0096222945655838,2.470494796493584e-05
0.0090020238027363,1.2331528618297404e-05
0.0052274475326439,1.054379335222836e-06
0.0047461747892089,2.5007703824302077e-07
0.003628831115202,2.344942167315372e-06
0.0135288444848777,3.618950887624293e-05
0.0008727115345651,3.511880177806852e-06
0.0107094853350075,2.7976927867056396e-05
0.0080086482283879,3.667417808320916e-07
0.0051185018239438,3.714889363215378e-07
0.0100325452079152,2.0631117866207354e-05
0.0168357367658842,7.620781985452804e-05
0.0073854471373499,4.310577133742436e-08
0.0187028408432355,0.0001506241866352511
0.0089659019160487,1.1392512396592116e-05
0.0018345460691878,9.058170140380533e-06
0.0188290461123476,0.00012224436635878332
0.0096358532282008,1.8626034436770958e-05
0.0076743678062229,1.5174155926111269e-05
0.0165211700014478,5.982007103035983e-05
0.0017260777310184,5.0728130798723004e-06
0.0016553277358667,1.0718431341278842e-06
0.0099868534515791,9.606045580644598e-06
0.0156598739838791,2.2967198966755356e-05
0.0135709965111273,7.056563628370187e-05
0.0084521119738588,3.416321572057105e-05
0.0165889456178263,6.814041175765619e-05
0.0029233035729674,2.2580215782095565e-07
0.0098802061125537,2.839229894109074e-06
0.0114641432803525,5.27006626810975e-05
0.0142975361070103,6.79655691211062e-05
0.0072566560189544,1.3627477383445764e-05
0.0142588705701392,1.599368549732352e-05
0.0076304541029143,2.483334491989149e-06
0.0195546531557141,5.3541569477347936e-05
0.0099688399614801,1.883485942075634e-05
0.0051416839072484,5.338596014315255e-07
0.0168743369834877,7.775704134069228e-05
0.0089297561380878,5.741066966130191e-06
0.0108003157186759,3.248262476412139e-05
0.0038269166842186,8.735100453901903e-07
0.0187087139021923,0.00011362223240205476
0.0009946326417917,9.67626699908638e-06
0.0026189048334319,3.837311059516553e-06
0.0004643098613622,5.043043288636368e-06
0.017322012739235,8.589241164286889e-05
0.0016608156106433,1.557227434887999e-06
0.0044832151287596,1.0973608368994421e-07
0.0193309902192471,5.525747400005005e-05
0.0115091236788361,3.8335063761586795e-05
0.0109085278039046,4.620899427958987e-05
0.0086812830839207,2.440521961274043e-06
0.0021627520031138,2.3445662767388868e-06
0.0106241075566918,9.349453831946895e-06
0.0104874870187134,3.3139111110066794e-05
0.0177674705947047,4.3060741578666866e-05
0.0106095449003194,3.3494641899567e-05
0.0012230987843758,1.3688118134944921e-05
0.0135009368039852,4.684817588187164e-05
0.0035628523797612,2.1216958946456006e-06
0.0070913820549028,7.664719944486829e-06
0.0139628382066009,3.832702493476097e-05
0.0086260324307096,6.3315348319293655e-06
0.0150952890626399,4.1252422345652135e-05
0.0126227233790174,3.29029933054822e-05
0.0033326594910033,1.7331050177167986e-08
0.0169870485481595,5.347888655153221e-05
0.0166277677156836,1.8078010328515057e-05
0.0006316203518285,7.114350151313978e-06
0.0199094366730883,3.000432247844634e-05
0.0159673743866191,4.407228639020814e-05
0.0165200409264309,4.407390849775019e-05
0.0002001541287774,8.770233905355294e-06
0.0121876435596206,4.825442568165421e-05
0.0178073576957838,9.51944466447869e-05
0.001275853477149,2.8792634054458496e-06
0.0183700024918875,8.888520077240085e-05
0.0115977856822453,2.9145484718128038e-05
0.0040949149820815,2.7001590515531503e-08
0.0071173291410608,6.816757208714722e-06
0.0059534108872539,2.744067639839163e-06
0.0090605127837054,1.1915241467029565e-05
0.0195846838293888,0.00011360401745072444
0.0023654247001872,1.4254145895662382e-08
0.0040020453519855,8.850016313097919e-07
0.00437346266986,7.658050045733504e-07
0.0109085781983165,3.212027507066438e-05
0.0110346830763979,2.8795751182958055e-05
0.0032601735798839,3.455910467864141e-07
0.0001649101974313,2.7286977061955207e-05
0.0089807478391358,1.9011835107337552e-05
0.0086108031591148,2.6265211105367996e-05
0.0036748657191918,1.339563495195619e-07
0.0148492206115711,6.0711852331868125e-05
0.0130499824583033,5.806324706616413e-05
0.0015815260365425,2.9323419860627485e-06
0.0198989968603522,9.996593409011523e-05
0.0185436756476183,4.822521381648561e-05
0.0097581473280924,7.621700300001645e-06
0.0143263324409029,6.719436961834831e-06
0.0102751899928761,4.059082107577083e-06
0.0087972220174672,6.166990016718679e-06
0.0009467207829402,2.776612483428304e-06
0.004421207517313,3.367645171516764e-06
0.0159645656540216,9.868343203091287e-05
0.0172337146800026,6.780315865490894e-05
0.0114622353401313,6.255930665564061e-05
0.0187259686235069,8.033062333866958e-05
0.0045117311980054,4.0626527218523955e-06
0.0183115239542282,9.095767945518414e-05
0.016925911486477,7.472096992017842e-05
0.0166923836639787,6.266844093113327e-05
0.0015820113263347,2.550802649704777e-06
0.0144498513753509,8.05274131444217e-05
0.0175647559206896,9.239463770280676e-05
0.0110842900997491,2.5297841030272723e-05
0.0007649888358158,2.3839320192496214e-06
0.0039803709091281,5.25916254900037e-07
0.0008286594393974,4.776792692901153e-06
0.0060733230468163,3.654081376722354e-06
0.005739828109505,1.0961969361969482e-06
0.0101882422882228,8.644411476338605e-06
0.0106735145290114,2.9957842076514114e-05
0.0141733319051751,3.1846572278827435e-05
0.0117909895937452,2.1095785672867006e-05
0.0026873517158939,1.406021171213011e-06
0.0065016641190313,6.019041317371909e-06
0.0149777722760359,6.27847476488262e-05
0.0114931762311196,3.082654896655212e-05
0.00129532602112,1.7959724922286572e-06
0.0002030213785402,1.0660645538347616e-05
0.0099055790116068,2.638454687735502e-05
0.0010995073661707,8.082423675467319e-06
0.0178636826712942,0.0001218121558722791
0.0055474695894812,5.719538604187406e-06
0.0103940064746961,1.566046617200253e-05
0.0143258399920564,4.380955740565865e-05
0.0164491407744711,8.403646079883439e-05
0.0160113605044747,7.793171127747086e-05
0.0093157877798484,2.7880807753425358e-06
0.0020044565334293,2.53804650093973e-06
0.006902356944226,7.434065075244379e-06
0.0086417098017032,3.1870166530127312e-06
0.0186903746689164,0.00012213227057222668
0.0064994516383333,3.5802226876556737e-06
0.0146369608024941,4.9862067489758903e-05
0.0094811499811417,9.569134023665722e-06
0.0140978438172141,6.123666309910043e-05
0.0045432639700024,3.965446469339821e-07
0.0193043190782711,0.00010022460336658058
0.0061095263471732,8.641387800262078e-09
0.0062499556189706,1.133119914652365e-05
0.0026491700534875,1.2874662834150344e-07
0.0086011097633445,2.856110803310801e-05
0.0152887923185727,5.131742943005794e-05
0.0134713969238661,2.99695250656676e-05
0.0062308721906057,6.124086754648518e-06
0.008817504220022,3.0054814368072286e-05
0.0164424782278561,4.7627776038237506e-05
0.0064964279555216,1.3543717748565384e-05
0.018887385978964,6.395170967554588e-05
0.0182391145912108,0.00012360609433651335
0.0127077578859845,1.3504611435157918e-05
0.0139912413897243,4.27754984867916e-05
0.0147152549313283,7.162666643443545e-05
0.0031313474691584,1.2720362544679892e-06
0.0053823372758847,5.772596946237662e-07
0.0053182397748036,4.679312003062017e-06
0.0113400474682521,3.839636456616001e-05
0.0015134893101935,8.241237037260073e-06
0.0181744680374286,0.00010058380575864844
0.0037889785297582,1.1656468521547133e-06
0.0057410918213204,5.455700603555397e-06
0.0037179524894977,1.1612286695605978e-07
0.005228753453868,1.0990875748421064e-06
0.0044342561600033,9.17877991789863e-07
0.0148983808928322,5.6481760292003566e-05
0.0014675607580835,2.24658259631125e-06
0.010637207303746,4.637500026512393e-05
0.0024111093709387,6.313570029477456e-07
0.0148324983412404,4.629449778051786e-05
0.0136884198110563,7.811162871360167e-05
0.0044463261324721,1.5249367292203244e-06
0.0075681510222736,2.579600706281648e-06
0.0131338425517287,1.6224618869356697e-05
0.015197012460663,4.34401333438928e-05
0.015905657559144,8.818151930637941e-05
0.0065246177892673,8.58738861385408e-06
0.0021931541733035,2.3928694787331077e-05
0.0035362392293257,7.195021589658947e-08
0.0005007361336032,4.660107102002798e-06
0.0121774083717082,2.0950121268431187e-05
0.0168218055882401,6.776270401894802e-05
0.0167002318121579,2.641070068476994e-05
0.0051359699180622,3.2768619994692124e-06
0.0031808975964071,5.491023955354414e-08
0.0082563926425422,1.4146176003349198e-05
0.003668293009038,1.2902784127104332e-06
0.0006427254382254,1.1967479609606105e-05
0.0124362129432189,4.740849608058652e-05
0.0009853753875972,6.260977770546405e-06
0.008429642447898,4.179369054083558e-06
0.0106539157277185,3.286316752312447e-05
0.0073560712291812,1.3613416221705905e-05
0.004051456382424,6.334576127364973e-09
0.0189973627844253,0.00015828289860254097
0.0106667563643346,5.905908497835278e-06
0.0074113433249502,2.5100720217229024e-07
0.0191365067996862,2.7433600454894807e-05
0.0127536192431953,2.381441170454635e-05
0.0045034415090956,7.005800591535594e-07
0.0049034751142581,1.4872568331274911e-08
0.0093959014505961,3.621312171215585e-05
0.0147859132385201,3.555615783843015e-05
0.0030576568599998,2.6301762005149756e-06
0.0184020826105359,5.887818380928042e-05
0.0127872425750592,4.95154034381945e-05
0.0071745109774045,2.1821279232405884e-05
0.017539561557853,0.0001493984165069173
0.0106175459131922,2.8953931808294863e-05
0.0195844951310462,4.9135129766253295e-05
0.0173854381880118,0.00013077401469653544
0.0131252348381107,1.3115448292690501e-05
0.0056503460291371,3.846697734370478e-06
0.014431231781884,2.847649170474594e-05
0.000268534884756,7.028643118166758e-06
0.0173430689291104,2.2207604637948378e-05
0.0146905428304684,6.890803699769088e-05
0.0183214248296898,8.964225730212452e-05
0.0006047734574357,4.8929688447381e-06
0.0058279620324549,1.511213428777188e-06
0.0185575103273404,0.0001188831239021055
0.0091654128906029,9.196370158508076e-06
0.011800961429192,4.223420151623508e-05
0.006040437881847,2.2174521896517906e-07
0.0123710132281426,2.362576551980136e-05
0.011455549280805,3.198276299365979e-05
0.0069213872968681,7.724171321870035e-06
0.0172136078461388,9.123525588125487e-05
0.0180579776834081,9.962840644771301e-05
0.0082378877356471,2.0775392605908352e-05
0.0196666418562006,0.00010274559058482632
0.0052797620787353,1.3223934722041928e-06
0.0112543342414478,1.9878267543447485e-05
0.0050699670052358,6.857493615669101e-10
0.0023238382365862,8.439225564017717e-07
0.0020647505117327,2.3260318896928503e-06
0.003469438616598,3.4247027667738566e-08
0.0178115050587515,9.904864928601545e-05
0.0048555545864646,1.5700242467389484e-06
0.0131270382134186,6.435596015352389e-07
0.0071098716060669,2.2517800754468085e-05
0.009059032271887,1.2814740357233849e-05
0.0075245917900544,1.793912233959703e-05
0.0084474440319033,8.279265892657906e-06
0.0039654702482447,1.3994618519638796e-06
0.0116326695889699,2.9331120568703653e-05
0.0104474178406253,3.221418384643932e-05
0.0030232941211529,1.1034484974464675e-07
0.0045262209164958,2.6282296251766404e-07
0.0108110189556806,1.7123502954098547e-05
0.0022580806402501,2.966655766223163e-07
0.0198469963388355,7.177153828884443e-05
0.0060603153513398,3.1443276057931436e-06
0.0037216591968118,3.912267794873235e-07
0.011598745311871,2.1549988257499719e-07
0.0109931120908413,2.2031953882050766e-05
0.017706706494366,5.0212316791040374e-05
0.015189880934212,4.141785333782202e-05
0.0039964011601925,2.5687056517616507e-06
0.005174412623849,3.604934011337034e-06
0.0190797249924799,0.0001244298833552813
0.0091745121737439,2.7234251112476553e-05
0.0183645387710705,7.007056232635489e-05
0.005513119199403,8.511345123764096e-06
0.0136245027888111,5.328465857152901e-05
0.0075738162882632,1.7527943540654675e-05
0.0017859851399207,3.7408355631564455e-06
0.0126197218197284,2.997075707548776e-05
0.0010053911817573,6.354639466133742e-06
0.0036509956907278,1.1433588544359714e-08
0.0048850039686603,7.292612075910446e-07
0.0194096891939615,3.517533944437106e-05
0.014634453567738,7.349115866291773e-05
0.0155944626429837,8.61816437538928e-06
0.014390666357019,1.30867477626926e-07
0.0190091393303821,4.3907215919396523e-05
0.0161294839683341,2.700745647507663e-05
0.0101676246225102,3.1871642284175125e-05
0.0098142425696894,2.8912774301683247e-05
0.0092221582746709,2.3886954200089027e-05
0.0136707575751208,5.9321085839717485e-05
0.0110447737797472,1.9556803810669393e-05
0.0199028152488817,7.957751698173833e-05
0.0060266368919999,4.829580049711283e-06
0.0132065174876662,5.29064985841297e-05
0.0088471465974694,3.049423228309429e-05
0.0088562548535545,2.486412002903519e-05
0.0141258781435968,7.255402831222375e-05
0.0142643963588619,4.01890792461414e-05
0.007978444196461,1.1869976692872027e-05
0.0088534644660662,5.399972138262585e-06
0.0046553916736054,1.344776343409461e-06
0.0116597209529604,2.010141795702478e-05
0.0079566658704473,6.208570847786187e-06
0.0162167654656497,4.523179521010904e-05
0.0158424051676927,4.206456631702759e-05
0.0051497121845275,1.5514945073398938e-06
0.0147046455984095,4.571653017808161e-05
0.0094098947287299,4.758055424792156e-06
0.0072521866181671,1.0152122002682493e-05
0.0057499354664138,2.098163483379466e-06
0.004225185260756,4.758018214873187e-06
0.0165458746513081,8.728862558902262e-05
0.0152300896547737,0.00012529269378746364
0.0185515381852197,3.528965248870608e-05
0.0004570316616102,4.180907900770062e-06
0.0021121528938412,1.4786872369452994e-06
0.0067242216729026,3.5450688481557175e-07
0.0141482821814266,3.2264767338728346e-05
0.006816958152311,5.013782610059606e-06
0.0188431614925648,7.136433997647963e-05
0.0040155450135873,2.9678403262866886e-07
0.0145240156537467,1.060954107521952e-05
0.0166649806694847,9.611690758877006e-05
0.0076182237309268,2.1164981003974827e-05
0.0040925387024874,1.2959655600292799e-10
0.0101426899100947,3.542516241254145e-05
0.003670335470932,2.9621320395347308e-08
0.0055165431899681,4.656243680580844e-06
0.0052992077693483,2.033756696409422e-06
0.0185336828159809,0.00010296278278777376
0.0078220263369907,7.242674386478617e-06
0.004932575633005,2.127209272462222e-07
0.0138893866423176,4.974363010938885e-05
0.0150376190470321,5.462184498273838e-05
0.0141586751947557,5.2310403241113405e-05
0.0044674220366045,3.0070840409508657e-06
0.004825365987134,2.4401096326214214e-06
0.0189020613623122,7.027870408916656e-05
0.0139421992271208,2.7076682156429623e-05
0.0149930378078843,9.394996146173341e-06
0.019017775090239,5.787317186702903e-05
0.0073371692359001,1.0350011991537013e-05
0.0184737963401176,3.9047837451295594e-05
0.0043373327113595,4.843547175434907e-07
8.707213807586545e-05,5.919644876681221e-06
0.0153525623693124,6.47818340880611e-05
0.0090436528689806,1.9710612023215254e-06
0.0067066582405105,3.449439657191394e-06
0.0113348570618358,9.816610833928976e-06
0.0030122315750767,4.175161365248665e-07
0.0122978378238162,6.152916805748877e-05
0.0135652730161595,3.0371960679346933e-05
0.0167924714628201,0.00010466977525324316
0.0127477396865524,4.215450897264136e-05
0.0189840662171901,0.0001446526263020204
0.0172530164534877,7.755570504039838e-05
0.0102211813485492,3.929407801559031e-05
0.0088675778444546,1.4956729302387214e-05
0.0185857920271567,3.6348265749350685e-05
0.0132683236520509,3.1157504181719533e-05
0.0005752370402218,6.2914640680941565e-06
0.0189440125833662,0.0001604051838203835
0.0064814660379172,3.3433442305468763e-07
0.0010476262413129,1.550155908898895e-05
0.0108633853233458,5.728098265751666e-06
0.0163560152332371,2.8251074692554314e-05
0.0056823237073779,2.4788643774290264e-06
0.0168263456508593,8.34321039555412e-05
0.0050237937510259,9.81430849332158e-10
0.0195045467327166,5.351178851944013e-05
0.0122208456670887,3.839514534852929e-05
0.0182848875458293,9.4039504281384e-05
0.0017221852049145,3.0809381345233334e-06
0.0175676974941967,4.483675646117938e-05
0.0080851591264569,2.167936652116336e-05
0.0039148618210898,2.141441002587008e-06
0.0085835522203531,5.585382625384656e-06
0.0142600921814221,6.689424182886982e-06
0.0143658918516461,5.539752842630105e-05
0.0051841683103085,1.8694841824537332e-06
0.0084744288223079,7.364741269802619e-06
0.0064309907922503,1.245591967717795e-06
0.0074008411438627,8.1263728841495e-06
0.0002422290457015,1.223794174591561e-05
0.0100482623208748,4.20756770773184e-06
0.007392481995436,5.825367562662533e-06
0.010814461134749,4.827721188333752e-05
0.0027379781452286,3.3153558449578507e-06
0.0006360761514066,8.284994711624773e-06
0.0157825117730863,2.9816142312265437e-05
0.0136574124875365,3.732865114942405e-05
0.0032209142508717,4.3422735488043815e-07
0.0149990842515868,8.601191122682171e-05
0.000858537883739,6.041162247816383e-06
0.0134414956780889,5.6878079954371465e-05
0.0119216296608116,3.69955173287041e-05
0.0111097019033596,2.249074872171579e-06
0.014331709032951,4.074578425610442e-05
0.0181243839189753,5.8335857169298055e-05
0.0142499672554219,4.35997082398894e-05
0.0058255734357445,3.026464371649722e-06
0.0003292564469232,4.107892392065705e-06
0.0114361849569176,4.692990824777879e-05
0.0038917209958448,9.19262692040431e-06
0.0074363290566571,4.49654982319513e-06
0.0182480750108575,6.516102321271526e-05
0.0103920923565201,2.049777214004243e-05
0.0018839881897015,4.598852964266233e-07
0.0170653336089805,0.00011964691100898135
0.0048526590082112,2.6473570126568213e-06
0.0098737200002453,3.6427314705980854e-05
0.0081984523057269,2.274528752335845e-05
0.0158334761820728,7.751609133469211e-05
0.0191233997751108,6.562123127679276e-05
0.0150354275507301,4.4013306514441846e-05
0.005390323450432,1.9486569095075873e-07
0.0178969593915115,4.598504939129629e-05
0.0174670739298337,2.8325546028913223e-05
0.0169290657016072,9.624270731396142e-05
0.015169440318826,1.1403590426801875e-05
0.0099134124424582,3.152999481591859e-05
0.0146273481497475,1.2651240726721978e-05
0.0023262676400698,1.0146561076004315e-06
0.0006361446472812,5.5804121198602776e-06
0.017321806861252,5.730056971268242e-05
0.0183288714746028,0.00012988176594318825
0.0096887420415086,3.428390606849312e-05
0.0163641046027275,5.116140213135993e-05
0.0185559464947073,6.664415330736392e-05
0.0006860661336709,1.7018821742767067e-06
0.0053481772240163,1.525294966343529e-06
0.0135891626961608,7.989295373645843e-05
0.0191066492012592,0.00010913040130594746
0.0032935040842315,3.235358956020819e-07
0.0131882871225107,4.3046780431020475e-05
0.0198477441163139,8.657986460665505e-06
0.0044480195687848,4.1522750297531814e-07
0.0190768856332519,6.948254763543012e-05
0.0087974300521891,7.5231486136593915e-06
0.0197709247456222,0.00012322971582335118
0.0127075034180944,5.9188483090065756e-05
0.0051600178087806,3.3645037883512776e-06
0.0037580879248458,2.0866756020816871e-07
0.0016215880619176,1.6217210944898685e-05
0.0093953502483876,2.9873996880348215e-05
0.0125969683891435,4.4852869203164465e-05
0.0111863820414199,4.626074102876081e-05
0.0060071961229294,2.317352045446661e-06
0.0003724157460261,5.121086340353939e-06
0.0009633585507164,2.880723388395118e-06
0.0085553395867726,1.0098724569769837e-05
0.0066284874891458,4.657847912268316e-06
0.0098650517814299,2.893716206678124e-05
0.0018481687852236,5.825687997726247e-06
0.009085290179831,2.2294163113536025e-05
0.0188924799520069,2.4777638277600075e-05
0.0134445828673305,4.4633599504676395e-05
0.0162216779433611,8.727405927154723e-05
0.0195883812029323,8.155195917237192e-05
0.0173985526974833,2.198792014848206e-05
0.011071873779936,3.561455336301134e-05
0.0185964939249437,0.00011886634552289981
0.0134789655513379,3.1590995286881503e-05
0.0061874541881424,2.779966995671939e-11
0.0054208718100483,2.3353538509370194e-06
0.0024172032954691,7.133096748776939e-09
0.0099034628746071,1.6276073578449006e-05
0.0086384541659699,3.040741197367045e-05
0.0074477880558921,1.1239712522436403e-05
0.0181706745807749,2.0464513689656407e-05
0.0131530946463166,3.391766289809193e-05
0.0163202647949829,3.99449681333005e-06
0.0131745823445294,6.174636112813577e-05
0.0176531096825395,0.00014114162098963052
0.0060432299077682,5.1368095211559005e-06
0.0193282301847916,7.86018129976153e-05
0.0094722244471659,2.6364076854969715e-05
0.0134060931344383,6.21004740769974e-05
0.014171900166088,6.41241994151956e-05
0.0152533401645206,8.38497519801436e-05
0.0101134152913029,3.7743537470449858e-06
0.0161197378509996,6.297414799046385e-05
0.0095832519450723,1.2938309053419304e-05
0.0061177218274828,3.977403270824673e-06
0.0032625360228587,2.9990186911717e-08
0.0031115998709217,9.32703170643696e-11
0.0150206476962055,4.7446711909265086e-05
0.0059666383500313,4.398592889239069e-07
0.0130848801061559,5.351817838197841e-05
0.0120032548341051,4.570921019972795e-05
0.0121900196332761,2.430051744181658e-05
0.01656445885299,7.343745878909388e-05
0.000125909906891,6.409797693754894e-06
0.0090639357489494,2.33739801525048e-05
0.0151938260994936,5.6626526594934816e-05
0.0177248985627553,0.00011893884686966981
0.0154977269655968,6.541897922519208e-05
0.0136008372441224,3.228756616285102e-05
0.0065981773261002,1.8031104291836924e-06
0.0017432666166438,6.639412480856846e-06
0.0093250502434181,8.587355598064423e-06
0.0195275824731323,2.1441576454575707e-06
0.0023616589221947,1.781413098404334e-06
0.0034631368160326,3.166843458466015e-08
0.0047798781439832,2.166285325391347e-06
0.0144923763675714,4.632086625685353e-05
0.001430764911341,3.2578968459115032e-06
0.006350810424095,4.1721356959572275e-06
0.0054284478791798,2.2464273514517405e-06
0.0074876096340685,3.1514330471627956e-06
0.0062802815017354,1.1640128730364785e-06
0.0141233863129913,4.059834489809593e-05
0.0125400745471317,2.0227025934147717e-05
0.0034746306443946,1.1055089142870473e-07
0.0134115268719446,5.812327274548403e-06
0.0167168072916461,8.458114472930654e-05
0.0126927308646691,4.2581897647441876e-05
0.0197927361650845,0.00011069486855279603
0.0058463979587522,4.2719217098007936e-07
0.0015018140674908,1.382083612271907e-06
0.0099840031101336,2.8442235628232725e-05
0.0029286041118164,1.917686323162165e-07
0.0113732527822054,7.784622275887779e-06
0.0005280509897103,1.197395474533736e-05
0.0049371243421521,1.9030724122331165e-06
0.0065816072872205,3.02309745847084e-06
0.0090072553298072,1.678595474717586e-05
0.0064550794846701,2.332179992422276e-06
0.0140260508683262,2.096429543135194e-05
0.0121036261367804,4.542817387267028e-05
0.0084352621647893,9.725750365100363e-06
0.0035688423435077,1.940107431788879e-06
0.0020764576959073,2.1922125339810676e-08
0.0139612883223764,1.2415496613886832e-06
0.0170385643431306,4.878325828665697e-05
0.0085160708086847,1.1192878939155098e-05
0.0085418605003751,2.3053673415738284e-05
0.00938237676739,2.868841338763174e-05
0.0081016112203127,6.8184440295361365e-06
0.0126880207793183,5.8015051329270925e-05
0.0198499678147246,2.7316458056721782e-05
0.0158256477755511,8.430582285749015e-05
0.0063143167160531,1.5989605536078764e-05
0.0008580037771862,8.060363462199915e-06
0.0196826131847023,8.110500168714252e-05
0.0100625069105401,1.1182565619671645e-05
0.01965063809527,8.405191574389744e-05
0.0032078986467487,1.309826584052528e-07
0.0023628286037208,9.080361967754662e-07
0.0088849022875251,3.9769924093366525e-06
0.0068149086750287,8.292798895045437e-06
0.0030700746676499,1.6913580651213843e-05
0.0079297472079381,2.766158697224118e-05
0.0172511144469838,6.254737554635645e-05
0.0089430945972033,3.155344204762812e-05
0.008180635034908,2.4452045573939295e-05
0.0072881044032977,5.790168026147359e-07
0.0088352021313933,9.30442023617552e-06
0.0115720878478267,2.2976635829245915e-05
0.0066404511210187,2.687564425313111e-06
0.0011598994054672,3.535052647123427e-06
0.0015425521710011,6.598384536845891e-07
0.0032715599179674,1.8633669993530487e-07
0.0069026769026833,2.1858345080377925e-05
0.0158009818937747,4.907155999116271e-05
0.0099558085534488,2.3954527357515514e-05
0.0010861684538716,2.0736958599492708e-05
0.0114938247983686,3.418490369346733e-05
0.0088887455486439,1.7241558031589036e-05
0.0013824333034495,1.8532283205677135e-05
0.0057385462085204,1.0546825540230906e-06
0.0146824873127718,4.603726678834965e-05
0.0123243945218836,4.7050591366331973e-05
0.0091965664686662,1.4298483919763584e-05
0.0085454658552746,1.0494987340380832e-09
0.0069017585474094,5.196554715218705e-06
0.0074467440251672,4.69287424766064e-06
0.0052840554449388,3.553055568681227e-06
0.014727835536662,4.389796032424133e-05
0.0140595613477963,4.588557364527357e-05
0.0160715425467274,8.285781983462134e-05
0.0031080795014575,3.25913638814269e-08
0.0165737517755263,0.0001303882984087312
0.0109847851966553,3.224811070467371e-05
0.0147412929179189,0.00010115360319436189
0.0088055898067452,1.8160455891850962e-05
0.0174910712231055,9.430857428002582e-05
0.0051534421681621,2.794866388740623e-06
0.0160244388193025,3.545044145696948e-05
0.018529408313153,0.00011897398766804388
0.0163890569987329,5.599188655487964e-05
0.0096417498669418,2.0377856569107444e-05
0.0084344000018077,1.0452371652950983e-05
0.007820641495758,4.991014534258898e-06
0.0158926236941689,2.219195927276107e-05
0.0069079256858331,6.293566868162559e-06
0.0191447389502146,7.395329204507766e-05
0.0102100044385669,4.2144293918690454e-05
0.0136277516116512,6.129264504383982e-05
0.0133155408653805,3.4946083783752404e-05
0.0016183847263116,1.6741490988954712e-06
0.0160000161320533,5.49783285744391e-05
0.0128983794885824,2.5994672136465814e-05
0.0021916148054045,2.5246346914550287e-06
0.015212452485081,2.43081210268067e-06
0.0122514620557522,1.9808411143790516e-05
0.0067557016786146,7.438723419900855e-06
0.0052752599876334,7.464384529793443e-08
2.8281486346481976e-06,2.4756516389630822e-05
0.0019779679304776,5.142122307980484e-06
0.0165796630086873,4.951282054283406e-05
0.002982695617272,2.5458903605630357e-06
0.0133403250723625,3.186398918393669e-05
0.0008739727719071,7.734237455903587e-06
0.0115479215548295,3.705636363314277e-05
0.0090579030666082,4.626130716214475e-06
0.0061799087580427,8.198384423293572e-06
0.0069037616845526,6.280036712719182e-06
0.013882938329928,1.7454992830491637e-05
0.0149687948899156,5.590706808495376e-05
0.0051172753113921,1.0982914975562367e-06
0.0157215465088829,6.40411477126348e-05
0.007316331859795,2.189113124694632e-06
0.0160531059267516,5.735987394318266e-06
0.0159600143123228,5.38790301848325e-05
0.0140199747868808,2.5517412092907602e-05
0.0167308431408631,4.255238568110382e-05
0.0149550943935291,0.0001102969569597966
0.0169953823091832,0.00010275629420578895
0.0034956718360963,9.158326258237415e-08
0.0043760428758854,2.2738212161473224e-07
0.0017443792887324,9.134117817016994e-07
0.0157956389177807,3.953652607113518e-05
0.0165245657678241,2.3950970746835417e-05
0.0073460630224046,6.5528587273206616e-06
0.0010767795776488,1.8249896962180341e-06
0.0064698000179245,6.433856543011453e-08
0.0057159668212893,6.351498384551334e-06
0.0169252371420138,5.093100770872228e-05
0.0081954747899255,4.126445239666008e-06
0.0176015594276107,7.967084918518468e-05
0.0046458853451376,7.78725601020761e-07
0.0062349156344344,4.631183288963389e-06
0.00544614006899,3.818802451358769e-06
0.0182279661813421,0.00010804650665486042
0.0030402057096771,1.1063836943254548e-07
0.0004022639731362,6.44270437736557e-06
0.0029050744475051,3.480156230973392e-08
0.001401520946034,4.67426723420346e-06
0.006386149546693,1.0566845138264725e-06
0.0064363697940787,7.372023486623316e-06
0.0070473738362148,2.9930004802892817e-06
0.0189680501994078,0.000135263385972958
0.0026083046359012,1.8403373175041935e-08
0.0136667852271206,2.203735008307875e-05
0.0001176941955058,1.928672909892538e-05
0.0186262977448054,0.00011544369760483875
0.0198551374636429,2.2111899762634162e-05
0.0028422891910473,5.80863872298396e-08
0.0028428578565046,8.353199744785226e-07
0.019277691626107,8.417362746470013e-05
0.0016695446753355,2.085498746495206e-06
0.0122534090198551,3.2661317899526376e-05
0.0128418895465903,6.981386813843147e-05
0.0069491561998452,1.0549328305995598e-05
0.0174419977650504,6.868403209732168e-05
0.0064587006184251,1.027557348030291e-06
0.0135445753690686,2.488023545923584e-05
0.0080573456562444,9.709852339972896e-07
0.0082982543764883,1.6655039184219324e-05
0.0056189245475799,7.255828735400043e-06
0.0067258620822595,9.347932051608554e-06
0.0060385656198129,4.809367022008489e-06
0.0056921581571412,2.993997083142659e-06
0.0031934764735759,4.6063390543191776e-07
0.0190226059468237,0.00012377635534855283
0.0119234225177042,1.3465393054943166e-05
0.0179000050708774,0.00013317007269222206
0.0017847335661136,2.564414901464387e-06
0.0118772392082898,3.305046821281375e-05
0.011920092851914,5.603495252369836e-05
0.0121353245715627,1.1865323397334691e-05
0.0140453593109156,7.373526037382723e-05
0.0095413977521236,1.9594262079382104e-05
0.0013092162626672,5.34443492867884e-06
0.005049223599647,1.3949319661522654e-07
0.0105137831782272,2.0236943258881272e-05
0.0135823508642517,3.37618379837801e-05
0.0139564042290559,4.3830793201157616e-07
0.0159392230404331,5.787213614306711e-05
0.0057062917261283,1.163941976035423e-09
0.0159683823254909,1.7749743005353914e-05
0.0053931194381769,1.3608900695149249e-09
0.0157145831939935,0.00010286554124821566
0.0052609166871536,4.008631013722956e-07
0.0162444346758357,3.0678146080891982e-06
0.0082870465963897,2.2605940126271643e-06
0.0149099384885189,5.6338818504129425e-05
0.0153156876961387,7.632575687792661e-05
0.0186955289362024,3.641068650961236e-05
0.0195487546216875,4.9006619570686576e-05
0.0037468553417457,4.48117745944086e-06
0.0163124112699212,5.374547161895427e-05
0.0155474982463624,6.27617714876518e-05
0.0021388741321192,7.279123326808169e-06
0.008426544790872,3.5767696676051817e-06
0.0148228796281038,3.770853265396573e-05
0.013265469937066,3.279941930884658e-05
0.0089576146838212,4.920993479705987e-06
0.001043619863766,4.81617676464479e-06
0.0158299813825682,5.748837033742585e-05
0.002727938661748,7.473638339741679e-06
0.0022282378567878,4.234358370183371e-06
0.01567451291004,6.033530723200021e-05
0.0089772387844097,7.257446688428115e-06
0.011875411939849,2.051075072371493e-05
0.0088849164389761,1.4967158451095336e-06
0.0134249188114766,2.593381779459909e-05
0.0190823136554703,4.6635945111706815e-05
0.0150360154480169,8.560563563155182e-05
0.0100916074533317,2.339907185988096e-05
0.0008236777070742,7.895452411510345e-06
0.0156443700214955,3.644532414144222e-05
0.017318601954763,0.00012129321633396306
0.014747645270231,7.362317922261874e-05
0.0172451397453703,7.14070549233753e-05
0.0081713606446635,1.4434127597767812e-05
0.0175568413547412,7.505977546146448e-05
0.000703094102007,4.764653664206736e-06
0.0137043394012798,1.4879237832268444e-05
0.019981329693466,8.709603982391479e-05
0.0113402987849084,1.4232079984678796e-05
0.0144856914577578,2.763968191383452e-05
0.0071597779418298,1.150741580200081e-06
0.0080136255287723,7.314733983191949e-06
0.0007788706139029,2.014419827634576e-06
0.0008844631323643,2.4426224846017512e-06
0.0065667249158945,9.828436800276898e-08
0.0138460427776021,4.3679982924305275e-05
0.0096763591164104,2.413657982315428e-05
0.0133162757139565,4.341411461635698e-05
0.0121797914557425,2.799894851628168e-05
0.0188542437655975,2.8824293308637656e-05
0.0192145247743745,0.00010065774684928883
0.0174422559457835,0.0001346881485264799
0.0115433236577242,4.732249753873788e-05
0.0138873681049623,5.320069828418067e-05
0.0026345617566728,2.449366088171648e-06
0.002118733692991,5.348318700082558e-07
0.005095371391519,2.5485239562956114e-06
0.0178745466771184,0.0001344208175316573
0.0064941869329624,6.119885031768873e-06
0.0180001970941525,8.789834106455972e-05
0.0123325004925421,3.068516504892078e-05
0.0016091877693934,6.73990029906675e-06
0.001971680790374,8.019498840735045e-06
0.0197859021648261,5.49327226297183e-05
0.0143761334618158,2.245289798268379e-05
0.0100344555792043,2.0186560438929497e-05
0.0186309152809013,0.00015135792639280846
0.0141424197066543,5.763454842125002e-05
0.0067223617292702,2.142541841727921e-06
0.0189426908939518,0.00012962340585097443
0.002364637106103,3.3758385962497093e-06
0.0099852099055792,2.2190066133592878e-05
0.0064157130995383,1.7254759053544578e-07
0.0145254820537735,6.457582608811057e-05
0.0016771226490436,8.200696646435274e-06
0.0120905382063031,1.645327945697154e-05
0.0168599507370039,6.973486566456063e-05
0.017113180109926,7.683414155907068e-05
0.0028121589216196,8.532420450150963e-06
0.0035044301390602,5.477599146890545e-07
0.0057689355096141,3.844747593011368e-07
0.0011621002757326,1.0685114667028995e-05
0.0156067615207729,5.0270279697880794e-05
0.0186009183680377,5.789541131833499e-08
0.0048535359539815,1.1356179683399708e-09
0.0165508731207698,8.303570130943555e-05
0.01201789008749,2.7524924212878923e-05
0.0157689554195437,7.447078394893783e-05
0.019063744020295,8.166549069983603e-05
0.0017967714555772,4.107220464098226e-06
0.007895238352239,1.9951045096605147e-05
0.0061198251997872,1.0025836302723141e-05
0.0054818717937798,3.499281441235359e-07
0.0021865393277203,1.1885161142356113e-06
0.0045386176765291,3.3018984719431256e-06
0.0064818676879985,3.2780598541404557e-06
0.0072282273872443,8.2185807693453e-07
0.00567969545453,1.351806186336099e-06
0.0132683979677326,5.00885924095831e-06
0.0191706066408491,9.07111353708346e-05
0.0147078705374748,3.953639249922658e-05
0.0191917764054835,0.00010606197635616549
0.0100040381008811,1.8577741072616472e-06
0.0148724524450665,3.441877053086768e-05
0.0062878764341459,1.1301315064093834e-05
0.0139020492256511,3.3077558627210386e-06
0.0020556557423368,1.5636851549927917e-06
0.0184198192429859,6.827293068207335e-05
0.0022744132258947,2.9401205149351326e-08
0.0148856734407435,3.2307619100799334e-05
0.0184016138136551,1.1186358356855808e-05
0.0136740765246823,5.7627115414278384e-05
0.0094605119126255,8.646230706144515e-06
0.0187846955983965,9.804753412182596e-05
0.0001866818022046,6.974486403402284e-06
0.0175315890158694,0.00015459674863716185
0.0023498579655007,1.373330354060621e-06
0.0086747476443254,3.824126754392398e-06
0.0073685460007061,7.124826748636407e-06
0.0144074081536772,5.971054657677495e-05
0.0002633640035905,5.329572380655009e-06
0.012064197097174,1.5720639078722703e-05
0.0144013472865678,1.380301053668321e-05
0.0163385550568106,4.5505721038643437e-05
0.0016107775388846,3.2387009491252384e-06
0.015176748451994,9.575903496614519e-05
0.0023696282125617,1.3127588251870829e-06
0.0160162039911881,5.983038461302903e-05
0.0006965427452532,3.901078672785219e-06
0.005343238219106,7.331519647507585e-07
0.0115039998112475,3.517311527595679e-05
0.0138548700676915,7.222237294554999e-06
0.0080211327208002,1.8101262277148284e-05
0.0130730919066296,2.2177779971183737e-05
0.0037692257166888,2.1205379746236655e-06
0.0040211327802224,1.6009051230415913e-07
0.0164203193467586,4.49390015829725e-05
0.0113131011894695,2.4527044292614258e-05
0.0154335242171,5.241144588574468e-05
0.0117943209892087,2.730684626747867e-05
0.0012702515125426,7.896371117607779e-06
0.0128193152441463,2.3255167739132937e-05
0.0134310774830985,3.447783173213519e-05
0.0093052178451201,3.363294041390927e-05
0.0192900521326554,9.94346600192324e-05
0.0019313623349065,2.407399885443075e-07
0.012361794177008,2.6552740090155934e-05
0.0138450623490017,4.286793798490723e-05
0.014666268730035,5.22151260320789e-05
0.0190714985963599,5.5864035240657823e-05
0.0197856951455695,6.378017050959275e-05
0.0027832516905745,3.627754388467131e-07
0.0079311215652704,1.1261700692739492e-05
0.0045665719581473,6.3011132492140865e-06
0.0179024117145467,0.00011256470800986146
0.0163267469031984,7.012779056426539e-05
8.845644825715037e-05,6.136856056514357e-06
0.0179500237267492,4.377244568193386e-05
0.0164150477763257,1.2549685385298448e-06
0.0086393328112043,2.858306106240985e-07
0.0039426801196994,1.8510861481467574e-08
0.0074336733063064,1.0454957596318445e-05
0.0022168813976293,1.0800743977644371e-07
0.0147737882008815,9.093643734008033e-05
0.0199351974955588,0.00013603507185142627
0.0132648081413591,3.953462227075906e-06
0.0153882175287339,0.00011415666432649743
0.0141303739083582,9.388259402728534e-05
0.011328598524435,2.9036908085883667e-05
0.0184369552234342,9.78019921898181e-05
0.009446265356003,5.275452690063736e-06
0.0116783899315606,1.6834100802100003e-05
0.0047381422696475,3.130204394501918e-08
0.0138448813540528,2.739522835833456e-05
0.0143479724336742,3.884473158600656e-05
0.0155147955492554,2.1119915535383385e-05
0.0124984117765774,2.5094299840982854e-05
0.0122219787508387,5.989598112645796e-05
0.0137332331297985,5.592263505926819e-05
0.0071575175815147,9.80502341614251e-06
0.0087780373016159,1.3928451691390113e-05
0.016540259304502,7.820309213996437e-05
0.0014794582348984,1.5133126991374739e-06
0.0163587984529886,9.012022215205288e-05
0.0197229439450694,0.00010926438190536014
0.0115467795271366,2.4969350174982257e-05
0.0107253120955385,5.124197727111899e-06
0.008246232448062,6.2591447855176465e-06
0.004523018457187,2.2781238990345867e-06
0.0129413220015359,2.383540721786351e-05
0.0084443597552859,2.083453433921427e-05
0.0106226632741042,2.8454466639547636e-05
0.0151944610514627,4.645905006837597e-05
0.0130301306277112,3.325787681566523e-05
0.0121745287788132,3.0081775283865947e-05
0.0015078996922001,1.6907087395322552e-06
0.0083978500332034,4.4304948078947206e-06
0.0096624527614512,2.0670471281831492e-05
0.0008291891181337,5.411723074642119e-06
0.0021544711484902,1.7307843089420277e-06
0.0051223211684565,4.068926829992716e-06
0.0011044579814908,8.67688776755952e-06
0.0179628577921791,4.757642433054721e-05
0.0036546676136524,1.434990356836523e-10
0.018223957414182,5.528200604683651e-05
0.0070025650750965,4.42828000277782e-09
0.0109445201284695,2.789174237114898e-06
0.0112174048742171,1.7976991386698394e-05
0.004053599866567,2.059873569077873e-08
0.0108761962385743,4.773268227165075e-06
0.0056383160034452,2.0067226880338694e-06
0.0151773777249414,6.194126974008848e-05
0.0157035724724782,8.750283972776358e-05
0.0157302461013499,0.00010258049558983565
0.0103903381651277,5.763613841055969e-06
0.0004911025450448,3.161913914105129e-06
0.002011692644232,3.4937667759018404e-06
0.0017595927714962,6.030251401079392e-06
0.0049624645199733,6.512400611359481e-07
0.0025058258549417,1.8714619491705104e-07
0.0006971137811732,4.768635198900375e-06
0.0053963911392169,1.1146555886187478e-07
0.0051305833389883,7.925341657027704e-07
0.0171362107666583,6.549457814843191e-05
0.0092887586272545,5.8658446016628475e-06
0.0058180305767516,4.361664941629905e-07
0.0150858107336893,1.6613094681258786e-05
0.013163129047985,4.470626813572758e-05
0.0161004563758237,8.27063454462334e-05
0.00481200557601,1.5811506109841112e-06
0.0107239160982161,1.8461704812209875e-05
0.0013502455913662,3.378524268468528e-06
0.0176853940358339,0.00010943103096407641
0.014603917400264,3.144560866493471e-05
0.0192112999845089,7.412996996547249e-05
0.0008942732855011,8.495825327438581e-06
0.0121692244472591,0.00010752322555681018
0.0091303193348693,1.5660519726921306e-05
0.0120151516502152,3.4771454597758854e-05
0.0198618700057195,0.00011290742088162791
0.0187227032300116,9.511745763213945e-05
0.007386958091806,1.4600771184133443e-08
0.0116154097407188,2.0051811340359045e-05
0.0119370207456549,1.8130688852057258e-05
0.0014474208114852,6.995727496225776e-06
0.0039299769301361,5.203830419640874e-10
0.0198751758666576,0.00011948512623965581
0.0118829961154777,3.768882315702685e-05
0.0136990426242348,5.615223038244995e-05
0.0098798843558164,7.558963652869158e-06
0.0190078439094883,0.00015238656627882617
0.0065499748264855,6.913008094582863e-06
0.0048294745055139,1.7680766590127555e-06
0.0194805346345814,0.00014328462695044821
0.0163940074226234,0.00010605414859663647
0.0132530519503661,3.8168514680195236e-05
0.0071995175751106,9.06245346668921e-06
0.0066956597030004,8.199586511549655e-06
0.0094074836493928,9.249973860672428e-06
0.0189619823756394,0.00010090778635986953
0.0057344779061037,1.5745908812740554e-06
0.0006899101255145,1.9171845926087547e-05
0.0115816931037266,5.031348323037047e-05
0.0050057559577298,3.3583443045754237e-06
0.0122331441660889,2.5179254343849287e-05
0.0078582715112453,9.486095760959862e-06
0.000933288940196,4.221328269028056e-06
0.0196935622557717,0.00012338404895304193
0.019527455234115,8.795272842708708e-05
0.0150444924292996,1.5507282424795148e-05
0.0181291397534676,7.855983155346945e-05
0.0017685957743255,3.815775083353419e-06
0.0102081609062277,1.2177924630740722e-05
0.0158897951342941,4.68895377078234e-05
0.0155570565649351,7.100639371347711e-05
0.0081006676305661,3.2818623311648548e-06
0.0078351499921405,9.742135144317408e-06
0.0177629536789534,1.694039752302467e-05
0.0189708039629697,7.273425592641729e-05
0.0070925977561894,1.0616592425791505e-05
0.0170976450411032,3.081222283199724e-05
0.0002168360900341,7.1199253469225905e-06
0.003105702340882,2.206110638306717e-07
0.0174975687144893,5.285037166350159e-05
0.0189416945137866,7.37852095858814e-05
0.006310221501434,4.2887745535265214e-06
0.0121558327991076,1.8557526410796388e-05
0.0074752248180098,1.6067438950572376e-05
0.0114106584335921,2.953621725087713e-05
0.0015687449778902,4.20785672603398e-06
0.0002296972727109,5.195614760871197e-06
0.0188415652280472,5.511935518647762e-06
0.0046425846569607,2.603354854896192e-06
0.003221692653225,3.5600016319921063e-07
0.0146577387520806,4.780017225119169e-05
0.0057304734171542,2.110440690096457e-07
0.0037939905653168,3.0366038031412435e-07
0.0009478216459311,4.587061967872848e-06
0.0065709465642234,2.0164205227844863e-06
0.0023919917598205,1.789539006413154e-06
0.0104771693487259,1.2399854366443735e-05
0.015228152075543,4.46315631226749e-05
0.004864546545884,1.6071858628412128e-06
0.0131277563898116,4.438359732377097e-05
0.0075532574344088,1.3123694886487533e-05
0.0028529261945333,5.3764470319685395e-09
0.0177831421071686,7.571268936749008e-06
0.0032266086250972,6.688491147823675e-07
0.0070527508012975,4.124101785928243e-06
0.0017393548034269,2.0871431219528692e-06
0.0061460232047586,2.1747307462699727e-06
0.0132151599862101,4.994341067097576e-05
0.0114736831116978,1.8055852396278072e-05
0.0051701011464388,1.6821877152472895e-06
0.0113323840289845,4.766533359760255e-05
0.0085712457552713,2.6195803429912608e-05
0.0144051828622837,5.547685510180301e-05
0.0197506925551763,0.0001115993360611471
0.0127665877853972,2.1334823482831918e-05
0.0044594554566233,8.198291669310197e-08
0.002109437181074,4.410589659921538e-06
0.0020521502961911,1.6385361711318583e-06
0.0035803104115806,6.540921786333973e-06
0.0036631555922087,1.0791100071854013e-06
0.013766715871503,2.0545614509769974e-05
0.0015659212257029,2.1191727490637097e-06
0.0030406276075938,6.489601411732592e-08
0.0166043375889805,0.00010839439154097787
0.000811943573206,6.560039632743741e-06
0.0091089682346106,1.2207520135372871e-05
0.0004794044865442,6.611316683197444e-06
0.0135690552492682,1.631168117079902e-07
0.0021394632872324,1.394007017981332e-05
0.0115244483309021,2.352095817665586e-05
0.0139137274485461,5.809557833465307e-05
0.0194949820269963,8.030025667555523e-05
0.0007634022984593,1.2773973586859413e-05
0.0189923692924841,7.954050256873325e-05
0.0097656692205742,3.310424543076693e-05
0.0093796965387338,7.952754697058551e-06
0.0043187079200554,2.7623458329041554e-08
0.0056980283638255,1.999921287819899e-06
0.0142038299410238,4.330829015313025e-05
0.002461614582477,2.506878409000979e-07
0.0126843322400047,4.179333067625523e-05
0.0033580296574924,1.626059795136823e-08
0.0175044515820493,6.862387677663416e-05
0.0094743807576756,7.085962072999175e-06
0.0031205800199143,1.8557337346317867e-06
0.001553243628384,2.830846942159551e-06
0.0050381697533278,9.197551739534503e-06
0.0190376183781493,0.0001454640017190416
0.0087507363461767,1.0232087634910348e-05
0.017428450141916,7.843964411036763e-05
0.0088434154858188,3.6923543030912656e-06
0.0065752281157124,3.519072938210781e-06
0.011420914105271,4.5284773128010114e-05
0.0126382346876507,3.457993927098966e-05
0.0138315436914885,4.620662543411057e-05
5.095782744357402e-05,7.773912504233565e-06
0.0144860310764373,8.23532226531321e-05
0.0170081830588079,6.946508978592441e-05
0.0065556353712659,3.6462929264763363e-06
0.0045315528615217,2.3686210972237067e-06
0.0159696456004783,4.616874320319588e-05
0.0141362104443038,5.792315123529618e-05
0.0116419037867382,1.9932019150626775e-05
0.0125555284588521,5.2534054662467846e-05
0.012824969945478,3.730633928112043e-05
7.845051176094575e-05,6.366376257248079e-06
0.0164302952193676,0.00010625812681936897
0.0026775674406028,6.37380673936357e-08
0.0061564247189073,8.304999471640422e-06
0.0190664035176093,1.3317715757427396e-05
0.0170199240614754,8.188046607361451e-05
0.0132718147451969,3.946269245056949e-05
0.0166080684341523,2.3507557268571306e-06
0.0057633150597005,1.6038816646561013e-06
0.0044711067814776,1.3665605402485675e-07
0.0111105854380069,5.440986636896256e-05
0.0133791351623369,7.889462442268472e-05
0.0153553202950312,5.555788232351573e-05
0.0153340485241987,9.31980915653611e-05
0.0014482398057204,1.9366988988435415e-06
0.0159594012118929,4.627233132575202e-05
0.0093566953371615,2.3659890213236285e-05
0.0041675572164592,1.1483958083692182e-07
0.0012048403184848,2.5222817485322372e-06
0.0015748495280737,1.8823166942671537e-06
0.0109610190065222,3.015008106373893e-06
0.0113110082898562,2.7968198129558418e-05
0.018898648621498,0.00010883839440505257
0.0187285337471909,0.0001081487070331514
0.0050674060207395,1.697960539607563e-06
0.013866865897862,4.43835885295415e-05
0.0063126482331038,2.0149443149952273e-06
0.0057362092321163,3.617310186099554e-06
0.0048594994473383,2.324794981205639e-06
0.0163048761350851,8.940823487018435e-05
0.0185797814650436,9.804960212885235e-05
0.0099602118698316,7.232938980505457e-06
0.0025512020376622,2.0024529625247968e-06
0.0063886395663573,9.851812077154321e-06
0.0187676737283958,3.095272482830246e-05
0.008047496956152,2.3847648675700076e-06
0.0003430374648267,3.7369611512605293e-06
0.0063824329564455,1.6071345869627467e-06
0.0053941702878532,1.2395270370936019e-06
0.0029407134803463,2.5935930755528546e-07
0.0043813091207608,1.3302974799052911e-09
0.0157571998573514,6.319726569471342e-05
0.0055711365344372,5.9837215456868816e-06
0.0186925318235026,9.377614730437302e-05
0.0111438134937142,3.106658665052926e-05
0.0060500877948431,5.416435645844351e-06
0.0078041997391695,1.2834106585587257e-05
0.0096212442016217,1.8285356851377907e-05
0.0198974212226418,0.00016630783193645167
0.0193816028543723,0.0001525253541818457
0.0176563453571781,6.456926088219334e-05
0.0156289759373895,3.928770107165622e-06
0.0118376558900533,2.2916283980941778e-05
0.0082862886187469,1.0718142516357366e-05
0.0087214647029422,2.0614636276608603e-05
0.0185032791509802,5.616280650067608e-05
0.016536992838681,3.7836025715917577e-05
0.0050554736474623,3.3416348735038454e-06
0.0054168672810466,1.515980768374624e-06
0.0013584417624629,5.510057756352599e-07
0.0102493386346334,8.994516330806529e-07
0.0124202116531508,4.6317146628155436e-05
0.0126329654074134,3.383596267763186e-05
0.0164220554203903,9.400425324186104e-05
0.0075533548930737,2.0740782559707903e-05
0.0004596013415283,6.972214581156003e-06
0.0077936361860968,1.673023563686341e-05
0.0036291382025662,1.381987489802151e-06
0.0072816736468221,9.773148876751197e-06
0.0104050511847447,2.5884756298963948e-05
0.0096016097909172,3.956854855558681e-05
0.0113947457266767,4.2270605378259966e-05
0.0081062821963045,5.841322852725093e-06
0.0178654178559288,6.829217090483114e-05
0.0003015674432108,9.599906573152556e-06
0.0034268466490513,6.620574456134445e-06
0.0113666786310105,2.666889159956369e-05
0.0035540379612311,1.9879468351356935e-07
0.0049190153759623,3.572715130699056e-07
0.0166316334209441,6.505018287812972e-05
0.0037223615509532,3.2617028904110325e-11
0.0126609335391205,1.773057624066064e-05
0.0146255790906702,4.5654374097667815e-05
0.0192700719978178,7.087185901881443e-05
0.0180408550205184,1.694067576405448e-05
0.0178470372692301,8.697523314344819e-05
0.0137479085090149,3.6728746269479865e-05
0.0112778460590968,4.90543230095391e-06
0.0061380037866346,3.2947506219893782e-06
0.0009500553784496,2.9906284933485055e-06
0.0071324729634343,7.602697543440615e-07
0.0104606918446134,6.326019778872954e-06
0.010448975317735,4.6596680657265725e-05
0.0170028991561517,8.045681984119709e-05
0.0092476884722084,1.9047654605408932e-06
0.0048668612562572,3.612640717570558e-09
0.0123630190008013,2.514999917509627e-05
0.008680530733245,2.3463043589025254e-05
0.004223262712169,3.236540644721166e-07
0.0169142319160123,2.7531701721431333e-05
0.0087812377769976,1.2587526014198451e-05
0.0023174121894943,2.689033428879678e-06
0.0050062861205409,2.847423355263742e-09
0.0001764064476719,3.8853747627997e-06
0.0149753870058559,3.044375016015896e-05
0.0058112880403509,2.797163788172088e-06
0.0019484138652938,4.95177921219262e-06
0.016433128018526,0.00010431705154957881
0.0198141264291105,7.20602418072124e-05
0.0039998205394525,4.764679579564406e-07
0.0082757472103203,2.0856287397933785e-05
0.0167919912394252,5.456961893578613e-05
0.0151278810751602,6.392428765432087e-05
0.0017623706605609,1.392303974574544e-06
0.0021457894082901,1.0564222712963721e-06
0.0111254398468727,2.5098468506008936e-06
0.0031872795210701,8.719423683738622e-07
0.0192927071782916,0.00010781638306213861
0.01224368007704,2.7823141738867697e-05
0.0132001100318012,3.852671281769321e-05
0.0122542198850364,2.9577008753230567e-05
0.0110416409672267,5.004973856092433e-05
0.017802777296995,0.00010490885270187206
0.0034619100342116,2.50308067071568e-07
0.0044622107556282,1.3369917724493155e-06
0.0027280871442652,1.8165307512108574e-05
0.0052331075964105,4.039114210177928e-06
0.0077040887846414,6.105444247811753e-06
0.0085145577835634,7.679982840101424e-06
0.0078453425443703,1.4556384270603253e-05
0.0010356050342333,7.2359887922310094e-06
0.0107409669992285,4.049839231251699e-05
0.0117007952403555,4.714137231601129e-05
0.0199292016718556,0.00011040658037216549
0.0025952312801723,2.6877899095905654e-07
0.0198177827929884,0.00018168349618638606
0.0156318140208551,4.26758198902006e-05
0.0115066302709402,2.8970833115003924e-05
0.0063681340757752,7.212917771056059e-07
0.0031917371959773,3.9800797978189354e-08
0.0133262542343755,3.0452868557872833e-05
0.0171094356418385,0.00011008548239297684
0.0082642406245417,6.864225406105503e-06
0.0062921963932479,5.706628401361778e-06
0.0190140002304477,0.00011454592671809642
0.0193138950565771,0.00017333829700124295
0.000321279273984,2.4350741845866086e-06
0.0160794181658045,6.844938924978553e-05
0.0075741526466499,1.581357427958189e-10
0.0104875085315758,1.576139174133565e-05
0.0167596698413526,8.80444603841946e-06
0.0123127344686103,3.637449469875235e-05
0.0079720230737687,6.825718697270953e-06
0.0032926695684124,9.688188990663508e-07
0.0080373836935073,2.471444912546155e-07
0.012045777469724,1.6912179951482514e-05
0.0118101166548353,1.6993578255669606e-05
0.0177856933424043,2.9224730371804293e-05
0.0139904532863386,6.231624867295101e-05
0.0018309295584293,4.798106200808414e-06
0.0002774306586682,1.1795870561273565e-05
0.0167296873286948,8.07430819815735e-05
0.0082157463852743,3.1623682719552724e-05
0.0034259520133411,1.3060863099027119e-06
0.0132526433886688,7.448518740596439e-05
0.011502457993216,4.674539599917797e-06
0.0090660792038636,4.768331743350109e-06
0.0081166395623801,6.577515129464127e-06
0.0147259380784048,5.354669649505662e-05
0.0086840908254809,2.7950635805774635e-05
0.0092917479207526,2.4719492205259814e-05
0.0135815402304197,4.435126735934599e-05
0.0015300408823759,5.575130353563915e-07
0.0031678030314572,3.8752869758849876e-07
0.0003962911554662,7.336870946834452e-06
0.0032687338179092,4.461122522924853e-06
0.0192543853474521,0.00013306568749895913
0.0181717279492223,3.994018674244719e-05
0.0004710392935798,7.617021533690628e-06
0.0097625425278898,3.4714872659846674e-05
0.0184384366551285,3.7970869375568e-05
0.0170674540486865,1.9514814213127957e-05
0.0001226375375558,1.1052342066118456e-05
0.0014558100205823,4.0255514446799266e-06
0.0131257578466902,2.2597598724357982e-05
0.0121767985237161,2.0413538335296804e-05
0.0152698010289285,5.3303566813735014e-05
0.0109842220335843,3.8891117838493396e-05
0.0066219541783205,7.184786668385149e-06
0.0166324889433341,8.234707987249302e-05
0.0035373897355115,4.247610176789991e-07
0.0130540046823551,3.672005401689894e-05
0.0199206210140885,9.313152956512057e-05
0.0072409209814444,1.6411580810743748e-07
0.0084419036404855,8.550363780602063e-06
0.0188596645232792,0.00012061121504954993
0.0029637116976149,4.1299301899929684e-06
0.0107770588393663,3.905017742686648e-05
0.0035035413831604,1.151954322470151e-07
0.0003775494903699,1.1387547470872396e-05
0.0076932212258426,1.0450853267092106e-05
0.0047208011633561,3.2670648520147528e-06
0.0109739647212191,3.0470888673284105e-05
0.0147261910096759,2.7194453087238603e-05
0.0184685894031399,6.968839068546964e-05
0.0148221140963245,5.797121015657698e-05
0.0175440915990983,5.795264162299665e-05
0.0100829975764715,2.2759517081534752e-05
0.0135537865476554,6.71488780130679e-05
0.0076244988525308,1.5706651268896714e-05
0.0087652022138135,7.187216105356014e-06
0.000805127435121,4.842991814828131e-06
0.0092670825241232,1.4901436149247103e-06
0.0016170777708712,3.830696428171217e-06
0.0159714217060544,8.858988890209508e-05
0.017725813995613,3.486828126597775e-05
0.0169618207311752,7.008746450523027e-05
0.0020594032003796,4.2100386989862664e-06
0.0014065491824753,3.1425554729572636e-07
0.0097322688965018,4.7990435877218026e-05
9.711888805328029e-05,9.691088436611002e-06
0.0004096997292425,1.0494866370670971e-05
0.002696251121349,2.6503285486448793e-06
0.0044923607800284,2.7722194998747193e-07
0.0102694181203701,5.208084670329681e-06
0.0107005979178687,2.2996258493282553e-05
0.0028785265322233,1.6594447309353952e-06
0.0017726422774485,9.447763865109498e-07
0.012604000651246,6.193753758220201e-05
0.000664341029255,1.0072194222122563e-06
0.0188529687622711,0.00012201300246903759
0.0118482615355688,3.790560470821711e-05
0.0044442603209523,1.7049704999025295e-09
0.003332584677106,2.0257639095839413e-07
0.0129027811718509,3.802667941253894e-05
0.0104047471537724,3.0359353224286533e-05
0.0053082369864082,1.3677245241873038e-09
0.0078594548763362,1.8690092552462556e-05
0.0044744002949991,3.160537887191673e-08
0.007776243570077,1.5430755765100167e-05
0.0116847886967285,1.3925390014760555e-05
0.0095571840655567,1.0850348155000868e-05
0.0018403113549678,2.2746884780050173e-06
0.0192755320724426,6.979849341409235e-05
0.000710791453222,1.3880008263112433e-05
0.0179045923068373,9.413070918651651e-05
0.0172241933138767,2.9823117533410832e-05
0.0124792072332562,3.266651272755648e-05
0.0046856069042974,1.0367514554253118e-07
0.0009334275989021,3.0750070820781547e-06
0.0050112296149117,3.2642303071154326e-07
0.0063019324212604,4.3075987973238485e-06
0.0051396420858723,6.746027953989533e-07
0.0012745411705186,1.0346946271480748e-05
0.0079285536846266,1.2418559637604267e-05
0.0149982697815919,8.113335453020001e-05
0.0006627999965396,6.743518512658837e-06
0.0134370392650444,2.0429912995946625e-06
0.0094682320189714,3.121878534885962e-05
0.0128573020377116,3.329785602436874e-05
0.0075360455300901,6.627153291765355e-06
0.0198922032976231,3.7898201744040163e-06
0.0142970565384294,3.6560349506922856e-05
0.0137733081742514,4.20894200159189e-05
0.0137361052221177,2.7739959576690673e-05
0.006454229567473,9.772275066489214e-06
0.0014095465724894,7.662009730688174e-06
0.016027124649462,0.00010242822306771075
0.0148774537129788,8.248668320681833e-05
0.0149569691613704,4.122665883019668e-05
0.0179584070282167,7.165405844829802e-06
0.0135000398687804,6.0377581451671074e-05
0.010591559187835,4.403240275402022e-05
0.0193383330103636,9.30813133782635e-05
0.0040657424535757,6.841280806868544e-07
0.0085319818070902,6.486996853233387e-06
0.0184137124659362,0.00013062884060047086
0.0039666724403368,9.57989466302618e-07
0.0015991112466695,3.335806890097333e-06
0.0098157746271219,1.1638942405789696e-05
0.0176917359750954,8.784907410594246e-05
0.007065502481544,7.564692523014622e-06
0.0128715278106708,7.168961153781934e-05
0.0082025231791611,1.4962355760662623e-05
0.0062314875201343,5.862754339368304e-06
0.0064317844834737,1.097446081122039e-05
0.0153469777872995,2.8356366016629387e-05
0.001162401720007,1.8034936264299458e-06
0.0178221874834803,5.4548249548262236e-05
0.0144210069298327,6.987709080758149e-05
0.0082954585756375,9.851820778201538e-07
0.013940567255229,9.36554444207277e-06
0.0022273557774788,1.3603299096985618e-05
0.0054003052376988,5.7579179825385204e-06
0.0075603012056971,1.3679980195638886e-05
0.0062504715797394,1.7263732787326123e-06
0.0187858325058626,8.327471702471035e-05
0.0180298040554458,3.6176826084550944e-05
0.0002788083391976,3.5593895822223325e-06
0.0158093663085256,6.262924414977979e-05
0.005633073401045,6.58881463431223e-07
4.9524273442109744e-05,8.006240089622326e-06
0.0050083527769816,2.7834423379302974e-08
0.0131327490364379,4.831038700856579e-05
0.0172247043690878,8.744281546000819e-05
0.0102594187233516,3.0440241737855946e-05
0.0150374835294821,7.96726858076844e-05
0.0028243209668702,3.465746987658982e-07
7.023275912718674e-06,5.94240113478798e-06
0.0097193129722955,2.8156919498294e-05
0.0153449450301201,6.511262350511238e-05
0.0049442618409685,7.622766659949088e-08
0.0160726162970447,5.1065013386249506e-05
0.0138310313613925,3.524270127742968e-05
0.0195383883459245,0.00011083736851090773
0.0199081490007878,0.0001302044015789449
0.0186990698118506,9.373014130029357e-05
0.0149753893370514,9.740707491991313e-05
0.0188677470003928,8.657322246270536e-05
0.0025632600884859,2.1862490814185956e-06
0.0067565447854708,2.3649836475523077e-06
0.0151475275519858,3.715696610449058e-05
0.0131567244000155,1.8949947631631705e-05
0.0066172705397708,2.397578031900854e-06
0.0159770255277659,9.230365285670372e-05
0.0022589281466266,1.1943359301193954e-09
0.0172839411838486,0.00010214627042975733
0.0137585973452088,4.987701560337391e-05
0.0173918117055116,9.279153346522894e-05
0.0038510433739853,1.8993065146877479e-06
0.0117515689140658,1.0990372864390876e-05
0.0025192692444708,2.3647273543887457e-06
0.0051760071400865,2.2528978904231334e-06
0.0125907351745926,6.019024719301078e-05
0.0132360641345286,3.589176719326748e-05
0.0197375123070552,6.47144651741674e-05
0.0141932883437271,6.231518977291421e-05
1.188613051495535e-05,1.3217872382599383e-05
0.001191086838254,4.20551616521398e-06
0.0105824474262294,3.7663282758180496e-08
0.013720770764512,5.201580391122844e-05
0.0171308267426276,8.827598631915076e-05
0.0035854158783615,1.0430873806912026e-06
0.0094295004248374,2.5657052037005247e-05
0.0014046100583222,3.0935299862179867e-06
0.0028026564985114,1.2771120412970055e-06
0.0125349275722379,3.639872632557981e-06
0.0117222225816886,2.5030133040313445e-05
0.0026192348014539,4.419250652356785e-06
0.0066974003829576,6.765825593607102e-06
0.0154087927471669,0.00011412842562703296
0.0111850821515253,2.5029013439067964e-05
0.0169111172047318,4.7081170292002476e-05
0.0166900385816686,0.00010334052316390679
0.0132243093529706,5.500531227505446e-05
0.0018498796898247,2.56866829536379e-06
0.006871642160295,1.1686689295234305e-05
0.0043827876449565,1.5769707590884377e-06
0.0121718148976599,1.882423750435831e-05
0.0032170157691022,1.203422974970595e-06
0.0076449788001671,1.5237888624374425e-05
0.0084605701253999,2.6841963484193384e-05
0.0008171784454104,2.9833937254824696e-05
0.0106657318237597,2.7412786348524762e-05
0.007260748277819,2.612989271251946e-06
0.0166265280086602,7.093944751207473e-05
0.0192459750286989,0.00012514802187655322
0.0181197942611771,5.703049112834377e-05
0.0155290982672534,1.3307313694354138e-05
0.011256969199753,1.704791152924115e-05
0.0060075461348795,3.630186712377002e-06
0.0189783550639347,9.617941089169324e-05
0.0014243084452892,4.168747180695329e-06
0.0114953288324509,5.369059977692554e-05
0.0027535393024476,7.280351282038694e-07
0.0147888163469831,4.04297909246807e-05
0.0059468501057027,5.878881628927822e-06
0.0040381701821338,1.2588421116503416e-06
0.0188234546450961,6.821880070493831e-05
0.0098700994242223,1.971439692137235e-05
0.0022509510352594,7.736402104900067e-06
0.0196784630089247,4.38674433865253e-05
0.010588869527784,2.1770988736117746e-05
0.0150862314893475,5.184841689703101e-05
0.0156576446053714,4.3247470835991426e-05
0.0090480823634839,2.6039686376821606e-05
0.001848264671,2.8155750462699482e-06
0.0036085126745162,7.670180328751994e-08
0.0172385242883464,8.651376043030057e-05
0.0101768157280583,1.0128423785012357e-05
0.0184512935289865,3.721578858061022e-05
0.0156048306495822,5.296749905046271e-05
0.0035877390946551,1.7547577605656973e-06
0.0190302473365889,0.00011942042748143276
0.0188053327692856,8.57657980217e-05
0.0037009183960641,1.0019591482799517e-06
0.0070710994028095,1.899801954924059e-05
0.0045989892644524,1.4377214324921976e-06
0.0012628193812992,1.0181087472665008e-06
0.0003549757292447,1.80583003691248e-05
0.0007499345905646,1.782613631438209e-06
0.0075235467317475,1.0533670452486795e-05
0.007054299378811,2.890504068878368e-06
0.0040685001366821,3.8751913370582556e-08
0.0103608207512758,1.8532736483073608e-05
0.0198447490835673,3.1039427832800036e-05
0.0102837205047748,1.5033044634284216e-05
0.0126387363475793,3.7351208174599367e-05
0.0100835882005509,1.0656636171270588e-05
0.0045775543495397,2.6482386185037076e-06
0.0173006830032393,8.762864722991006e-05
0.0037920115483182,5.255910025952899e-07
0.0164816443067177,6.213481775793596e-05
0.0096665328795968,1.96603510303992e-05
0.0056971044148246,1.1590953101849545e-06
0.0049504789929576,1.8253208832242532e-06
0.0123985809687249,1.819949755771837e-05
0.0068006702515245,5.421885112845148e-06
0.0022576841373867,9.727062330602064e-10
0.0009951284921576,1.3154455603055923e-05
0.0023070282029946,6.417224203994501e-07
0.0142014530002768,7.517524567570168e-05
0.0127486999372416,2.1664439645955896e-05
0.0137158869836406,5.317806721459484e-05
0.0033121290898337,3.5257448628516343e-06
0.0104044834975778,2.7856996358195146e-05
0.0137310850467186,3.5042879272715016e-05
0.0122170468388433,1.9608737584689078e-05
0.0117635179323774,3.733034916688149e-05
0.0013853225315783,8.911914837747054e-06
0.015643506472485,6.253978309951497e-05
0.014648917818699,5.04244793690044e-05
0.0138856400734408,2.7581180093676892e-05
0.0157535661135217,2.89511625877872e-05
0.002674422722519,1.1978605111506217e-06
0.0027449763789937,9.663967433524726e-07
0.0048022549175619,7.297201368728925e-09
0.0150463704920587,6.104200743625155e-05
0.0129969809819214,2.6224804924226408e-05
0.0020691504665659,3.158371596316657e-06
0.007579151129941,1.7169242777943366e-06
0.0186265499838271,3.796847550035604e-06
0.0150094645273472,3.281982734509566e-06
0.0011022758961497,6.301422182521932e-06
0.0166448642584357,0.00011563901822572846
0.0148067885417235,6.326897791300842e-05
0.0081701534967641,2.273805382698505e-05
0.0106952082109408,3.340926807275801e-05
0.0178452491098614,0.00010334821772957967
0.014086176145633,7.168273901137289e-05
0.0014083151993443,1.4069898340893273e-06
0.001300234933907,1.0035637020488806e-06
0.0091064094497126,2.6984318246499365e-05
0.0118414003998312,3.567114361340381e-05
0.0098837605143255,1.9779409460138492e-05
0.0192632484069,0.000162184147301929
0.0065778523758657,3.5865311409428966e-07
0.0102203158720891,1.2532787231293474e-05
0.0192546090452082,0.00017814777676131228
0.0096720606324453,5.050003687231691e-06
0.0099502974297573,1.2299933716198682e-05
0.017395300338635,0.00011245657264917715
0.0179585271877011,1.1717843792751851e-05
0.0084456489209514,1.643228167643764e-05
0.0107642090671322,3.662714317342311e-05
0.0145355818898415,3.730606156510779e-05
0.0020096273973533,5.626761830070578e-08
0.0056524609859007,3.1541645530250826e-06
0.0184587230744308,1.395442225283694e-05
0.0168382702955817,5.850071646528239e-05
0.0087041480482496,2.4799943329017267e-05
0.0087069602993312,2.1143728262436156e-05
0.0083549885734377,1.7061788593689408e-05
0.0010942050832023,1.3298738200683e-06
0.0044786505968446,6.244608171907302e-07
0.0142190392064644,5.5117142127524526e-05
0.0148165586804241,7.438635485598442e-07
0.0164012027929508,6.296610251775142e-05
0.0147409598292844,5.192183913686639e-05
0.0120092342493116,4.691737216457108e-05
0.019405543137711,9.672747130718917e-05
0.0160454225849028,8.922139216620925e-05
0.0050794911231602,2.4792435845981215e-07
0.0093449090438252,8.920284034667608e-07
0.0162743398839753,3.504079630064162e-05
0.0085423403390867,2.4622437461755654e-06
0.0198699149725222,8.802686876060034e-05
0.0168719241022255,9.883142638271282e-05
0.0193083326127284,4.0521578605761746e-05
0.013164132395386,3.123110164257038e-05
0.0070940380378873,3.867012530434649e-06
0.0023762754147245,3.5689909479194614e-06
0.0086211403569656,6.421440095708168e-06
0.0041580091376189,6.172354277500578e-08
0.0067246373742291,8.210929879082723e-06
0.0009774932723353,3.533357289905082e-06
0.0064178457539218,5.465027645859343e-08
0.0147619052787325,8.346319974098441e-05
0.0154041766801896,4.9013091515800526e-05
0.0028219632581907,1.1305378213888708e-07
0.0189373063371051,6.617971904055401e-06
0.0111428192360989,1.3434186120822415e-05
0.001069952835154,5.7249601607615865e-06
0.0066236096438901,1.59659912793399e-06
0.0014579198992967,4.061745773722022e-06
0.013068767322834,4.200821160634363e-05
0.0108375416536762,1.6413035397590004e-05
0.0025251042776899,3.3993915306951993e-06
0.0166307012100286,1.8332477044452446e-05
0.0058517819378552,5.263245821335333e-06
0.0188176493984934,0.00010086785482759733
0.011154593954038,1.3436647449092044e-05
0.0167660290454695,6.80721439526928e-05
0.0031747534177413,3.7192023055462436e-07
0.0146381919613262,4.485646970276164e-05
0.015154073679863,5.76657779439096e-05
0.0173764056342825,1.559119567730834e-05
0.0160790713433638,7.890692408360996e-05
0.0048146488235074,4.046119732601063e-07
0.0023442873908825,1.514070123815913e-06
0.0155811039194718,7.273913748884295e-05
0.0118682069308195,1.877426621154762e-05
0.0036436014340049,1.5038408731976037e-07
0.0107848691162359,1.0154543256954507e-05
0.0092972262462212,2.1061373720273133e-05
0.0163638030813177,3.953086501112353e-05
0.0007226508435073,6.6964954199260965e-06
0.0126648506643293,4.163437525971248e-06
0.0188502293516568,0.00010926116625046267
0.0186706806704,4.499907027796752e-05
0.0094032101917076,1.9342514760950796e-05
0.0144177100092347,7.071317224271044e-05
0.0029967463371769,1.1148345960111743e-06
0.002316585250947,1.4837139771072344e-06
0.0052595536850124,7.426856971545581e-07
7.278151539957146e-05,4.136968741552464e-06
0.0012640498600538,5.611210858612694e-06
0.0122307879071767,5.293583932242167e-05
0.0068245340165634,5.885446347238126e-06
0.0071605247268044,6.066214250896278e-06
0.0080076845424742,2.0902925857642504e-05
0.0086014258007117,2.9975686987512806e-06
0.0155176994667862,7.160182854832821e-05
0.0147538517995114,3.8543247646761035e-05
0.0128782009882099,2.5277498055805235e-05
0.0154487278672187,1.1109384042337502e-05
0.0179869088997702,1.7563992215123185e-05
0.0060418118833874,5.608603815588079e-06
0.0021115220791872,4.777971364817353e-07
0.0108355553328767,2.6003485132983375e-05
0.0195478057630226,0.0001454150214909428
0.015739969030526,0.00013260883332865629
0.0163841755869319,6.12040836225908e-05
0.0190177310476186,6.0659789679311874e-05
0.0141453046948324,5.551322964462889e-05
0.0045778666535698,2.6183749363598983e-06
0.0011760201466843,4.403602635693328e-06
0.0183774129898423,5.8603035733064566e-05
0.019005167830744,0.00012940133181868534
0.0077782161403061,2.1623283892499897e-05
0.000919259815644,5.077161894093511e-06
0.0014188045161812,1.0762286775127672e-06
0.0047383281827488,5.470700247815063e-08
0.0077211085499534,6.757934357422996e-06
0.0193387697670269,7.327023934610556e-07
0.0180791678945127,7.611106910878562e-05
0.0081131388879742,3.789602233764707e-06
0.0183647505033443,2.027951919622331e-05
0.0095430036198476,3.8814290201552416e-05
0.0119603746669247,3.558428084021137e-05
0.0130007854833317,5.7567612776167854e-05
0.0023290866164347,1.629129485401326e-07
0.0026390503120934,3.763101987073724e-07
0.005764016305527,7.6135171155972975e-06
0.0156106476566422,3.5476698271190825e-05
0.0199008693252811,0.00010545348833705127
0.0178523016531426,8.292976740793434e-05
0.0160061946991595,2.125739737683686e-05
0.0178569216115436,9.405298101257746e-05
0.0170486222736227,0.00010915528808661188
0.0052650742156571,2.1152157876160626e-06
0.0081443571096008,5.201239391764956e-06
0.0115605925536134,3.952996872850188e-05
0.015341597462341,8.62484299387597e-05
0.0185890304478681,3.293088609825818e-07
0.0083277328421334,7.396689128843557e-06
0.0179012458838143,3.227033373561369e-05
0.005065762898023,3.589582331129622e-06
0.0102644232948276,1.9696839090912708e-05
0.0075026131531167,5.921017109025164e-06
0.0187185553124119,8.964244439465385e-05
0.0127877498157898,3.912478269706515e-05
9.858110854233716e-05,3.4998051286484053e-06
0.0072270549401929,6.136466349345149e-06
0.0082166011207164,1.0851293191632968e-05
0.0095672319386617,2.3463254891033328e-05
0.0187022819112942,5.541294402550796e-05
0.0132898495985207,2.5759128295303575e-05
0.0094692917094902,1.337683162448398e-05
0.0050081899209048,2.224018880196357e-06
0.0137888688987688,2.777562728295878e-05
0.0041943249793226,3.8459162958522143e-07
0.010529876357485,3.349913787718126e-05
0.0063210309882949,1.0622827748347376e-05
0.0031293450024238,8.834801989773204e-07
0.003570035509067,4.332698471330576e-08
0.008006692590505,1.0842413027339608e-05
0.0195946206346997,5.768394786621693e-05
0.0075538748384726,1.5602066962204462e-05
0.0131543619716501,5.262954115048064e-05
0.0119869834800229,3.032206690319094e-05
0.0179992220125779,6.310956898876943e-05
0.0088693652968361,1.7267803472875573e-05
0.015532161720799,0.00010052022088116523
0.0098068860584371,3.069551640395711e-05
0.0069085168217001,6.636215110435761e-06
0.0139618847038126,2.683566032809921e-05
0.0199248382194319,0.00012879039788275633
0.0022162280754052,1.0933339372586523e-06
0.0070519613459317,5.176680995635979e-06
0.0190025069614464,8.986577358718573e-05
0.0198593028596971,0.00017969729405502112
0.0015478880288272,4.581886814221142e-06
0.0029129729836741,6.371185586817877e-07
0.0141566410525304,2.3202306630504237e-05
0.0139626782876384,5.2781068069602406e-05
0.019650033977254,0.00015184943910002846
0.0068048501393816,5.819397077105329e-06
0.008660364135477,1.226495517171063e-05
0.0162149131849872,6.345160809688536e-05
0.0125111469720383,2.0920561561813912e-05
0.0167239495802864,3.268057627675874e-05
0.0161478147039706,2.247084818880999e-06
0.0044306676611834,1.276668830828907e-06
0.0003714895829438,3.831360440458062e-06
0.0178946972399904,7.842100406719135e-05
0.0025259244808346,3.5778588526109207e-06
0.0099941163261101,2.1277184139005526e-05
0.0132250046040856,3.270237606745703e-05
0.016056698091483,4.891457667664723e-05
0.0181215992997317,9.043972595063702e-06
0.0027632572118119,4.83295393792579e-07
0.0120300772734883,3.825656291792735e-05
0.0094111591955527,3.3837094069261144e-05
0.0067451464424801,8.424208635030745e-06
0.0155225133772227,8.172551895809296e-05
0.0179921697034116,2.4749713606182145e-06
0.0169899611319123,6.579066155415643e-05
0.0025073451568578,3.2592880707423244e-06
0.0133539839392601,2.0430585458667236e-05
0.013715600824601,3.8626720590510715e-05
0.0045647879056948,2.3403213780553452e-06
0.0062715580342018,1.4683888642506608e-06
0.0033665276853086,2.6857377342482583e-07
0.0047330292110276,3.2102760719642007e-07
0.0156857766830552,2.4717553080588626e-05
0.0082805885025423,1.8032836268702534e-06
0.0091097326802057,1.3289902239358096e-05
0.0024275315836897,1.6473400013482007e-05
0.0109461456701763,5.169087593015211e-06
0.0127599572250262,5.582431018232699e-05
0.0197550669103761,0.0001056920649633951
0.0043430196784834,3.799493732828244e-08
0.0082988320373182,1.203212058095924e-05
0.0184166217253476,7.07480938828672e-05
0.0198979186785827,5.922063839082964e-05
0.0061417584885345,7.115028293224392e-07
0.0150638148870392,5.819505760798148e-05
0.0156642584888342,8.668501535315427e-05
0.0188227240087347,0.00011919002988104209
0.0128371872709881,3.1099840970797694e-05
0.0199334214654782,0.00015466807569408683
0.0127371387641732,3.45583422544633e-05
0.0151538872525925,6.64868078572872e-05
0.005844472580576,6.882855963280586e-06
0.0084623982379079,1.0153928242804636e-05
0.0005813796018678,3.5119090828326583e-06
0.0115038894761702,1.864461386801176e-05
0.0182070428811481,4.571842493734314e-05
0.0115272815345591,4.091491705271985e-05
0.0010204943618281,5.343999079099293e-06
0.0147894387977613,6.718842352243734e-05
0.0070236961176035,1.3733501222143079e-05
0.0129571325129029,5.439948087063245e-05
0.0126136040601017,1.170794058864291e-05
0.0143675908072622,3.7492816630700636e-05
0.0180531281916933,8.019325984980419e-07
0.0040515938240848,1.5079303235352219e-06
0.0191291695439671,3.7010626782786005e-05
0.0090924670976917,1.5225324973084205e-05
0.0119824792194113,4.075372334661949e-05
0.0167051763222393,2.792648458977881e-06
0.0032053393646212,3.5144243275361085e-09
0.0172883283001271,5.632790157949319e-05
0.0184080627609074,8.443936865585994e-05
0.0026383456194884,6.794640823665762e-07
0.0127898169582556,2.0234288500620972e-05
0.0009493446563879,3.3754132027877467e-06
0.0130050950270892,2.832790182371655e-05
0.0191703047780901,0.00011720945550277902
0.0125128807266817,3.333442555692536e-05
0.0016849125117216,1.814200081632708e-06
0.0183357354247642,3.998137068255771e-05
0.0083393234963659,1.4741611415497138e-05
0.013014946684216,7.181029810058268e-06
0.0113036192702231,4.862383994451349e-05
0.0057442299639339,1.1731263320847247e-06
0.017844637232432,0.00010536302656104845
0.0182497391891535,7.543309950804055e-05
0.0038362568134108,2.9035463527707674e-07
0.0112135517032616,2.30088674324894e-05
0.00794049382181,1.8725052356870244e-05
0.0049190706910387,1.412690047137159e-06
0.0099702128014264,1.2050156365659104e-05
0.0082838959859578,2.7590487037169812e-05
0.0093268509151567,2.1430938955010673e-06
0.009361912458873,3.0909640582095e-05
0.0158684513635489,8.389928388607604e-05
0.0150218366978126,6.557013845935657e-05
0.0189662615362032,3.612563254584735e-07
0.0154793826679212,2.0223558470911256e-05
0.018660535361561,0.00015371664247234497
0.0198742286819818,0.00010759738266327235
0.0052699009958947,3.163154256830659e-06
0.0166615840991337,4.4241534932324164e-05
0.0106343085837573,3.041169438201847e-06
0.0079197908005849,1.5577560242357995e-05
0.0196097000264348,0.00016330872760407592
0.0151071220094625,4.343487746490027e-05
0.0076412151377485,5.892941644113753e-06
0.0008942364163061,5.146763895989599e-07
0.0073151076187814,6.350262005163729e-06
0.0148263910252514,4.433505431619125e-05
0.007130103889665,4.709639694839442e-06
0.0037560932970654,1.5950179743177367e-07
0.0138537402237699,1.973779427114666e-05
0.0165787660630681,7.614556858325011e-05
0.0027891097008684,2.4534778699290083e-06
0.0128099783655746,7.438711161590264e-05
0.0048032509887885,1.070712622720287e-06
0.0036977616935552,3.538359811337694e-06
0.0063022789776302,1.6387828027111877e-05
0.0104824210477636,1.4543279122450821e-05
0.0042171667500093,1.9545491676333072e-08
0.0035787993652211,4.63679517259061e-07
0.0090768939263415,7.315878830630823e-06
0.0091543533102243,1.4484662230986843e-05
0.0068837594157813,4.8870703025952535e-06
0.0074071020072428,1.7485051546397304e-05
0.0011727709112878,1.1493129685747205e-06
0.002745457083747,1.616087781755253e-08
0.0153289427450859,4.488230935474484e-05
0.00038200074602,8.005742601693825e-06
0.0057797655997222,2.571602162950081e-06
0.0016790059117393,4.3259288430970675e-06
0.0102383407643504,2.04593480866906e-05
0.0086759103590664,2.8505329720604907e-06
0.0163363133498795,0.00010131807867810877
0.0171956085806077,0.00010218654335119685
0.0068621014807039,5.257133017505499e-06
0.0169547271544348,4.198089715781391e-05
0.0147197562646929,3.102843775403506e-05
0.0061722678836867,8.2129276438351e-06
0.0078570860748087,1.3351285231486762e-07
0.0059126169687474,1.764011923772887e-06
0.0184471423865377,6.505746781978492e-05
0.0109700642873495,1.4644438336377474e-05
0.0041643585693545,2.0062906936462828e-07
0.0089602776727174,2.4906301650640114e-05
0.0014574981350626,4.080334379633959e-06
0.0122228903751088,5.60467889641365e-05
0.0111400551789106,2.2042769674608773e-05
0.0081005906020478,1.4547257485607937e-05
0.0150383266914834,4.276801625156376e-05
0.0157803853003366,1.554914606135627e-05
0.0109843644445815,4.693629387423864e-05
0.017674680516734,0.00013684233982995763
0.0068540708483746,4.151006131097924e-06
0.0099005532542807,3.2121910904380346e-05
0.0086234585715384,7.988322400516437e-06
0.0050075370361295,9.290586193907878e-11
0.019130778226401,5.535672555105185e-05
0.0159267435633959,6.197699199763855e-05
0.0108307493579357,3.283843863738841e-05
0.0121062468106642,3.869391365795999e-05
0.001657126341624,8.840055076669713e-07
0.0135646139564542,5.144952713738257e-05
0.0021460458777114,1.0648177958498667e-06
0.0143466246188542,8.302330615884066e-05
0.0175515188024445,7.640707595964491e-05
0.0080286093355591,3.907161259458411e-06
0.0135176667777469,1.3353816155847203e-05
0.0032913780277977,6.764474256599416e-07
0.0036003826213223,9.232054571601208e-07
0.0180259553936808,4.6559083855676595e-06
0.0024130997820191,3.1899854475452297e-07
0.0004254067487193,7.238003996481793e-06
0.0162062302803104,4.971131700782113e-05
0.0113323083403102,1.1776786119740334e-05
0.003823877607941,3.4187947745407186e-08
0.0023610177340549,3.7959813178389466e-11
0.0083732328012239,7.787359095245303e-06
0.0021525337436514,1.1490697016472535e-06
0.0168743639386783,3.6515497117855736e-06
0.0031385867136158,1.5269299003161357e-07
0.0123927020232385,3.692812094681363e-06
0.0195766893242958,0.000118315455941578
0.0091590408707381,2.1664499695729427e-05
0.0150801737792778,8.854925219366883e-05
0.0144383230811937,6.231803564997337e-05
0.0033304252158103,1.5664908092313106e-07
0.0153071567785595,4.89547625141092e-05
0.0101020028932413,2.98768475369427e-05
0.0015718697945685,2.9065489648417875e-06
0.0026195307379876,5.920366643008715e-07
0.0133220803155138,4.258221156973623e-05
0.0001285121601036,7.558473674585926e-06
0.0071204584099761,6.183839964732623e-06
0.012198152263705,3.0327018599518904e-05
0.0072490841253555,3.1116195537628934e-06
0.0050677042547381,1.0883508431186796e-06
0.0161785273161073,7.54263647360217e-05
0.0149804047122099,5.633040976974445e-05
0.0067702726374491,8.607610749021025e-06
0.0089613443911184,3.806242825033558e-06
0.0134432253884446,4.214164350788168e-05
0.0025702535969839,7.747186948042517e-07
0.0050997313310741,1.4477455039956973e-06
0.0144962627554433,4.961074235763679e-05
0.0199719477492863,0.0001718857211602136
0.0016899581242819,1.2457712198773993e-05
0.0005028357955246,9.64878984324682e-06
0.0072093898231758,9.288060444702955e-06
0.0003360739343296,6.134297704648066e-06
0.0146034022964644,6.039107691569176e-05
0.0092801777071051,1.3966914395488933e-05
0.0183795390657061,8.836379342531562e-05
0.0182920679329077,9.528549262573151e-05
0.0168249485026756,7.139723498759155e-05
0.0039751240466836,2.153928881500259e-06
0.0013775294808776,6.125272189852776e-06
0.0084485105843779,1.668632574535736e-05
0.0119229346259181,2.8243194050169922e-05
0.0021232298516016,1.8453237160046195e-06
0.0039417784211087,8.86406287725495e-08
0.0172017159698244,4.264413530794694e-06
0.0046162272841586,1.416506600222723e-06
0.0150179585831813,4.243471976174001e-05
0.0135415022583476,4.7837862859118726e-05
0.0025702749373166,8.876965343103871e-07
0.0146833441930998,4.582192517041046e-05
0.0029735523655155,1.1289706796831075e-07
0.0093227796762295,1.2282797951879259e-05
0.0059723675012943,4.12049304925393e-06
0.0024933555222403,9.314106564615641e-07
0.0186959261463977,6.417204879311622e-05
0.0059068747103304,1.0255535768016524e-08
0.0044550701966582,7.333949604609691e-07
0.0041688980307543,1.1896477571046352e-06
0.0013589772617344,6.374764729924963e-07
0.0021201421032138,8.146974872729459e-07
0.0044450006544279,2.798106503179804e-06
0.0072366310048206,7.223009033544123e-06
0.0128012653192256,1.2979643937076278e-05
0.0081092906834561,4.585292134005765e-06
0.0111081616752453,3.279583930389094e-05
0.01543030814258,9.965910044159692e-05
0.0185592879785394,4.1600961750859726e-05
0.0042596043729191,7.32558439346195e-07
0.0094897556790993,1.691678777020192e-05
0.0076970042126438,1.818242435831644e-05
0.0080675043153038,8.824784381015965e-06
0.0021230219548611,1.1248969657697625e-06
0.0193910991239425,9.084860362556252e-05
0.0119300663292271,4.029293709252137e-05
0.0052502917770741,1.2374571655094967e-07
0.0165002525939557,9.797044534824469e-05
0.0100926533121232,2.2145081318909643e-05
0.0025531525356179,4.4351813098944306e-06
0.0120471065622736,4.287444660649498e-05
0.0084109259025408,7.843686749975346e-06
0.0002315674719499,1.0833108464323614e-05
0.0054534649206495,2.819545340019078e-07
0.0160978681425929,1.4287465048061284e-05
0.0167285227559024,5.195341753737576e-05
0.0078597918083187,1.7412332662068348e-09
0.0167262332006363,1.420294057650502e-05
0.0112936779431189,3.473238078765672e-05
0.0006911519556271,3.272633570126022e-06
0.0001268858541099,7.647263117705554e-06
0.0017135303297441,5.810088886725198e-06
0.0027506213108552,5.995312051810596e-07
0.0104947831467296,6.589511758910329e-07
0.0021195518560262,7.628367759890762e-07
0.0117521355948775,5.672030027652188e-05
0.0129153826732135,7.320260212062668e-05
0.0099164587382412,6.096825295350333e-06
0.0067137588098302,8.62586310764274e-06
0.0043503923691883,5.728403425597295e-08
0.0128886577847644,4.702761642750364e-05
0.0039176462842676,2.959406760985415e-07
0.0169748430911137,2.8109533364055085e-05
0.0153417880809514,4.5448312112891687e-05
0.0129013050714957,2.9187128366810288e-05
0.0017472379667568,7.671752039167287e-07
0.0014654416527306,3.13162663740341e-06
0.0176914518038824,0.0001056712441026705
0.0093455132612158,1.1732412672476339e-05
0.012334559022505,3.442580489682943e-05
0.0077713322118257,9.444318110905574e-06
0.0122764721548042,3.732259265196093e-05
0.0095864389547877,2.1366291105886285e-05
0.0038738815098743,3.165875973872024e-08
0.0158190975057369,6.038532748578865e-05
0.0114563511870587,1.5161756326909857e-06
0.0056448178513857,3.9698110526872854e-06
0.0144116938305358,2.87400264449766e-05
0.0109465965238854,1.1818062160130068e-06
0.0085584406895536,2.8025331599780617e-05
0.0078818703590652,2.0973284642271915e-05
0.0198202174329539,0.00014729386978612483
0.0111601208767074,2.1778024641873143e-06
0.0014400612611341,5.242575072671571e-06
0.0064241158297903,4.18158627290953e-06
0.0071125358847902,9.367380833454013e-06
0.0173057820920445,7.275234072242292e-05
0.0197464989491887,0.0001720955475970908
0.0056437341940199,1.7709674840642539e-06
0.0057162589727937,9.50152982493969e-07
0.0188880795380021,0.0001558864877150084
0.0105733831823115,1.3098796281688038e-05
0.0045156163984264,4.178589058226329e-06
0.0148755384474885,5.3786971987011965e-05
0.0142454842207343,8.206660356601257e-05
0.0186625705972438,0.00010178713795341443
0.0038004061575177,2.0228943322629946e-07
0.0185418332161434,7.740623382467276e-05
0.010336469640937,4.775741590854698e-05
5.714204917329324e-05,9.199700499828238e-06
0.0124458215959652,5.391289213674886e-05
0.0192565420932993,6.079063306714784e-05
0.0002868753708114,2.71291719890633e-05
0.0169239301072717,9.516380637903773e-06
0.0140403194503764,2.1823393309862568e-05
0.0135504612443995,3.925950213926017e-05
0.0117547415237338,9.605629138692625e-06
0.0018188617381997,1.3542017295566296e-05
0.002186128456066,9.76748210217535e-07
0.0020800001378809,2.1315695285150236e-06
0.0014217988945497,7.233099288201587e-06
0.0188420460406236,0.00010909015608154739
0.0077676730187831,7.9174974372608e-06
0.0130720048243573,3.242272160356242e-05
0.0165007338652915,4.846786842215712e-05
0.0142116655719039,6.658705805683778e-05
0.0086525098098711,1.8586565620530364e-06
0.0107451709452415,2.498761801603564e-05
0.0059787770929275,6.790964552916114e-06
0.017786101311594,7.391016090187383e-05
0.0090950804406834,2.087338553501289e-05
0.0169958183877305,6.225139523727817e-05
0.0094436199733597,1.91288942144148e-05
0.0057459859281761,5.355033837083556e-06
0.00039198032794,6.6161378979521495e-06
0.0003997185162323,2.638461425675459e-06
0.0156176342199183,3.9117358475493774e-05
0.0001419532131932,1.0159877702769184e-05
0.0096173512165237,2.2609487958960012e-05
0.0106471548493081,1.126642070612397e-05
0.0090989680022287,1.2824741823935267e-05
0.0197563795644848,0.00012585316202329616
0.0108662628672135,1.9472429774537667e-05
0.0038700682768066,2.499885993845924e-07
0.0198214425623798,0.00013536422631469505
0.0066636618589801,9.731867522534653e-06
0.003933963363329,3.596479709533145e-09
0.0001532996840944,8.136799630288189e-06
0.0014355021100726,2.1807805429056157e-06
0.0175461882263496,0.00010071746769488327
0.013491939815509,9.09832519255933e-05
0.0119453238008978,4.5460578062729034e-05
0.0160753742031199,1.5270595725690628e-05
0.0055042195852862,4.531527472091569e-06
0.0169200282784826,6.600190986445055e-05
0.0157998408345859,3.153452749645494e-05
0.00286461091456,2.899048472146955e-07
0.0096101989943312,3.0209937268109036e-05
0.0161349323230878,4.0181932030402855e-05
0.0124070833655796,1.7563710827287776e-05
0.0175022525908964,5.408110022227209e-05
0.0027566431779089,2.5081469864959058e-06
0.0032620276121869,3.831723852591027e-06
0.0025025216151318,7.207777819542444e-07
0.0036157167292916,2.146344936427147e-06
0.017188791247516,6.37568577742211e-05
0.0140791081756704,6.709717277689884e-05
0.0048389759769179,2.1066271381383196e-07
0.0191771072918728,0.0001086713753463499
0.0114338297370806,2.2028933037814128e-05
0.0106046557094099,1.012935556576797e-05
0.0004143934815971,3.915109731412524e-06
0.0075840643250444,9.397744196948018e-06
0.0063670111572013,6.618422695480762e-06
0.0067058409105945,5.986084451635801e-06
0.0139972132429745,6.899274864533293e-05
0.0053262570998625,1.183059951109932e-06
0.0034500525008344,1.8165666983807957e-09
0.0157823592959597,6.467210892044525e-05
0.0082577961185552,1.3746552451639413e-05
0.0137303486903912,5.749057440686577e-05
0.0002000032237382,5.521090133261791e-06
0.01314122296573,4.792068957216659e-05
0.015958841090549,4.4731272703074365e-05
0.013385429245606,6.257556843002865e-05
0.0005292660203202,3.3716046201237234e-06
0.0106254891092837,8.871254395746222e-06
0.0112026334995366,1.0991633134362167e-05
0.0092541386389023,9.5338284383968e-06
0.0125997557676533,3.280509844253495e-05
0.0113958697771751,1.4560954739682098e-05
0.0024724721203537,6.8760743114643085e-06
0.0074549945516856,9.933109223932954e-06
0.0016852500278625,3.7171779830339953e-06
0.0147983730223176,4.534853209354273e-05
0.0020802126364848,2.3101766699740645e-06
0.0152363643889729,7.273547180729225e-05
0.0012731592907675,3.1132299347347863e-06
0.0076872274158622,2.051019567606535e-06
0.005750777542547,7.341366062541355e-08
0.0110554413540339,2.5181354880554212e-05
0.0189577744382999,7.721225113602675e-05
0.0192925592932647,8.483215626665241e-05
0.0034938659360247,4.721034992868762e-07
0.0087109241877755,1.2398133992382044e-05
0.0071467484273764,7.128699642547232e-07
0.000766839121676,1.1515619220056906e-06
0.0101497356526465,1.7037561664571182e-05
0.0073047456279502,1.3215692121154727e-05
0.0020124538436812,7.509159456689834e-06
0.0049490044251097,1.7218726543179285e-07
0.0003405503048307,1.0387574390101423e-05
0.0117789922957678,3.5891845598527186e-05
0.0025457899837502,6.735395539741311e-07
0.0112199504943535,1.8395176887263035e-05
0.017135063010981,7.946046183353082e-05
0.0149189151317213,2.584313297476595e-05
0.0124194102995942,5.267977544481096e-05
0.0054618016199849,7.671410498600483e-07
0.0166631167490588,4.968294249777125e-05
0.0005530036183178,4.1954280019779986e-06
0.0032634212962571,1.038646951544522e-06
0.0135948951871411,5.361072823307526e-05
0.0060800549477153,1.2933701849209525e-06
0.0115125945334855,1.389027197287975e-05
0.0063448139351866,1.3457290644544693e-05
0.015774585810197,6.097548675247384e-05
0.0124509453094575,5.1800191517124966e-05
0.0159275586730548,5.82298731979034e-05
0.0073168715474471,9.556964288031023e-06
0.0148643593854692,4.601272228522337e-05
0.0029015254858629,7.141127341310182e-06
0.0184452023178618,0.00010229944599376298
0.0190476757225627,3.6199531762375714e-05
0.0180871120132262,0.00010573446688188885
0.0084741130590708,2.5684225627014596e-05
0.002383015333572,1.4206592202804868e-06
0.0189480159429671,1.1919361097276916e-05
0.0065975462426892,1.224955475534343e-05
0.0041834933951955,9.909280256695198e-10
0.0075879208015667,2.6282461880382926e-06
0.0197191891457323,8.553414693806878e-05
0.0037909871345353,1.8724134151565259e-06
0.0064351437719782,2.0182813233699615e-06
0.0196677368337325,6.434852005604356e-05
0.0008643174604517,5.863861235367099e-06
0.0002513518813981,8.100345470309336e-06
0.0020209555302294,1.93062084368389e-07
0.0101451225231034,9.872977806980793e-06
0.0100616490818481,1.868481060887816e-05
0.0048866874011834,1.8733835628100591e-06
0.0103401949989655,2.4129345149168105e-05
0.001899095047125,1.1194367203902635e-05
0.0063822726842179,2.675894161509685e-06
0.0005250301602126,5.56139578095699e-06
0.0166562066964215,9.22949331518245e-05
0.0156000705957849,9.239807883303457e-05
0.0176022827499485,0.0001305860851985451
0.0058361734970622,6.476474570926237e-06
0.0138510880893631,5.377270862323721e-05
0.003799919233626,7.038911527045413e-07
0.0016804912924655,1.913704149936881e-06
0.0073434263713314,6.596240952106818e-06
0.0096394362075562,2.0964110986560313e-05
0.0199692645982098,0.00013594330602758267
0.0024954684334005,4.7632920125004237e-07
0.0113633033161019,6.794847099233573e-06
0.0173333269451683,2.9788637732155672e-05
0.0104092609124524,2.851989167395059e-05
0.0108314722955736,2.6303168452639352e-05
0.0035711400241692,4.1513994700031887e-07
0.0071667815553269,9.33747164043173e-07
0.0199976866924719,0.00015213843265950326
0.0165255182989189,0.00010758936660551465
0.0069313329147824,9.808847359650864e-06
0.0107600767394464,1.6950991407847336e-05
0.0122410256583682,3.105161869685969e-05
0.0186954817058987,9.347320747235137e-05
0.0065460821787536,2.736140373386582e-06
0.0111879747231733,3.5447089175240815e-05
0.0099729197939227,1.3937760025923326e-05
0.0018933416454178,1.8655974046353557e-06
0.0033440202558241,3.0606494737505145e-07
0.0141073339503244,3.787441325660476e-05
0.0050968535473485,1.097428470387049e-06
0.0163431858546247,5.3913630780626066e-05
0.0053427737430029,1.0439529755327568e-05
0.016225020768464,7.2378528063785e-05
0.0174343556965941,8.482954999393543e-05
0.0062698112469436,1.6152307942666541e-06
0.0041614010435642,2.69062697299017e-07
0.0112133888274551,4.0175331036381176e-05
0.0189981477174296,3.4116244828366087e-06
0.0050921620311275,6.1349043082078825e-06
0.0087298486648283,3.17121443665508e-06
0.0171950772920253,7.377053910643676e-05
0.0185193675774786,0.00013636404697247903
0.013000636802466,3.9745530031097124e-05
0.0176511456290216,7.799641404691241e-07
0.0186594694149309,9.405719256552582e-05
0.000454122368586,8.361283026694583e-06
0.0155909344049171,8.468336159453704e-05
0.001113440852378,6.6590257269186424e-06
0.0045198290464035,5.970205685979964e-07
0.0184991909578951,1.8489184642323565e-05
0.0106403839108647,1.5368713066613564e-05
0.0025379865846953,7.869918233262035e-06
0.0043311488549819,2.3343419171542686e-06
0.0144942887754277,2.0314993873665735e-05
0.0182949217418709,0.00016518414320225205
0.0011584942877329,8.00771594681051e-06
0.0025397494581681,1.3657262826466058e-06
0.0039989042248301,1.1919602016825127e-07
0.0106881173640297,2.864683882808919e-05
0.0045763673013571,2.2894990033788877e-06
0.0119140799072916,4.1071169056260676e-05
0.0172612464835726,9.612261508951333e-05
0.0117576656130828,2.2062434319725e-05
0.0126253819093298,4.5432241495352295e-05
0.0045309742037474,4.760025019144522e-07
0.0196376247404898,6.796719700167805e-05
0.005742943038241,3.2404407774536777e-07
0.019614003875372,0.00011797116008920537
0.0051319793297997,1.0396595246166314e-06
0.0137755045621067,8.551551347636663e-05
0.0038985825849544,2.1755537103597898e-08
0.0194600961922715,7.57235693572014e-05
0.0144655569976713,0.00010985853556413334
0.0054000205472601,4.828245990556355e-06
0.0156642436027527,3.8605668867738784e-05
0.0034420524339577,2.1938988067984424e-08
0.0057647975847717,8.758575948128285e-08
0.019406542851478,7.061656298341362e-05
0.0096879369691796,2.3671307355149467e-05
0.0048170782106951,8.595447153734754e-07
0.0040831989388875,1.3177541289043787e-06
0.0118992392559355,4.0249316578287064e-05
0.0011484269790829,2.540631742803365e-06
0.0194212088244133,4.475392413029599e-05
0.0015188866357356,1.039278736762568e-05
0.0013209534641318,3.821970385714936e-06
0.0131236566175476,4.792287227808125e-05
0.00866180783368,1.4316533008282452e-05
0.0135881730520426,6.37456910185399e-05
0.0074637285013114,1.1640449778497265e-05
0.0045522942037469,3.2283703419509825e-07
0.0110503948185167,4.569605577004645e-05
0.0055606065049161,3.597805297329592e-06
0.0113853692470324,3.9119578804979215e-05
0.0047381220548127,5.404768539227507e-07
0.0051016801959005,2.6686307193298934e-06
0.0105077087202981,2.694660204632659e-05
0.0015857860787687,3.6335158839392678e-06
0.000885588663002,9.927600353099392e-06
0.0170863531767716,4.072136201148865e-05
0.0109794928402434,8.612379570122281e-06
0.0067926909923933,9.15290795190142e-06
0.0100920545084564,5.114204829974152e-06
0.0199582150573143,0.0001061761679158843
0.0131201067044979,4.072610803377504e-05
0.0082054492326413,4.782376947168903e-06
0.0161722954348719,3.7174750192850915e-05
0.0165893759780957,1.0216177883757452e-05
0.006767820286985,7.63031754373086e-06
0.0088728432598089,1.0134315337599248e-05
0.0037581087152868,7.986896000026261e-07
0.0058819616426224,3.811562782762198e-06
0.0128410053015272,5.346288891217907e-05
0.019043834989241,6.276166069168115e-05
0.0073169142646268,1.128030392903936e-05
0.008963635038337,2.9508703240104177e-05
0.0006383787415951,5.604717922290428e-06
0.0174548793735092,5.917361108232719e-05
0.0103602295134817,4.6002765014845035e-05
0.0190567121382935,9.742829948542878e-05
0.017516161490011,8.622127957711282e-05
0.0195480575740666,0.00013546807498677978
0.015374512972011,5.537112397421055e-05
0.0098985068586851,1.598042968672444e-05
0.0121995398621073,3.443757381240921e-05
0.0161161746546734,6.128854590739326e-05
0.0148194806154109,7.880003730140393e-05
0.0179098714411842,0.00011431272907611933
0.0012072744848901,2.97020621643007e-06
0.0143710263509394,3.184972362633983e-05
0.0059759405062797,5.410385438864446e-07
0.0019395075654349,1.391919603092728e-05
0.0184871270157662,5.5380339786577464e-05
0.0089160020924824,2.6610783486876824e-06
0.0158289899470349,5.86502368511009e-05
0.0013821683580474,5.271739934018864e-07
0.0009250299919115,1.3690638337175825e-06
0.0166119869801149,8.667656507242086e-05
0.0157789593583778,6.33822801750115e-05
0.0179191314102592,3.848795854893275e-05
0.0182252534738611,5.7175767009188e-06
0.0032694769836828,3.3599455283308348e-06
0.0135060475900349,4.4507795046897504e-05
0.0128748998869909,4.446926035018132e-05
0.0087552146357221,1.4691322992105366e-05
0.011195406258147,4.2858571641230244e-05
0.019102875911269,0.00012144501691522757
0.0137402724910887,8.614226615109291e-05
0.0145384208557028,9.633112670855577e-05
0.0151765813940211,3.736116806425416e-05
0.0137600601314512,3.317218385029565e-05
0.0151058355497461,0.00012036748726932952
0.0083471899479536,3.0673041897067043e-06
0.0029312717104246,2.1841868280179027e-06
0.0050601574811989,8.553770673339643e-07
0.0187166178144264,0.00014161379354871704
0.0084436966996568,2.73301415185964e-05
0.0013215815588017,8.431259902438187e-06
3.304117349293811e-05,4.663945439402239e-06
0.0027500592483405,1.2000752534928712e-06
0.0002342345250735,4.605534409591921e-06
0.0136577583314546,3.542817770501933e-05
0.0168944811426041,8.288181361894587e-06
0.0020548789835846,3.4336683896605283e-07
0.0007504729602832,2.767311326214954e-06
0.007155153701349,3.624232643820163e-08
0.0181459741362906,6.432988532955277e-05
0.0034153883698434,1.7547561984698599e-07
0.0149563856383244,4.171804763391634e-05
0.0182131850185631,8.683352780856275e-05
0.0093371054309832,9.293313444037577e-06
0.0003966269843347,9.596335100949137e-06
0.0112548728378325,2.8766957601741836e-06
0.0179728799870542,6.919684690769897e-05
0.0134171478079644,3.053601149701453e-05
0.0171272477883642,6.607794574598684e-05
0.0042776975883605,1.0844886529695178e-06
0.0189096747041848,0.00010089942402792689
0.0005556997233845,5.643606507369405e-06
0.0195092700430625,0.0001309718243795481
0.0148341624789431,2.8374353762195557e-06
0.0120055654130316,3.694919854035744e-05
0.0092801639132449,3.944095621608324e-06
0.0054889776759764,2.5683454303527535e-06
0.0164890962536148,1.007687000222343e-05
0.0091219901354926,1.5109376137177273e-05
0.0159186624245698,3.0888243496014435e-05
0.019082890300043,7.08303453143741e-05
0.004611357177462,5.881061998073486e-08
0.0130554427793985,1.3966454997501633e-05
0.0180706593513405,8.135928240260215e-05
0.0024281277791083,1.1099233527779728e-06
0.0044579383568129,1.3326319436221784e-06
0.0021560833590856,3.1815253217791596e-06
0.0152456732098762,6.177807336569608e-05
0.0105836812471518,1.0847479715761204e-05
0.0057922314147327,8.754445444349203e-06
0.0126429592601246,3.868095647699149e-05
0.0124297120627265,3.764943160657322e-05
0.0094422689456593,1.3376440101003133e-05
0.0065430706452331,8.482449000519305e-06
0.0021603631993769,7.518557755216602e-07
0.001331460489107,1.089939833953153e-06
0.0114975942907114,1.9093624656055463e-05
0.0119931607860191,2.4246817880473208e-05
0.010526649980239,1.060056245318306e-05
0.0030393208374853,2.9528462272540074e-06
0.0048532565914443,3.538034130294205e-07
0.0079250028411187,1.5399962120936214e-05
0.0102177694423418,1.2521393885864562e-05
0.0191287273299838,0.00010733643660224979
0.0007578063424622,1.3486204786598416e-05
0.0195332210630706,3.8607230292713086e-05
0.0095771577332923,3.157171672470961e-05
0.0108322147088284,4.062810268482385e-05
0.0017449642370882,2.6833500174191505e-07
0.0188688185890722,0.00011949925885917261
0.0143524218792256,3.5091316297269666e-05
0.0070133684342871,1.1574814850422947e-05
0.0130438507376719,5.79312842842417e-05
0.0099006929299435,2.075901009746596e-05
0.0012637621609081,3.986167177843653e-06
0.0187665874351618,0.00012653801141957494
0.0026127168257467,1.1285336868427765e-06
0.0051490862154423,3.9541345015023436e-06
0.0063675055719442,5.39776039831323e-06
0.01634434654447,6.57501418342645e-05
0.0076339224515858,1.3532667894188027e-06
0.0116844982338395,4.170819685385112e-05
0.014629673247325,6.997506636766781e-05
0.0084560910671576,1.3230554339040705e-05
0.0024345718968219,2.3610369364585325e-06
0.0089169091061742,1.696204643823842e-05
0.0119104384578321,4.458357587456194e-05
0.0047824562416197,9.456399386711321e-07
0.0049283378565163,2.5047087448256956e-06
0.0155157058230565,6.485580949321077e-05
0.0087868445789091,9.185087051437032e-06
0.0064376949683076,8.37576022829672e-06
0.0176254274482287,8.167711128946881e-05
0.0084743003424749,1.6302997555018526e-05
0.0081939573015098,1.2601859819654904e-05
0.0066763771251138,5.295865065379724e-06
0.0069765392456415,1.1835583846609225e-05
0.0130447709339431,6.634930845163718e-05
0.0021869976807106,8.790296450782663e-07
0.0170950616441544,2.5853327567313905e-05
0.0075881098818804,6.466493689600089e-06
0.0122800859765702,1.6339009761643392e-05
0.0058243038354794,2.0691588279279447e-09
0.0155451525870654,8.333577382768769e-05
0.011152437725932,1.5431543221713585e-05
0.0043747254958249,3.876705657029199e-07
0.0141288537502209,9.42962649695529e-05
0.0107810619433891,1.3116693025205637e-05
0.0197830109713,9.425435354666315e-05
0.0178614094000819,9.293743118323221e-05
0.0191631120805658,0.0001039068087721483
0.0138358585938588,4.467537283932641e-05
0.012399938819679,3.357906270516128e-05
0.0058656741064493,3.106214692566296e-06
0.0192454849167236,8.351288728731497e-05
0.0196348238798911,2.3152735374859857e-05
0.0061779580942777,3.1410149039669157e-07
0.0019027239657207,2.172610976895259e-08
0.0044990633083723,4.8454252167746556e-08
0.0032568544663843,2.602446735981766e-07
0.0060318001825727,2.972751185139915e-07
0.0152590295408202,6.191620402859778e-05
0.0084022205047492,6.922157723816781e-06
0.0093881352425851,1.4294838582307467e-05
0.005949137984045,1.1816548638818487e-06
0.0197085202032986,0.00013380132250036895
0.0067253564957698,1.3175833273172276e-05
0.0118830100181596,2.6602125276497194e-05
0.0092167614548406,1.4402389281346414e-05
0.0023277808766202,2.440409445647686e-06
0.0063269162180017,2.6796065956130743e-07
0.0060819597120022,6.236514535237089e-06
0.0163596845499777,6.890107579527908e-05
0.0075151566483702,1.0706471496487264e-06
0.0006711374074647,1.1708051901707706e-05
0.0086523372902291,1.8641731882265462e-05
0.0050741747684816,2.013732204595286e-06
0.0132242316241242,2.7999686314471587e-07
0.013338990940605,6.142320801669583e-05
0.0016976281095298,8.741193624250183e-07
0.0006284280263694,1.0997203490679714e-05
0.0041615781446993,1.378318219090676e-07
0.0012805158128601,5.3631865103090765e-06
0.0029291959171587,2.3708772885015586e-07
0.0079912220970778,1.5977146872186296e-07
0.004067288867022,1.8760659472182172e-06
0.0100230806752059,4.6546249958191126e-05
0.0083168673230645,9.218402215919488e-06
0.0172113486703656,3.199710614995748e-06
0.0115678431345824,3.235098133626672e-05
0.0043282256481352,2.1363318621542307e-06
0.0059623226661328,1.3734023723608417e-06
0.0118624239153142,2.5706978998304463e-05
0.0014832293955193,2.1998579011408658e-06
0.0115912835910771,2.673549451689886e-05
0.0061452776056955,1.931330991195652e-06
0.0185700562712012,2.9240584660345946e-05
0.0170269578368998,8.476354634896675e-05
0.0176748840473528,7.896553758745151e-05
0.0043581183390956,2.210964298750916e-06
0.0160554383943511,3.43175617797186e-05
0.0089398613480175,8.975343706037464e-06
0.0171832013099453,5.570396867279282e-05
0.000664402107597,7.286287680152138e-06
0.0100789362104791,2.368850846619813e-05
0.0024406920056328,1.272518032895737e-07
0.0126992445590831,5.2579608379663154e-05
0.0012351354834192,3.695721451191655e-06
0.0066632019271963,1.5479201158719353e-06
0.0174791707616876,0.00010999507589638395
0.0155203784994551,2.8850163955960702e-05
0.0039976911062157,4.1435901583665376e-07
0.0162483428365251,5.651853496419349e-05
0.0166696199829484,9.161441982888351e-05
0.0006672440986342,4.163109733268251e-06
0.0009104912012539,2.443018160262528e-07
0.0017375188075753,1.2325362094937751e-06
0.0114557557260903,2.833320684207214e-05
0.0107596214755783,2.0945201554373886e-05
0.0187821131865933,7.032478568248897e-05
0.0091666318521536,1.6891197494946166e-05
0.010727024933878,4.358150120845357e-05
0.008670661309863,2.102893326157779e-05
0.0053258051302855,2.155609867971363e-07
0.0016046475703733,1.184858740280824e-06
0.0049828096773627,1.2470597766978572e-06
0.0072187134519128,2.208893613910451e-05
0.0107768816578671,3.2852406837225756e-05
0.0175590467494905,2.6121953739862296e-05
0.006846664228535,8.030407429456796e-06
0.0157101687881407,6.324703986863441e-05
0.0100925970085275,2.838517825828522e-05
0.0120703406006219,5.2944669074129596e-05
6.49688066988774e-05,6.364327890582458e-06
0.0176803254213696,8.63568561408522e-05
0.0114993465996778,1.6864501793659894e-05
0.0069023534975168,1.0207127923152969e-05
0.0142725838253722,6.972356475981618e-05
0.0112663871510301,2.103358782578831e-05
0.0083040694894307,2.066238313472901e-05
0.0040794395236632,1.2948019579996483e-09
0.0141548790463892,5.5052320329002074e-05
0.0021950657943206,1.214689969733378e-06
0.0176908540495998,0.00012683803461745825
0.0160207997936636,9.008022374734386e-05
0.0176000753519341,0.00010194942430891184
0.0152265401014643,9.792539411238965e-05
0.0192980974743922,0.00014377489410694963
0.0136259734342216,4.414754881078164e-05
0.0110014766391925,3.616861342749963e-05
0.0088224847365813,1.387360989002183e-05
0.0032500635477077,9.060541399206002e-08
0.0171658110665744,7.108340940598516e-05
0.0113470812744525,2.843741335256542e-05
0.0171575590095533,0.00010970036138935781
0.0144921452180861,3.8027691923090154e-05
0.0135614796394674,4.659872225585152e-05
0.0194562002098492,0.00015579398750233814
0.0173656517801952,3.600945175721834e-05
0.0088199505527209,2.6854119753258027e-05
0.0180634203547187,7.3702087056888266e-06
0.007733277421374,9.215603687477429e-06
0.0070710980179432,7.308497631047359e-06
0.0174860330205726,0.0001179599663817339
0.0117443328908882,7.618408965389125e-07
0.0115753987985936,1.6997721950739337e-05
0.0099768894249081,1.1362628601857606e-05
0.0046391643288544,9.510870749913443e-09
0.0183722784255814,5.3123528259740834e-05
0.0036060531068296,3.0245337702201256e-06
0.0056340289377624,1.526432598992682e-06
0.0043356696861788,2.0839363935622887e-06
0.0088357146699239,6.4191223566229405e-06
0.0105930790951884,4.747854465028762e-05
0.0058229411935317,5.786982677972636e-06
0.0024127208075027,1.9662782938761487e-07
0.0058228980742372,6.804619380442139e-08
0.0049309366798373,9.560132508273047e-07
0.0132664573828623,4.931533868011764e-05
0.0016195520911455,1.8606359558887638e-06
0.018987393855364,6.362608631629498e-05
0.013731133750853,2.6950752840980383e-05
0.0174083551832685,3.1324783294784456e-05
0.014637676832083,4.136665145627917e-05
0.0096313848303732,1.285467095717986e-05
0.016622061216243,3.451147894847697e-05
0.0051338603094934,1.6959078023388224e-06
0.0028324715398177,6.794454741332477e-07
0.0137062461140054,5.99181317709802e-05
0.0074071471989568,1.0976244249930216e-06
0.0038453930601118,9.778540986563226e-08
0.0052370559249526,1.9663520991938023e-06
0.0013224162457272,4.810796432049182e-06
0.0124962379753621,2.1236076477482983e-06
0.0040811212491679,8.486645025990704e-08
0.0013703817694815,9.880833166954508e-06
0.0112171993784471,3.435943049317521e-05
0.0041171200680131,1.7692554848406042e-08
0.019346032709625,3.0867478908003194e-05
0.0004216726895866,3.9077817234946985e-06
0.0082767650991016,6.3163376254717275e-06
0.0027312337163991,3.794567618661848e-07
0.016054093507905,4.717309298471996e-05
0.0079938542100996,1.628571478521401e-05
0.0074993705949963,1.715075211971294e-05
0.0180843681529713,9.688638637177798e-07
0.0109096906308903,3.484077611134678e-05
0.0107883774068619,7.839034802156929e-06
0.005511719439401,5.104110485571824e-06
0.0162522670028356,4.429868165050778e-05
0.0016427401789018,1.984007508278452e-06
0.0190195167302135,7.33108436585844e-05
0.0080565045550426,6.715630702499394e-06
0.0045830222147243,7.240200037719996e-08
0.0154553294671306,7.669747046582805e-05
0.0008570073068733,7.638336945159359e-06
0.0122257482304792,1.4557044871081784e-06
0.0087206809227475,8.49304429911322e-06
0.0114502917166174,2.178208882410261e-05
0.0032800996740112,2.225951426209612e-06
0.0139802150837537,4.649922645692881e-05
0.0199561232052193,2.481216190690804e-05
0.0004967498970881,2.6818595802793735e-06
0.0073224086852983,6.111116303233983e-06
0.0155955494636632,1.465853295962988e-05
0.0017900092964358,9.738254317250094e-06
0.0163403112011501,5.1655058233678045e-05
0.0023933374818693,4.726888317724248e-07
0.0183600754963277,0.00010518465353041022
0.0162551377557498,7.609595817683698e-05
0.0171977025801201,4.507007938470169e-05
0.0014155400165706,1.5973388955978957e-06
0.0145987120040925,8.814962521669288e-05
0.0040883055664375,2.0139804167242884e-06
0.0022786578894694,3.2254239816834e-07
0.0035925260875809,5.986483886385919e-07
0.0127820215926378,3.2751441513429467e-05
0.0199954553786121,0.0001866526470227381
0.0029150533695817,3.2696871011731343e-07
0.0115043459083795,2.404623545163829e-07
0.0008973916846441,1.0870893629447228e-06
0.0185895073790238,9.899116556163903e-05
0.0168396201642762,6.227327147276608e-05
0.0080360687969956,3.797632232296305e-07
0.0161340029986034,1.899553237952992e-05
0.0124119237118446,2.0693435302204232e-05
0.0029112844285226,6.022110110079348e-06
0.0171074576002426,0.00010242335334292097
0.001878210991211,3.930363997891327e-06
0.0100831393289832,9.414864247311637e-06
0.0191529619641656,7.529903270327735e-05
0.0196640648492683,0.00013229515558080631
0.0146581133277227,2.044489443314778e-05
0.0141873140284459,6.873166988116722e-05
0.0021794952227006,2.116183501864898e-06
0.0089142515757889,6.257551517949452e-06
0.0004452752126857,1.3887794670003703e-05
0.0198795658876402,0.00011320280886465432
0.0042114923785316,1.654393750927277e-06
0.0066170228073483,2.78267537572234e-06
0.0057248856206312,4.715134209671104e-06
0.0165150053894379,5.230705261594734e-05
0.0106406325216894,3.451567376606197e-05
0.0123827025281076,2.1114631975208776e-05
0.014945201958571,0.00010129150431391145
0.0127179726460697,3.2396772058642054e-05
0.0191318742341461,5.136627691312177e-11
0.0068539444571344,1.046318334443516e-06
0.0057120848745358,4.034718474489951e-06
0.0181369284331498,6.588871636295432e-05
0.0143198313835331,3.572908241053043e-05
0.0102070266346651,1.5494607661405485e-05
0.0068973658646277,8.403948056009033e-06
0.0035756784952053,8.257555493004012e-08
0.0062910178259094,4.527368767689698e-06
0.0190166092072439,6.696013720210822e-05
0.0172529427625717,8.395464496871432e-05
0.0140610302145787,6.077476944634958e-05
0.017000526141375,4.470567350736585e-05
0.0090016364504477,8.685058135093941e-06
0.0007178672291583,1.3640229298093318e-05
0.0115220244421768,3.6731418084688104e-05
0.0111982526774509,4.368680964342208e-05
0.0136960462728574,4.597000517814677e-06
0.0046663618148516,1.1891341636498447e-06
0.0148323513688202,5.675663195026885e-05
0.0091942740835175,1.5386074345208532e-05
0.0014155905918328,1.0470075464117887e-05
0.0040736829428591,6.358185742903907e-07
0.0164462714075553,1.1269750606827512e-06
0.012517275693376,4.834538148764633e-05
0.0128327285265356,3.0199247305910197e-05
0.0002259370179264,9.775796666857785e-06
0.0140869759686436,7.317881437318026e-05
0.0084113712773382,5.625001327736499e-06
0.0053727181362035,1.4317896095983488e-06
0.0069357252048638,6.006490347186766e-06
0.0041484611234681,1.5208521903461549e-07
0.0082215830073027,1.9931813563998423e-05
0.0048275294101108,6.829061604982343e-07
0.0012101478449672,1.1413591389276568e-05
0.0097075328858903,8.18982576170833e-06
0.0164190429547008,7.261821898106435e-05
0.0144835494355899,5.021183451600949e-05
0.0144507382987686,4.672226327133244e-05
0.019376575277347,3.523314187571314e-05
0.0184084018359724,0.0001071097590271431
0.0158076660909023,8.79418165720682e-05
0.0077814616461023,5.695250931895763e-06
0.015207137767636,1.9169600731438575e-05
0.0011511795727588,3.7803952650009113e-06
0.0110615948215017,4.0530836122861065e-05
0.0056418376054777,2.64212207657046e-06
0.0169561768525648,9.923904497130935e-05
0.0103560335670661,2.4336753576862863e-05
0.0079851395703501,1.4292320109875594e-05
0.0092566152957401,1.7275238831243746e-05
0.0081816673409961,1.8263313519058643e-05
0.0023208201219867,3.4314708278985785e-07
0.0115044832589373,4.9836782620318265e-05
0.0077295008790841,1.7370185752219085e-05
0.0121457606316436,4.339318579133871e-05
0.0062113804384936,4.620181737052604e-06
0.0108536746427759,3.759501146058501e-05
6.417741822912327e-05,4.1426319953063245e-06
0.0051257991422562,2.032816879657502e-06
0.0112718077305189,2.9049946141718943e-05
0.0027767663568697,1.7160887004918865e-07
0.0199452103158373,0.00011041229831743003
0.018515819180341,7.838842376366547e-05
0.0140682750523683,7.744746253929183e-05
0.0199619045920162,7.011108347802345e-05
0.0004438341585956,7.854375517611265e-06
0.0116170806024901,1.837895284905269e-05
0.0123389775904448,6.174364210350673e-05
0.0036174937952827,1.6605365762575695e-06
0.0194326251936348,1.4120104691662336e-05
0.0130546691161227,1.8145886570869642e-05
0.0110708329374934,2.474509104806827e-05
0.008547682589725,8.136598140194578e-06
0.0132157355884026,2.653789496402351e-05
0.0146426575424464,1.908400104257712e-05
0.0187354897352205,0.00011458278249304087
0.0138027854877849,4.7701616071325786e-05
0.0192844402641882,8.994393488420006e-05
0.0011564039012491,2.3022955121901506e-06
0.0139566036985749,4.1429783446370305e-05
0.019801791338344,4.727129750201289e-06
0.0085796968575274,1.535283962098057e-05
0.0013633138124528,3.7014343743991933e-06
6.133235640593427e-05,7.831752839440795e-06
0.0102777809009826,1.3457286364279471e-05
0.0037080181085395,5.70649989252133e-07
0.0066656783983439,9.98828474345211e-07
0.0052456331513506,1.127998083478568e-06
0.0080420181588616,4.354350636644153e-06
0.0090801275699002,1.3836412502429309e-05
0.0175960741592448,9.320858481541466e-05
0.0182466736918394,4.5835870274852234e-05
0.0181321307400623,0.0001021993759298854
0.0039745798803957,7.74091928234792e-08
0.0082448420917974,2.4378210620947387e-06
0.0185224312006146,9.557940813014368e-05
0.0050679394349187,2.567661737022834e-07
0.0180965983447085,4.88271283333637e-05
0.0139382275473623,1.1053948570969542e-05
0.0017532047140541,1.6034366773910261e-06
0.0168503411886978,1.0488323725204223e-05
0.0140826261687591,7.369724634763684e-05
0.0073695720484215,4.57001149315817e-06
0.0063615503258281,5.1081141206305845e-06
0.0037714102360036,6.926769153159517e-07
0.0091547730658967,1.2603883712927386e-05
0.0157860924199594,2.275405653679933e-05
0.0037289296492645,1.0762613419132187e-07
0.0083187268434301,7.242875439726002e-06
0.0096475333491276,1.6075356216980793e-05
0.0026083921163362,1.510707445169628e-07
0.0040221864743857,5.816286817767817e-08
0.0010735407572064,3.018771037041415e-06
0.0178124024957304,0.00011101980105638614
0.0136600287700336,6.552985552448572e-06
0.0096026718364479,1.2527534061078988e-05
0.0097286537562589,2.1237141180593173e-05
0.0073068172531846,5.449533678233161e-06
0.00976055492629,5.811731043510765e-06
0.0141052215774159,2.9148308365531538e-05
0.0112857605644765,8.785568553573479e-06
0.0083634145243362,2.0686082171946352e-05
0.0018258143887764,4.886680516093559e-06
0.0061398083295656,2.833412298883551e-06
0.0197434197554698,6.926521865604335e-05
0.0154670421395086,0.00010078172421484771
0.0079740185851312,8.535875246334807e-06
0.0140466914568913,2.446026324149618e-05
3.2844140279979506e-05,5.714477081891501e-06
0.0142010825914283,3.309589039830699e-05
0.0042985960070948,1.8939560960472822e-06
0.0148706413785447,5.421333078657519e-05
0.0055617926461722,3.7294809942452647e-06
0.0069490836138678,3.3675188398461874e-06
0.0030300516014872,1.1295201956656866e-06
0.0095979836530842,9.349017274746635e-06
0.0053521423542442,3.0057952709417555e-06
0.0196665124563045,3.825990220669793e-05
0.0028051567763343,1.4686120370918478e-05
0.0168884443107754,5.1787075671220896e-08
0.0030608244388121,3.6992875712214528e-06
0.0090489431415631,1.7129288103396545e-05
0.0185052655433379,1.3830993797793256e-05
0.0032959982185312,4.2005689055261765e-07
0.0070671707450065,1.1389156793139572e-06
0.0145460645229134,4.977577523800962e-05
0.0196108733495744,0.00010289563181774393
0.0127153197082156,4.702374817802652e-05
0.0133549390094948,8.54539577769145e-05
0.0137694012560085,0.00010021854291470639
0.0013764201300917,3.780155890877198e-07
0.0198841779958416,0.00016506873709256218
0.0105406485169485,5.50636372169633e-06
0.006815951462098,1.080622591429748e-05
0.0060333714371992,3.0088716793052956e-06
0.0150816839155767,4.900829321871423e-05
0.0108353110315176,1.9351834767650178e-05
0.0162893500253389,9.67932046439068e-05
0.0007735075377121,4.324404428711978e-06
0.0015066219787577,3.3303594826399403e-06
0.0146765052828782,5.223408428548914e-05
0.0143872535884282,3.0638183001081655e-05
0.0156722402820118,1.4744364510383543e-05
0.0083906983263023,1.1464658011390871e-05
0.0085854557645851,3.769920166632109e-06
0.0088855564596059,8.546021174308125e-06
0.0172326021951627,4.643947991231503e-05
0.0016507850924085,2.5819428408006954e-06
0.0181091397421357,8.713829211266723e-05
0.0180382853418715,1.312000069299701e-05
0.0021172795813103,3.720271704513115e-06
0.0138795254872103,1.3512380774980008e-05
0.0123875335459337,2.3125356250940812e-05
0.0176845369867735,8.66366986113434e-05
0.0019794276709765,5.058035017620292e-07
0.0091531971519427,3.137158334969252e-05
0.0133134184516339,7.802093771410171e-05
0.0001160487625295,1.5496464124700046e-05
0.0089607037811619,3.555593917455165e-06
0.0002362656730813,5.842166672305528e-06
0.0136664701858878,4.018490704556701e-05
0.0180199325395978,3.220375208647538e-07
0.0078212535951075,1.5547637074759343e-05
0.007027491336864,6.0244630822727355e-06
0.0092971226508961,2.2311609979743413e-05
0.0077165529903475,2.4314413422931598e-06
0.0138934040423954,3.6714644315523184e-05
0.0009210510322011,1.0549380109917414e-06
0.0018010862778566,7.665232729134616e-07
0.0175839144949793,2.7558841320515638e-05
0.0186119821645209,7.58864317068941e-05
0.0069803549836697,1.150035789024015e-05
0.0150930032746458,3.598128197552624e-05
0.0102668650999423,3.12178720219e-05
0.007198158752369,6.244250630416765e-06
0.0165662537169819,4.987953572754029e-05
0.0002019457669515,8.541694349870718e-06
0.0136371462784504,2.1042479236269625e-05
0.0092580015993966,2.472098936471905e-05
0.012476799017836,2.841143676550792e-05
0.0069860119265242,8.148814417568954e-06
0.0028710832327657,4.522847178848424e-07
0.0037349910597445,7.437341298818138e-08
0.0082281248835477,1.5210886844617399e-06
0.0001543534879702,1.9979898816554834e-05
0.0104972559682684,1.8202329107623965e-05
0.015725457358486,2.3139263590452277e-05
0.0119108626475833,2.291029377981721e-05
0.0110631720098805,1.63202231199949e-05
0.0154360887791518,4.550719383314849e-05
0.016855867968604,8.014736670460428e-06
0.0111424405545708,2.5123779620019648e-05
0.0056460464561447,4.0500917725814184e-06
0.0167384237861338,0.0001491575917190432
0.0141993904981842,4.547715323724939e-05
0.0015614940604864,2.3410837814810441e-07
0.0171636124858701,0.00011306147651612173
0.002280318291343,1.7856240873331376e-06
0.0109106231998786,1.3848468827451536e-05
0.0016040063252935,1.072731083997466e-05
0.0047352455773011,1.142356258145958e-06
0.0025946124395176,2.2988490340137928e-06
0.0006001822510445,1.855399709253601e-05
0.0186307557213262,6.560019137207835e-05
0.0102150102791916,2.3974525951840824e-05
0.0053626156157567,1.9309869020058276e-07
0.0070051374721104,1.4825991240205795e-05
0.0186867195245142,0.000118053879242962
0.0056266561425386,2.6389329187474627e-07
0.0137091798584483,1.7430155856374936e-05
0.0107413455107312,1.2818278460278043e-05
0.016200479878087,0.00010778973742970666
0.0044400857571457,1.3484492443128136e-07
0.0133337198534394,3.5703204571669046e-05
0.0194793626546124,1.5832935121968466e-05
0.002218769659361,3.0480054105630294e-06
0.0166367143991897,0.00010088454928398474
0.0126979094170399,3.176691053847988e-05
0.0107096434873903,5.18061156782571e-06
0.0054925288543194,2.856979953704681e-06
0.0063814369057444,2.230733614870988e-06
0.0080436729195541,1.0772434066651271e-05
0.0166732269468366,1.0039103917220386e-05
0.0048019899698439,1.138661800444554e-06
0.0054021373018786,1.1160079166324161e-07
0.0093363832291896,2.8326753848493116e-05
0.0061989190044911,6.4431901782293885e-06
0.0028479428200684,4.291809229404913e-08
0.0187511864453854,5.486183401080144e-05
0.0179026114644499,9.584842603073027e-05
0.0040217326935201,1.4761390749377123e-06
0.005488697184875,6.43081257625664e-07
0.019070626864053,5.5757458621698386e-05
0.0068809467287945,3.204692572983688e-07
0.0154713125138193,0.0001006090143397294
0.006948261112125,1.2144924088291736e-06
0.0123352981500641,2.3059497345646502e-05
0.0010876738005593,1.3193675832835083e-05
0.0085747656693277,2.3474387271418912e-05
0.0193904130445876,2.0349941861709227e-09
0.0132374914896155,3.17781744850696e-05
0.0032395819105484,4.716865067569714e-07
0.0152321016176604,7.715503839403897e-05
0.0068790505759286,9.957000385541056e-07
0.0026227872164479,1.1923254999502202e-05
0.0103102893038441,4.3048387359424295e-06
0.016822962448828,7.098971953799973e-05
0.0056518509198467,5.0374194266781365e-06
0.0023021175826711,1.7298008212451418e-06
0.0047778052146766,4.183470704171077e-06
0.0013629790106369,8.192565137613377e-06
0.0062923594993439,6.372483477684056e-06
0.0118147498090382,4.394414673876116e-05
0.0014140296785652,1.2452153676835021e-05
0.0010318025500394,1.8369807897101215e-05
0.0095992722636598,2.122626418949196e-05
0.0167401597831949,6.944464881286888e-05
0.0019518397476201,1.7108087726645676e-07
0.0086140988405827,7.3077172358422306e-06
0.015895634479261,0.00012982989408915954
0.008526394779886,1.7043182400237197e-05
0.0087864421976779,1.2558780467818595e-05
0.0120367280699799,2.125799991663453e-05
0.0131844346127733,1.8773029089470536e-05
0.0104076774156009,1.6379971989491132e-05
0.0148538472168106,2.97094649211958e-05
0.0182374444760797,2.3279695690747223e-05
0.0033950713518208,1.8499065636484599e-06
0.0108279172177244,1.1950096260106634e-05
0.0172432876980027,7.79924356618383e-05
0.01994695813567,8.644980322436671e-05
0.0109342357251173,2.2331082772145705e-05
0.0165422590425037,7.801588988502352e-05
0.0086891925724342,1.4066950736256075e-05
0.0101207766664787,2.5521871245601487e-05
0.0040821369926343,3.135186958838099e-07
0.0016888244914533,1.2691057920622805e-06
0.0057378882029061,3.5002065798880414e-06
0.0029991643242512,2.45911658258678e-06
0.0123689552519908,3.428685410358418e-06
0.003507540470003,4.567275773933371e-07
0.0039673389459263,7.688452967663088e-06
0.000919379375423,1.5856038907596882e-06
0.0176392009572481,8.842582219443155e-05
0.0126392860762334,3.742744099823563e-05
0.0031079234295479,2.538160576722136e-06
0.0184718394562008,9.730647448289126e-05
0.010228990319829,4.1170469033499343e-05
0.0080435677315833,2.2037854591479693e-06
0.0131459198354544,2.5975971042756882e-05
0.0002311086153609,1.146653934011937e-05
0.0020756233918591,6.516720276979049e-09
0.0079832277603795,1.1652836294808145e-05
2.587086500722036e-05,6.713415187065199e-06
0.0181318730543027,5.906895246118404e-05
0.0153339451967874,4.811534391944572e-05
0.0178725522016017,6.68630838693758e-05
0.0004244203228609,9.008791557061294e-06
0.0058569186102825,2.4786000068997033e-06
0.0037244635446129,1.8892325413487616e-06
0.002985541822921,1.956561637499843e-07
0.0025457267064899,4.864113868983689e-06
0.0022403771962393,7.271350698182454e-06
0.0045861973294754,3.226246019237146e-06
0.0021925998820425,4.787505766625287e-06
0.0131939804183968,3.979422649683206e-05
0.006262734751116,5.077112352934591e-06
0.011122296452101,1.6825746287023046e-05
0.0013375667260922,6.663645285888071e-06
0.0198091169104384,8.012559052144977e-05
0.0064861708702604,3.6081810828947504e-06
0.0141484073160858,2.596129400845107e-05
0.0038391897430213,1.3487315709731274e-08
0.0015594402250987,2.8435494894495625e-06
0.0164226340501974,0.00011624151670751826
0.0038390420917858,4.4508595391853826e-07
0.0176928868936763,8.867622111035708e-05
0.006135923576973,5.7801649762004505e-08
0.0137272182813866,5.2155675728504975e-05
0.0092245391831366,8.564288215489458e-06
0.0163437395252057,3.8115661726475126e-05
0.0159472992116554,9.534985452639074e-05
0.0151447147485156,9.033829922373618e-05
0.0023243860008089,3.0572434369798897e-07
0.0038039444099925,5.10625542113523e-08
0.0111268283602503,4.105161350374838e-05
0.0091566620459151,1.2428902070043525e-05
0.0081134751092087,1.1509182155755717e-05
0.002138286097272,2.2321952832485415e-07
0.0194744619028391,1.488276481576757e-05
0.001621932482185,7.739221910409708e-07
0.0032794774038312,1.3645124745853163e-07
0.007266852795432,4.565562986134771e-06
0.0112657575083805,3.487745667725563e-05
0.0006513632780672,2.4262040460353723e-06
0.0006141262076695,4.3883875308399e-06
0.0182361948670279,5.356575332409784e-05
0.0196206392967286,6.480464934955798e-05
0.0075784529757274,1.3590870638812864e-05
0.0039175883799751,1.3493635357828383e-09
0.0117895283604161,3.86414059626064e-05
0.0099554601600877,1.986193687261867e-06
0.0126234536321517,4.1455258388852424e-05
0.004850673987724,2.5273917872718198e-08
0.0122040120309044,5.288617080988998e-05
0.0008987364963395,3.433770998066541e-06
0.0004507415273264,4.108568701871769e-06
0.0183081208017051,2.4115831548970087e-06
0.0190376799403166,0.00010239117674053462
0.00694404837094,6.722710180320443e-06
0.01305982113503,2.086421201638274e-05
0.0084769349219875,7.9913283458472e-06
0.0045921176834475,7.396644061183056e-09
0.015852511164349,5.4215705560717566e-05
0.0188769765863473,0.00015071548826471536
0.004569477425448,6.1504889274014555e-06
0.0067090114937003,1.7446369732636307e-06
0.0172175058882656,0.00014087878677046365
0.0087535575426349,7.54652094229702e-06
0.0061162712454543,4.4778621407938454e-06
0.0166595536645376,9.049702843382399e-05
0.0040990805669228,2.4828817184908644e-08
0.0108577377356035,4.65786549476374e-06
0.0119438607094037,1.0713009366654857e-05
0.0012649674713512,1.6158545244246645e-06
0.0035488955817407,2.886359835430312e-08
0.0120938528475415,6.857603841206483e-06
0.0192578696178314,5.9731704064968146e-05
0.0192327818068812,4.385892436244879e-06
0.014807638876063,5.160583384140271e-05
0.0198698176888092,0.00012188257781708028
0.0065198655334609,1.826957855230799e-07
0.0033339974603883,8.358446360082341e-07
0.0070354425167402,1.081281515941605e-05
0.0056816308093553,2.697000718328584e-06
0.0043115145046961,8.36182807546583e-08
0.0139444689713625,6.048513151070495e-05
0.005110696270898,2.2574705544265735e-06
0.0148687606454119,1.9203397315879062e-05
0.0197681092872753,0.00012189124423634564
0.0157541569702381,5.570341710507242e-05
0.0187050082243728,0.00019227188388657837
0.0136051425043908,7.117555572412252e-05
0.0018742616292224,5.176609210213409e-06
0.0147022289570376,3.9875972925462485e-05
0.009111833018178,2.911824647846545e-05
0.0009124273069837,3.3243869635804616e-06
0.0083385297613317,8.49973566564919e-07
0.0053031363406072,2.060950768699588e-06
0.0135451245684856,2.0157574124616965e-05
0.0040979121374656,8.575087269323043e-07
0.0108219118231325,2.2848394848623116e-05
0.0189688893010375,4.2811215142454295e-05
0.0146505084638392,6.050235874649503e-05
0.019882769898123,0.00012168562298158444
0.0085585857093912,1.413893191122811e-05
0.0168053908372638,7.285159124495588e-05
0.0061016048566706,3.5763496133683224e-06
0.0011263785087633,5.69680112484633e-06
0.0140354939123101,3.412364418820112e-05
0.0056927598640611,1.6061797333628592e-07
0.0175025107496022,4.095144903724194e-06
0.01325186029878,2.1687787566161633e-05
0.018925103197447,0.0001138704759917104
0.012489913425933,5.071920484879527e-05
0.0081827377141358,1.2915286994932979e-05
0.0016699271112086,3.679145927909221e-06
0.0180843851465906,7.014731611939945e-05
0.0045227004663649,1.8178219704125106e-06
0.0054131310305275,2.2273060959936324e-06
0.014180324601983,7.050357195373094e-05
0.0164657793320982,6.923003968246382e-05
0.0006767517187952,3.9468075684565274e-06
0.0056301442260519,6.909976525298767e-06
0.0120901599927746,2.0382589505477455e-05
0.0119526474331168,2.3366767967458086e-05
0.00990634372037,8.812699849059682e-06
0.0099240391362806,1.4373030647517579e-05
0.0079518215147365,8.118509206882688e-06
0.009782234797381,1.548592590827223e-05
0.0047865948712691,4.879175090669973e-07
0.0156481844467018,3.117365887473688e-05
0.0026434579807942,4.5237118299774775e-08
0.0091071116315455,2.340300637935122e-05
0.0011617245371636,2.941945543896087e-06
0.0114645646312687,2.270842248793914e-05
0.0137041727657417,6.767096354823666e-05
0.0119502453101607,2.92623154212714e-05
0.0009875896730847,9.959395264074244e-06
0.0154927896515305,8.492713858762568e-05
0.0095405448100806,1.8066891678048587e-05
0.0184637080167121,6.886238177335237e-05
0.0171892131955667,6.064925662368889e-05
0.0167155118444766,7.086856080753662e-06
0.0032755566645829,2.5698085269393686e-07
0.0151803402668838,6.1622418537856e-05
0.0125610147859388,3.5820309845894546e-05
0.0123936367619905,6.385453641418084e-05
0.010560187470014,1.475877331435369e-05
0.0052446823084714,6.319939060707142e-07
0.0199522718551998,4.719322039641019e-05
0.0077055277546866,1.5003824089702582e-07
0.015254484185116,6.88498336882399e-05
0.0050345890746935,5.348513989099404e-07
0.0156399316635567,6.158858119948189e-05
0.0166835534952164,7.024570279139186e-05
0.0092017992111842,3.123982674261175e-05
0.0078705756990592,9.763373116397285e-06
0.0099818207129562,9.521364780919628e-06
0.0057808422877145,3.301167363894908e-06
0.0122809876354714,3.1173991191569564e-05
0.0163477588104595,5.660163338908018e-05
0.0004732853624667,3.2056208682279808e-06
0.0057397625829815,2.8559531926149864e-07
0.0006030233899744,4.205017962834278e-06
0.0175351416003091,0.00014518254599879817
0.0029849234737712,3.1240993070397255e-08
0.001362836136437,4.035189567078437e-06
0.0177394616430548,0.0001220747412182388
0.0058904181754153,3.1586860848485384e-06
0.0125910253208153,1.7931453559322852e-05
0.0199028262723696,0.00010498021552643164
0.0012285018488292,2.5002563558972347e-06
0.0089635003733625,2.815458353138777e-05
0.0082383346546151,2.8957179657332416e-06
0.0187128162638516,0.0001349446100002938
0.0154591719604888,6.139119177283568e-05
0.003957261915704,6.489020192678753e-07
0.0162641371314734,8.369223536576203e-05
0.0104311684703489,2.4293125971194524e-05
0.010406543238824,3.3691682924410124e-05
0.0092302948013511,8.635445780340543e-06
0.010279971914122,1.4488166337955658e-05
0.0001428132121156,3.1871001540986487e-06
0.0181207052174148,7.988052971703653e-05
0.0176999117714134,5.4426052989576584e-05
0.0197436407357496,0.0001057339721975403
0.0059706458128002,2.880418297924349e-06
0.0119582661820177,2.2735400646093255e-05
0.0030220023643122,7.593404657212048e-07
0.0046240408297711,2.510992846307175e-07
0.0026064662363178,2.16283009276053e-05
0.0102576138657204,1.653982634181344e-05
0.0105746186282097,5.938971128327135e-06
0.008691991939612,1.2682055200098087e-05
0.0098820099614688,3.2357634009128586e-05
0.0116378347664916,2.445339444490113e-05
0.0070443823198387,1.7027550952232185e-05
0.0077592038510966,1.2282197540023588e-06
0.005138218696756,2.937954666988164e-06
0.013911018375821,5.3239503800789196e-05
0.002156623975406,8.576146109786505e-06
0.0085307721803572,2.188066383278142e-05
0.0041062587909468,6.355006872470255e-07
0.0019237401788402,1.0556126905018365e-06
0.0159284053741165,6.806876968217749e-05
0.0018631897740802,3.570908149112762e-06
0.0183925602113348,2.5251362817982754e-07
0.0075732528889736,1.2809718669592669e-08
0.0160463165909538,8.102782743905007e-05
0.0045952323855631,3.7396293168142835e-06
0.000526580925937,9.497251485822658e-06
0.0084087314407453,1.4438185977216686e-05
0.0081462478849719,8.95546958910056e-06
0.0102581208265293,4.115734516674363e-06
0.0190924660515671,8.667245736502584e-05
0.0153203440988128,3.4608506279764055e-05
0.0078008788773076,3.216102600591081e-06
0.0083871972654426,8.391456576081203e-06
0.0180276950018471,0.00010750862182421702
0.0193919695797475,0.00010162600631417148
2.4033535201242182e-05,1.8761323274789837e-05
0.0026839237262478,9.255346141176914e-06
0.0075899788471415,1.0304279232467279e-05
0.0097635104552307,1.4276964019741413e-05
0.0087589498196817,1.789062966405054e-05
0.0194935425656066,0.00012946171282012707
0.0093247968433339,4.517026263677657e-06
0.0154652177524516,6.486336014901847e-05
0.0068692220277975,7.423833480528192e-06
0.0151401474850175,3.0462696412603885e-05
0.008576396617566,2.50050911244081e-05
0.0190314799229204,0.00011699130359091572
0.0001458340877957,1.0629675249136082e-05
0.0157116039414214,6.857253519222916e-05
0.0123047447273779,3.968751691131512e-06
0.0041593725562024,3.987835025948714e-07
0.0031030288322245,4.4216226266259976e-07
0.0093310216622653,1.3675978602941304e-05
0.0088815579650429,1.5513554505398912e-05
0.0135533535889852,3.759533348024909e-05
0.0154438518514295,4.679090758985795e-05
0.0003451054772391,9.609479815121192e-06
0.009085295235587,2.014497106312462e-05
0.0150258938166073,3.428753883837949e-05
0.0037770211916271,3.585582723467065e-09
0.0069732435551561,7.09012454123422e-06
0.0161316275246007,3.073927882393856e-07
0.0150654937421011,3.278398356548172e-05
0.0145504464488735,2.5124698923996446e-05
0.0174767379918093,9.421983985569496e-05
0.0127333103984071,2.635817028724524e-05
0.0186773434911818,4.2387552777197584e-05
0.0183734403841659,9.540094748640368e-05
0.0077026424695836,1.0047590953780005e-05
0.0149810637134534,4.6819783900410255e-05
0.0006532502472254,3.2643458906326985e-06
0.0049839615847179,1.6042039176066623e-05
0.0142123999817399,2.9755791803955182e-05
0.0180159249729325,0.00013523018549459849
0.0113206405473884,5.530979024960308e-05
0.002466219054086,2.4422470015846772e-08
0.0121040443055004,5.084321389141026e-05
0.0157605978733038,4.611706600981801e-05
0.0141472965450922,6.446287279546826e-05
0.0111397228591,1.660429603541774e-05
0.0047466263819641,4.4406449340063155e-06
0.0114933650304416,1.7390320512678883e-06
0.0036896587336069,2.7796384959603424e-08
0.0097546693653609,2.592661083044347e-05
0.0065244104298805,2.3938682021501117e-06
0.0185126274645992,4.988780923219565e-05
0.0178332750040126,8.548452615294296e-05
0.0095929781092461,1.228488280482609e-05
0.0183869844321381,8.42199696780169e-05
0.0186863532515675,0.0001274050531193614
0.0072311970976231,5.208937061230743e-06
0.0154577834959135,2.8221639080457912e-05
0.0041066095965267,4.508973207704438e-08
0.0097268408017157,1.2155545320831529e-05
0.0154311580103342,4.4290548590232267e-05
0.0095864289042486,1.922859058021907e-05
0.0084231089124318,1.1396988830511891e-05
0.0102485012534914,3.461674932716949e-05
0.0062896538845493,3.1515960935003273e-06
0.0129290920786842,1.9629253997428377e-05
0.0026030491524313,1.101093931529743e-06
0.0199046065191657,9.802549871006624e-05
0.0005515267120499,4.636745741656981e-06
0.0063941026958861,4.703944808466544e-06
0.009406470128725,2.0432583557533015e-05
0.0135139026366275,6.415780171936264e-05
0.0004604645732038,1.080091191580943e-05
0.0134031718131198,3.1108632232666334e-05
0.0073354687810036,5.736128802885227e-07
0.0199468817612829,9.674229061186442e-05
0.0189020623155792,0.00011060294224577115
0.0055102986675212,2.2318018536665508e-06
0.0049608719490323,1.8317130144245195e-06
0.0177263050382139,9.454463167694866e-05
0.0197238313816704,0.00010271604079573957
0.0142811508843202,4.291116940558377e-05
0.0130193082353648,2.6950754510270232e-05
0.0169272069261802,0.00011868021222316333
0.0081973957378468,1.4385633230010454e-05
0.0124424649711838,2.6994665939409356e-05
0.0034551665976386,1.4347218468797761e-06
0.003125929959531,1.425737250879549e-06
0.0028019834120842,4.0161290333398536e-07
0.0199525185558005,0.00018025119753974666
0.0123381631597411,3.157263253110929e-05
0.0176497239414334,6.004736738105063e-05
0.008758497787608,2.6389298997535573e-05
0.0097723553848109,3.6994623093422865e-05
0.0092701071257706,1.1484672035513824e-05
0.0196691957740373,1.9652047524819672e-05
0.0034105831837525,3.3487635208122087e-07
0.016414506327075,6.981419587539577e-05
0.0067477222917547,1.3646519484208428e-06
0.0154992353476006,1.7028644792086894e-05
0.0144182498233776,1.192321765688974e-05
0.0072029125062532,1.1248079596508797e-05
0.0131354578277076,3.6515694691534785e-05
0.014572061394167,6.70684611261311e-05
0.0039940389394286,1.707853035708271e-06
0.0040817172642959,5.227393718259989e-07
0.0048378076210041,4.547128026821671e-06
0.0159251510829057,9.391308484664704e-05
0.0163265808498124,3.83169740863478e-05
0.010344968743365,2.510037286496142e-06
0.003305406200592,7.041636029894874e-07
0.0103353415485678,2.6845092538917133e-05
0.0051999017917886,2.1614101448834928e-06
0.0034442090516201,1.7762937957583249e-07
0.0196407928189951,3.1821286425357957e-06
0.0131974590172771,2.4114798341858675e-05
0.0102485549826844,2.9303766521246196e-05
0.0002939392670289,8.959759660976248e-06
0.0035037332485745,4.6976412730787417e-07
0.0084870005380561,1.2207001269179154e-05
0.0035039162479203,7.56994299800797e-07
0.0090112166980787,4.4741269234574845e-07
0.0157170881147066,6.155912425542932e-05
0.0027153105241143,1.7568409893795215e-07
0.0003237928599328,8.399082848703574e-06
0.0046093940987676,2.0512887074384403e-06
0.0015733311121243,9.341742040654536e-07
0.0047299037623157,6.28384190790194e-06
0.0119130628493025,1.5029733710407746e-05
0.0099166522358931,2.550925937265394e-05
0.0158148130434782,0.00013890891932177165
0.0143396715245528,5.0793871180988344e-05
0.0122904631461727,4.393909434625851e-05
0.016338072392486,5.764376316311216e-05
0.0193546213942665,0.00015772326233319696
0.0065850273174291,3.756934558297159e-06
0.0039872503064046,1.9352482393880362e-07
0.0021442647295542,1.0021533590592817e-06
0.0102282500238724,1.6022941409935707e-05
0.0131043360601357,4.941470745294482e-06
0.014821585464958,6.767605456145496e-05
0.0047530636199318,2.968856879950031e-08
0.0134043169548473,2.6311961820312996e-05
0.0094166468066135,7.2253289555294305e-06
0.0085928906541688,1.9393137323518366e-05
0.0046767895396862,1.4383388330012235e-06
0.0066194698452567,1.3882868414304875e-05
0.0111015999169281,2.115236111338709e-06
0.0177619426551331,7.971879125870142e-05
0.0139756675358708,2.6720383260804673e-05
0.0011846028051855,3.259598408543699e-06
0.0157541536509081,0.00010325236557593982
0.0041494399674471,2.806587525259147e-07
0.0049736790260049,5.654309381840759e-07
0.0100591074607725,1.248649208134317e-05
0.016411853883287,6.675483845335234e-05
0.0152210497014323,6.843760662039535e-05
0.0175541257197029,7.475509005351523e-05
0.0103984574997696,1.6551795094865372e-05
0.009404704071718,2.1351695389458734e-06
0.0042992680039157,5.22649517671848e-09
0.0131110873597473,4.711496875098223e-05
0.0188296791976293,5.291136132926469e-05
0.0091276875633038,1.1344719051946139e-05
0.0030355154948622,9.506491128994698e-07
0.005613259953512,2.4229715445155195e-06
0.0014298756639948,1.331102136047253e-06
0.017856406554402,6.02660887462017e-05
0.0110107197288033,2.6257778127906743e-05
0.0081054332285163,1.1538379079060978e-07
0.0093318954610985,4.051258175792471e-05
0.0022944073701492,1.1753860627475212e-06
0.0126766777763173,4.84808567862457e-05
0.0085540977578735,2.1347513574787628e-05
0.0090279609298247,1.1925143207421411e-05
0.0137955021395432,1.5810235982688474e-05
0.0091540964265421,3.126371135719114e-05
0.0193163093914367,8.332944489244495e-05
0.0058681981570476,1.7396917841656393e-06
0.0083221809428249,2.255976121481333e-06
0.0085404085437358,4.712641919780872e-06
0.0030397932669034,2.9133385020004456e-07
0.0155322823740359,4.6984181416104256e-05
0.0122886538443617,1.9733957208162186e-05
0.0100906727699621,3.0953306851056276e-05
0.0040376558247187,1.4014929778521906e-08
0.0135649773828688,7.81635953942903e-05
0.0162949926602111,7.408394015306234e-05
0.013220805351414,4.1857206974275374e-05
0.0141985159160257,5.797233695211251e-07
0.0046009420324659,8.630669311718092e-07
0.0053196007903792,8.736138824658202e-07
0.010451092204953,1.386635352725014e-05
0.0160158958173186,7.447399448733732e-05
0.0032314629331683,1.0239673391116542e-07
0.0026307806012711,8.403538407290488e-06
0.0023972691644317,2.6717267556085203e-08
0.0064909883261536,8.106589570647283e-07
0.01984822748498,1.680725470056207e-05
0.0033416140973324,1.2890144119527479e-06
0.003880271997787,7.891378007531543e-09
0.006953746054787,3.0201671108665387e-06
0.0190440679312103,4.9337919198681606e-05
0.0028093881686614,4.619654358942757e-08
0.0091744062386868,2.3302495138194637e-05
0.0148089607460816,6.303857821762897e-05
0.0044863003045443,2.548972530045452e-08
0.0070578369941651,1.2751472063845271e-05
0.0034718424167365,3.2372489985500392e-06
0.0044359574678424,2.670785198552084e-06
0.0166117503945375,0.00011443326847935398
0.0075187808539146,1.585555282255771e-05
0.0093167218346579,1.4205609953835761e-05
0.0073300888597676,2.79247099978366e-06
0.0018475299059866,8.152149558828039e-06
0.0060377100930499,4.560619530488737e-06
0.0065806535491769,1.0897178569345021e-05
0.0122089913942818,2.766689649065034e-05
0.0083070860539531,1.9720752530124563e-05
0.0069792811467146,8.281989320308736e-06
0.01519934313973,2.4852151119639533e-05
0.0156305237321986,7.830404547006005e-05
0.0131115374450592,1.8219059913493447e-05
0.0030781760490145,1.3556686848818523e-07
0.014317791698355,1.3623513322664284e-05
0.0059098668584194,2.006800554787155e-06
0.0013462315564433,5.718166696878045e-06
0.0054214067545688,1.8113892923006112e-06
0.0178989988436195,0.00010261189024155824
0.0012119974562916,2.0637958417444917e-06
0.0085607293001853,2.194233944835702e-05
0.0024623191575844,9.535120515422344e-10
0.0118286733221122,1.0141713080959088e-05
0.0043796011830646,1.0843477325253187e-06
0.0140027856267163,6.688670559991448e-05
0.0110683713620907,2.8561854317016035e-05
0.0191560361426882,8.669430589706044e-05
0.005664424778575,8.602456351584443e-06
0.0042011934648487,1.1883576800483357e-09
0.0045827945174864,1.0912714302428429e-07
0.019718322229839,0.00013698655839799515
0.0068150207085024,2.1847175981582475e-06
0.0185745148197165,0.00013714941706484887
0.0157969019403158,8.131819366162654e-05
0.0100691120673596,4.0784692042651274e-05
0.0089100417473694,2.624114019169167e-06
0.0015169332088262,1.0153375965426393e-05
0.0002960346647687,6.763083844027326e-06
0.0132717308871433,5.430691064451157e-05
0.0020641509658884,9.994146616661898e-07
0.0196977879521288,2.029406713183147e-05
0.010101620304331,1.9953818446300353e-05
0.0141267190625701,4.9417280391194615e-05
0.0022917296571308,1.2795033851787086e-06
0.0122179245385842,1.4644593315171249e-05
0.0160338079239151,7.700448502011168e-05
0.0084694163393758,6.079921436315669e-06
0.0054384743730529,1.9176303251066006e-06
0.0149874366798323,7.115042397820173e-05
0.0185304602178137,8.559086691034363e-05
0.0184510181670582,6.905322633709902e-05
0.0008451481511355,1.6706261278261084e-06
0.0028381008036519,1.733207451345479e-06
0.0033955575289674,1.4186452608505638e-07
0.0087103436313823,1.4416760274764282e-05
0.0086513398656686,7.010173355667206e-06
0.0004587331729318,2.55657786420016e-06
0.0165902009109579,6.888196797535362e-05
0.0095155705521146,2.6508407311666563e-05
0.0132355778291198,4.1503277615016064e-05
0.0061442277405117,1.375766540445466e-06
0.0007824277189901,3.2347512026488803e-06
0.0102508035399344,1.1231230514632696e-05
0.0084854283424868,5.534572472024321e-06
0.0018640600645798,7.902142229053585e-07
0.0187529052543546,0.0001067404318203995
0.0026890838665079,2.6415317550594577e-07
0.0132905251743238,5.4989761063716346e-05
0.0175995453487342,6.744136563252248e-05
0.0110215321404685,2.9357986988755563e-05
0.0038748341731342,1.5337616903933898e-06
0.0181517845221789,7.629761184938381e-05
0.0121360886166491,2.375462115721632e-05
0.0078383148046144,2.8630492196997185e-06
0.0150399422664057,4.870569811685189e-05
0.0181878063031076,7.241172122213926e-05
0.0114989274399752,3.327839249523007e-05
0.0008044838878018,1.3265590525558536e-05
0.0046337215283521,7.295149910259784e-07
0.0073443839924876,1.6992149460783685e-06
0.0167581855774395,9.993917542616323e-05
0.0176543905552693,7.282532182771477e-05
0.0074683773116475,9.563893146987565e-06
0.0012965769244954,8.58419644785799e-06
0.002970387419224,3.041885392342583e-06
0.0044213909631006,2.3686034720920425e-07
0.0138964582864315,3.965433435924955e-05
0.006967983232232,2.3679616375424464e-06
0.0121067950056146,1.1636603402387328e-05
0.001421625587758,6.466838057850716e-06
0.0041065160147087,2.9637953571665194e-06
0.0001103784235848,5.950305525555355e-06
0.0174036736776926,7.555253782037527e-05
0.0097196986910287,1.46703647418415e-05
0.0174640606814168,0.00010894984556725934
0.0003355498572512,5.00299769015477e-06
0.0112377968331293,4.1150327163787155e-05
0.0050973652774603,4.364089758235244e-06
0.0190532839033559,5.0619444517696026e-05
0.0070880882907354,6.795525993590504e-06
0.0055427942314091,9.531268575214706e-07
0.0118893637235735,4.510689443500614e-06
0.0126177794424701,5.928430576624003e-05
0.0077171228235814,1.3609424959069034e-05
0.0138723621499182,5.6541105723529015e-06
0.0010818866638817,1.7793775904967525e-06
0.0176511435222959,4.660812748692009e-05
0.016200454345263,7.155441801642428e-05
0.0185052566779723,0.00014292850622085003
0.0033873847743366,1.9113029629048326e-07
0.0160298670040212,5.4942289500262484e-05
0.0097401466694148,9.817219266438057e-06
0.0167282873977443,6.124820468025917e-05
0.0024564301765977,2.2002864608762225e-06
0.0103930683629743,4.681488860692901e-06
0.0195517888781792,8.202062449394103e-05
0.0141665099528365,7.139318770195249e-05
0.0187699227906996,8.982840815747728e-05
0.0172334957478904,5.24411666589864e-05
0.0099135457074472,1.0917620182910394e-05
0.0023965977200283,9.568507163543175e-07
0.0145698938712468,5.695043881513391e-05
0.0124999613654665,2.5454701484081875e-05
0.0115214207336761,5.757258322066102e-05
0.0138210073055869,7.892989465267952e-05
0.0003783040696266,1.1352710184027793e-06
0.0159770949261922,0.00011455782352514654
0.0030995361186488,8.845485670085657e-08
0.0058832454321206,2.7570186441627725e-06
0.0050060751561049,1.7687226118205342e-06
0.0187492067359513,2.5746472380590343e-05
0.0124563824186613,5.6229523458622266e-05
0.0167947200255566,7.25890665250052e-05
0.0160139943084575,6.845133356864852e-05
0.0050113949753009,3.755910638327135e-07
0.0011885910360143,1.1407893673591544e-05
0.006905066332958,7.221699497826546e-06
0.0164757933318539,4.1269576969441575e-06
0.0076609837055592,1.1266698915460975e-06
0.0121299707981556,2.765426205457703e-05
0.0112791849846456,2.1984242777765836e-05
0.0186165990241111,2.1563530921775037e-06
0.0119400302208891,4.861011941059921e-05
0.0109589408663248,3.5245303346990057e-05
0.0106316814071487,9.580466512380463e-06
0.0015439184826353,3.43372480672487e-06
0.0142765137351662,4.457212188321489e-05
0.0018062583704041,1.1443717054288922e-05
0.0141672982075821,1.648002179447428e-05
0.0129667956277737,2.406687499807066e-05
0.0126973622321997,1.464719019314271e-05
0.0033119138196424,1.2123721564171865e-07
0.0036693353879896,1.5015720471343183e-08
0.008024139272194,1.7293484856897262e-05
0.0018551504284996,2.7446820926718576e-06
0.0030736906717845,7.78236145284693e-07
0.0065823118165458,4.448138266236952e-06
0.002919842432061,6.359744187607883e-08
0.005344756663503,3.396890461267512e-06
0.0095576425024117,1.196937848509532e-05
0.0014701786526269,1.905390089129779e-05
0.0035231284283834,8.269514908801027e-08
0.0130422366455452,4.957295028315274e-05
0.0108771701871303,1.2788906992540809e-05
0.0036005730247778,1.672130119568904e-07
0.0120444116481895,1.673870983777063e-05
0.0101456653540438,1.6153433999154173e-05
0.0043694518644831,2.4392857733463676e-08
0.0151379014379912,6.531853552522482e-05
0.010219254004148,2.718638419053569e-05
0.0173223767186032,2.8471703333329256e-05
0.0063838177834426,7.515593895395892e-08
0.0053738204810921,9.313695024140603e-06
0.0177325740704144,2.076447447545406e-05
0.0078795265177098,1.863921478012888e-05
0.0068101997510387,1.2162602276852966e-05
0.000450516263902,2.480668190372077e-06
0.0014392799579907,4.603685105466731e-06
0.0171980753709901,8.816328672801755e-05
0.0028484441906614,7.235117151905971e-07
0.0198082220359187,3.7319877088256996e-05
0.0118215506510977,4.663639779639248e-05
0.0087107366199591,4.350254839421514e-06
0.0140450782687093,2.5304390896687476e-05
0.0058157678347274,6.733064989483675e-06
0.0135039833873875,1.3737539429162833e-05
0.0110456074867544,1.2027945063329642e-05
0.005903935814777,2.1528806520254613e-10
0.0197128300363154,9.099985604409261e-05
0.0105043896604062,2.223749002848498e-05
0.014934165960854,7.425856840390934e-05
0.005662373177793,5.337417961312749e-06
0.0110952519192729,1.1259207392159796e-05
0.0172413394685967,8.203335839647498e-05
0.0198767281645928,0.00012077876346299495
0.0027098935203585,2.8852218627398915e-07
0.0041827279681892,2.2027365516094883e-06
0.0092218439538001,5.653765595596029e-06
0.0123521090016698,4.4383869812277406e-05
0.0056424874333635,2.545568982797331e-07
0.0074534254257201,1.3148872279619468e-05
0.0191423979298056,0.00011748845631874804
0.0123345619023181,3.08224536310718e-05
0.0196618495636469,6.121012130667973e-06
0.0091967433947939,1.1826089379668526e-05
0.0131637048015057,5.975391362307956e-06
0.0134248935877521,5.739885471539558e-05
0.0050989442899766,5.875417160869857e-07
0.0088529153139356,2.0460024206824737e-05
0.0044287131039338,1.0261678569291096e-08
0.0199875925889788,4.07222071013476e-05
0.0068979753011262,9.934718583432502e-06
0.0192980788041673,5.7907749208606714e-05
0.0100606612813875,1.642744074855891e-05
0.011264344198409,1.4931003971355723e-05
0.0176610255021185,6.86761015318105e-05
0.0132692476088157,3.644248183520378e-05
0.0145342058873086,7.543817924965721e-05
0.0018835046806371,4.020963902696597e-06
0.0056782798159832,8.025359635765802e-08
0.0005089450002285,9.636700016574704e-06
0.0053589209512502,1.4213409605686304e-06
0.0115117385687586,1.78596366154117e-05
0.0143659059508627,5.051396870333225e-05
0.019984640123228,0.00015705864312860938
0.0185836129002859,0.0001022784455114665
0.0119613300100918,1.7954265927272056e-05
0.0146722776019244,5.489492933175342e-05
0.0156281346055191,2.792227476441234e-06
0.0023732283752381,1.98872436371994e-06
0.0161297911161354,5.53763041244177e-05
0.0111994219902301,2.3552392937872592e-05
0.0149381705839342,4.21768760574305e-05
0.0132177721631304,1.5038948996994094e-05
0.0087202375225708,9.197802625162149e-06
0.0143142269933163,2.5704429269064905e-05
0.0080242431598695,3.613437286521222e-06
0.0044887806575513,3.324754238159581e-06
0.0072274598643094,1.2041960394328667e-05
0.0004271829722122,7.366555393829486e-06
0.0005516016385229,6.70264332105381e-06
0.0153004160185848,4.560233060034271e-05
0.0137711521407894,1.623425346600566e-05
0.0049814695456526,7.663461453174594e-06
0.0123265771574062,6.558284040989285e-05
0.0123337000681854,2.096828408011027e-05
0.0129602616772386,3.612159616672966e-05
0.0054694774717383,7.158462199678374e-07
0.012012220978098,3.395792819174975e-05
0.0081424250590175,9.819078064813383e-06
0.0128510925447635,3.710622734096029e-05
0.0129820004175395,7.63707780363468e-06
0.0112068884736605,9.80359968433315e-06
0.001927137548845,9.517364555132876e-06
0.0197623348722515,0.00010217002855006279
0.0149844655900869,5.154564803476016e-05
0.0030903945033798,1.935038930707091e-06
0.0191512599264199,8.038742870085143e-05
0.0184194333872528,0.00010137933294092261
0.0188128912939528,4.671467683367728e-05
0.0077060542023361,8.285922320318152e-06
0.0115901566920154,1.668139812116361e-05
0.0103839264182862,2.9630307983927863e-05
0.0079690307547425,1.3853273941816421e-05
0.0072532083515843,9.185211963617566e-08
0.0002547665555527,3.5711581672322854e-06
0.004263142660724,3.089455006015875e-06
0.0058737039433924,3.2611758614846274e-07
0.0050472561304492,1.0800711730106717e-06
0.0120482240118389,1.0877366036077932e-05
0.004532474271989,5.844489543652483e-07
0.003009848604418,2.786817144935423e-07
0.0004071575142554,3.836000708101642e-05
0.0048068779605952,3.3363658094465663e-06
0.013755636467211,8.043239929048158e-05
0.0105026422773409,3.748037587466041e-05
0.0070891452381926,1.106297126700345e-06
0.001987431958234,1.8690067801502958e-07
0.012239057564644,3.0583791468249245e-05
0.0195212231521751,0.0001289278894953673
0.0186802973557669,4.741261155578647e-11
0.0001555019265254,4.3760653111516125e-06
0.019216259377558,9.97584148755659e-05
0.0108161448652946,2.149430097430891e-05
0.0013996944652075,3.242202228587049e-06
0.0118378733878053,5.660038480237407e-05
0.0125358277521123,6.720074622357168e-05
0.0160983735479263,6.483479113755436e-05
0.0108921896702734,1.7246630105760334e-05
0.019547546967458,5.789657198582319e-05
0.0068462201704149,9.883637278892743e-10
0.0109598065786529,9.599326769986259e-06
0.0128985005439769,3.1008059009750433e-05
0.0157796045819562,0.00012281965200833963
0.0173027361463133,9.712258152368439e-05
0.0173910517999804,9.237594888302273e-05
0.017179061026462,0.00011737060995809969
0.0041502564800741,9.263967614411953e-07
0.0016065114196259,9.105203892489038e-07
0.00539562448772,8.756538015754621e-07
0.0027110558618406,3.1416065882438425e-07
0.0055976773115313,2.7944253258595074e-06
0.0109540354115783,4.647252956292224e-05
0.0042190857245203,5.908244667498815e-07
0.0140690985386801,7.725659158647091e-05
0.0142549455561549,4.486642916979279e-05
0.0171720699876028,3.784089404316423e-05
0.0186556210213071,8.526440895764972e-05
0.0068858656896934,1.7635724809881188e-06
0.0049693023391027,4.346569876502241e-06
0.013484530347319,4.9839588372081994e-05
0.015879924628892,1.326767491299762e-05
0.0191822774576728,0.00011603649880823105
0.0089267473077496,1.036652437867133e-05
0.0163099038847718,0.00013742928676845008
0.0007468652685574,3.8564540370109524e-06
0.0031907150555782,5.946353920241799e-07
0.009448198591356,1.988764549291639e-05
0.0098167040123675,1.0491009750733664e-05
0.0148422176316719,6.444547141915108e-05
0.0015558396549577,2.4641023810624423e-06
0.0103796498644466,2.0529593652484565e-05
0.0185100599956133,6.907541900105946e-05
0.0114618090448565,3.5331206285724516e-05
0.0131068471439015,4.980864851387169e-05
0.0075996533730222,1.2709344627857809e-06
0.0175264180917411,7.275013398731143e-05
0.0157267586361862,3.808147902286786e-05
0.0035887347306923,3.4927385176385764e-07
0.0101498757782011,3.9034085063009777e-05
0.0033114574844562,4.85159500157426e-07
0.006083991018466,3.251390372006381e-06
0.0195006963441166,9.52560376593741e-05
0.0193266348053452,0.0001723022285280678
0.0071466569013912,4.618061850966639e-06
0.0038875717741189,1.2046156319462215e-06
0.0083350210789036,1.952437622809106e-06
0.0072926907593098,4.7202951488669697e-07
0.0128453469996111,3.206744746228918e-05
0.0015580540213416,1.4428412882799963e-06
0.0193677813889946,0.0001432342225575476
0.0044033127062625,5.637640159771452e-06
0.0009799095388345,9.72647308083043e-07
0.0057390398009689,2.7761105174193287e-06
0.0183435118042948,4.6329800061690126e-05
0.017517777246842,3.888083248633433e-05
0.0111026446953336,2.599957691170384e-05
0.0074875200321853,1.520895942568644e-06
0.009641018542962,1.4645899596240348e-05
0.0081733142450788,7.824675444584588e-06
0.0146610866436654,6.834324674014082e-05
0.0066105741308372,2.035023714137686e-06
0.0190813488298682,4.5072077162049494e-05
0.0082462477885,1.9774233157919442e-05
0.0147895107728933,2.434121406709003e-05
0.0137868565020524,6.512159953602295e-05
0.0051696886675749,4.117069516426177e-07
0.009905142194546,9.667827534350389e-06
0.0006101835323037,3.0809919306914995e-06
0.0099508157614591,9.955891576361564e-06
0.0083958606053017,3.7039674557723105e-06
0.001673668126258,3.0702647601246304e-06
0.0158708552302276,4.5881384743803904e-05
0.0095252861360805,1.2191736595056203e-05
0.0127037329236027,4.623179690068908e-06
0.0143015674019027,9.549880913074416e-05
0.0114329092326904,3.477425506295586e-05
0.0037478344349473,3.070666654335665e-06
0.0161170524127677,6.2667125255081e-05
0.0035921299667476,1.420549989154297e-06
0.002025820083096,1.4748356228950073e-06
0.0090177111177958,3.142184477066922e-06
0.0198041050821082,0.0001605920119191404
0.0042161242373837,3.9019006410823736e-07
0.0152247257301401,4.433511177117757e-05
0.0150069125656324,4.2596596089221416e-05
0.0088143495384118,2.2695265257227824e-07
0.0155355979244041,4.7102330039091526e-05
0.0138388079781879,7.663942961742194e-05
0.0021900988443491,5.705485369110869e-07
0.0137555439269172,4.295953568963941e-05
0.0062142998494217,7.6245188257626e-07
0.005976272350173,1.0769350406544801e-08
0.0020246552798964,1.2575413341165545e-06
0.0085905722539036,1.3933811417818158e-05
9.029533062716588e-05,2.0024766174369344e-05
0.0114282667572149,4.844974041819933e-05
0.008070478373747,1.4944852670832356e-05
0.0167729059669786,6.807597120409767e-05
0.0035775188038198,1.7433614941491062e-09
0.0187542984599631,8.216073155128098e-06
0.0017479136070709,3.850009909435609e-06
0.0105844150074906,3.1449387253410133e-06
0.0041235402555658,7.128765588621564e-07
0.0058472075314159,3.3419598297032796e-07
0.0179752573419834,9.194187063094895e-05
0.0015220123723158,9.800566723811651e-07
0.003106281534957,1.0160881082239358e-06
0.0145345386487647,2.217536332103407e-05
0.0061689717585591,4.408700121224568e-06
0.0113499908059367,4.964818227478954e-05
0.0191355390575394,1.6539069500538803e-05
0.0165747474986697,5.5329135446044895e-05
0.0093546220714766,1.2578095513270872e-05
0.0010735391409918,1.9716732958872216e-06
0.0096477461912152,8.75586307902614e-06
0.0044907933425782,1.6882624922885669e-06
0.0052604160674271,9.028979751116635e-08
0.014735879665381,3.4365159422542164e-05
0.0046965731949256,4.2117818325108904e-07
0.0151630479725849,5.070038136150884e-05
0.0169049526358657,2.8939696967994974e-05
0.0122096376352775,5.4046600308431325e-05
0.0188099143681725,7.526164316839895e-05
0.00715498027529,6.611467400641665e-06
0.0055653738128504,3.294020419979398e-07
0.0193299827279112,8.827968350237896e-05
0.0086420252991798,2.357746598640554e-05
0.0110970465051856,2.3806123216122085e-05
0.0092389056250455,6.016193262755667e-06
0.0153401882324523,1.390058930369933e-05
0.0035458225700311,8.245474345304492e-08
0.007768123410337,1.2017952185313478e-05
0.0194399318115375,3.796842737015896e-05
0.0018737411853924,7.887004283003576e-06
0.0169745523255088,5.776959700743521e-05
0.0118906716286464,2.3148902579983042e-05
0.0010570873786948,1.7903443365583547e-06
0.0034629546773312,7.626302399740496e-06
0.0191612721429177,9.959203312867334e-05
0.0084940504590938,2.7910312149210595e-05
0.0089977385162755,1.170746217917159e-05
0.0140490259247177,4.309721527462255e-05
0.0196823172794662,9.492767622456162e-05
0.0014362893501298,1.3982618607425344e-06
0.0032157945277183,3.2519282349198033e-07
0.0056950925128619,1.3736647265858213e-05
0.0071867572816407,1.0775693336920545e-05
0.0170476632023037,8.925308474333817e-05
0.0137832218821477,7.601072730629876e-05
0.0019302952603507,2.596236804388961e-06
0.0137183846853608,5.035193275464504e-05
0.0169832779014811,5.2633955525022484e-05
0.0100008444142194,1.6905476956854696e-05
0.0156090044407646,5.5505099279778745e-05
0.0144850199922591,4.960806830661187e-05
0.0085147108404735,5.6095590448340265e-06
0.0093743064548148,1.898458750109241e-05
0.0133671764423743,5.750935631835987e-05
0.0011732209609203,5.999319067079005e-06
0.0172185315461031,7.352872956323974e-05
0.0162643949646471,9.377991538028005e-05
0.0148650914062976,8.447935597346086e-05
0.0127934928890986,2.5522936384641515e-05
0.0006473320971845,1.2010507867770103e-05
0.0138670062277018,9.801906361217762e-05
0.0180923136897715,9.324498811402585e-05
0.0125187642977525,9.643740248547314e-06
0.0071835459824818,9.625854470044466e-06
0.0175476445789732,5.015536113376821e-05
0.0157746586462591,2.436348096599135e-05
0.0146020869268766,9.11905027793368e-05
0.0021270496451655,1.302155521932075e-06
0.0057853089346743,3.0880383515130637e-06
0.0027197267576907,4.203228934929495e-06
0.018465983234237,0.00010265252403243674
0.0075914973153244,1.4233125072012696e-05
0.0121200031544505,2.7570125301027667e-05
0.005906249354689,6.650752423191299e-06
0.0199194443223028,0.00014128454917058874
0.0084403539551765,1.4133925427891404e-05
0.0123916654721584,3.3115997683578e-05
0.0030066727898537,1.5894168342158072e-07
0.0097459326840299,1.7474912682928683e-05
0.0097592416622365,2.4835323891896344e-05
0.0005278474923367,8.917617024233037e-06
0.018041970129247,0.00010092285608918697
0.0061041665434099,7.46930552734117e-07
0.0026942594610106,2.3510386957146215e-07
0.0053303949140979,3.1410574345857252e-06
0.004521122345962,6.334085912800514e-08
0.0199189379044655,0.00015895009354665278
0.0183245225429315,7.905290671609263e-05
0.0124821864849912,4.899385795492279e-05
0.0029055533717737,1.6765005642286317e-08
0.0157860303984903,9.420409789738245e-06
0.0104958285241862,1.7867461083342758e-05
0.0154891182642629,5.4050660675007086e-05
0.0054712409819669,5.940903924509937e-07
0.0042353054627248,1.8289584787980299e-06
0.008118332519103,2.9396086416049243e-06
0.0028684193726514,1.6564994674850405e-06
0.0024059979703155,1.3544675434928156e-06
0.0078723828607318,1.0234297224885468e-06
0.0099022512907933,1.6341776425927005e-05
0.0071564224564785,2.6739352996116067e-06
0.0143931952396153,6.357969159786995e-05
2.185500448497413e-05,1.3072040955556022e-05
0.0134259197194775,3.990983610819542e-05
0.000788423806607,1.975682890498485e-06
0.0031993101608542,3.0341324531824832e-09
0.0150122166995473,6.902567066388873e-05
0.0038450521450912,6.511082699786479e-08
0.0016132380207466,1.2453423391271576e-05
0.0161540136413,7.029088787143911e-05
0.0089384125308025,1.9100962799302297e-05
0.0060688288449167,2.7898643977842992e-06
0.0186938750313666,9.505517570929311e-05
0.012447963698456,8.319899446283639e-06
0.0054417018933207,2.0393591322532474e-08
0.0081695472993184,1.9557527244350277e-05
0.0078757233446869,2.0834360501283763e-05
0.0116020858808915,2.0586183435190248e-05
0.0102370654816919,2.305154484661433e-05
0.008207291416367,2.6062490347639084e-06
0.0017407865714401,1.9099064977548096e-06
0.0131289937245854,4.192701027967214e-05
0.0185354501059567,9.362180966662951e-06
0.0162807131202718,6.0185979210876244e-05
0.0127168909295474,4.696575276040117e-05
0.0191531301457096,6.195999567457934e-06
0.0091508646981059,2.735446757414867e-05
0.0111578762619607,2.783479081834993e-05
0.0040060092256827,2.331051796083427e-06
0.0083028166223872,9.29315643005817e-06
0.0129361814679356,6.59289397122857e-05
0.0013597998264545,5.416289258040148e-07
0.0005002994235349,6.515213834470185e-06
0.0075246854122547,8.19459123481934e-06
0.0017020026345775,1.1530411718901026e-06
0.0031002207059253,1.2315343114871171e-07
0.0182969265892569,0.0001429972520118569
0.0039747315796455,1.682199676063395e-06
0.0015055608410248,1.1442877273134732e-07
0.0025505705843918,1.002616610780696e-06
0.0133888540285138,1.4141699385657924e-05
0.0108113530803917,1.653908363242545e-05
0.0032805569649884,7.411030497143006e-08
0.0118308382209129,3.3138466363910746e-05
0.0195196466607172,5.5554402968985624e-05
0.0179485799994696,8.587041133296543e-05
0.014450138653223,8.890470756201854e-05
0.0013795902995022,3.394141809648316e-06
0.0030196824915327,1.7618594455800518e-07
0.0197055006928801,5.0683173911398977e-05
0.0197010918403562,7.036829156455732e-05
0.0030894407301128,6.126356786154656e-08
0.0067062076399441,1.0320192235309625e-05
0.0185749003693561,0.00011191454437520004
0.0058590397207885,1.6288936849823608e-06
0.006327485058845,1.0865237293364208e-06
0.0154396758085754,2.927148993880399e-05
0.0125959636028856,4.0364148752134825e-05
0.0002156483009454,4.931866009435592e-06
0.0188402019110098,1.7343093939141386e-06
0.0053038853586906,3.026607319882439e-06
0.0156744414639894,6.665191662138158e-05
0.0188708645436678,1.7876472928873532e-05
0.0111618824014183,3.8890094100052744e-05
0.0173402605826742,0.00010976389801574487
0.0118458469060085,2.7593416672690957e-05
0.0187758168737388,0.00012919254625512122
0.0183134435628785,3.343302175931526e-05
0.0014788328343027,2.8216767972044206e-07
0.0072352592349315,1.687185582624367e-05
0.0194177550730164,3.1571813273688783e-06
0.0199476443245621,0.00011967769975336063
0.0039374654334872,1.0610114783927203e-06
0.0086964541854539,1.822173493105304e-05
0.0192247968788805,0.00010617519343657323
0.0099455962933034,3.730985859148946e-05
0.0093649542584642,4.32341371247806e-06
0.0066939262463918,7.697549929378617e-06
0.0129490059340329,3.929857743968626e-05
0.0051455193109482,4.37148216181159e-06
0.0100243511314919,1.0912472030895958e-05
0.0128776026294751,7.1620846572555635e-06
0.004024636186058,1.19036805963374e-07
0.000841892613813,1.2187051619461925e-05
0.0177723924076554,9.744788439272151e-05
0.0091434331855383,2.250205824850884e-05
0.008233811686224,2.1200712845917303e-06
0.0064884976770329,4.1658055735828465e-06
0.016035772714095,2.495435016179127e-06
0.0177911677533516,7.917450617134252e-05
0.0128468732791347,2.1930516787630777e-05
0.0158143274414951,6.483114390191614e-05
0.0135094494058029,1.6670751946041394e-05
0.0043357403315977,8.269832352267085e-07
0.0142132580414937,3.760346566018603e-05
0.0130669373944026,8.958410885420998e-06
0.0178185145556893,7.546649476137934e-05
0.0071129790940282,2.2244442437270676e-06
0.0038089641977797,3.656060389759693e-07
0.0127133707139142,5.195317349586584e-05
0.006382334917542,6.624153904532443e-06
0.0016256709446764,3.03007530572804e-06
0.0071490185373744,3.0108782874751693e-06
0.0147501835541485,5.8283948356081264e-05
0.0103796800824753,1.4240362557893666e-05
0.0149266165651191,4.1630602413342706e-05
0.0087306598828532,7.22431085787905e-06
0.0026407500639179,2.5106233963173454e-06
0.0109834706694989,3.6206046088472054e-05
0.0193236546805137,7.496608451494489e-05
0.0174193076229856,8.27835183355493e-05
0.0123677284424372,2.401050069783903e-05
0.0080773894634776,1.3062449687212329e-05
0.0141440084160221,9.695629547260223e-05
0.0010894376113544,6.39825283015862e-06
0.0132947957020645,4.40374594180076e-05
0.0122967828996884,2.76872240358577e-05
0.0071679763796696,2.172560374673549e-05
0.0004541643230753,3.306507055303406e-06
0.0130206092661828,7.101297741465578e-05
0.0036870962862197,1.9720510016341953e-09
0.0071172777923127,7.054707547336934e-08
0.00948242827395,1.0922052997950085e-05
0.0062373649717941,2.2308149843941475e-05
0.0099982055693782,3.509662753782411e-05
0.0110225533255178,4.9814374320665814e-05
0.0105365480272789,3.9087980453490436e-05
0.0107614896472206,1.6340023249796568e-05
0.0170230071624325,1.839009756534674e-05
0.0179490635733879,9.607078561103032e-05
0.0070961688568011,8.888365106328746e-06
0.0118578339884535,3.7064975181188e-05
0.0089758164034599,4.9982269837261605e-06
0.0053240638925227,8.145179960968108e-06
0.013918800445895,3.0466588760215246e-05
0.0167560767472468,3.7289565736818413e-07
0.015978321878277,8.867377134480019e-05
0.0030089870534208,8.95477272451243e-07
0.0145671098447955,8.411414798881234e-05
0.0041984067720602,2.8435221087906762e-09
0.0016272944871139,2.857792755656849e-06
0.0001358932348789,3.9226636331362955e-06
0.0038706565861037,9.385022513890019e-08
0.0011558674482208,9.987119306153101e-06
0.009305724479392,2.9763535093694654e-05
0.008365349167705,2.8559540108025716e-05
0.0161432013756821,8.088792370479336e-05
0.0027117329451926,1.3458619346688967e-07
0.0100087744430759,2.550079762165081e-05
0.0170561825824753,0.00012541092407914516
0.0076356972256091,5.105996042226667e-06
0.0029679138263774,2.8353752099505027e-08
0.009849113488771,2.760658133675067e-05
0.0117544938600296,3.3142051710007724e-05
0.0011553398270641,6.943353340697502e-07
0.001949891935794,1.4472347414759441e-05
0.0078725960174574,1.562712333407151e-05
0.0060727665672662,6.145771012192542e-06
0.0193246179314985,6.725658136233609e-05
0.0148680688400319,4.134588722226488e-05
0.0109303774399683,3.8693101185030966e-05
0.0009150753732573,2.9174278895631774e-06
0.0125523127038344,4.7099580156468294e-05
0.0111834433523083,4.1715431808028966e-05
0.0028505710809813,2.2226622225862496e-07
0.0110582253090914,2.813227649307559e-05
0.0101838394842723,4.64558229284637e-05
0.0083642506546699,2.1271993348835567e-05
0.0106638059991406,2.4577299460596923e-05
0.0067499518491622,1.685753140487231e-09
0.0066964654965746,3.2079493656955243e-07
0.0044092939402654,1.1119651948865982e-08
0.0191324236098531,0.00014277757428494324
0.0143101716187483,4.194527967634252e-05
0.0149487112246459,4.4735773952103826e-05
0.0037205032793222,1.226479733334968e-06
0.0191575450458898,7.873125544495795e-05
0.0157107409336796,9.269678514233875e-05
0.0096789848181253,2.5175887667807178e-05
0.00494314308042,2.1771996202742553e-06
0.0012841845417729,1.1577286914773062e-06
0.0139965728391142,5.2867080040919056e-05
0.0135926710992029,9.421887493399162e-06
0.0068554456103776,1.3942819982279443e-06
0.0079372627954936,1.943967941018708e-06
0.0032290388730756,4.9959491156239874e-06
0.0141021627803186,1.6105200884859632e-05
0.0147441736965777,4.937465402900204e-05
0.0071582318994972,7.302920815969738e-06
0.0043774035781092,4.530628533481055e-06
0.004096278634158,5.273649245756646e-07
0.0092506236820167,1.6355277641728207e-05
0.0093859363812211,8.967471216242239e-06
0.0128062301580418,2.601641849909851e-05
0.0089703522910654,1.9121112546842507e-05
0.0030100303343447,2.8604486500839873e-08
0.0103337082640328,4.171315811819468e-06
0.0092807428661024,1.6306555584444678e-05
0.0078857507852576,4.6024942933237766e-06
0.0121872579838621,4.6392525437235834e-05
0.001290573227343,5.884273297091809e-07
0.0181221692663882,2.6984552998633136e-06
0.00300519026046,6.782410971690376e-06
0.0132922076695899,2.6757345337728657e-05
0.0041763907927108,2.4727061794543025e-07
0.0172242232586675,9.250948078222593e-05
0.0006516930418957,2.8197569092928976e-06
0.0066256524452871,1.2596533872637003e-08
0.0110929015828274,6.710879315025032e-05
0.0144394532622981,5.700439306348463e-05
0.0118714094778086,6.0968575629620924e-05
0.0179191999969843,8.726017737104131e-06
0.0187589060685429,0.00012999712472425704
0.0149943365000286,4.190426729811516e-05
0.0014692118894291,8.654913556784524e-06
0.0105947319902059,4.2623718243412155e-05
0.0131013257941876,2.0098782535296768e-05
0.0146999928956794,7.616285818420074e-05
0.0097827247584031,2.4324091639672118e-05
0.014966915532618,1.9087348477028197e-05
0.0014110291170258,4.356949447501634e-06
0.0121554553594309,5.694690276713044e-06
0.014901999287905,2.770118869338863e-06
0.0086648561088505,6.952001912818564e-06
0.0058818029353819,4.098703911717993e-06
0.0158165894895746,2.6500137160480887e-05
0.0162035753284637,1.4774359596375242e-05
0.0127543997816224,3.2406885290119344e-05
0.0064494542145425,8.682362776147732e-06
0.0164493241025428,1.896931547448801e-05
0.0041009742361954,4.4012194758270136e-07
0.010112590328475,1.1433627134101488e-05
0.0034304270517157,1.36159465458391e-07
0.0031611266630391,1.168047969673609e-06
0.0116733569851667,5.933874265040218e-08
9.15172143776788e-05,1.0584528170108222e-05
0.0129504312267493,1.977294109882942e-05
0.0086250454938993,4.072901299225974e-06
0.0033539312630612,2.1047816990492117e-06
0.0158876697239844,8.059907410800174e-06
0.0018938738781492,1.113409765234955e-06
0.017668510120259,4.259175313545214e-05
0.0048610446197148,2.5587402522385162e-08
0.0008508922492627,3.333206695902201e-06
0.0059215544113409,8.231380382720804e-08
0.0017942567850657,7.074479546472377e-07
0.0031660718797079,1.9884578092008093e-06
0.0036549463515297,2.690866785646189e-06
0.0025573548257372,4.970243637845468e-06
0.0180995490815954,7.87768359866879e-05
0.0197220827027266,0.00012907133047049317
0.0046775980505958,6.962523603717563e-07
0.0171609551163015,8.261570779869458e-05
0.0015632365002725,9.701766418284348e-07
0.0124327533817624,3.839334113208451e-05
0.0147874611989086,5.630508789385792e-05
0.0146162915672764,3.5622908771225554e-05
0.0192882544266076,6.786946752325471e-05
0.0013264369795114,1.8277691279565598e-06
0.0129604322569384,4.43707992250049e-05
0.0023337087211861,9.300098349921801e-07
0.0092660134916083,1.654218766664056e-05
0.0030162239615144,1.4851956879213219e-06
0.0152789894562521,6.741885992117505e-05
0.0094109105386846,1.4891399759954821e-05
0.010056628004137,4.051540217745321e-05
0.0116294951821216,2.666524728337154e-05
0.0058632404797928,5.411963838942758e-06
0.0091248498289417,1.3052232571854488e-05
0.0045175541927851,1.8108000989337024e-06
0.0065560911413689,7.171077480907095e-06
0.0157548597383783,5.3091114735714125e-05
0.0055637134502949,6.557786031120321e-07
0.0061434947013301,3.7808329844601922e-06
0.0119097398637119,2.8341920082124064e-05
0.013745149976831,6.158495101936466e-05
0.0026440481655973,6.280837121669103e-09
0.0067331647184074,5.8139949107193836e-08
0.0107041699543062,2.9207561078605933e-05
0.0108344689969681,2.6108476409608118e-05
0.0040004193207906,2.6610144721982274e-10
0.018769979414632,0.0001017443966693007
0.0022880858909868,7.364472122620952e-09
0.019500729439045,0.00015814403154625225
0.0064165506018337,7.588079082507908e-06
0.0163323771279402,8.700400309674099e-05
0.0074031896678745,1.264748715241369e-05
0.0191942974634268,0.00011809916966644162
0.0176596989639753,3.4007314769528044e-05
0.0190002347595286,6.482967316633477e-05
0.0050198482328757,8.5111393028364e-07
0.0183358262664757,0.00010908046120737819
0.0147298145258364,7.459688872194788e-05
0.0182095619448514,9.093435857191708e-05
0.004969804800333,8.841138840048935e-07
0.0107309737247353,5.115478222650302e-06
0.0001356141774459,7.719500618629896e-06
0.0127631743579134,3.726432501134402e-05
0.0131218540163725,5.5217206914416065e-05
0.0003965703372084,4.018195198990482e-06
0.0084245643208226,5.596433058570106e-06
0.0117761733147628,1.3704077100487693e-05
0.0056693768838619,2.9872996214716317e-06
0.0020636896330969,1.030823320497463e-06
0.0045853708715836,1.2819710523717222e-08
0.0097739334580994,1.6297717872504605e-05
0.0071604678133515,1.8448770603483564e-06
0.0003003399967723,1.1929931832829764e-05
0.0045748302702626,6.017607861391619e-08
0.0136740740587075,2.0868551823490217e-05
0.0137571974447876,4.374166798475198e-05
0.0085080590191796,5.816151583670006e-06
0.0161861140832482,1.910185652609147e-05
0.0117869208769705,3.1291113223493436e-05
0.0169535689118393,1.6751556687000306e-05
0.0120484225210485,3.6326673406597335e-05
0.0073159084706978,1.5418368647565498e-05
0.0187173782116606,1.638181739577753e-05
0.0131557430674353,3.400268960546625e-05
0.0108116650950044,5.674225596095519e-06
0.007378243966868,3.2855616542025137e-06
0.0092250202309809,3.0536462713654614e-06
0.0181445354017873,0.0001257540408794344
0.0113457240706041,5.021891813450371e-05
0.0050577076220822,4.1805572304143486e-07
0.009073459185946,2.2952699712722465e-05
0.014693417965541,7.191630342433073e-05
0.0094783956701516,1.645066395367861e-05
0.0177160177525191,4.0307025684190405e-07
0.0058124364618939,2.827758054768861e-07
0.0019026962399741,4.45699725191324e-06
0.0162548488973599,5.1269689652047594e-05
0.0130527207137526,5.020018541583632e-05
0.0110207236073235,3.724827457260306e-05
0.0058153195357439,2.4976942649798487e-06
0.0189816593570832,4.2544285358395724e-06
0.0101513712705868,3.356221585060495e-05
0.0170596280492271,0.00016006201821222525
0.0181850042920354,8.971873320676331e-05
0.0117438492115229,3.313757921526215e-05
0.0178964103609394,2.564784843643341e-06
0.0092893255344508,8.5452084620967e-06
0.0095725816019441,2.8314691070962303e-05
0.0038213901113154,2.592572496812913e-06
0.0125166692992723,5.695504319605845e-06
0.0006501877961349,7.777352045700107e-06
0.003689338738619,2.2789372865842204e-07
0.0173679679696878,6.642947931348219e-05
0.0060408806003007,4.815894513287341e-06
0.0127239847603226,2.879637960255389e-05
0.0118483782889113,2.7874731601933665e-05
0.0130146504800151,2.3464382463780184e-05
0.0131486407573637,2.980937942164567e-05
0.0088210690526158,1.0545661652077425e-05
0.0066918735238655,1.0223695068867448e-05
0.0042063247840062,4.749502345858695e-08
0.0034785079802137,1.6252501976700164e-06
0.0087439115957772,2.9074343647073068e-05
0.0058979395881468,1.6318735488742413e-06
0.0112245581010376,1.92364841716934e-05
0.0066324440989422,3.7031195007137042e-06
0.0148734420476439,5.4002204279463586e-05
0.0081300649862794,4.5280623470328927e-07
0.0070952535712831,6.8090660338287875e-06
0.0090445310481419,1.763279646564482e-05
0.0112418094530173,2.494792306958835e-05
0.0035038442295943,1.9916461328447567e-06
0.0020703902626404,3.501085109824819e-06
0.0188397527387901,0.00013330012379798642
0.0081358336661787,2.6751541263200562e-05
0.0192528271050023,4.9132789850413186e-05
0.0121800180331125,2.4805887001577382e-05
0.0052427270160577,3.9947606839223884e-06
0.0006075831147158,1.4174415943707965e-05
0.0135552292254292,7.775678974274228e-05
0.0130919521619772,5.0685903467246986e-05
0.0196521146183645,2.8803132516742248e-06
0.0081334093194019,4.707683450025766e-07
0.0090515819831482,1.539790194413045e-05
0.01741809425647,1.706983826440491e-05
0.0058647492016422,2.653967028341547e-07
0.0021872909318234,1.983707327850572e-06
0.0156687933028168,5.284777659357369e-05
0.001576256968889,5.325091191685333e-06
0.0180052976825112,0.00014134593222460507
0.0006587058958322,6.466004574605916e-06
0.0177255839382951,0.00010082156269695719
0.016022817599226,4.39219101971073e-05
0.0164699570477111,7.917057502495539e-05
0.001361896214248,4.515711876480803e-06
0.0073505854519413,4.198628215324974e-06
0.0085038123783618,3.4565440035262107e-06
0.0037573989175322,1.0676394127974169e-08
0.0073021897470097,7.034868687242199e-06
0.0188822324281098,0.0001133486436190163
0.0135073612033285,2.7544227070932992e-05
0.0005959808258112,3.959201115584919e-06
0.0197555867469352,3.401596563056641e-05
0.007240503004521,6.719656972030183e-07
0.0141082608725472,1.3357005806008067e-05
0.018295991128584,6.302660521936516e-05
0.015393378441969,4.2167452466756475e-06
0.0072088414935949,7.950370872622457e-06
0.0006218832898263,5.662389153267893e-06
0.0147102972225547,4.1303954763785164e-05
0.0080461428090485,2.889325433549019e-06
0.0105997058292464,4.897693881193371e-06
0.0083338362704965,1.024486563532119e-05
0.0145380513904061,6.082964283571185e-05
0.0109865947170472,8.133912334854118e-06
0.0180982963769948,1.1923236301707611e-05
0.0094799951674,2.568518792792182e-05
0.0192411634146126,0.00015824176126079905
0.0164435835224651,5.389897281227415e-05
0.0011427024090638,2.426303054985559e-06
0.0001981771280896,5.968357769612926e-06
0.0057181406076005,1.0873944533160962e-06
0.0065823062407341,7.808456283189575e-07
0.019353886251633,0.00010482586121320389
0.0105195167796261,2.0258390538430047e-05
0.01725463771079,0.00011159640455928049
0.0074356654749002,1.553339867567427e-05
0.0133217513689975,6.78323242258115e-05
0.0029510900233783,6.4182101720267915e-09
0.0164574986888591,0.00010421427563403737
0.0030502687018658,1.640242028338657e-06
0.0095581393919477,1.392084941310072e-05
0.0073389867840081,1.075459335760053e-05
0.0132044034522539,5.1735119918895904e-05
0.0088011701103745,4.239879991616751e-06
0.0080310325071052,1.7423072719320124e-06
0.0183653739319365,9.091877917025891e-05
0.00102640600998,6.558164694752653e-06
0.0131453940838935,8.303763163250472e-05
0.0155408416652047,6.48323044778463e-05
0.0055727425762861,1.3464033757925137e-06
0.0185779469725586,0.0001025634709315841
0.0021291160892511,7.9864634578294e-06
0.017725538967563,0.00012634667473347536
0.0185134540478696,8.968308453945687e-05
0.0100649746419127,9.779693211499764e-06
0.0022079964980047,1.5878249957696211e-06
0.0191040203786846,9.554387669984884e-05
0.0066368897581163,4.5105703858287034e-07
0.0039493036954658,2.061322919349433e-07
0.0188280123372445,6.774688278776528e-05
0.0144068618414012,9.33249493295933e-05
0.0193473894059191,4.569157467259173e-05
0.009840105521407,1.4805314426806604e-05
0.0180373023067138,1.4644281817429677e-05
0.0023360959543864,2.1466815394565e-06
0.0070511770895279,9.931774926171492e-07
0.0110403725150855,2.01075997349225e-05
0.0010322721284098,3.429200775813856e-06
0.0191994390876654,8.414675559085899e-06
0.019753564446662,4.9046109186572474e-05
0.0028303351426499,3.578958029071317e-07
0.0056757320189656,1.4180547382876055e-06
0.0154103442425316,3.9307608508445714e-05
0.0118538679648387,6.136624260967873e-05
0.0032657494835971,1.0803193332458204e-06
0.012304215809818,2.27003955195831e-05
0.0191337050327628,0.00010363047678605638
0.0094718123760438,1.2157696988061207e-05
0.0116928297032937,2.3462017266027213e-06
0.0104305498177243,2.036267815229194e-05
0.0093019785200318,9.785281031084805e-06
0.0122423176308609,7.758899281955616e-06
0.0139658359367458,4.7504048074254326e-05
0.0082681425123662,1.1642572235900403e-05
0.0023422532843245,3.4868999938514772e-06
0.0175367960677291,5.293177216537459e-05
0.0140761438172716,4.944020714261409e-05
0.0091703160424975,1.2800372121435157e-05
0.0012272607684699,1.8658362951505947e-06
0.0098947594113024,2.5884361888626028e-05
0.0037593709312732,4.1903202799724945e-06
0.0103847821358401,2.0888367000570624e-05
0.0029390610307662,1.13644276234423e-08
0.0169290727124289,6.012739465279363e-05
0.0171849418987261,5.6738704556658795e-05
0.0198528017212307,0.0001481961755876121
0.0014314721002674,3.195563377092357e-06
0.0138745271387836,4.630188357468737e-05
0.0150633478117235,1.8627283956872623e-05
0.0058304744379967,8.351881377045715e-06
0.0038945453862143,5.167713297269271e-07
0.0103406623157731,2.990313705263563e-05
0.0090170079058926,7.377760013783683e-06
0.0068638973689714,1.0773998548026194e-05
0.0089914053466499,1.9462210833288915e-05
0.0055588681555712,2.5416162248228755e-06
0.017830182259015,0.00012539922910429846
0.0175096682422577,0.00011462853953971494
0.0047399243273472,6.365455250396786e-08
0.0046641655065938,6.729570617607033e-06
0.0056644541271184,6.999771918856453e-06
0.0161975037432083,1.2231758281214815e-05
0.0072156800306022,1.153846194157314e-05
0.0015733293532864,4.4597306553283555e-06
0.0129702732116029,5.245555534667198e-05
0.005734812354978,1.0332429643456599e-05
0.0066283884745613,4.1934940917329704e-07
0.0053868086616135,8.482736598550005e-07
0.0128651903406736,4.168027543414876e-05
0.0149065636485512,7.946341781982096e-05
0.0176268642847871,2.462378681096481e-05
0.0110618686448269,5.606393593131203e-06
0.0064668874776457,3.245016909187239e-06
0.0041764797364557,1.8073711986617472e-06
0.009483846297602,2.6545825064972046e-05
0.0152927950832185,8.521209878861212e-05
0.0187088998741406,0.00013081273482666786
0.0126699525077097,5.042733871805043e-05
0.0146337018021943,6.370360332804273e-05
0.0121838920514994,2.2417234701473208e-05
0.0070365870648363,5.254532318904854e-06
0.0104502582519866,2.009098723335122e-05
0.0058747131594968,6.5483541911655986e-06
0.0085344056416586,9.457705228517249e-06
0.0167515154094726,7.699624802914625e-05
0.0186697945625504,0.00012248258091458107
0.0095587380839988,1.3904333887000063e-05
0.0144478639136183,3.411517861027654e-05
0.0083022121910435,1.3568178785442901e-05
0.014290405890165,6.273890661248804e-05
0.0148595014059852,2.8623271158378076e-05
0.0157652640960544,7.908690478647389e-05
0.0048417771027104,3.110245530276068e-06
0.0193762371125247,3.318351478358125e-05
0.0044326320208874,3.6382769295197565e-08
0.0194117144420056,0.00012218487402151674
0.0185283209534019,8.12767334902124e-05
0.0075183641001488,2.0624845721546736e-05
0.0187778894715411,5.505845360537983e-07
0.0127244743872347,4.752657087742866e-05
0.0014225174282053,1.3725911765315862e-06
0.0124103317290429,5.9136760335302136e-05
0.0109208156071731,2.7092745112686548e-05
0.0130933581247916,4.047299645232139e-06
0.0028090502821809,2.3486073965724103e-08
0.0017571672854004,4.945992394011851e-06
0.0043529411053033,5.024629041493617e-08
0.0098091258280031,2.811094103133117e-06
0.0012142011853404,8.794353339874897e-06
0.0108889037481758,1.7566857234784504e-05
0.0166309191878517,4.129090912179323e-05
0.0028923887983442,6.91612311822004e-10
0.0191360787346828,8.060717621242135e-05
0.0056166442479568,7.296470997740066e-06
0.0167001055791793,5.9823798769693055e-06
0.01031003349143,1.7775446299183406e-05
0.0093277001487915,1.2099977390006305e-05
0.0194089323321838,2.893986457022615e-05
0.0198100964652242,4.893010736689336e-06
0.0039842644867409,2.948339370271856e-07
0.0159863639702837,8.172985973117735e-05
0.0163319054748593,6.0618201338406296e-05
0.0120749667773849,3.619322573542312e-05
0.0150162753138807,1.5140811658200298e-05
0.0136693275906564,1.3988048063597087e-05
0.0171876495526788,0.0001063025713331895
0.0190570212659602,0.00017821505072034604
6.743295722408282e-05,9.06447097253715e-06
0.0020804289485421,1.5454330273643532e-05
0.0122274474705368,1.953290848624823e-05
0.0029942398617488,6.272172307152999e-07
0.0101562919533262,3.225028075097466e-05
0.0167146122725443,6.752200778063198e-05
0.01228505136191,2.8369926868609843e-05
0.0164094963595837,7.843155608946959e-05
0.0075563835243802,6.02084758730459e-07
0.0149164847134092,6.630396451070029e-05
0.0122311091867289,2.002939962936224e-05
0.0033598414004196,4.423945275582443e-09
0.0132435091691425,3.715132709459795e-05
0.0187756692350889,6.236099315137778e-05
0.0016070438040246,6.770942226454101e-07
0.0128995471627997,7.639288759637742e-06
0.0115816179977988,1.326720947519588e-05
0.0133283631857431,4.0281260110616296e-05
0.0072537122003416,9.936841553892562e-06
0.0128516149082202,2.9316238687509917e-05
0.0003790477569411,8.081865626237437e-06
0.0183402415843368,6.33587913776967e-07
0.0023164735289782,2.0056833941513332e-07
0.0033117106879955,1.46106634785835e-07
0.0035715237915169,7.22947210129286e-07
0.0167985154794213,4.043477734517367e-05
0.0014363322785332,1.5320331702740073e-06
0.0090633802246985,2.836411794456758e-06
0.0078027348988531,1.8059555677650982e-05
0.0151870218093401,7.676675412718278e-06
0.0108461220402995,8.737451651976692e-06
0.0147712952219722,4.201223078063518e-05
0.0010215743859577,1.6957491009270703e-06
0.0065014604705134,7.102549215675628e-06
0.0192346900834242,5.825907596842485e-05
0.0111415059066522,2.585296486517055e-05
0.0024860845255411,5.436930237058204e-06
0.0020488028170727,7.031330297149552e-06
0.0133483777172938,4.3237244022457365e-05
0.0065016235281069,8.185346299934973e-06
0.0060319934461009,4.9393414542851326e-06
0.017774050082711,5.463281650800694e-05
0.0016081629388332,3.346819023936152e-06
0.007779147885152,2.2257770555831217e-07
0.0189824143755944,0.00010029854365346364
0.018961313169904,9.826196120452387e-05
0.0042972900225796,1.242160508588202e-06
0.0185328969230422,5.557261278029032e-05
0.0105578829378836,1.8978599104161758e-05
0.00708600410697,3.173638346304821e-08
0.0020611009563473,2.831474327618677e-07
0.001932678575333,2.148436994012764e-06
0.0011660038998639,6.572682714535537e-06
0.0063857622165622,1.085144928239405e-06
0.0101809578307376,2.209261028498403e-05
0.0197047380837233,0.00015172871013190663
0.0173233969512005,1.3455637136203467e-05
0.0138642825238654,2.3946081473665475e-05
0.0061368890043085,5.596294125866496e-07
0.0188639086268399,0.00010486403509232624
0.0175654010045415,8.018423029754794e-05
0.0055632423193997,2.134524130945537e-06
0.0141521682356979,3.96639585252337e-05
0.0013746317936183,3.176902196484038e-06
0.0022499460797176,1.163315401255223e-06
0.0147783866533128,3.950293978529775e-05
0.0014712053914915,3.864829409388061e-06
0.0053235255939686,5.056717362146707e-06
0.0024974791632093,9.819439855787027e-07
0.005615253209028,6.37432754021717e-06
0.0043294334523856,2.496581556082036e-06
0.0101813375884748,1.150265505363996e-05
0.008115950184259,1.3840856932223446e-05
0.0142485374030407,5.324579378384074e-05
0.0096745544350581,1.6781349207279095e-05
0.0035246368244672,5.95423376616653e-07
0.0078542601375246,1.1242317154327896e-05
0.0170773984870397,9.343078235319352e-05
0.0164069710830257,9.188752915300518e-05
0.0114138065343205,3.0653671060498815e-05
0.0006422370874006,4.06196069015925e-06
0.0192808324560583,0.00012512043221934812
0.0148191385805712,6.078223779533642e-06
0.0196107160021078,0.00015661185741954484
0.0052908752938359,3.2655741867369435e-06
0.0150458888752506,4.4520216060229685e-05
0.0007502021859582,4.677823566765566e-06
0.0031486838472474,1.854603215785261e-07
0.0087457892494493,1.125173461012911e-05
0.0161372420497972,7.141617500452856e-05
0.0026752878769222,1.1188189783429902e-07
0.0131564804215396,4.833613289082289e-05
0.0002916250436227,9.05021330371863e-06
0.0098362645050276,1.6413656813216425e-05
0.0132438327925755,3.821882503597244e-05
0.0037660969534012,6.21940651708083e-07
0.0103069208402586,2.3501682864586156e-05
0.0150784666997512,9.225011924198791e-06
0.0029446213917955,3.722028711312105e-06
0.0165352553800766,6.319503358748076e-05
0.018822617654491,4.984535265398591e-06
0.011378913771737,1.173609854264279e-05
0.0195057503349941,7.044183640503274e-05
0.0112786855673242,3.114335404840113e-05
0.0195285393525766,9.546942169931725e-05
0.0127905167623814,2.205546174151171e-05
0.0104015053821239,2.4666002844644927e-05
0.0095489143339774,1.4167899099817504e-05
0.0056678110593333,4.047139028297285e-07
0.0139447515391975,4.6709263079839566e-05
0.0062695872434413,1.0554124176372695e-05
0.0104638375331039,1.8519189013986125e-06
0.0099440449747327,2.692461210362476e-06
0.014629988336256,6.011750787767656e-05
0.0062101076807912,2.9198791000150477e-06
0.0032141115193218,4.247120031100845e-08
0.0196916752872113,4.226218658128554e-05
0.0134674378617769,5.776886817510592e-05
0.0137494061222023,6.646858163543048e-05
0.011215869521444,1.4867394540409736e-05
0.0063290064822259,1.4023106626165079e-06
0.0069583704476358,1.4706810562410245e-05
0.0027365493146084,4.034233471415379e-06
0.0105835431254309,4.073338424774945e-05
0.0178639019029073,0.00010072140194212645
0.0037961870589986,1.8509503129457037e-08
0.0098356327609765,3.21414507619491e-05
0.0157466859222782,7.220668502080822e-05
0.0023591363975787,4.111436175987846e-06
0.0175700423988842,0.00010880018306920446
0.0141672698841937,3.988838374814288e-05
0.0193411867637818,4.340483527744708e-06
0.0115115437884595,3.18157105766713e-05
0.0106998856908742,3.002793073034011e-05
0.0134405707706091,6.677545426224416e-05
0.0080428615834631,1.0604484069709459e-08
0.0184663313327749,7.134487216033633e-05
0.0022734181789037,2.6664971308465232e-06
0.0026371805102478,2.6983892270824755e-06
0.0091838316477823,2.5059225472264047e-05
0.0152000037133413,4.369221395247702e-05
0.0089169357639064,1.0394324514649767e-05
0.01094254680345,5.053147940763563e-05
0.0151822281302519,6.635940120580212e-05
0.0047332795742421,5.808923912184002e-07
0.0184990358133815,6.981054621474396e-05
0.0063752409554362,1.1062932977152381e-05
0.0028598226956564,1.9126422950466246e-07
0.0078134963202132,8.878492032482133e-07
0.0184563789288156,1.3166520169572716e-06
0.0067143226864664,4.805721492237535e-06
0.0055721499999754,6.81089156800206e-07
0.0081385803898439,1.3120772094988235e-06
0.0083116782996456,5.764121237432097e-06
0.0132720979512822,5.516966221387927e-05
0.0102140595834031,9.327458903201366e-06
0.0013435917188375,1.5615632231976885e-06
0.016836805265011,8.859540305346773e-05
0.0123868025807922,3.120191508825663e-05
0.0036956588378021,1.675038919722019e-09
0.0199307308084441,0.00013616829764261605
0.0021068730911784,1.1032146178526046e-06
0.014608398079729,6.800322696917518e-05
0.0151162590916464,6.739837672854144e-05
0.0097998960271928,3.381735020766353e-05
0.0162808825676671,6.4151855399539795e-06
0.0032000952046841,2.7037246286716518e-08
0.0035592710418171,1.8202932468306482e-07
0.0040595629564963,1.0323839151819612e-06
0.0174723874700709,7.363655950856604e-05
0.0105338967714813,1.961305469504704e-05
0.0188259408404914,5.987512807031954e-05
0.0058171804179766,2.7694555313882147e-06
0.0094196671866514,1.2644657122847408e-05
0.0047625854702402,1.0373406602797651e-06
0.0109868974894052,1.5041994218781261e-05
0.0176662476708742,6.635074771003899e-05
0.0059426317731308,4.309644580290946e-07
0.0166152654066662,9.728327504474204e-05
0.0101426101393486,1.672153489001416e-05
0.0027120426284257,2.3953657201667267e-06
0.0084899915750444,1.771704283034927e-05
0.0080950269263513,1.2172476029341497e-06
0.0110297312915058,2.9864344159629558e-05
0.0102559590876465,4.830171733612696e-05
0.0057384740681163,2.710387859272118e-06
0.0189085960458388,9.197264283243723e-05
0.0027955014926431,5.309181212668901e-07
0.0104769326785279,2.1273190064324903e-05
0.0189250453010284,4.205989898172667e-05
0.0031533351624625,1.7774172890237548e-07
0.0194980522170591,8.753215067887526e-05
0.0097801956021512,3.612691444202903e-05
0.0185523711212633,1.6102247045061135e-05
0.0108004375023455,2.8418132995674737e-06
0.0032676720045856,1.111023612620099e-07
0.0098063351777435,1.3763699568399102e-05
0.0186393173672933,0.00012438432075242845
0.0109540084013816,1.773776201040256e-05
0.0181033565546546,0.00012509492889194358
0.0030883135884348,1.8085841392693317e-07
0.0111084993294187,2.6408728472344494e-05
0.0069754781309133,5.684762053569461e-06
0.0134061421254249,6.131083270564972e-05
0.0077583070991108,1.0906287520074284e-05
0.0052549600151479,4.491657898002056e-06
0.0040410035623361,1.6435980677357276e-06
0.0180439844585204,0.00011003313539978076
0.0194138568743471,8.995743200369316e-05
0.0140789843587025,5.024337865304858e-05
0.0193014404978936,8.906194943449597e-05
0.0059368582223541,1.5789602453555472e-07
0.0177037751368824,8.622906125552534e-06
0.0170142669117573,2.482467841728135e-05
0.0040079420386932,1.348067779919952e-07
5.8848987159545455e-05,1.5407648148268577e-05
0.0199765906711711,4.460729015189275e-05
0.0175331304197231,6.430943580314516e-05
0.0174714111765361,5.896476402466423e-06
0.0131599827024046,2.9218311657841716e-05
0.000791797998876,1.3983106758479381e-05
0.0156426285123467,4.2729302714613566e-05
0.0058433504470482,4.3954508747757526e-06
0.0094171684369446,1.0195275587200773e-05
0.0098649316944407,1.7652547294107362e-05
0.011940526437762,2.701216693619364e-05
0.0104055659216556,3.3896317670663296e-05
0.0003292203410722,8.302246765705634e-06
0.0120701141280508,5.884070937038942e-05
0.0093775044853334,1.595015333262008e-05
0.0009774213553414,1.0504820884345414e-05
0.0155805834657032,1.5325080192828896e-05
0.004128165808594,1.979883664829438e-06
0.0016231001503121,7.230390915771639e-07
0.0188173125309517,8.854858929674581e-05
0.0174893462682654,0.00011269418354635623
0.0109308723148085,1.7300627995761364e-05
0.0175650667895685,0.00018577231224501723
0.0106832091840387,3.1343681041584944e-05
0.0096360329715991,2.323408813091052e-05
0.0195082524693041,5.2433821455358756e-05
0.0122540609739866,1.838827658138558e-05
0.0035996955101535,2.0181289237990573e-07
0.0149851177280101,6.146483687112172e-05
0.000279396202087,4.700033551327021e-06
0.003094485280893,2.9565231706861895e-07
0.0128926660652283,2.5226146763328655e-05
0.0143846719081145,4.250800951811617e-05
0.0193746855758979,5.879031051950452e-05
0.0168250825742211,9.077099580540087e-05
0.0158309640653154,7.990676274609905e-05
0.0060730988560172,1.7045064997728088e-08
0.0180981464342385,0.00010736673965303771
0.0191464328219202,8.040927310444984e-05
0.0003290940225029,6.995685601685686e-06
0.0118820501001586,3.1487164823351804e-05
0.0168742262094076,4.259100122302433e-05
0.0041214201793664,2.8613522431051103e-07
0.0078306741048799,1.2393810118863162e-05
0.0136877941258237,4.4194552857069035e-05
0.0162201548057739,5.108383961912117e-05
0.0102823752516247,1.5063233349180813e-05
0.011705499461498,2.827847752352822e-05
0.0126703835233097,3.854438638540757e-05
0.0185755864513157,1.0386624560111916e-05
0.0103937179249896,2.1692528316999644e-05
0.0105911220504671,3.729655683080928e-05
0.0181759364184528,0.00011601236326238651
0.0031928771894878,6.534617304590812e-06
0.0114425258136712,3.9083505757717355e-05
0.0068986824926883,2.2610936419043508e-06
0.0116859450417692,2.5964077351356532e-05
0.0062045340386262,1.727146585549385e-06
0.0159232006670997,3.635380558067149e-05
0.0003418536309205,6.592127151627417e-06
0.017768423564235,0.00011926615733381223
0.0069064005833658,2.186591788572755e-05
0.0146411920630526,2.5031946659702547e-05
0.0182681291160659,7.754071166820742e-05
0.0072096565629383,6.106023914059669e-06
0.0067869170715848,5.675375780725173e-06
0.0127090594274555,2.924697639261165e-05
0.0090137860869382,4.6353388696423053e-07
0.0009835282730718,6.842966043928098e-06
0.0064407636988101,2.076444479418296e-06
0.0053140472210975,4.376255960895154e-06
0.0074456455460105,4.1116625923507485e-06
0.0142022518340458,6.810310122113631e-05
0.0038768223104527,8.024239905701418e-07
0.0044657325443274,6.803838434540242e-07
0.0170612872881977,7.953192242981045e-05
0.0104320851480688,3.2864472679812665e-05
0.0044585812929701,1.1190654341763724e-07
0.0090786312713398,2.989290883538888e-05
0.0147593616781675,7.382437931416962e-05
0.0058212378610033,1.5784668485322688e-06
0.0088040265024873,1.0458457321376708e-05
0.0016607170395341,4.332317743798049e-06
0.0155108127432263,6.764885344202327e-05
0.0039067752572243,5.9801527520923e-09
0.0194322838330537,2.5993549624126172e-06
0.0020209088534633,1.3994456215085862e-06
0.0139347719842506,7.052270693626513e-05
0.0193637297430029,0.00010496650384047384
0.0135708656226566,2.130046425172855e-05
0.0163813933905981,4.5471843395254e-05
0.0023890530110227,2.2446621547194567e-06
0.0020437839093879,1.7663613170435537e-06
0.0019257593518143,1.3728881921260226e-06
0.0185802801784353,9.074461059371232e-05
0.0149223037309041,4.2714999385182985e-05
0.0182353297767016,8.00975644041754e-05
0.0136288945705966,1.676394808764152e-05
0.0175167215869899,6.134752740597268e-05
0.0092838949768707,1.608702927279259e-05
0.0116664585963883,1.793608016736105e-05
0.0029233833848507,1.7134759882372577e-06
0.0094813142729521,7.527612388793466e-06
0.0034302052705804,1.1409288899330691e-07
0.0099203139071658,6.106365257214103e-06
0.0051644585732718,1.8586629181773253e-06
0.0170493416104264,2.324134828239509e-08
0.0095195380382517,1.7908726251600493e-05
0.0152156559230453,3.4959072629492774e-05
0.0019088343447396,2.1954193659189884e-07
0.0089731065435215,7.549982611708988e-06
0.0033092162252038,1.88285057216967e-08
0.0035417590208623,2.085296519065387e-07
0.0167560540900292,7.108273093533753e-05
0.0148134281662934,6.46193422946632e-05
0.0047196844086479,6.65582881441065e-06
0.0038308114769875,2.2094210681631928e-07
0.0052615622741688,3.767438855364574e-06
0.019368711181102,0.00010982270820225665
0.0024315256628828,1.10149404943716e-06
0.0130610407774616,5.7483337995196554e-05
0.0029591622977527,2.4030442640255586e-07
0.0071059246627669,7.831823861313174e-06
0.0184152113781549,1.210939911033551e-06
0.0012874470355316,3.457249650198214e-06
0.0025699820115115,2.851556739150178e-06
0.0072409898801838,1.658680619981157e-06
0.0100168614212316,1.6342067756524624e-05
0.0061901523799521,5.1987425064741205e-06
0.00574664088285,6.350573420527787e-10
0.0102869912539676,5.817975255136632e-06
0.0161387647908369,9.456261952881224e-05
0.0148679977540433,4.304748994187306e-05
0.0094081877997287,5.481192889745637e-06
0.0076123803748995,2.3542331222886664e-08
0.0151927023839717,4.458577172473427e-05
0.0140115530541065,2.892591936247291e-05
0.013930512462987,5.7961127729898405e-05
0.005277614254423,1.2839172881898857e-06
0.0064983525492708,2.3748037614589895e-06
0.0181095401502735,5.761900374219272e-05
0.0097714834958218,8.17999632111252e-06
0.0165431348674739,8.308593439880645e-05
0.0171662252948038,6.313457248582767e-05
0.0163330307368367,5.510742283992226e-05
0.011953159164647,2.960551636134043e-05
0.0176915803617928,2.1637107891021807e-05
0.0172665108490217,7.794274376805248e-05
0.0062205518581209,4.01343553463096e-06
0.0138827373405516,4.0641469107200573e-05
0.0162113938479375,3.3349297264228514e-05
0.0105570882987118,3.570680590006062e-05
0.0099481005896936,1.2144286476536347e-05
0.0139602178090141,2.604956550996103e-05
0.0192743815300877,3.6137321633496925e-05
0.0154329831333034,5.752286864072836e-05
0.0174229249975689,3.9586389307899e-05
0.0174321102335039,9.164087322360799e-05
0.0064051009299444,1.563297139286044e-05
0.0057129067502289,3.159206036288374e-06
0.0077673501347978,1.7809728688049022e-06
0.014791929483519,1.3497556654492564e-05
0.015709251630678,6.840565694253713e-05
0.0095797612795708,7.824193437651167e-07
0.000144555756515,3.6540955203790406e-06
0.0106882092882682,1.0659630727348473e-05
0.0051785326124364,3.729034685876968e-06
0.0098703885507799,7.441258968712681e-06
0.0131686179852678,7.318425788365414e-05
0.0177273071105985,5.467734655366274e-07
0.0006888628305816,3.796151318980591e-06
0.0134455981830573,4.606167322748224e-05
0.0068040786879413,5.729927014985543e-06
0.0161050416708668,9.035123550905157e-05
0.0094036724972243,3.555256499364684e-05
0.0082037911719062,1.0553386876047047e-05
0.0148686290933331,4.7628192010452174e-05
0.0075096259604528,2.923123705219449e-06
0.007235776403451,8.649201891289524e-06
0.006480004332195,9.831063458819201e-06
0.0054596472173568,3.7869639262410627e-06
0.0091553207125007,2.823403275029398e-05
0.0006480860098296,1.8958115196029037e-05
0.0193196553622503,1.8453768496591106e-05
0.0057977162222774,2.451035510378038e-07
0.0135747714955629,2.4067479165542678e-05
0.0083606024598074,3.371378368926705e-06
0.0021855148735461,2.9856761797833e-08
0.0073381837310497,2.795314474140294e-06
0.0047394423255837,2.667744722709036e-06
0.012264804646614,3.458782143145174e-06
0.0085146246124713,2.7086652920368434e-05
0.0056028330012799,3.6244311840871966e-06
0.0014434782399454,2.202465182964718e-06
0.0115368823679849,1.4132872013302532e-05
0.0066084847729707,6.37199178712663e-06
0.0003604264927071,7.916193001831947e-06
0.0054360342839082,1.1844498799728299e-06
0.0067530053927776,3.197630438098426e-07
0.0069907326334428,3.357903050847429e-06
0.0017721393474216,2.2495987446629843e-06
0.0023529612735991,7.701441560518019e-07
0.0124452024478755,4.2925524239487276e-05
0.0093499895750368,1.8370086617249802e-05
0.0078784324205419,2.3220709220587654e-06
0.0078427166591444,2.2700730661318747e-05
0.0176525947155632,7.285246942919612e-05
0.0132247165371151,2.188911285137463e-05
0.0015300797915571,7.353911041483677e-06
0.0017150501899319,2.3081279616429095e-06
0.0123813215964932,3.3363645206420686e-05
5.935184860417664e-05,2.0458415021975916e-05
0.0143667416824453,6.337340256734674e-05
0.0110744706621894,5.42957488593443e-05
0.0028546694923904,2.358646680190494e-06
0.0183249886435387,0.00011607314231080978
0.0117521177957433,1.705879373011059e-05
0.0005861627583832,2.572000860250082e-06
0.0073564038740576,2.4956920633225358e-05
0.0119794114885406,3.170125918500608e-05
0.0070444860087189,3.304321904939588e-06
0.0178562270320043,5.237457613361022e-05
0.0074356017106782,9.620947470864955e-06
0.0133895119745328,4.409071681744022e-05
0.0181137963858293,2.8908633548170785e-05
0.0037870816502982,3.4013131770832133e-09
0.018290206898742,6.228848042587586e-05
0.0042384984249242,2.4971560741404674e-06
0.0158773812378672,6.367993231052468e-05
0.0029088843463031,7.776765619635802e-09
0.0177505012239,5.567608007092706e-05
0.0023153942616004,1.6116446664647263e-06
0.017012969758929,8.762480704634974e-05
0.0091640083592627,2.0873409269415424e-05
0.0097471129125392,1.682862917689187e-06
0.0139801954069183,5.65236986273401e-05
0.0169971769778129,7.087707383624763e-05
0.0120513853104455,1.3372311180085731e-05
0.0133509373673265,7.176949150083157e-05
0.0069018704046833,2.4783535264796257e-06
0.0184019095935508,5.1347726095093964e-05
0.004226086445196,1.0342195425698841e-06
0.0043485570372831,1.1122291639968552e-06
0.0175820366033985,6.531961369007351e-07
0.0099887192547433,1.1808526381957832e-05
0.0176631914555198,5.9148974657968235e-05
0.0118235893829984,1.6126223383268464e-05
0.0043381560969896,2.396719358970683e-06
0.0124142960762197,6.241652627078266e-05
0.0150506846706509,3.8387268492278707e-05
0.0120329310173709,2.558534394292123e-05
0.0190627716526733,6.115327601231675e-05
0.0065028447189282,7.444712417239495e-06
0.0042830331755638,6.232420095722909e-06
0.0073622299227021,7.720212480682392e-06
0.007541142795764,1.138672312599128e-05
0.006846712759806,5.6333215561720025e-06
0.0082001780594614,1.696078375408275e-05
0.0108460908649286,4.332140242648929e-05
0.0135639126841167,3.61610552953344e-05
0.0124519765537832,5.314393190016913e-05
0.0048167517852534,3.937623703724356e-06
0.0070803499987416,2.0571751447684724e-06
0.0027222978207048,6.14554150385886e-10
0.0137823853955698,5.457455642556408e-05
0.0109399934477696,2.7072282897522043e-05
0.0037573747155724,2.3558318837063612e-07
0.0160980724914962,5.376842164166684e-05
0.0137179958404749,6.607083104307996e-05
0.0050515397672894,5.063342975340639e-08
0.007736974993625,1.0155778512861977e-05
0.0165481372322483,6.6406063356332e-05
0.0085823323745367,9.761160201905157e-07
0.0131635654596726,5.3077353093111695e-05
0.0198500693966955,0.00010325339792570509
0.0025933531016347,1.2888087488887294e-06
0.0165530455736819,4.6341395375037935e-05
0.0091062240626013,2.849683195297689e-05
0.0134742101371846,2.669893772128378e-05
0.0133125838576481,2.7368511577966322e-05
0.0161094632831941,6.030283627811194e-05
0.0137999143267936,3.182388140801509e-05
0.0166398922662456,4.503248220887203e-05
0.0045756250721691,7.253343168874971e-07
0.0076687543849759,1.6681092558163948e-05
0.0142396631247394,7.454578630662636e-05
0.0002391503429087,6.651556180945092e-06
0.0027124675378599,4.062061693926661e-08
0.0126547667205738,3.257057941291398e-05
0.0061015744910447,5.457075362824369e-07
0.0182918998809633,2.1012957137755668e-05
0.0054715244365743,2.7556307455208003e-06
0.0070599087560246,3.5306389619025537e-06
0.0174721728574628,9.965713951847464e-05
0.0144150917867653,3.7170104855510815e-05
0.0148395733089332,3.888134838553347e-05
0.0176357193022606,5.363837439304428e-05
0.0103452858781189,1.550503717377288e-05
0.0035491335849674,1.4501636440789508e-06
0.0054761416449994,1.0882163950745411e-06
0.0089184943506934,4.84455280514117e-07
0.0164500282800873,9.426033176656608e-05
0.0040508485342245,5.0052299110671164e-08
0.0145978305633249,1.7453402935968588e-05
0.0140175551446404,5.889147629175928e-05
0.015943277335004,0.00011188680722549873
0.0074235542523691,1.0668519567040118e-05
0.018667184682687,0.0001515752443652695
0.0189276001356246,9.306916449484907e-05
0.0013874063786608,3.950688872577815e-06
0.0118911464585399,3.171757598331722e-05
0.0161927742232853,9.605946066977613e-05
0.0009637961389517,5.612017126752634e-06
0.0126151868711482,1.9116033144942633e-05
0.0025506119923852,1.625105999258533e-08
0.007483186511937,7.0900877428954e-06
0.01267377049819,2.3288176269053605e-05
0.0092374686291973,2.0283044094389634e-05
0.0192926106496132,1.2721202633691157e-05
0.0078979579776721,2.0559363430411722e-05
0.0140281398766361,4.659548779141471e-05
0.0100748137729142,1.6736457138682547e-05
0.0038820508537869,2.1199980489037265e-07
0.002222242643927,8.824151621617604e-07
9.905164997781269e-05,4.467276935221713e-06
0.0163161336791082,1.6686911409516792e-05
0.0093492356740036,1.1264133735063906e-06
0.0025066153830142,1.2478333110977664e-06
0.0009779389189481,8.166666961178457e-07
0.0128054308457576,4.849157719542577e-05
0.0150164699009801,5.327549220024771e-05
0.0117833404705383,3.335241732478111e-06
0.0179833994052724,7.204567723863452e-05
0.0090499941668069,1.4135465216866383e-06
0.0175627414580469,4.201887815564592e-05
0.0120704452269621,4.2732637739404875e-05
0.0105336392538569,4.2931684329911536e-06
0.0074368748397624,1.7253768594490014e-06
0.019542510642507,0.00016498264359731668
0.0003215275531237,1.0246072120786473e-05
0.0182877578997787,5.3835665686655364e-05
0.0132012848065789,5.155790788984096e-05
0.0096523571928419,1.3840929442857918e-05
0.016827292119709,1.532443286874902e-05
0.0014895227365895,8.511687346064531e-07
0.0111454949574942,2.5435593001295732e-05
0.0173628445265345,8.909504230257897e-05
0.0130590081157721,5.2900063583213495e-05
0.0006998542300396,4.123487065434919e-06
0.0003894926266641,2.4974754648297363e-06
0.0110183090885436,1.6294929424919744e-05
0.0073586629451852,5.8260377532362416e-06
0.0135208172465422,2.3770334147025805e-05
0.0010784058997747,1.5412390197923376e-06
0.0069211545086047,3.304103138541532e-07
7.74692160136059e-05,6.848721704736367e-06
0.0093982247591488,1.3714019765406284e-05
0.0096921558233339,1.8420373935156026e-05
0.0173861593070016,0.00010904667977237276
0.0067717695286585,6.236595330637499e-09
0.01944583546786,0.0001766997704842186
0.0031651832710684,2.4817144139951915e-07
0.0059580419518958,1.5561421782117946e-06
0.0155646125109498,6.35778457502073e-05
0.0033317857794561,4.887204062367233e-07
0.0150418399595105,0.000119453917503667
0.0101814234980464,2.6793314552469628e-05
0.0189435708287667,0.0001702157816082899
0.0142867676682588,4.9339184873002625e-05
0.0076613949388343,8.393732026544801e-06
0.0067561482046759,1.9838684128159976e-06
0.0023921988540027,4.216193690244661e-06
0.0023287245800867,9.815749616290207e-06
0.0152937177831665,5.1215706394095165e-05
0.0051472778922728,2.5402884916444226e-06
0.0082071401258233,3.296809936695848e-05
0.0126216766885354,6.288741822341819e-05
0.0088913667954281,2.0432983552719958e-05
0.0158900425681745,3.422742124461428e-05
0.0047601156416401,2.953908025082165e-07
0.0188026991664523,0.00011071226894263862
0.0120257099100685,1.7145866372018752e-05
0.0092425429662506,1.7460591774959807e-05
0.0035782835093363,1.401745921852879e-07
0.0137359668967447,1.9713793948218743e-05
0.0199680996782063,9.765860055352659e-05
0.0069637765044056,5.588486813998128e-06
0.016462587174313,3.414518648415943e-05
0.0155545253599614,3.448192008309592e-05
0.0036870639935036,8.173023378757819e-08
0.0050817905801889,9.066836090223474e-08
0.0169474795981997,9.001707604657502e-05
0.0097033909745076,2.5678135998047307e-05
0.0134022462899069,5.716889627946712e-05
0.0135499018578252,6.384371147794376e-05
0.000494838842188,3.625827459964883e-06
0.006054168287935,1.4370767853160809e-06
0.0096608967089665,1.2146900796753878e-06
0.0064810800931998,5.40846203432454e-06
0.0161414671101005,5.7651975423755494e-05
0.0088090565864659,1.8118005626406752e-05
0.0116160714014935,2.7070782428333044e-05
0.0142269937643206,2.148391464092732e-05
5.261656802896031e-05,7.209117938821056e-06
0.0124124686935265,6.688120555345439e-06
0.0008220874701359,4.573102225346928e-06
0.0075574322971246,1.1565772850653793e-05
0.0092339745822163,2.3851246735727233e-05
0.0039323542783518,3.8738098707744e-07
0.0006476506108142,1.047920407480627e-05
0.0173616243451371,0.00010015104211206826
0.0049621675919386,3.67710612749501e-07
0.0191064499624767,5.229298172344139e-05
0.0049323557101325,2.7151046967202344e-06
0.0073787847386154,6.672378081946954e-06
0.0078675697749645,1.0931231100135955e-06
0.0178454988696785,8.787122382499924e-05
0.018489411787348,2.4217397968221927e-05
0.0096757751707797,1.9990738634507873e-05
0.0049790058795399,3.834272283459845e-06
0.0024290370086827,8.99526708079371e-06
0.0060272799260637,8.048690388594967e-07
0.0155129782161431,3.473933716431007e-05
0.0049497235757563,2.729421648852618e-06
0.0018019816129477,4.477422598106367e-07
0.0185038927217213,3.0624354754334216e-05
0.0194804193931203,0.00015603305976489396
0.0122272568697936,1.509172065018111e-05
0.0116050090233883,1.3063389895928674e-05
0.0032007628221313,3.1721414696376706e-06
0.0182376973996103,6.491630845367052e-05
0.0051276833686912,3.0965255890692893e-06
0.014399003142202,5.238474210307298e-05
0.013989805968603,2.6154597178997852e-05
0.018382301609389,6.450951917426116e-05
0.0136706773596758,1.8960999249331674e-05
0.0019505308458339,5.6706209441803114e-06
0.0086615277007072,1.3003457884659598e-05
0.0131444524936472,3.9848439709527736e-05
0.0117650875532987,3.655000003073261e-05
0.0158052927542727,9.517031603620947e-06
0.0084353692921903,2.493539849300494e-07
0.0041326122583332,8.500885723356928e-07
0.0110500556388791,2.3669955133771025e-05
0.0008003213692918,6.998831521139494e-06
0.002681436864578,2.1149513951913975e-07
0.0081212324954853,1.80653696790657e-05
0.0124346979816319,4.4617857461621255e-05
0.0130675900592345,2.511261041405968e-05
0.0152662882202341,6.682268806835824e-05
0.0087661826444205,4.7980269903913575e-06
0.0187623285979141,0.00011080990061739989
0.0103923267261653,1.962603521270808e-05
0.0134574940931373,5.7861868191103143e-05
0.0102119690676145,2.165157979295042e-05
0.0049321922572669,3.244476903163343e-06
0.0176641051420744,0.00010381692670407652
0.0125749488302845,4.596491361380108e-05
0.0176951657247676,2.4485474946717662e-06
0.0156270975830315,0.00011919904372074342
0.0041549510296916,1.70972762880165e-06
0.0035299664595738,1.0300561277874282e-06
0.0123535623583161,1.728740015327805e-05
0.0062755429808858,3.661610628590838e-07
0.0147112688571387,4.304166843715848e-05
0.0002292352741501,1.023723698546312e-05
0.0100804109945846,1.36539049268584e-05
0.0181605218378622,7.035503528660674e-05
0.003739127015192,2.6647129185525807e-08
0.0113199699271329,3.366341035409661e-05
0.0027049476805586,4.339737927740218e-07
0.0103746653998096,6.505694589129696e-06
0.0075275083166579,1.51934548306289e-07
0.0043085578383294,1.0196880536946544e-06
0.0005280123076313,8.382377302717287e-06
0.0115620380805935,2.6773274838557914e-05
0.0175182911146031,5.702594614065634e-06
0.0080179113792277,1.001588632305323e-05
0.0142525709258326,3.369095621117033e-05
0.0140765910422529,3.0376021206544077e-05
0.0122058451478313,3.702936643970857e-05
0.0096512670242161,4.1576307988230313e-05
0.0048078509287429,2.4781591419673923e-06
0.0070249589329943,3.389013602611093e-06
0.0186033186887729,9.670334754934785e-05
0.0045425025639499,1.5755492534717305e-06
0.0071028827667433,1.6030499480477556e-06
0.0066789391425372,1.5042473078107697e-06
0.0018865144625466,2.299220177985499e-06
0.0059285841146596,2.660514346571317e-06
0.0102259703818516,1.3868304584820697e-05
0.0077531896974606,1.467128284489457e-06
0.0172704683869026,0.00010925123840441204
0.0042333846027258,3.3661677319265172e-06
0.0076101740387779,5.606630156521883e-06
0.0149928535541919,1.4282245790409339e-05
0.0003745200084635,2.8728965397675252e-06
0.0050215103650664,1.5404201801593476e-07
0.0121360622865148,4.953579974746827e-05
5.563752003643119e-05,1.7714072533890834e-05
0.0023099272084781,6.955577315427265e-07
0.0097450507849604,1.280065688454492e-05
0.0168513733271653,2.381262056008903e-05
0.0081258358432297,4.180527277121357e-06
0.0198638182081795,8.946962384062986e-05
0.0122819059789184,6.0104167961463706e-05
0.0072197210508676,7.1297195170065705e-06
0.0010954995840963,4.558280611566678e-06
0.0049100357574984,1.6774835476435243e-06
0.0049842028831819,4.484733302214177e-06
0.0199716110124502,1.919480210822097e-05
0.0085596923892789,1.495632957674009e-05
0.0020762898119084,1.5230516695396354e-06
0.0053303694118889,1.7265759749234645e-06
0.0188802130405539,0.00012210096112249237
0.0132724360134235,4.104565500787302e-06
0.0134777376244775,6.341721454697295e-05
0.0188828883239585,0.00011342778717855886
0.0046436803322889,3.888056139699703e-06
0.0039319368846001,2.2693777042460405e-06
0.0010871149018774,7.34137987161283e-07
0.0082122191927569,1.1482093476510652e-05
0.0084498311356275,1.264990323052781e-05
0.0098496934667509,1.6640052566349114e-05
0.0119861056275577,2.8243350913582084e-05
0.001154570403836,1.357536674313923e-05
0.0119669927885504,5.319174153733258e-05
0.0075421201915443,8.95003193004572e-06
0.0018638946512121,2.276883395940958e-06
0.0012714332196565,2.1353338574691068e-06
0.015673688067537,6.013671782380517e-06
0.000424546071343,7.65339662476177e-06
0.0166279664886773,0.00011167122643135278
0.0194467683000779,0.00015607226494461417
0.0038260371888876,8.617542313818415e-08
0.0160707807768088,7.862026543647678e-05
0.0113363819047344,9.442331685628948e-06
0.0027778643043289,6.082710978773286e-08
0.0159948092402286,7.479269390403765e-05
0.0055393354906492,4.8836256423409144e-06
0.0134489947437041,3.919581884687352e-05
0.0182594172541926,2.461842233999673e-05
0.0085108516621877,2.3035063572701024e-06
0.0080805401562895,7.716746589347286e-06
0.0134706030019494,3.325655677373656e-05
0.0197195876287782,0.00010334913914514325
0.0153960659175612,8.146306412754656e-05
0.0056213702478679,6.931072478702339e-06
0.0113733898123654,2.1054109716948646e-05
0.0038637921644565,1.4852202361489422e-06
0.0017957959390404,3.2259546445824282e-06
0.0158965947477586,5.7959486727553944e-05
0.0185299737872449,0.00014249992235191038
0.0044262397215357,6.256697109985284e-09
0.0186880756425415,4.711459249678496e-05
0.002675302356471,7.372911207581545e-06
0.0068195585725968,1.8302393516688526e-05
0.0106605285317746,4.31533126086432e-05
0.0190858411485199,2.4724829190538556e-07
0.0172899132039712,0.00010262863213569043
0.0199183363010364,6.383514606600918e-10
0.0171446461253992,7.893284040463004e-05
0.0096532710173605,1.2275800141770285e-05
0.0011118220247401,7.711266817211691e-06
0.0196872254824786,9.649228888542431e-05
0.014802942155365,2.712020538284824e-05
0.0187936695648803,6.843121766957443e-05
0.016470289350569,8.248008137832268e-05
0.0051571512782575,3.3332783702945734e-07
0.0086259467154696,6.398661504045005e-06
0.0061785732653274,1.955863691867994e-06
0.0124205564223992,4.5118296392423e-05
0.0136621765482665,1.88943415717212e-05
0.014852140390788,7.173095420896132e-05
0.0102448786308966,9.577253662012632e-06
0.0092790573050742,1.9362908660681165e-05
0.0166769761911328,3.3968324894321676e-05
0.0167183833799248,7.35916086317042e-05
0.0090469045842544,1.9274142037948923e-05
0.0140363860607198,4.6775805558659795e-05
0.0025371563508395,1.7245236025651323e-07
0.0164581655123873,5.771298009033806e-05
0.0141235877298228,3.767016841619441e-05
0.0128460035302348,9.672216951869403e-06
0.0139989813358945,0.00010480261789023342
0.008332494972212,1.6223346763747656e-06
0.0110409044659275,1.8864117648412186e-05
0.0075054561291545,6.81261043552615e-06
0.0116916901311448,2.5463628712273855e-05
8.643044165745906e-07,7.587960882760759e-06
0.0138110912057649,4.068865476788017e-05
0.0150040087401774,6.644532359729828e-05
0.0058628267171137,7.894063975182205e-06
0.0054951329650828,2.6349675544327542e-06
0.0124572775514355,3.5053786422891514e-05
0.0029158292902984,1.2764894166400005e-09
0.0059661884143324,5.4838513543255195e-06
0.0013141344723237,2.2171016654843893e-06
0.0056571333105147,3.155165716256554e-06
0.0049782013632062,9.755358634411626e-06
0.0044921183651661,1.1380892428380816e-06
0.0087583723114167,1.0114148374315728e-05
0.0169789345024481,5.3536133612377764e-05
0.0020810565732327,3.963337651911953e-06
0.0170430776364916,6.26602543792048e-05
0.0014425545135644,2.8532509527686394e-06
0.0103883728171112,1.3375215917016583e-05
0.0153859385341891,6.0616507961458104e-05
0.0154734513564615,4.2299521144158375e-05
0.0039371485082384,1.7157179094842036e-07
0.0129710192090294,3.176420630756404e-05
0.0016668382896864,2.3125159497577998e-06
0.0139574110068192,3.1864630315582726e-05
0.0150673390680514,4.0167416093728866e-05
0.0065879989624595,6.855718279596341e-06
0.016675463523522,7.085966562561933e-05
0.0146378665402782,7.150960086312532e-05
0.0095793430993113,1.0318530066575068e-05
0.0062195111287495,2.0031015967781333e-08
0.0025593809829211,2.25055843448507e-06
0.0065342040938861,8.409456776541552e-06
0.0045717082769077,1.9527550465697726e-07
0.000228920968528,1.0492188668604174e-05
0.003923795571493,2.6243650246213164e-06
0.0043052173137381,9.828507006465515e-08
0.0008335353606264,7.0519958635279915e-06
0.0128883200663165,3.31216179314825e-05
0.0186128604464106,0.0001459182884036132
0.0136440178219708,4.9015390762487185e-05
0.0048269945892634,3.3572536392134327e-07
0.0056522391706682,5.472405526727938e-06
0.0105816115829042,3.704376823161297e-05
0.0106380823715998,4.582372589887035e-06
0.0168403440639441,4.7700910914049066e-05
0.0030233348625429,2.2069955929213994e-08
0.0022127988723055,2.9050088044285284e-07
0.0036924822896378,1.7737360351452778e-06
0.0196123762848419,8.99781134008691e-05
0.0129856535890782,2.6168864978503392e-05
0.0165329051798882,6.947537137489947e-05
0.0146275915834477,5.638301815057146e-05
0.0144160670779317,3.50797593440745e-05
0.0034099470216327,9.840238718634723e-08
0.0155160907645466,7.766721918347557e-05
0.0060147064382887,9.347170039069017e-06
0.0071434428787741,2.5048116471333714e-06
0.0040572547499538,6.64761942010903e-08
0.0134634993946771,2.2665565334204198e-05
0.0052054000847553,5.073254145018659e-06
0.018548790154744,8.193204051279302e-05
0.0109951812965301,7.884989416762284e-06
0.0038489611421194,1.4595226212847322e-06
0.0154776307338399,4.538352729528398e-05
0.0148721168461772,5.439442221094082e-05
0.0098666021560565,1.8805195707637667e-05
0.0031800628468323,1.8762779667217884e-06
0.0173137868301409,1.5716865849341305e-05
0.0102493891930834,1.684604511574e-05
0.0108690737049406,9.105480887578181e-06
0.0016836178379663,5.604929880584512e-06
0.0132368666945631,7.91637414070752e-05
0.0048692287409024,1.193451161935716e-06
0.0011647133469632,1.0136359148884737e-05
0.0135257313646132,1.6198343638791335e-05
0.0024791662825942,1.0363819486992373e-08
0.0095789374308918,1.615361386418615e-05
0.004341028918816,3.6949206488549876e-07
0.0181325497203768,5.36333625474275e-05
0.0146096288175438,3.952425701370063e-05
0.0153272332126472,5.834498807096268e-05
0.0151103856551419,2.152648003302565e-05
0.0173192325735836,4.400098994809778e-05
0.0029538886850977,5.401542692644584e-07
0.0023289991155779,6.230046911579204e-06
0.0111353932992306,4.062607883081242e-05
0.0010766044454525,7.688668779638163e-06
0.0151572255879148,4.533418380018626e-05
0.0121225170476875,4.2654742159227935e-05
0.0010264306976143,1.0929641913991232e-05
0.007825140813905,1.2957863736583431e-05
0.0132906196709365,2.1849635969052245e-05
0.0097415759099617,1.886886342874968e-05
0.0013962369223503,4.4662412806596374e-06
0.0163592449820958,8.632443339014346e-05
0.0107108091408719,3.7392535786038105e-05
0.0174517627056314,2.9332549588088763e-05
0.0186347538006057,5.1627912515732084e-05
0.014641339452615,6.523396206213317e-05
0.0160841041243927,6.718136705790644e-05
0.0144784056809074,9.746809638697584e-05
0.0190984075474441,0.00013563097922782318
0.0180577381100711,4.8232425905810885e-05
0.010508436502125,1.3443740465464011e-05
0.0093873345565491,3.294534849248716e-05
0.0080954099094701,4.229629482432542e-06
0.0051339793404669,5.092558982162785e-06
0.0194082801735089,3.825816304528835e-06
0.0007026183343813,3.231278722577869e-06
0.002620563712818,1.2605534593214165e-06
0.0014475474898028,9.23694772810926e-07
0.0117921903819907,1.626682232744257e-05
0.0166943132499101,6.325676616730021e-05
0.002466717829393,2.3682639253169176e-08
0.0058483428682049,7.116725277649219e-06
0.0082175499122257,1.38554988479817e-05
0.014973427608872,1.1494516565348702e-05
0.0153180659230541,5.255904056180266e-05
0.010801459640608,1.4263267536049289e-05
0.0107176405483018,2.092548735634282e-05
0.0081750843806537,5.2618923718779555e-06
0.0120374426726483,1.0635157042941404e-05
0.0025020511243719,1.7111880636104397e-06
0.0168091105769074,5.060249950820728e-05
0.0179469382759203,4.5057646822760276e-05
0.0035748812146231,1.4385236777432059e-06
0.0162416042047899,7.886417274241977e-05
0.01655158799541,8.909099740838065e-05
0.0043201465438448,6.071104067560616e-07
0.004519330163719,1.4736514278557926e-07
0.017865854849789,5.1562086790577084e-05
0.0071630172560993,9.4302348855491e-06
0.0166115470378462,7.342637441044968e-05
0.0027312174266641,1.5723771979103915e-07
0.0187152613548039,7.459733028766995e-05
0.0072594299477201,4.782547923634472e-07
0.019123082430707,0.00012467142821809325
0.0011774357135907,7.19572423876462e-06
0.0057387867765103,1.326817636625532e-06
0.0075159440244214,5.093782001523415e-07
0.0084149007398848,1.7372167868324853e-07
0.0180758511271234,7.572358846528307e-05
0.006112673726635,3.8778789877526005e-06
0.0127979614881354,5.176001561793452e-06
0.0134856855467609,4.002233912865744e-05
0.0144524050077259,5.79670323365512e-06
0.013314641830882,6.55843996039962e-05
0.00091043115593,1.0189997487446254e-06
0.0139673849087529,7.6060940138964e-05
0.0155070002233694,6.42451664071907e-05
0.0030936107213994,1.6720511229009944e-07
0.01061439643352,2.741761925589964e-05
0.0005710854918993,6.668615327719756e-06
0.0047149957268677,2.8808727016386186e-06
0.0145171111829711,8.013397925883738e-05
0.0017392406090453,3.2218847170966346e-06
0.0009638971559187,2.3891289573951002e-06
0.0018598207016633,7.21321616175002e-06
0.0003266062505991,1.0972151343681147e-05
0.0115626647207078,2.4632640432302074e-05
0.0065208926836939,8.895961608445749e-08
0.0053194005516533,5.630749997840344e-06
0.0121610182139852,4.152458464840007e-05
0.004803461179673,1.1026983564820153e-06
0.0106509431893707,3.926988632200257e-05
0.0194611747814668,0.0001223431042992655
0.0097028322462696,2.273308489704478e-05
0.0075727343271301,1.3299314537101753e-06
0.0053919750921038,7.615787624739258e-07
0.0090075271355764,4.632273907362982e-05
0.0023534479672993,2.431851709061168e-07
0.001948826579352,1.9632377314908084e-06
0.0113737827632902,1.619242347326928e-05
0.00162632256482,1.742816736648489e-06
0.0124652698625696,4.3918777291626174e-05
0.0026752171453174,1.1977366588898701e-06
0.008083022436946,1.568655808655662e-05
0.0118299200932561,1.75249523693092e-05
0.0056563419796619,3.429412779319677e-06
0.0129211164827815,5.7429586553213655e-05
0.0033544523593838,1.6225507087473997e-06
0.0166327863108925,5.149795650520717e-05
0.0087868351358761,2.5616259380221237e-05
0.012634772044988,5.2840552574417466e-05
0.0174412601822337,7.785767821393106e-05
0.0068625860017189,1.2846320503494306e-05
0.0065909246479895,5.399391582675083e-06
0.0175073836871047,5.186168740274377e-05
0.0084311165686367,1.686199745720547e-05
0.0132826426176255,2.4521634349253015e-05
0.0001676805010813,4.670764720084775e-06
0.003114138597683,2.1046139271018205e-06
0.0006440957617079,6.223187552029749e-06
0.0048133280569039,3.1392930070601896e-06
0.0027392959135718,2.0162427592989116e-07
0.0134078780596082,2.8886998018759617e-06
0.0012539575335064,2.0080043054796302e-06
0.0100649171910083,2.9261971294568958e-05
0.0165386660538318,0.000112483713076718
0.0105164683229155,3.453601120644363e-05
0.0158839941809932,3.951285672678834e-05
0.0018368349462736,1.8180802616355622e-06
0.0144294059582936,7.219176670493626e-05
0.0084298259960713,1.3786329914330047e-05
0.0009380684037381,4.4770343696471104e-06
0.0036029373485796,1.244465472159408e-06
0.0028543411674144,2.8341912954310953e-07
0.0031895891804898,4.775827314098765e-10
0.0109960416962208,4.465278277742318e-06
0.0060062117440874,2.8910645242116094e-06
0.0075892545960509,2.1804798865898674e-05
0.0028613463270632,7.791848178369204e-06
0.0176287283482496,3.190300869232341e-05
0.0045783272785481,2.009116965386849e-09
0.0142934836905326,3.0064155346699187e-05
0.0013795996608542,1.8091412219866482e-06
0.0087241872789206,1.8065912138848177e-05
0.0138497222000066,3.320162697080531e-05
0.003744067899665,1.3409057924470953e-06
0.0157223868993019,6.014120286139912e-05
0.0143998845208414,7.307326628870349e-05
0.001494690902294,8.319552011169457e-07
0.0053451221256289,7.601595649334176e-07
0.0009661847854609,2.5097462619613585e-06
0.0177816996528613,9.206153754142233e-05
0.0070463074052779,1.5108104698430564e-05
0.0093240064652643,8.451873995875822e-06
0.0067649131414043,5.227343329378166e-06
0.0181360379880125,1.1695447484740435e-05
0.0187275442168719,8.166652101966109e-05
0.0080967938671326,1.34898685609318e-05
0.0103824933288399,2.6762534194230956e-05
0.0004460099098128,1.5672738034589292e-05
0.0034630535715716,1.8681313605264785e-07
0.0104972071222835,1.0846035746073311e-05
0.0199755677039822,0.00012478675879008246
0.0149638520131345,6.115870268931433e-05
0.0172424001525112,1.5819743795322678e-05
0.0029305108682116,7.285962232239834e-07
0.0108312824296353,3.3106318883529016e-05
0.0036428623342447,2.2954746483049738e-07
0.0132546893769129,8.08861958547066e-05
0.0154218112579435,5.357550928378064e-05
0.0145431078487032,8.788173775470728e-05
0.0183627368750633,5.643937927907796e-05
0.0140218159275514,7.90375296702224e-05
0.0067415965376707,6.759433673090797e-07
0.0157737190122013,6.583154260932759e-05
0.0021898954471896,3.8514232804997753e-07
0.0021526257473981,2.085752003742986e-06
0.0003630288060124,2.564674838377678e-05
0.0188036972974659,4.7379910394375326e-05
0.0162227197562838,7.119836174439757e-05
0.0145541451906881,3.5600965008846525e-05
0.0195685742194758,0.00018477238248966642
0.0193007054312302,0.0001336159263004315
0.004393588597063,2.60792817453951e-07
0.0181583091795505,0.00010851054078683913
0.0038345185294343,1.7987674556327155e-07
0.0056333041113763,8.935223416347877e-08
0.0021522487473543,7.503007140953073e-08
0.0170546021376728,3.76676734588637e-05
0.0076826177141898,8.915363755251011e-07
0.013682308142341,4.5379098487405995e-05
0.0056955342479491,1.1883744965514442e-05
0.01320368226196,4.9282456460625015e-05
0.0176813820282739,0.00011398975637288134
0.0036596655961649,2.3848423222749905e-06
0.0147012294790994,6.341836227734668e-05
0.0187968496812534,5.163413776333104e-05
0.0089734327665035,1.4315681823098861e-05
0.0161166123780093,7.969743998914323e-05
0.0097907560359117,2.6948646278220972e-05
0.0115494385460751,1.0029864542952998e-05
0.0168220777444056,4.428783006810304e-05
0.0026555394008622,5.858080497291078e-10
0.0023169720916918,4.22804737852491e-06
0.0161418434821594,9.086154335890999e-05
0.0150566248062187,4.741670847157908e-05
0.0093435789898481,1.7666807350684906e-05
0.0117839713062321,1.4247632969733931e-05
0.0003441973131493,5.864541234243182e-06
0.0066254417309751,2.2805477490432643e-05
0.0034016521995853,4.82489752811167e-07
0.0040774848343333,4.046957758694444e-06
0.0174054670469473,1.1292376040232755e-05
0.0068657783984782,4.500626478517755e-06
0.0022218122927163,2.203228677363146e-06
0.0181154492508033,6.00792085949026e-05
0.0068115306397078,5.040108375655816e-06
0.0146518220772641,6.192206606954947e-05
0.0115687279469993,2.0842729398610092e-05
0.0031344658110816,3.801603166411731e-08
0.0130489475275319,4.216709267710024e-05
0.0058470566707112,1.047718186895121e-06
0.0118603275310454,4.712137898901942e-05
0.0185471492317691,8.756196488614329e-05
0.0131596797583926,5.6512055513518773e-05
0.0121315316112397,1.1806934247835227e-05
0.0106579027459341,1.4610226907818531e-05
0.0095617582623076,7.585394613515075e-06
0.0174219940981329,0.00010796263150143102
0.0109359385242057,7.276701460740121e-06
0.0139131608284768,7.113061448079618e-05
0.0155706660729696,6.0410946430518814e-05
0.0004562340579586,2.004162282358612e-06
0.016140215927263,0.00010204651813036226
0.0092113211060323,1.5735883932823652e-05
0.0119145628143389,3.155980334493269e-05
0.0020126401826726,1.0626719796008912e-06
0.0196101648454911,7.166191127068279e-05
0.0177431642863956,3.264192907625061e-05
0.0010016645214064,7.714141489612936e-06
0.0082298030401532,1.443128325352883e-05
0.0172932094626931,7.592978724884089e-05
0.0029185554279586,1.226549196169749e-05
0.0053917442611532,5.035341284757592e-06
0.008764947277038,2.0244994372860302e-05
0.0130546841831644,5.6531525479897346e-05
0.0133790330133949,5.048406427707112e-05
0.0108950485827511,3.2130100603218504e-05
0.0147316946562671,2.3904065209294795e-05
0.010540565605565,2.536652871862373e-05
0.002211457514169,1.0161631677422738e-06
0.017288828648951,0.00010745164213496469
0.001837325864611,7.059533797190438e-08
0.0174657503004446,5.2509743796025295e-05
0.00039169770814,1.548381243177958e-05
0.0039705605402527,3.3773083649067074e-07
0.0017029724003822,9.077193162738541e-07
0.0199690634299615,9.54153501509063e-06
0.017118892846787,3.4625745117932566e-05
0.0182213494629117,1.4773074342387507e-05
0.0113859871775585,1.9704734918301172e-05
0.0038593977685467,2.537852182144132e-06
0.0195409718064991,5.383851095061186e-05
0.0184936123581898,5.776504256256691e-05
0.0187498879223374,2.2079078311531315e-05
0.0172303835465298,7.198945773439892e-05
0.0101299764655679,1.806186793490587e-05
0.0196755643479464,3.2974283909510274e-05
0.009671596274528,2.443420275681925e-05
0.0011118073415068,2.9751761867216913e-06
0.0190011755821529,4.8972937860829496e-05
0.0045369869959615,2.820884220018534e-06
0.0073381164481313,1.275135410794965e-08
0.01076018789884,3.326371582384799e-05
0.0046910413399418,8.805272975187695e-08
0.0119621448972829,2.191604352344942e-06
0.0199254678686404,7.607151359367384e-05
0.0116270743738702,4.26966181942396e-05
0.0180837714062782,6.289517557867455e-05
0.0185746544738823,9.633507277561853e-05
0.0040437645828116,2.3219812991119865e-07
0.0086926195753552,1.696380666540362e-05
0.0041690341844976,4.351803122227685e-07
0.0113146451767068,3.779362836551071e-06
0.0017257879351724,5.508810120460928e-06
0.0097945720494068,2.8743284207046524e-05
0.0168405211522743,0.00010287843840530005
0.0094306161658886,7.633607238651438e-06
0.0134723330079094,6.173856512753578e-05
0.0155460327865375,6.661949570237084e-05
0.0151437831821373,4.391945346493352e-05
0.0112896432107863,6.103618716236149e-05
0.0091829379891115,1.0013132408327677e-05
0.0077222130251524,7.127919947184193e-06
0.0111621206875733,2.0266160336859795e-05
0.0118680570960384,3.627856261839786e-05
0.0116216286794036,2.3927707461632784e-05
0.0198608749530458,5.6536822086221826e-05
0.0038632437778593,5.984821905150641e-08
0.0147143965162965,3.941329316078112e-05
0.0075514350255648,8.30988210775645e-08
0.0165885143427724,9.442544365291897e-05
0.0109321206502813,3.687751779965021e-05
0.0188818235072274,0.00010473526660901584
0.0178253337030245,4.124516221459774e-05
0.0028696443387841,8.806881205650108e-07
0.00122691386918,9.74512511517175e-07
0.0017909771306614,6.282535560311112e-06
0.0079926922696756,5.686695697318085e-06
0.0103958700396087,1.7577375342867496e-05
0.0156668533092724,6.309328836693385e-05
0.0088333931715128,1.2318412589587327e-05
0.0165548080260513,7.406911314392665e-05
0.0083431081819164,1.498411534765731e-05
0.0105086718796363,2.2258232946380456e-05
0.0115719326679244,1.5245273982527245e-05
0.0107736279907121,2.0019689074953597e-05
0.0018837441931734,1.4134249017822543e-06
0.0026258859448702,7.947987935562793e-08
0.013738336483143,4.1414904658963776e-05
0.0094199047256248,2.0860379436958223e-05
0.008814721022233,2.113723825861891e-05
0.0177598474067229,9.321666261717754e-05
0.0131984906143589,2.432982121289093e-05
0.0093354161147389,1.131356204492876e-05
0.0158881486400326,4.1361762339276286e-05
0.0092079548526783,1.3539568036234566e-05
0.0070792213292832,3.106662512193006e-06
0.0039378675956803,3.954876382650188e-10
0.0020218604913858,7.0882775332710566e-06
0.0085986983675978,1.3073170357389628e-05
0.0182627519178642,0.00012132151288800132
0.0099238242778635,1.6455451825518586e-06
0.0188804138940423,0.00011431076794009371
0.0017810701451443,4.04069316091945e-06
0.0017050111624083,3.916987991545774e-06
0.0196420327631821,0.00013575407152247742
0.0130178794400471,6.677329504762363e-05
0.0188144236984676,7.460825025119027e-05
0.0146083255748933,5.7119815622997994e-05
0.0193517720199162,0.00012752630780430663
0.0077236385186408,1.6792393914079457e-05
0.0057631660570673,3.4679506857824956e-06
0.0091621303159296,2.956967619955597e-05
0.0139949041879284,5.91586451801727e-05
0.0108096476965596,2.74622234030364e-05
0.0019668606927773,2.530468838318937e-06
0.0069606403133208,8.654164929506213e-06
0.0065117682432582,8.863154225619202e-06
0.0149044419862293,8.258410177685312e-05
0.0173848543632494,3.7153938853400596e-05
0.0053004561998457,2.5731412863557907e-06
0.0021637372749999,1.1934419887570015e-06
0.0073474698938838,9.691458603375152e-06
0.0145756595975285,1.1365307239965534e-08
0.0126786951391877,8.79100815929562e-06
0.0136928203882462,9.2906097832013e-06
0.0077117927937938,1.4020918969407113e-05
0.0076836027079272,1.1951857400405763e-05
0.0009232845247847,9.115467274616478e-06
0.0026118751252933,6.094121017731745e-06
0.0075111249987406,7.458763556476327e-06
0.0150549184821615,5.489688235648772e-05
0.009244230269015,5.79375480913146e-06
0.0119381193613089,1.52351735954372e-05
0.00838946823177,6.161073002057579e-08
0.0164359680640334,1.690156679325817e-05
0.0026515974498418,1.3036998028082636e-06
0.0108606194599384,1.8757032679734177e-05
0.0086030812531285,2.4102301519511926e-06
0.0129465057332795,3.399723329674619e-05
0.0060774556354873,5.511823719923842e-06
0.0086340841680558,1.2784302755639438e-05
0.0033936318612278,5.579845476584302e-08
0.0177213453081694,4.624493013541465e-05
0.0143493218523524,4.322672477265744e-05
0.0069126145646173,1.2059454343400357e-07
0.0118342081151912,3.556112558944968e-05
0.0070121757909428,3.134726394148422e-06
0.0106640206771816,2.6351955563566414e-05
0.0046880037114269,1.039544263500642e-06
0.0116892705495416,5.77424735074836e-05
0.0150928998648001,5.485575265372822e-05
0.0125832524171736,2.3778216728476174e-05
0.0030571915729094,4.878682671260956e-07
0.0063960363046947,2.2515939118335884e-08
0.0113540732873919,2.4833086099772834e-05
0.0015621781046377,1.0174953934624151e-05
0.0006067132379428,9.192757153098367e-07
0.0138205843164532,7.609774794122843e-05
0.0126164140987773,3.892540277390161e-05
0.0022171844671584,1.2819476214533606e-06
0.001441146972631,1.1144118735333511e-05
0.005403706103794,2.675594457265068e-06
0.0134492641386648,1.3044848223212686e-05
0.0023942751332325,1.4175874295296766e-06
0.015340269676281,3.492020713594253e-05
0.017278365201725,0.00010336906772778332
0.0102160200883389,1.5695432603881386e-05
0.0056706301153968,5.718841957381495e-06
0.016158309654779,8.556898718084134e-05
0.0027370601120646,1.3289336522859164e-07
0.0058724405690363,1.1097543976226995e-06
0.0164567339338742,5.0891170037264574e-05
0.0125489445697003,5.5628537867310434e-05
0.0199701895902555,9.543053911371919e-05
0.0120927494218275,1.2235332394721758e-05
0.0002167693892431,7.087760869294889e-06
0.008440366774591,1.0084963456483829e-05
8.319082569397285e-05,7.186519861281899e-06
0.0198098741308262,7.392112273924315e-05
0.0066188117147607,9.097843766327259e-06
0.002780688284369,3.464155967390432e-08
0.0051830930579435,2.3920671707297897e-06
0.00207713507113,5.4704878353043165e-06
0.0085205438049996,2.85155019471663e-06
0.0183796235140673,4.200483111562924e-06
0.0008970727606931,5.572219144377108e-06
0.0018039512584362,3.070957151890487e-09
0.0116597426679844,2.8173853149559296e-05
0.000985262654186,8.573321545490406e-06
0.0053430075102998,4.629149001051402e-06
0.0117716099039719,4.36688816700925e-05
0.0173697975535564,1.2099010944800973e-05
0.0107575314974666,1.6395683569903803e-06
0.0180053798704882,9.64323581547501e-05
0.0027790495680921,2.8148595392879338e-08
0.0093361483427663,1.861775404097505e-05
0.0173014887705055,3.990347719798141e-05
0.0012215592774798,2.716559215086912e-06
0.001273694454439,5.0093789142583664e-06
0.0104125479943969,4.0587488552067856e-05
0.0094405242201663,2.5623038630357968e-05
0.0062539889595427,1.9377868185629823e-06
0.00305604240116,8.692743835733562e-07
0.0055437936605404,4.96423230877973e-06
0.0029654140173013,3.1990793582277556e-06
0.0144973301493687,3.1012220616628346e-05
0.0122049529265199,8.93499012857193e-06
0.0080277043950046,1.1966075864450364e-05
0.0115916223867897,1.2955562653746308e-05
0.0094001428723072,3.5019101142250314e-05
0.0004758603563218,6.9712334914371045e-06
0.0046573244878217,5.1118331328039455e-06
0.0005518156251703,4.402976291908777e-06
0.0005295596066705,2.1980208080996374e-06
0.0166000682089407,8.675334870962391e-05
0.0117286343145004,1.8401401439012317e-05
0.0037617499462044,7.949460567440149e-07
0.0016702231987328,1.5606215427049132e-06
0.000717105140978,2.8967457743412717e-06
0.0095379043396436,4.479752541694789e-06
0.0008165060800594,3.146329352758004e-06
0.0018622845772659,1.8202280362653534e-06
0.0020489850811187,5.617742748315313e-06
0.000471660378281,1.636626920864082e-06
0.0050363630883198,7.759725302987875e-07
0.0149728126587506,8.00495351875948e-05
0.0079335255749949,9.066449598225317e-06
0.0082733773941284,1.389807995325185e-07
0.0195305939020341,0.00011278864014570322
0.0076102128366884,1.443161428008944e-06
0.0050008176612631,2.932652114439341e-06
0.0078221602103059,5.698450781445007e-06
0.0171049885846174,0.000123734116214115
0.0152454247471473,4.254026215955345e-05
0.0090358223735906,1.4910843073046535e-05
0.0170384682057556,0.00013320572065963094
0.0008671986622406,1.816143221085652e-06
0.0125015865542981,4.366753337314786e-05
0.0191794640842364,1.4950239868016367e-05
0.0161321240597326,9.85664319451532e-05
0.0150100301361678,8.451433205497333e-05
0.0080129232816834,7.678452694386024e-06
0.0174496752150434,9.933624979505487e-05
0.0115207398951748,4.8881375762064044e-05
0.0012031309210636,7.3038925032306675e-06
0.0150892726934531,5.859559618264425e-05
0.0199110615034614,3.989841067858177e-05
0.0091075170707047,2.7032779817815663e-05
0.0043579032785451,2.0022127025324485e-06
0.0058565051500245,3.3459531317490006e-07
0.0034621491217211,1.2675736840567832e-07
0.0073661353032866,1.0646561134389701e-05
0.0080943366953467,2.435575137779077e-06
0.0037462003739079,3.313925199747447e-06
0.0118086925913628,8.966440308102123e-06
0.0153011355306189,2.021866352899613e-05
0.0187941899154733,0.0001207179210638338
0.0064497670756363,3.936161341948591e-06
0.011661392220035,8.839482744619054e-06
0.013582480890264,8.185544721668526e-05
0.0034026296669828,7.573191976716616e-07
0.0120790134118757,5.080678641914141e-05
0.0173764717508771,5.5238600337819294e-05
0.0178949897133418,0.00012234799925917971
0.0115850465363155,2.345135964256614e-05
0.0086350915658382,2.0594361726528925e-05
0.0188457712491592,0.00020978295699311493
0.0096903958288889,1.6742670976428674e-05
0.0081592812588768,9.916884559875152e-06
0.0134448345238772,5.3777387607524063e-05
0.01791771247739,4.518395351571884e-05
0.0089674167415769,1.1916446307308879e-05
0.0152384409351696,4.432895868177841e-05
0.0126877389455918,4.78548328243413e-05
0.0053644813312111,1.3708861344304829e-06
0.0149405853952915,5.3513904985875654e-05
0.0114246574847569,1.8679163974447026e-05
0.0083612114413291,3.247580149793295e-05
0.0145960092351339,6.18548209462701e-05
0.018043251755225,2.2482326444605515e-06
0.0179733323371673,8.224448131514053e-05
0.0036546719012885,2.6055379193106404e-07
0.0098656051894359,2.7800666965696764e-05
0.0193532345643444,5.4023937163951146e-05
0.0129139413766379,5.109075405595061e-05
0.0128471934951253,3.85614830011744e-05
0.0067224983294894,2.1847119585513142e-07
0.0042655033310559,1.563441692746762e-06
0.0005156742082288,1.0557286118131624e-05
0.0108099702797425,1.4568338410000101e-05
0.0188291961315765,5.273875035068516e-06
0.0113462786657931,3.9897874808642614e-05
0.0100628966416679,1.3640835110476272e-05
0.0123807518354147,3.026590189719675e-05
0.0141168600938704,6.412179313869257e-05
0.017375709046851,5.681649697902845e-05
0.0197099616037484,4.670116926017903e-05
0.0023259156427272,1.0770265790263933e-06
0.0155453867598751,1.6584568666683468e-05
0.0161121847768052,6.20390056893194e-05
0.0065216577704368,8.688093533250574e-06
0.0050455738210068,6.57175812382118e-07
0.0045139307730185,3.5671249516978603e-07
0.0024193489191777,5.614199798562581e-06
0.000566854681206,7.363404369514175e-06
0.0053974162579464,1.594526823150352e-06
0.0078220129369835,9.416624769056598e-06
0.008256547585346,1.7119277463687866e-05
0.0129528423664779,3.1197260209674194e-05
0.0120552644927426,3.707020184273466e-05
0.0050468730891617,2.6321582824662434e-06
0.0056931874666553,4.4018379874485576e-07
0.016588495114819,8.945315323392098e-05
0.0080667506608731,1.5200710030053109e-05
0.0007640206176695,2.3153622690382916e-05
0.0010322914889902,2.6605446758571674e-06
0.0134552951182022,5.401285163025792e-05
0.0041893966940176,6.773530316773337e-07
0.003563316391051,2.8039575847300306e-07
0.0142789852530975,1.3753719085893644e-05
0.0067980806425018,6.539335744784576e-06
0.0185663195753038,7.715264595396788e-05
0.0049955703906308,2.5379213679513674e-07
0.0001269671743576,9.825415964623677e-06
0.0064263340789338,4.008882394995997e-06
0.0028348429468201,3.118190251179898e-06
0.0038464556968877,6.10194097799827e-08
0.0134120330450685,1.7567141823293045e-05
0.0169964523623474,0.00010685065252229945
0.008026766726818,7.870129255021195e-08
0.0149867407010734,3.915228325290923e-05
0.0126517219705278,3.633267252925535e-05
0.0115749322463234,2.333668136387922e-05
0.0170239189480747,7.228110276095892e-05
0.0134851626586243,6.063892919977996e-05
0.0195426500040923,0.00012145275226471341
0.0001325869065212,6.920130597896223e-06
0.0144928900822482,1.6961862203442844e-05
0.0124334872501651,2.3118996277445055e-05
0.0176452111986207,0.0001205090208263214
0.0112531004284945,7.71630346456547e-07
0.0116813213859259,5.356941631971865e-05
0.0079981369738009,2.2597244646849695e-05
0.0064236164278316,5.755933784022615e-06
0.0194757631870423,5.08834764171337e-05
0.0132389542462039,1.004742164194445e-07
0.0122337577600822,3.6203199822612015e-05
0.0130114258787619,2.2996509754054344e-05
0.0028821904349388,1.0723787308463094e-06
0.0108271091384371,1.9208929706893644e-05
0.0160187272863994,4.430742724827827e-06
0.0040606085368931,1.260011538906841e-07
0.0071151019376095,1.0529862974510193e-06
0.0191157646376298,0.00011595337467786766
0.006661731023302,6.053858423863521e-06
0.0027315527974728,1.89656966785435e-07
0.0095648342778972,1.3263464473969104e-05
0.0113888010898798,5.141158679182863e-05
0.0068919206670603,1.423924739145767e-05
0.0130166189601354,4.404006134483227e-05
0.0127826747757043,3.101043456371445e-05
0.0145687295513506,2.2826327669365417e-05
0.007790021523098,3.6267130416793436e-07
0.0165141006434018,9.884184239110606e-05
0.0102062461667162,1.659246562748678e-05
0.0144678284071865,3.8692794771126544e-05
0.0182704519656015,5.5263908735288634e-05
0.0103855918630798,2.7512154647134342e-05
0.0076377955512034,5.276298532068832e-07
0.0172429383999666,2.525217372392357e-05
0.0171131561597373,5.631027964073648e-05
0.0118220607399981,3.853739445673332e-05
0.0015018446631103,2.3249350128531456e-07
0.0153891416544926,3.9771709861997596e-05
0.0166907991871589,1.0244919919729719e-05
0.0089553169286416,6.8067542351084786e-06
0.0044390331144443,1.2159681453219723e-06
0.0057166465618368,3.546255994127956e-06
0.0048606289099162,4.343391728638234e-06
0.0085988095244907,2.859210852645782e-05
0.0122534703708619,1.9619861501116687e-05
0.0093954418877247,4.0982593169045495e-06
0.0072725234514213,2.3539350718080913e-06
0.0003772517201605,6.815359489713004e-06
0.004321791851308,1.2812538854597292e-07
0.0132820915309082,4.5672873131416634e-05
0.0098763297752836,1.692890418869433e-05
0.0142334854177668,9.100315239423454e-05
0.0003269740294583,5.586852095377338e-06
0.0160037879375011,5.437987630753799e-05
0.0164577424324263,5.666378622149837e-05
0.0068725216441721,1.6916658841496113e-07
0.0045855951178636,1.2853546535340237e-07
0.0111674263591539,2.5500938917095127e-05
0.0170251997602633,8.316218497147577e-06
0.0090679275358887,1.4005140563956183e-05
0.0178702676782805,1.6319696818030525e-06
0.0058555516429353,7.818433420891131e-09
0.0120787583707,3.8362177065379756e-05
0.0134926924525373,7.113373312212324e-05
0.0006788856004013,8.653237604929543e-06
0.018398152490643,0.00010573462335409587
0.007727787808438,8.4923312363923e-06
0.0191179188161662,2.2662724402911528e-05
0.0008122899414913,6.649320366559183e-06
0.0076118009572725,1.0641918248989992e-05
0.0003303737557622,1.7845385553618314e-05
0.0058429987270139,5.477850320869524e-06
0.008994490289755,2.7299178594538674e-05
0.0009965375335713,2.0188548187980254e-06
0.0141783539139468,6.574996998839394e-05
0.015912113413401,4.486961618113613e-05
0.0015558473023127,7.411527367463465e-06
0.0013342973648128,1.9932684046510988e-06
0.0148855900672831,0.00010110845813573303
0.0151522495117976,7.805647645392946e-05
0.017328380726004,5.8461104387235904e-05
0.0064278750055245,1.1131826041874534e-05
0.0147101313824902,9.41303194585089e-06
0.0183988104249432,0.00011929971827810847
0.0104397245528387,2.4005842354687472e-05
0.0045944113539016,8.750427442478211e-08
0.0195930777145814,1.7167872606931645e-05
0.0183041532926677,5.183010057924539e-05
0.0118705677678835,4.361621826771711e-05
0.0181780554204313,0.00010889074010527829
0.0037500642652877,1.232859975200052e-08
0.0095744029963273,4.275629657437443e-06
0.0073607739281114,1.1923879871585034e-05
0.0059314709051099,7.278324314855576e-06
0.0087954837842646,4.757016462516727e-06
0.0167042668151529,2.7432568305804266e-05
0.0017115035380487,5.758740287491029e-06
0.0048274517099041,8.655628404703718e-06
0.0073777084790978,1.4883775611130397e-05
0.0094765490714425,9.71714528037818e-06
0.0166037025742909,6.76560390551563e-05
0.0027300982485047,3.3976708500677203e-06
0.0142442071943305,5.5807580138625144e-05
0.0152918286687077,4.3133372252267065e-05
0.0142266129266916,4.421962863244502e-05
0.0151155360115986,9.443545421310028e-05
0.0036765857547224,1.986832794464043e-06
0.0187849320756957,4.150840466509474e-05
0.0056436783297216,1.4622498917445773e-06
0.003369176055122,1.401308243699231e-09
0.0073647583090789,6.167118631533269e-06
0.0022872673719228,9.186371299033988e-07
0.0036385263565557,5.287230220713057e-07
0.0196849911238989,5.459082415370762e-05
0.0176110129505314,1.4118549142156861e-05
0.01286177746421,3.110355998788837e-05
0.0094035678739557,1.0128340431355701e-05
0.0175999604147683,6.97321956288206e-05
0.0157783409381994,8.094195168754981e-05
0.0010443597438878,5.392263566783984e-06
0.0003070870751413,5.663973201538693e-06
0.0159378280862911,7.650629214986778e-05
0.0162698193641665,7.639977721469311e-05
0.006453981399257,1.4017037013421374e-06
0.0082983444700586,7.805650518859583e-07
0.0157147973221289,8.22169325042007e-05
0.0086265515777254,9.233221944906658e-06
0.0012221831508242,1.289481324173847e-06
0.0095543158840104,1.5400061227775608e-05
0.0173947981165264,8.6947109956604e-05
0.0112153364448399,2.4614525410150136e-05
0.0162739735874995,8.193915237155316e-05
0.0018574196456785,1.6940013002120535e-06
0.0089165967291051,8.714056410354796e-06
0.0015289664413818,4.271521466909705e-06
0.0133838226700727,3.7569757990342237e-06
0.0123068809703552,4.273430523516011e-05
0.0181096264815287,3.1685073799143594e-05
0.0116197964836421,3.407070973248727e-05
0.0074004093162,9.360194834047508e-06
0.0058646560789466,1.430279584488283e-06
0.0132513706759823,2.99195209066912e-05
0.0114998729582666,2.1882079127133192e-05
0.0069455449724542,4.29392722951369e-06
0.019595843950931,7.590031450455151e-05
0.0093971013705773,2.4768445134617304e-05
0.0080849108607433,1.6474924333428034e-05
0.0103906308377625,1.2813610670091205e-05
0.0044768141679953,1.7387486748178138e-06
0.0190126255482313,0.00013279145634210454
0.0145467723883651,2.6354670252167592e-05
0.0193481863250883,4.050846110246429e-05
0.010264116111057,1.0858347314290702e-05
0.0085790652221817,1.3813543226007062e-05
0.0013515593043056,4.224958415488319e-06
0.0150708519782286,3.607983040732585e-05
0.0178691230512728,9.966979393988932e-05
0.0151470201169823,7.770363932785139e-05
0.0103722647780127,5.9164786437390445e-06
0.014703104095242,6.781342099137334e-05
0.0049595714856407,2.569422955056096e-06
0.005031741812857,2.4541777559879937e-06
0.0085941412061205,8.642161970972982e-06
0.0199605172663221,0.00015600172469403022
0.0080850170231167,9.912804724682457e-06
0.0154869380582149,3.424241564084419e-05
0.0060724840575477,8.327369715488652e-06
0.0198942042421045,0.00014115945647617654
0.0153890940738573,7.7138864114966e-05
0.0102245164502339,7.0753556937205186e-06
0.0170168108675064,5.7446185658152594e-05
0.0034286709265319,3.6479732442952896e-08
0.0187315647847204,5.5014188290282765e-05
0.0180779836369976,5.17945196051862e-05
0.0189031554618527,9.13813276829206e-05
0.0140004669046841,6.596514086476316e-05
0.007117564823997,2.100600099302321e-06
0.0080067226493514,5.3956852793548055e-06
0.0129360629145575,6.619859245886793e-05
0.0032730640878253,1.647195522921184e-05
0.018070417491768,0.00012071555279355405
0.0084361184077683,1.3724362744764144e-05
0.0165891461958322,8.772338080581467e-05
0.0013421934665028,1.0481938347292913e-07
0.0082235232462363,1.2550585971047031e-05
0.0069515695823811,5.244753599717205e-06
0.0112749558782138,1.1044718644635955e-06
0.0078848198486225,1.5173373600323923e-06
0.0106094773336694,2.107629614595084e-05
0.0159458585391053,8.044450320381327e-05
0.0098820903452719,4.141004994682613e-05
0.0113549965160302,1.1232489495795528e-05
0.0048232395294286,2.262451044161502e-06
0.0178418832146894,0.00011546863155458992
0.0042450066787272,4.37617007372877e-06
0.0002991228013978,5.998957522384971e-06
0.0162517103446092,1.5193398269357233e-05
0.0170816764298076,6.287624081839443e-05
0.0181401058434012,3.3940382058455514e-05
0.01235549486607,3.36959036509723e-05
0.0030666950242481,2.8354143032018656e-08
0.0158711736676376,4.622746861127483e-05
0.013398878134463,5.330254469753854e-05
0.0141962046551281,0.0001094518454407246
0.0061095598722394,4.531511349493156e-06
0.0110463122956098,2.8408861190285797e-05
0.0056151163801902,1.4457100714617744e-06
0.007531716773215,1.4561980427081172e-05
0.0040335720315766,4.589947313117248e-11
0.0114970392640079,1.6692896380414611e-06
0.0195117719675206,0.00012665157552349134
0.0087694959226184,2.2320546488926618e-05
0.0095401942035817,2.647553261503981e-05
0.0095492307673,1.1195038664210102e-05
0.0169521896647429,7.229958867947824e-05
0.0088839700151825,8.618738022216509e-06
0.0058566769461141,8.571637506927424e-06
0.0145784019421007,3.204456358890421e-05
0.0184050408913313,0.00013912559212985075
0.0025469057950483,5.997140341708916e-08
0.0114882095549607,2.8775208064025872e-05
0.0033779358460719,6.282173824787267e-08
0.0185705811020148,0.00013017441172778727
0.0112416249214619,5.039041464707746e-05
0.0197171539695949,3.546445758949231e-05
0.0037109864833586,2.3051794410720133e-06
0.0014760244069632,2.7176811053630326e-06
0.0094124662367352,1.2432541323027712e-05
0.007334781297761,4.598082000983263e-08
0.01197549508526,2.6901308319165153e-05
0.0107663557020803,1.5671756597423252e-05
0.0141919232090039,9.217380499028504e-05
0.0035718755170309,1.3039533201863505e-09
0.0143329810506333,3.361517458561e-05
0.0001442227220379,6.068864590464749e-06
0.0038379217357811,1.0853058743076431e-06
0.0185855720708765,6.932081246361993e-05
0.0153001371735055,1.6398138582556242e-05
0.0039033857182589,1.1295986570186469e-06
0.0116377676158541,4.017208740151438e-05
0.0178797827557296,9.949019925332888e-05
0.0050564886608198,8.483150043452144e-07
0.0172365324236767,5.355495185636612e-05
0.0159760453740636,8.474853895589402e-05
0.004522001857795,3.6377430208348634e-07
0.0001367028666996,8.503570671272275e-06
0.0019492122285683,2.294824145730398e-06
0.0046926117360825,1.9312380908533918e-07
0.0154850562180524,2.345851776774626e-05
0.005551629439391,2.9782822305425492e-06
0.0080943799993071,6.5525928401981075e-06
0.0116456785308305,2.5158463275149514e-05
0.0170598341417805,9.154547728733957e-05
0.0177368722264375,4.270006771307943e-06
0.0138312792092173,6.427030688196627e-05
0.0152967463631567,0.00010364308659171275
0.0112992080523529,1.130278256414446e-05
0.0194088350035472,9.983596192645632e-05
0.0128602482718698,5.1655290937637344e-05
0.0014368226845583,1.497699309444811e-06
0.0128012049233037,1.6083232809010285e-05
0.0018350256910367,1.3726176371974782e-06
0.0144684476415341,6.253588242293702e-05
0.0168462215039425,4.407097450042999e-05
0.0101258284178787,2.2666594691704107e-05
0.0017183852584139,6.164726754683034e-06
0.0148339211846215,4.520161308119959e-05
0.0186727292392461,0.0001129614562398298
0.0164238483530138,6.013907226065302e-05
0.0169920130684241,0.0001334994369772485
0.0124437569287521,4.691934558649693e-05
0.0032326539949382,9.876441384669736e-07
0.0130679313188911,7.477484272980247e-05
0.0004552843319091,7.221110868953951e-06
0.0028847173090657,9.247014034907924e-07
0.0194393134104745,9.405242565903586e-05
0.0068504916214127,1.642742432058509e-05
0.0151826879795443,4.6510949869123576e-05
0.0063785213696381,1.0590851296099072e-05
0.0101622906161312,1.5782428418437937e-07
0.0008761025962841,4.971063124699241e-06
0.0016742028878011,1.6500346730261705e-06
0.0026238909978316,2.8350052743268677e-06
0.0176069574766795,0.00014555143891363228
0.0110371147271232,4.134462081016753e-06
0.0069107187846548,7.887546074499112e-06
0.0136718587773787,2.9952317910666675e-05
0.0068834832525087,5.946963238771107e-06
0.0094366560926542,2.6950024966111285e-05
0.0080241040523951,4.013118071657456e-06
0.0002503432707418,4.678526271726469e-06
0.0174251611603769,4.775195264035402e-05
0.0130607772755522,3.319556688573577e-05
0.0076401391349323,1.2414577403141827e-09
0.0070524255392736,1.2181598743332906e-05
0.0024715482369959,9.37864124507863e-08
0.0055932146066681,3.3632945341184205e-07
0.00520163538118,1.7431241704546162e-06
0.0013576570072433,2.60238818287267e-06
0.0050309648667127,1.2575333877495559e-06
0.0152031577600975,5.354596363146095e-05
0.0036546837638294,1.6297706354161289e-07
0.0064876023638509,8.517828341722901e-06
0.0002035578560432,7.633413805710578e-06
0.0127104649941086,3.3344217852094035e-05
0.0195107263438104,5.5424294904404e-05
0.0121783509987644,4.408104306270181e-05
0.0004899321836491,8.754270185393054e-06
0.0063883234427252,1.2002979763690112e-05
0.0167437745147336,2.5691595111635286e-05
0.0017543938012424,5.04222739781433e-07
0.0127003214727161,4.106011548365106e-05
0.013832667603315,2.217045781718038e-05
0.0197512397311758,0.00014224965098923965
0.0179067877451061,6.57399090569131e-05
0.0063395866780849,1.0826801238232478e-07
0.0179763753732061,7.641375594255966e-05
0.0087006529146527,1.2871156179489539e-05
0.0178263404672844,7.21577549695948e-05
0.0058245792669507,1.0625250133858834e-07
0.0114609973397301,4.4120005411585735e-05
0.0150862252224849,2.5941361039058287e-05
0.0066032900110966,5.029170157721912e-06
0.0011275177635501,1.310635626741563e-05
0.0047980518494942,3.15746288572406e-07
0.005400282639284,2.9789448099665584e-06
0.0169396732766399,9.289570228946783e-07
0.0059709565981648,2.204884017516442e-06
0.0113856236478636,2.3189502629597334e-05
0.0054754839452059,9.541447989262047e-07
0.0009156362453503,9.114363051437507e-07
0.0043689400205127,4.803495483773138e-06
0.0135390003131449,6.0883785028830556e-05
0.0044149956831842,3.387516725344049e-07
0.0047229654961284,2.339460190310737e-07
0.0016809229716461,3.7667392372904643e-06
0.009428391837291,4.629493913897503e-05
0.0114718831025148,4.195138293895242e-05
0.0077690931190716,8.07219753239319e-06
0.0068666102182411,3.7513562783612077e-06
0.0163478657177436,1.0227334308750656e-06
0.0072730924820004,3.891857960042052e-06
0.0183503397345643,8.732164330836566e-05
0.0168052781981851,1.4572756262410694e-05
0.001206332155772,2.4238406508518956e-06
0.0194133271985437,0.00012508551818754546
0.0057973936491837,4.606816735674623e-07
0.0057240292076094,3.684689878600119e-06
0.0108929558487037,1.9557032292900737e-05
0.0106048663937347,2.300934209296582e-05
0.0107314276663465,4.102213209644266e-05
0.0125244935644411,2.410763548612594e-05
0.0039331061940597,1.0276315581134679e-07
0.0117907278246022,9.41708010949179e-06
0.0124820668974039,2.9093165117443248e-05
0.0080892827045135,1.3821443466973449e-05
0.0077244792872692,1.9897255621602707e-08
0.0143709087088021,2.1778425804321134e-05
0.0143321787516181,4.799938936223894e-05
0.004107444393669,2.717290545124386e-06
9.525066632799283e-05,7.849835524764366e-06
0.0160854024673781,6.834456286257382e-05
0.0167526726760727,9.132780611189664e-05
0.0182844364807858,6.572390519371471e-05
0.0167696671747307,7.130420394282374e-05
0.0079855661530526,1.197792414107013e-05
0.0161680505387973,7.375482042609163e-05
0.0022529565699396,9.829504282306211e-07
0.0060665341881538,9.091883922001215e-06
0.0022082411354223,8.240749957167249e-06
0.0140478321962026,6.426976929826304e-05
0.0115717829981755,2.75357007046355e-05
0.0083403151842776,1.4295435637484963e-05
0.0072636218998492,1.039421495564769e-05
0.0115146250200313,1.0400715641990973e-05
0.016695907811101,3.586631061187836e-05
0.003906059360591,9.358716246970245e-08
0.0066286436902568,1.1806157712914605e-06
0.0063604295112718,5.8210536545350955e-08
0.0040813611621562,1.2838450503707974e-06
0.0144517201923074,6.59983670093672e-05
0.0161244066008808,5.0480073407333405e-05
0.011738946948237,5.9140808042147326e-05
0.0118583310707603,3.522898212985472e-05
0.0183968275837671,0.00012882648518136296
0.0174255580582077,0.00012050002893361386
0.0110524177253615,3.9881366404704286e-05
0.0144034841209077,5.5701798545971455e-05
0.0116729327205343,3.5665277870796344e-05
0.0055737457740679,2.0615000926915575e-06
0.009931446044108,2.988664239424902e-05
0.0110568818504539,3.422064561367259e-05
0.005670942968211,6.488170774791551e-06
0.0109992951941946,1.6580186720620782e-06
0.0152792327668085,5.8675641212919156e-05
0.0192414264780348,8.871115961399472e-05
0.0053967358728608,6.154168985019376e-07
0.0043843738817203,2.0429376853032063e-08
0.00990152773713,3.159754823249087e-05
0.0130152163172735,6.198378772448288e-05
0.0044015458730796,1.7011160599375605e-07
0.0116958443829982,1.660675861400671e-05
0.0168279640317433,4.008000802476602e-05
0.0139113184847238,1.694474619758159e-05
0.0109913704169129,2.527085044934285e-05
0.0177822140001439,3.548907627688349e-05
0.0058105737224042,4.09556787296893e-06
0.0096593899028169,1.0367085100319868e-05
0.0061027637135304,1.921770496567272e-06
0.0048595524580799,5.11486947887194e-08
0.0197400085351669,0.00013924578602469127
0.0015720516486,1.2247510191106812e-06
0.0009824579869166,5.102813766061115e-06
0.0011725761362214,2.4036394814922012e-06
0.0073026222489594,1.061188535798703e-05
0.0126434567885205,7.134917623766537e-05
0.0042411193267774,9.079818300156269e-08
0.0146881946811437,4.561412160809706e-05
0.0043485629839212,1.3230675997486102e-06
0.0121082307604108,2.0517097431081832e-05
0.0015909958083603,4.644200124595797e-06
0.0035662111811477,1.8843595546810868e-07
0.0038633322979112,3.356913883452728e-08
0.0012506282197844,1.670331656196872e-05
0.0047888159601416,1.101137441847518e-06
0.0086218293263768,3.3006779819229174e-06
0.0144925943503094,8.566754272697547e-05
0.0187800257322483,8.82569067637611e-06
0.0101464638493243,7.839616638537421e-06
0.0198077924633987,0.00014398194753477352
0.017242599370962,9.29743589536621e-05
0.0085044334703511,4.354741890404476e-06
0.0029465713281808,7.233286324745658e-09
0.0097856066699601,3.61919908917999e-05
0.0086536505328862,6.094838669558567e-06
0.0189244707540623,0.00011629587960229582
0.0009899055685077,3.469764376426978e-06
0.0185153672752549,6.89640126180153e-05
0.0103905464975137,3.050243087887715e-05
0.0090567180626745,2.6490279332779193e-05
0.0014031103672707,1.2546297431075556e-06
0.0191640220517583,0.00015586432598778323
0.0041172173902248,7.131842127914731e-07
0.0038192338490604,6.064259216355339e-08
0.0097301095685588,3.361470351075993e-05
0.0019681416812629,1.7675323769939618e-06
0.0094914965785805,1.0088918331006186e-05
0.0055986807985371,4.841088933035659e-06
0.0024429853596402,2.4330398038115146e-06
0.0164659381722993,7.857613375636291e-05
0.002710671892517,2.6323130455827212e-08
0.0141643076195122,7.56770629611934e-05
8.801735491269503e-05,2.4381815552726947e-05
0.004732032679615,1.9672583311469428e-06
0.0097865061824529,2.6412827057616787e-05
0.0018964691918421,1.405946431389697e-05
0.0136710000677004,5.5421495992546334e-05
0.0118163950635589,1.819780620159621e-05
0.0016000852163362,3.0349739003479674e-06
0.0094733993625182,5.4994903387454355e-06
0.0085847467303657,1.2799677323353389e-05
0.002016225241928,1.3094957309043558e-06
0.0181439462090385,9.676337305329001e-05
0.0059315526725561,1.3838431258420283e-06
0.0141771797888898,5.477044001253153e-05
0.0093650852925265,7.4626490584560665e-06
0.0191014243707375,4.096860225101831e-05
0.0069550858147246,6.925657003292373e-06
0.0161849653745351,5.448498818173971e-05
0.0168428113182784,1.4069102265128811e-05
0.0020604312797223,7.682726403781446e-06
0.012067079181781,3.4225201731630354e-05
0.0082603738952636,1.9229189086288963e-05
0.0072106566821702,1.5021768104075204e-06
0.0146091392979945,7.88131205081416e-05
0.0149457345695733,0.0001023088586868263
0.0144737766675719,6.6528244180616e-05
0.0197463505019161,0.000181781642629546
0.0014779924647573,7.731175243903835e-06
0.0119885389681056,7.233934172578161e-05
0.0021970622410141,1.0162794417163038e-05
0.0121475665754059,2.3049930040980572e-05
0.0080658485696581,1.5203196578954762e-05
0.0006978636681415,6.704792264163542e-06
0.0149812355841876,3.258486245706196e-05
0.0019972437462002,8.912671330293816e-07
0.0079540031507473,1.0604447122316762e-05
0.0126948774098672,5.191291052742695e-05
0.0083495765867139,1.639735557072128e-06
0.0040410733065515,7.145733569281858e-07
0.0179292765884353,2.524586559665879e-05
0.0107297769777317,4.37625906715421e-06
0.0050853951233095,2.2368243536735064e-06
0.0048736041057708,1.56629285627977e-06
0.0003297228381785,1.9120845951367353e-06
0.0173871510284541,0.00011789520403042143
0.0116688457935613,2.3097802148927084e-05
0.0181599031249923,6.11266420918143e-05
0.0111171302959888,2.9592629682907935e-05
0.0071819184608995,9.079396834823875e-07
0.0002416171442758,7.879177197028088e-06
0.0167730052234904,6.639348336278358e-05
0.0167055353771763,5.1573007468028985e-05
0.0103411276686816,2.2728742242091726e-05
0.0172136273908934,0.00010060412604655533
0.0129906518774485,3.867822379195763e-05
0.0134850498879288,1.7911807852133315e-05
0.0022618513008848,9.003636361791344e-06
0.0022864331733701,1.0738644575096203e-06
0.0199214332370967,4.282171229446907e-05
0.0011127407396537,1.7231415046100117e-05
2.889070877567068e-05,4.532944348956943e-06
0.0103602964102044,8.800594379072344e-06
0.013073558016343,3.634627584405388e-05
0.0010987988016905,3.923535306977777e-06
0.0093279180903871,1.1270686422047564e-06
0.0033925348964896,8.873786411684293e-08
0.018900149226755,4.491295918236062e-05
0.0037134657593045,3.4608965781039583e-06
2.486490105594763e-05,1.542775096442346e-05
0.0028571499693985,1.7626353517779433e-06
0.0196724831133284,0.00017776135577059595
0.0188321409449955,4.025768355213458e-05
0.0138386097980445,6.511427473095499e-05
0.0084769498508999,1.924652251870736e-05
0.0043386493837116,1.5464221795065016e-06
0.0033664724524982,3.041695135201592e-06
0.0180769189813659,6.267700055101896e-05
0.0152184213641009,3.798276016321392e-05
0.0088692883154291,2.213164904440799e-05
0.0008519256755739,5.572574477088141e-06
0.0101046594010029,1.4550390558216572e-05
0.0168002973685221,9.232071409428383e-06
0.015121469670315,5.391767552923002e-05
0.0172471353301523,4.0939520909256555e-05
0.0178003468197663,6.993813320562545e-05
0.017487327370185,8.819394770961311e-05
0.0180723723750805,1.3913775937397633e-05
0.0171967210127395,5.0791256413141976e-05
0.0172482209828717,4.904783030543175e-05
0.0146328009228564,3.8140685051543735e-05
0.0027963915063769,2.9081638171372294e-07
0.0002037743374165,9.990346456038342e-06
0.0017264546333066,7.383970559890878e-07
0.0107562901500757,2.04919192208934e-05
0.0017299822751294,2.2772857574535268e-07
0.0088336475757002,9.793404895803655e-06
0.0087881287487933,2.605223246883532e-06
0.0040779153434121,2.7850565362587413e-09
0.0037607552520411,2.8023949379080297e-07
0.0022231704093322,7.810537551603128e-07
0.0105718816415237,1.758725552673721e-05
0.0057380888755526,2.5394824332888777e-06
0.002883596814998,1.3764630926270209e-05
0.013468492895331,4.016980657937195e-05
0.0158210908642085,5.629092904223949e-05
0.0016531842699921,2.5806632102892498e-06
0.0033128337788358,4.665076886799401e-06
4.463313302838223e-06,6.279715293815762e-06
0.0156714045760932,6.933511144940407e-05
0.0022095840681153,4.252662244629531e-06
0.0146336392892667,5.837751970005195e-05
0.0002173116661902,1.0370220098534857e-05
0.0154740168458748,7.039314188509585e-05
0.0140145698523207,4.940699175945446e-05
0.0052973543429429,1.962369451482668e-06
0.0170493333261312,9.075321348093424e-05
0.0154508172176038,0.00011564024511914548
0.0119378242330162,4.758304725847785e-05
0.0175649183898043,6.120978041447396e-05
0.0064127187673448,1.535789857501519e-07
0.0069849857649069,4.1064802859927436e-07
0.0060668036360634,2.5422991506650207e-07
0.018374512857424,7.456802292320426e-05
0.0079279209785142,1.8357668374941507e-05
0.0071956169881946,2.7771768059573593e-07
0.0089861212197263,1.208336013909447e-05
0.0004097935668447,2.084939159801437e-06
0.0112383082224652,7.527494158504491e-07
0.0063328656350891,4.521959022680541e-07
0.0146246662669302,6.662959444914474e-05
0.0028915453962393,2.104510636300978e-07
0.0111445028145359,6.135216566740035e-06
0.0008991528146617,2.312222091739527e-06
0.0192755308780537,7.855907372802055e-05
0.008390285030567,3.709845161107066e-05
0.0001408517081266,7.449082657425861e-06
0.0021062214335035,3.6796534149126317e-06
0.0088911709025547,2.1065706967963262e-05
0.0161721794161632,2.900054909862748e-05
0.0029739341983971,5.097684723496508e-06
0.0173089854263062,9.095681703967425e-05
0.0051621793150044,2.1537713950065816e-06
0.0004699198246659,1.4147138141009803e-05
0.0084724550223154,1.5333014527394952e-07
0.0131565040449694,4.448638028931912e-05
0.0058709118045907,2.5482999870346253e-06
0.0142617214211577,8.612713580737581e-06
0.0043402705226579,4.2409335569406957e-07
0.0037416849563972,7.150287815286586e-07
0.0080105337059997,1.0631955605284336e-05
0.010631241874211,4.176721061210964e-05
0.0039418381931636,1.184695511993871e-06
0.0136326575990277,6.371040456102675e-05
0.0068691128914307,4.81855448273735e-06
0.0186638189704325,0.00011883769757059992
0.0183108696378189,6.13534503846128e-05
0.0160299237457956,0.00012105274462798184
0.0124407949812796,7.538259215118164e-05
0.0024336639129972,9.884501207841376e-07
0.009759673828681,8.869542538472607e-06
0.0115935388364623,3.199266198980241e-05
0.013297961317416,2.087241523116885e-05
0.0191797429098063,9.014787152917105e-05
0.0174587157848519,0.00011833793057090771
0.0168690785704363,9.289901482325392e-05
0.0068899324904761,1.123586707241686e-05
0.0082010682717873,1.1768874524895854e-05
0.0052184795241625,2.2998499205792433e-06
0.0009128218582105,2.7388825027883145e-06
0.0168734166569715,0.00014610387111654779
0.014058737661792,4.3224821727183115e-05
0.0052937340111746,3.907568959253137e-06
0.0085244938901346,2.4622861890236766e-06
0.0165455453049649,7.36945885599002e-05
0.0148015906992882,4.7526258297073595e-05
0.0004941186469537,9.054813797484104e-06
0.0103027930926433,1.7867522366986336e-05
0.0009503378616043,1.3232203088158108e-05
0.0130411190004868,2.234248899681832e-05
0.0003909876563591,1.8474291808925e-05
0.0033347358231131,1.9724483322828137e-06
0.003283443340192,2.3622285454134102e-07
0.0120760329847203,2.8490265300717586e-05
0.003116191609811,8.984208526080383e-06
0.0011589225691797,2.5585680446138423e-06
0.0079991150849752,6.156909005327425e-06
0.00403203174571,3.269580259371509e-10
0.0055606923585624,2.418569323051956e-06
0.0028503152617617,7.8458335332428e-08
0.0078939326242264,1.0291478176610763e-05
0.0166322420016351,3.9861044974015224e-05
0.0072929000279658,6.167617091463205e-06
0.003536666858632,1.1256680821676649e-07
0.0142043587170714,2.572086208465806e-05
0.0036860300427984,2.280957849424793e-07
0.0033800193397123,4.346671525285256e-07
0.0092327480460357,2.215898753174694e-05
0.0105818744417319,1.758373422411345e-05
0.0136555436978825,3.368640358250937e-05
0.0009330325397526,2.458442220235427e-06
0.0168341405155633,7.474204223464029e-05
0.0017330563464306,3.667641844059963e-07
0.0020470724340222,1.9786555545352876e-07
0.0169092706061909,6.317245160164024e-05
0.0017968781531465,3.249209835509367e-06
0.0189283060519903,5.822294134584097e-06
0.0022151581104421,7.00737960826975e-08
0.0037043506240282,9.420880781524238e-08
0.0009496035433731,2.7622905838338045e-06
0.0164931342507196,4.073015857533827e-05
0.0016353963068711,2.4551326267381405e-06
0.0119582658639201,1.0100043220888384e-05
0.0166988275098629,9.130525773543582e-05
0.0003844608210555,3.357459612566205e-06
0.0145790508401697,6.81870296049295e-05
0.0170013837972693,0.0001021157534775668
0.000708833076445,5.124700998432113e-06
0.0069826545280214,1.146691428609069e-05
0.0047694606343687,3.493614946257692e-06
0.0162294961911758,0.00011297459161875441
0.0009300648736968,1.6834458002724364e-05
0.0102015945495639,3.7893309832392908e-06
0.0170983480822762,8.062564580964123e-05
0.0046726917711947,1.9718891816043577e-06
0.0118258787986244,2.9447075734842295e-05
0.0131507897830482,3.0874061574772695e-05
0.0127777235760443,4.398245357767862e-05
0.0042488598808156,1.0542213455534224e-06
0.0072884540203022,1.5399952312059454e-05
0.0023157145434573,4.869536266673371e-07
0.0069572420619249,7.085483140496355e-06
0.0178126683101331,1.3364499282634734e-07
0.0101361699484564,3.1076465625612745e-05
0.0053100010264731,3.872504509027582e-06
0.0125289575673044,2.0905348245955833e-05
0.0076864212403636,1.2944024970071661e-05
0.0065546653392712,1.5643842540079982e-06
0.0172721645453221,9.467353461126229e-05
0.0109955719908962,2.22507597499481e-05
0.0043357424939862,1.859904599273951e-06
0.0021654482379982,1.2339930069616662e-06
0.0135527703669454,2.3076471175128462e-05
0.0092416794004322,2.615714939135982e-05
0.0094018531525479,1.7660852203058076e-06
0.008784132077955,1.7337911340248763e-05
0.0006979847121753,2.55985755768315e-06
0.0194574712957739,0.00014512972578886371
0.001023032816927,8.132766254768104e-07
0.0190122814307065,0.00010487958265927239
0.0010879462277052,2.049291472388273e-06
0.0070136782168053,6.751816833716754e-07
0.0127914139233374,4.089770042287687e-05
0.0001308939579777,4.939944983942635e-06
0.0149777614750592,4.9401272179661415e-05
0.0056379511916536,5.155316937591864e-06
0.0055135186699237,1.478371527722288e-07
0.0033997702775996,1.4511918654965954e-07
0.0186616916477622,0.00017477029398573081
0.0016112057524663,1.2035519664348344e-06
0.0149011757361758,8.05051228253745e-05
0.0146502797190744,9.356130593857107e-05
0.0190659144800239,0.00014589133594446635
0.0028258579460881,3.605956856656995e-07
0.0085724281222513,5.723950608358133e-06
0.0045564550728199,1.1984725035028192e-06
0.0169564561779815,9.483444481592438e-05
0.0038834095576307,5.609293426870561e-07
0.0169007931820324,2.3299027337356417e-05
0.0108148811125668,1.2386177649872167e-05
0.0091490630486272,6.520421218964952e-06
0.0125603932702114,1.5018382394495711e-05
0.0067053067749851,1.2861222199770816e-05
0.0128542362327929,6.541500108627465e-05
0.0050848362950088,3.160719275135998e-07
0.0117349498680562,6.288415867990751e-05
0.0066471832624933,7.69308274482188e-07
0.0134073397028838,9.388136107154359e-05
0.0118800792302135,2.64075426077452e-05
0.0042905446078649,5.304700975095938e-07
0.0163355462997772,0.0001106125491589836
0.0010819901361107,1.1666157079794655e-05
0.0053066102039693,1.0990198499876651e-07
0.0186775165407942,0.0001131859908232102
0.0039529834536495,3.1308473935202726e-06
0.005185158362241,3.0659766454774815e-07
0.0119461807510866,5.0720405177039796e-05
0.0034019220901398,2.981534579961365e-06
0.0153846210371226,4.676487323128002e-05
0.009318330558699,2.2755434466970255e-05
0.0188940585803458,4.0536800158609435e-05
0.0195626371158283,0.00015102765586261563
0.0014966194999314,2.658241660560272e-07
0.0160447197719314,6.726504685671308e-05
0.0183281743981269,6.803953408291569e-05
0.0091759972536246,1.401309504706197e-05
0.0090699842400256,7.347725141153386e-06
0.0108375261978005,4.0685766272915875e-05
0.0052502095647131,2.593920650074738e-06
0.0058009666073436,3.5726663358128494e-09
0.0036649718896596,4.1378071086322374e-07
0.0036197502056376,1.8009329576893322e-09
0.0154977736236668,4.926949690423517e-05
0.0113452803704556,4.0670540963676986e-05
0.0159950519710323,9.129278635967698e-05
0.0121160695950509,2.9429698104579894e-05
0.0108794057729855,8.900223452514036e-06
0.0188309647764661,6.175065538716564e-05
0.0173949111452391,0.00011738480261500987
0.0120319647847721,1.707770039627284e-05
0.0096018504603759,3.352387908775525e-05
0.0162901787675296,6.119929947792685e-05
0.0085756451187582,3.5933694922728096e-05
0.0185298167795591,4.4884135301915016e-05
0.0006388991520604,1.300823868693892e-05
0.0028322294382194,4.1212220244497775e-07
0.0187715969810312,0.00011152979098066552
0.0143872191653023,3.5794969714781276e-05
0.0125989546812352,1.767359996166025e-05
0.0099218701012802,6.859029594654109e-06
0.0052730720431738,1.0078256377776409e-06
0.0111757009429709,8.393679891449454e-06
0.0091745005573509,1.2230561284267099e-05
0.0045917410465195,1.0801153025897854e-07
0.0198721549104427,0.00010162478716269745
0.0135351482911521,4.787316844798519e-05
0.0034300336063932,7.532362160897174e-06
0.0061923764677464,5.77498529450631e-07
0.0156096986152974,8.829663133681613e-05
0.0137548108315021,8.373327985580405e-05
0.0130189480382834,3.5001782060892445e-05
0.0089008083270312,1.0801024640541505e-06
0.0043147224426176,2.2739264377210275e-06
0.014942725705463,7.930591884243325e-05
0.0134144195059489,7.702308856369255e-05
0.0151141913506534,8.06191722163944e-05
0.0160425781770951,9.043646707450939e-05
0.0076980497312346,9.191607929851327e-06
0.0065581880640882,8.89411646940706e-06
0.0024912565368719,3.4787014882776283e-06
0.0149280967800351,7.770293095572474e-05
0.0194098432165442,0.00010458598239869777
0.0180350063812869,9.166797488831851e-05
0.007601319499858,1.6376202057256594e-05
0.0184419750892767,7.607821931309106e-05
0.0195420387850869,3.1626373281297127e-05
0.0070510853316846,5.994649988262473e-06
0.018995578053828,0.00010438768678471031
0.0030347538539416,4.2681587926582095e-06
0.0028978535504345,8.190819200174272e-08
0.0024168157244574,4.60617002758973e-07
0.008921746313899,8.935392362777754e-06
0.0089536893935853,1.4656736281731317e-05
0.0024366016504846,4.401196261725263e-08
0.0185387443949606,0.00014108964594400578
0.0134565840853781,2.462531867747903e-05
0.0182776570364607,0.00011585513123194501
0.0079174337074409,4.5555268283693305e-07
0.0125999669106383,2.7609129566960032e-05
0.0092392092583051,2.7140742371340885e-05
0.0103627598774673,8.021950851661e-06
0.0089996832965742,2.172922492027648e-05
0.0197465550383957,7.61080029742144e-05
0.0184388986637981,0.0001598985409415584
0.0199774547079532,6.126314878780913e-06
0.0135478291769555,6.972855932356536e-05
0.0154562637950227,3.964074599064978e-05
0.011761269066571,3.593186567102703e-05
0.0087194406661274,9.383437700895417e-06
0.0080671725196378,1.0087511399651342e-05
0.0067135159400141,2.754191540196727e-06
0.0134274557579649,1.9736962952705736e-05
0.0120750007616141,3.4725317095050206e-05
0.01076229441747,1.588079632283553e-05
0.0005042322003631,1.6674276748020005e-05
0.0096137480616006,4.593703063221183e-06
0.0168068204228681,0.00011570069114791137
0.0134951718404529,2.644793179743954e-05
0.0099680325574707,3.065928154704355e-05
0.0046134357140262,1.0984695082321548e-08
0.0023603168860598,1.9278682889643148e-06
0.0096969399812388,3.9196505420732544e-05
0.0159535456865945,9.367211837072999e-05
0.0112537546989554,3.698343240343174e-05
0.0174236378795725,3.548563454069569e-05
0.0158098115309138,7.30744063313074e-05
0.0103054367364825,2.987750347136668e-05
0.017080640549445,8.650542950252099e-05
0.0095360302240224,5.522883888789922e-06
0.0067873020350752,1.430038315069831e-08
0.0191453492555288,4.404122385860856e-05
0.01824187063042,3.934725723239471e-05
0.0117909953878615,5.858427163629259e-05
0.0138725782031957,3.251203445341774e-05
0.0122168889013449,3.6417691622589834e-05
0.0092349881719311,1.0029202886037897e-05
0.0106759013890476,1.6570655261255848e-05
0.0178024214809101,0.00011538437822688802
0.0061846401916573,1.3339292408129794e-05
0.0139098320603849,2.1429620222909792e-05
0.0120956031507363,7.41988406744076e-05
0.0198011032760233,0.00010360490694867905
0.0126236784055328,5.753150788076307e-05
0.0060975250028446,1.5226829259695773e-06
0.0084592238543581,1.0537075217284076e-05
0.0005247062603098,3.9614668139196185e-06
0.0109907079011088,1.7450189532589687e-05
0.0138689703037087,5.1027772712762385e-05
0.0142881420751623,6.20952463192865e-05
0.0097648421120536,4.354171653202279e-05
0.0075242568028216,1.2263895519196658e-07
0.0067841220212015,6.9098111419504954e-06
0.0107188281921145,2.7770757390631067e-05
0.0190163414819411,0.00013055390394207513
0.0196468013293907,0.00011077808727147819
0.006916047375406,5.798120935276766e-06
0.0144940991002764,3.924653610764906e-05
0.0146341780141842,6.24427976924646e-05
0.0024094016265358,4.22181840954514e-06
0.0155315367532054,5.8163510520048855e-05
0.0021765184056094,1.0692881474974078e-06
0.0159480519804454,6.468577314860336e-05
0.0115295310769208,3.2472933501998985e-05
0.0189082189631869,3.2083816597313685e-05
0.0046362806310587,7.855471460167506e-10
0.0197190391995021,2.2758794864394805e-06
0.0192513157848396,1.6267843810229409e-06
0.0099252679169956,1.9108049076009065e-05
0.0049950161773026,9.93224887118545e-07
0.009113209671179,1.3114984733414836e-05
0.0133212284320285,1.9928797791198914e-05
0.0160163348008997,8.018557012480685e-05
0.0043500063978145,4.3992580359247495e-07
0.0140109914879668,3.464284915794571e-05
0.017853108977425,2.946028825811151e-05
0.0198617599995364,0.00011919201054452847
0.0067850590402388,1.0301944140920129e-05
0.011028890939333,3.2103089516692243e-05
0.0088216785988485,2.7678608848463743e-05
0.0179666104149165,0.00011893867674178291
0.0132983542993866,5.665773378940729e-05
0.0180321731549144,7.806134705456717e-05
0.0174769473146105,3.2427992870437484e-05
0.0044411320399107,1.9170394119721214e-06
0.0089545771436226,4.734472560940076e-06
0.0096185881854232,2.2377495650441777e-05
0.0069152784655003,9.850192470937633e-06
0.0003971186772544,2.9191851861941876e-06
0.0072447222738293,1.1257987258524927e-05
0.0044742201630952,7.192700401238164e-07
0.0125910633086721,4.5198760311436006e-05
0.009407791541314,1.6060312954692806e-05
0.0030164466829767,1.6087892461943872e-07
0.0032959300529081,4.073787880840294e-07
0.0041731654179627,1.9284973298250797e-06
0.0093515121668038,2.1241414412756876e-05
0.0037384072071539,3.823396022963109e-08
0.0159217165442394,9.43482712256697e-06
0.0112427566310971,2.7471498945524035e-05
0.0043870729081882,3.2827977617674746e-08
0.0024233149746612,9.63558461100468e-07
0.0184731234871411,0.00010583762488357058
0.0160732871758555,4.2064381104473516e-05
0.019423731595544,0.00013418624461331556
0.0045697699969605,5.197234608920235e-07
0.0180661059855624,6.471064619742297e-05
0.0180751189240954,6.844148195780317e-05
0.0186729378927921,7.784692770760799e-05
0.0168089771402659,5.2860547307549594e-05
0.0144432312862245,5.1424034221148614e-05
0.0192231418651122,2.221491421546258e-06
0.008349159202097,1.6727820948602644e-05
0.0173302272899599,0.00012477136937501208
0.0169141866161841,8.611431140743347e-05
0.0090639427784312,2.0872931870270486e-05
0.0016514980133648,3.1743988449503715e-07
0.0073868723874732,3.992272577317399e-06
0.0030287275430135,8.093087881125999e-10
0.0105393071911432,5.693369878621138e-05
0.0071126138393069,1.1099539610539859e-05
0.0048223109250758,4.6834538955281244e-07
0.0064553214524209,8.561632984327415e-06
0.0059009523772925,1.0336700513330495e-05
0.0099949979003509,3.987239895703174e-05
0.0124476518057038,1.732360752884344e-05
0.0073649585616676,4.297206361502041e-06
0.0044492929377051,5.204648139583568e-06
0.0120813289975961,4.736842974443392e-05
0.0192758162848059,5.155068603461032e-05
0.0133710001312974,8.266615593161275e-05
0.0171723118299482,3.0132766546120425e-05
0.0195449180681926,2.939665806960321e-05
0.0161119910764448,5.6185980579144994e-05
0.0189819942155628,0.00010460656814314168
0.0128804545547688,1.3360964426916138e-05
0.011082763314802,1.2344250964287635e-05
0.0018337839655778,4.864636411031496e-06
0.0053145382628698,1.5489513465234569e-06
0.0179886674378846,5.43716782896915e-05
0.0161342394984557,1.1253674985656256e-05
0.008345115308232,1.8840481495453198e-05
0.0172184067809065,8.825414437396043e-05
0.0183303136029467,0.00013193849269995048
0.002975884197435,4.992899477044209e-07
0.0009198129157688,7.5356313848425875e-06
0.0114527325136413,3.760257360075425e-06
0.0099441114073255,1.6157616054164064e-05
0.0089198729057628,1.3740931792873216e-05
0.0160321420575028,7.65336712215445e-05
0.0197406743701123,0.0001174733032255687
0.0082811173749186,4.734468830493855e-06
0.0199968455197101,0.0001389459385887348
0.009395988237486,1.789567849843835e-05
0.0156750747035274,9.725469849382729e-05
0.0139022066680139,3.35219709625043e-05
0.010301617229992,4.552605522800989e-06
0.0126958775412666,4.618748660297424e-05
0.0051914398440263,4.761551480999124e-06
0.0162161691340632,9.304922912137632e-06
0.0074963203780183,1.6532283745697626e-05
0.0067023176683235,7.929550846285274e-06
0.0113210562961498,3.0681234684507437e-05
0.0143526685507573,2.747209932837672e-05
0.0062030714701564,2.1807989139998484e-06
0.0174421389270203,0.00010277993066229452
0.0025810643731905,3.128746329227625e-06
0.016403598233999,5.092563068677205e-05
0.0049558048571418,2.2624979297848446e-07
0.0107926877094114,2.517220900008512e-05
0.019086444149776,0.00012882454334404308
0.0114670092580696,3.0895716159090006e-05
0.0088956703809501,3.731017875814209e-06
0.0158699029465931,7.749516622973008e-05
0.0067753186863887,3.358159168609714e-06
0.0176771432543684,6.475783007196469e-05
0.0073740392393509,6.079263738192268e-06
0.0147255109819557,7.014672842057165e-05
0.0134993261384544,1.0254729033951952e-05
0.0034399435040841,1.0277803534990571e-07
0.000320558252945,8.12336132465746e-06
0.0010493137233996,2.4452330647711278e-06
0.0114720515037925,1.6667931775573543e-05
0.0143813078438755,5.843071861137262e-06
0.0174348171922119,4.372334080427279e-05
0.0101069191191068,2.9211953238525375e-05
0.0182928330481387,1.7660455413201224e-06
0.0195887076039997,8.846772539144748e-06
0.0028272404425573,4.951505265526661e-07
0.0161154370698305,0.00010191393426349831
0.002260158995039,2.6016088535160722e-06
0.0153897477680565,5.700091185406665e-05
0.0004399990892737,6.4481128910688295e-06
0.0078581028109249,3.561228161405675e-08
0.0154715371149361,3.752669008719637e-05
0.0125351796081823,4.0326332702389455e-05
0.0060729733757023,3.6725503302394293e-06
0.0050603253790229,5.334244140258512e-06
0.0035470398778487,7.6855630936289e-07
0.0105490169227241,3.339058373745375e-05
0.0127702231494671,4.440518695226405e-05
0.0171369314661743,4.834137469523369e-05
0.0104429300402741,1.4945209683013476e-05
0.0013961930412034,4.3773719341634476e-06
0.0051359485030538,9.309551383039876e-07
0.0190143750469467,9.527628104610394e-05
0.0129648795890457,2.503469763036091e-05
0.0131279398374133,8.936229819510257e-06
0.0007960362729739,7.1631415994562466e-06
0.0161439351130933,2.6041567187217166e-05
0.010456809098024,2.2553256216522285e-05
0.0090102858379926,1.72631850783778e-05
0.0192485652337815,0.00011891012748770197
0.0187822737398146,0.00011994610832233626
0.0007882972134922,5.632816323015899e-06
0.0016447393014222,1.2471397993126273e-06
0.0123082934128438,3.5068537945002675e-05
0.0108494404574308,5.142428028166105e-06
0.0056680317601998,4.974851362964315e-06
0.0053811425000805,2.2508634949665123e-06
0.0081260545113037,3.976375653227434e-07
0.0038061318674046,4.737859490217263e-06
0.0096236677130697,2.837575646639521e-05
0.0031654403173387,2.0475744224041379e-07
0.0027813035450627,5.414024271358389e-07
0.0175388794168714,6.245117857654583e-05
0.0112797776508477,3.017024757434232e-05
0.0068489905864133,8.484085165707026e-08
0.0087807057813921,1.987647516107087e-05
0.0124402046705257,5.694826194151016e-05
0.0184451540113149,0.00013448484416473668
0.0129241289598138,3.9482419672208103e-05
0.0112556044479205,2.9337051334392605e-05
0.0069762842940187,1.4875243924516701e-05
0.0074036912929262,1.4870032586799424e-05
0.0149557481696581,4.669801501322475e-05
0.0057229151066542,4.865602285543619e-06
0.0111229612192259,5.665496081955857e-05
0.0012445553635461,6.239489061643946e-07
0.0013628875568959,1.1986259321081066e-05
0.0087096120389075,1.9564972393227823e-06
0.0009666616630677,8.883247247057829e-07
0.0076364681880032,2.166501098418071e-06
0.0192384811660278,1.5938357965801826e-05
0.0126303705757313,4.6148353039316835e-05
0.0198634940447046,8.721176220799063e-05
0.005016172366301,2.9147986148555523e-06
0.0150914519445434,3.9018306555884706e-05
3.871105796510177e-05,1.387843880867746e-05
0.0067953567134635,9.649166137834391e-06
0.0064207538095641,1.7260421605755787e-05
0.008051952280297,9.8425034675779e-06
0.0098846506148579,1.879356519009464e-05
0.0196704923171788,4.610793620973643e-05
0.0114088400870772,5.22717603987402e-05
0.0151985050776066,6.320662504075021e-05
0.0183449781918074,3.2734182155188674e-05
0.0088250830584391,3.871172575306632e-06
0.0138529558658713,6.990783489603235e-05
0.0103939457648339,3.91723554272705e-05
0.0140216074849667,5.719239725494061e-05
0.0025764877011302,4.964764591060369e-07
0.0052924919716774,1.2174150128121259e-06
0.0198095516341507,0.00012785598480259664
0.0075304934335908,1.5781431869483158e-06
0.0005180989276921,4.0241318910847294e-06
0.005879161791335,6.0595629675032625e-06
0.0120032831558797,5.1649597724870806e-05
0.0097786657297063,9.619346211617213e-06
0.001198856915874,7.387976664277806e-06
0.0167333401250636,8.292850724529586e-05
0.010971145894833,2.140088438341835e-05
0.0153874214951063,5.263045875128511e-05
0.0096449542765377,1.7249122487398585e-05
0.0077446366765439,2.142987987757969e-05
0.0196465928176245,0.00011266867426172049
0.0195357460344475,0.00010181903048608185
0.0029144511671782,2.1504344236309122e-08
0.0027318752651751,3.018603274049172e-07
0.0062500139155095,9.103591437630395e-06
0.0153709776611073,5.230778788705673e-05
0.0160407156199713,6.225818817715463e-05
0.0059162671644464,3.476016023528336e-07
0.0168045976029861,2.9896202716817216e-05
0.0094671775568214,1.1245052115864772e-05
0.0155201941748446,6.0666294528191134e-05
0.0100285062622639,6.19727330385516e-06
0.0089205867461777,1.6332830225632327e-05
0.0043857594422382,2.458152359473311e-07
0.0145367590531328,7.242095213472175e-05
0.0019721754915226,1.1477362197373683e-06
0.0153786836101977,5.2117155422807866e-05
0.0060724348537952,3.7591678676463084e-08
0.0049127763894482,4.173973379440621e-06
0.0093082751568449,1.8404422989392694e-05
0.0038455984225372,1.4779280750397972e-06
0.0105775542690385,1.9311855093021935e-05
0.0104115120490409,1.786443684047272e-05
0.0128170624131632,5.207811555905643e-05
0.0026648273750064,2.33250624634985e-07
0.0023190786101536,3.332194662998299e-08
0.0177675915694007,0.000111970291967601
0.0080038499828726,9.806691559597594e-06
0.0100948997534575,2.0373072393964632e-05
0.0038034603850245,3.2902304830167815e-07
0.0190973591526126,6.814803095988238e-05
0.0101476705763466,7.068578853943027e-06
0.017940908314244,3.978930357618341e-05
0.0149394304959233,7.344291133584775e-05
0.0039961839415527,1.3701524849989983e-07
0.0113777740230094,1.4401771307250316e-05
0.0170529262350323,8.938702512390544e-05
0.0022884253437161,1.0184888668239762e-06
0.0036964439199803,1.7504919559758898e-07
0.0089533536879619,4.991397191332815e-06
0.002277194788396,2.4865034132725293e-06
0.0053252996261467,2.6358518438709135e-07
0.0173927367867264,8.727564030179342e-05
0.0092220097621589,2.8808382577799436e-05
0.0097248206007683,3.214436622622186e-06
0.017679903221867,1.4295661683992513e-07
0.0067686343885397,8.205430303170192e-06
0.0104004867893917,3.264761250972332e-08
0.0061029555052332,4.026745308046475e-06
0.014674438136325,3.463942230676456e-05
0.0020640731028259,1.2235782351378662e-05
0.0092054097833866,7.526456502166021e-06
0.0182219387535477,5.947074680880792e-05
0.0177517510314585,0.00011017555377324827
0.0178026154393026,5.596589313587787e-05
0.0001357227199015,8.269525824868014e-06
0.009779666563542,1.0723097649475199e-07
0.0087883684036822,5.762976930919716e-06
0.0082456114454917,1.2319391115474765e-05
0.0094199014808733,1.0822736542103993e-06
0.0155705263617248,7.699531094683e-05
0.0018795115084304,1.1066045297678124e-06
0.0153988038630255,5.3872465906906454e-05
0.0149435949579973,5.61661036911363e-05
0.0093326987253449,5.727326086682612e-06
0.0171791644475896,8.685798317267259e-05
0.0002833096670729,1.2707161108258192e-06
0.0166427356757321,4.530048291852443e-05
0.0139233315268113,7.703819600710451e-05
0.0032456014008365,4.879228951731052e-07
0.0186705826227049,5.0735303764450084e-05
0.014422286024599,5.517501705311982e-05
0.0029362510255378,1.0391616744776536e-08
0.0173509313181233,7.923951753783891e-05
0.0085284478310653,1.8824046786165895e-05
0.01912828136182,7.255906666579885e-05
0.0114360352029687,3.733762275903574e-05
0.0162107765437509,9.113601702681464e-05
0.0183425029210692,3.248118997739196e-05
0.0167652710768692,1.604498164628372e-06
0.0031806071036914,5.951704163101382e-11
0.0198248387747707,0.0001392186595148899
0.019854889802215,0.00014991926936827528
0.0040616803648867,4.6304045709147936e-07
0.0193422604689596,4.9668287138796775e-05
0.0177215612082604,6.147441412348926e-05
0.0179806824789728,4.342495992871852e-05
0.0195374625651112,0.00015005429376459232
0.015067743930235,1.655533895856401e-05
0.0114526849052343,1.810255879963418e-05
0.018998171295902,2.881513392599184e-05
0.0132219392960375,3.0046591166952813e-05
0.0025206727379843,1.4862033316764083e-06
0.0121028482504406,1.3610254088961558e-06
0.0141772426015939,5.1893861978445394e-05
0.0190812733397021,0.00015615590262835625
0.0106830860154865,6.413212350578497e-06
0.0129182768633437,6.478562470636716e-05
0.0146000927617677,5.664932931862344e-05
0.0013455338665627,1.2075891504611844e-05
0.0139128659979651,4.042060649311757e-05
0.0155122549680978,1.3424689541420743e-08
0.0015119970684189,3.78551398554102e-06
0.0128473845654358,1.53277857501394e-05
0.0035054323510144,6.101498510799065e-07
0.0015990736037373,8.150112399694532e-06
0.0155139961257878,3.405206117603776e-05
0.0168630206268675,2.1064804741385943e-05
0.0145558734124369,4.118184281187297e-05
0.0077977546176124,1.0866334116439548e-05
0.0191759449817378,8.652194891469332e-05
0.0063116971338668,1.8209121575354502e-07
0.0035196897165637,5.78287865606436e-07
0.0167869822459077,4.874306389729843e-05
0.0013288274856162,4.768213509500505e-06
0.0199774751593973,6.708345433229807e-05
0.0116781596668473,2.1095907913325037e-05
0.0016297115210904,1.5343819154280259e-06
0.0006302154191,9.705132922134526e-06
0.0051313758551135,3.425944161028842e-06
0.0147823664570014,2.2627651401538902e-05
0.0118130347281433,8.883024670135988e-06
0.0113030028753431,6.902685861195447e-06
0.0186174067574318,0.00010245423444124072
0.0128139149873524,4.6212177619645125e-05
0.006686771879435,2.666048813051641e-09
0.0071330821180813,7.097413108011913e-07
0.0150342664313269,5.6217273156943734e-05
0.0016759116014544,1.6717723939057054e-06
0.014062169280399,4.255487365906866e-05
0.0137157511927347,4.0104420483026864e-05
0.0163925833948336,7.007084356438786e-05
0.0098269146182898,1.235614958096398e-05
0.0147236511289991,6.013592525736791e-05
0.0140430501010364,2.7936902272407794e-05
0.0011881011810153,1.1807060273661825e-05
0.0104612077279275,2.2216175149790683e-05
0.0064668143393541,5.818780181184289e-09
0.017202235195976,0.00010507487587583738
0.0143731408459547,3.181547885024491e-05
0.0199049027257402,4.071221653228743e-05
0.0115332664616697,5.755768205368892e-06
0.0171053760817514,3.862586935327419e-05
0.0172754950395939,6.278517612114287e-05
0.0087114621190957,1.7535291479478582e-05
0.0189109410670819,4.880547086899946e-05
0.0180478259784769,8.197259060051188e-05
0.000593201358867,3.7249446510516385e-06
0.0185038448611249,2.0302906634101363e-06
0.0136144516237922,6.69735425320155e-05
0.0188364810274181,4.8357699593504944e-05
0.0110086673813919,2.4633947502708653e-05
0.0123496697479616,6.377698013518167e-05
0.0138677155787567,8.864380105786868e-06
0.0167719440301792,7.882564530951384e-05
0.0111439108019225,1.9540469309227425e-05
0.0092883924608441,1.2496222465609487e-05
0.0020691145501944,5.485061354220275e-06
0.007180680935462,1.5294451604461035e-06
0.0039312371850064,8.247495134990084e-08
0.0104943515493536,2.0564413158649073e-05
0.0152049421663743,4.995293944465343e-05
0.0055007405000175,2.776061787646291e-06
0.0187454916472342,9.129740678887513e-06
0.011545000421085,1.4006954792099402e-05
0.0165923897091601,8.167177801025839e-05
0.0053511603851974,6.719669336164233e-07
0.003868484916526,2.723296375064513e-07
0.0116880526115263,3.8213174203084265e-05
0.0146125521945781,4.417791106161664e-05
0.0109425086891991,9.724852661714106e-06
0.0150247186230482,3.3202488052724624e-07
0.0116053980756249,3.2579621024665206e-05
0.0100248081219242,1.1129514486550039e-05
0.0175881272558625,4.3460527609265324e-06
0.0107973947487377,3.635350014960366e-05
0.0017828871008748,9.387538534227007e-07
0.0126285391033104,1.462459915187764e-05
0.0150589434661897,0.0001001524258571063
0.0189919203504971,4.525502186001886e-05
0.0061720110819721,1.290013022976098e-06
0.0154030145044681,6.035126396697977e-05
0.0170695383997478,6.964419767386335e-05
0.004181208468849,1.1049649363743532e-07
0.0195722038259357,0.00010829932339854547
0.0129399565089911,6.781356202688244e-05
0.0046630611616785,2.585183404224504e-07
0.0070561465410628,7.86906914831865e-06
0.0035199266543448,4.309521314373423e-08
0.0074241168250672,1.3217883399111992e-05
0.0060895270803798,9.802088163957166e-07
0.0195699648701045,0.00010746588932032345
0.0193517255659493,0.00010802440586987792
0.0081636165829661,4.954596124891252e-06
0.0140594293850685,6.362623401632316e-05
0.0022991821502511,1.1607011676201068e-05
0.0009498562234373,1.4654357694595482e-06
0.011739136953319,2.1442830989004563e-05
0.0036207260137566,1.4254596787692747e-06
0.0198113936603902,4.9993331997533686e-05
0.0081114255699285,2.0365132134196924e-06
0.0031821464908583,1.2969702428523478e-07
0.0135632818587125,1.2126963649352975e-05
0.0067647607527343,5.536319903906546e-06
0.0097174633950667,7.483763341078366e-06
0.0083503521887332,6.346992681014823e-06
0.0182200450920157,7.031264904447744e-05
0.0196961974182219,0.00012727048877450193
0.0168041461409578,6.626732555960329e-06
0.0059276821591873,7.054162696970581e-06
0.0194815363881475,0.00015830762126819916
0.0121442307775743,2.1497685306082492e-05
0.010711052339515,1.7734874590096874e-05
0.0009530438529408,1.678964234098409e-05
0.0137296064109698,2.3113505241962448e-05
0.0029655962689708,2.649427772325187e-07
0.0045161807192533,3.087773081647123e-06
0.0040635395237104,1.4020677688367852e-06
0.0101625451274571,8.764524801992605e-06
0.0177404437716686,0.00012523878745252675
0.0050897160121451,8.327778485886761e-07
0.008127853985572,1.0633098607781103e-05
0.0050233555443893,1.433397072464483e-06
0.0093061367868055,2.0596896140767553e-05
0.0008709761206764,8.0667015632494e-06
0.0073796111535155,2.2823111958912017e-06
0.0197271044297911,2.4099254621481608e-05
0.0054738758158892,8.754652272463902e-06
0.002525459106481,5.70238590531898e-06
0.0067400536749758,8.341062515871534e-06
0.0185743013622415,8.068611420447958e-05
0.0159658508460297,5.928387258723739e-05
0.005418106172478,8.776707802973813e-07
0.0045173277766546,3.9269250931498185e-08
0.0185577667639542,9.702463502354759e-05
0.0099958584669817,6.729075226078913e-06
0.0031002101134716,8.211919771239273e-07
0.010549077763099,3.346840756126993e-05
0.0047559329835311,4.665704117496474e-07
0.0018196930093945,8.591458746701136e-08
0.0034072658909682,2.74207427323178e-06
0.0146290052745859,1.995800045410541e-05
0.0068389659299721,3.1619523162164256e-06
0.0060515100496568,2.6782662016771308e-06
0.0172375468500708,2.0226376598091093e-05
0.008685035459176,5.5729022541546805e-06
0.010924055455885,2.2067604469339665e-05
0.0155271555001724,3.0226721042635814e-05
0.0116874711108387,3.068469016769473e-05
0.0104382134334005,9.475130324711052e-06
0.0046544777951307,4.758990363539115e-07
0.01220708922395,2.2777639819076774e-05
0.0102864415095627,2.9620486947592333e-06
0.0090791304150545,1.9270133027667112e-05
0.0177112978398302,4.04009642982425e-05
0.0093508674368254,3.0389331498519424e-05
0.0023599507216861,4.210176501634901e-06
0.0086517662776142,2.526495963283087e-06
0.0023385111571126,5.922731321525652e-07
0.0062071146099564,5.6936329752610495e-06
0.0162483219660174,7.133173692071606e-05
0.0176816746211979,9.842630425901537e-05
0.0001485954813261,5.773348089672363e-06
0.0122564271718161,3.054103160555721e-05
0.0168812518620115,8.711149024351638e-05
0.0032647038819851,2.2130933076624404e-09
0.0185848271935512,0.00011169728256351698
0.0070898123952614,7.677661643746586e-06
0.0131480310927776,4.6601430637536525e-05
6.263582200837448e-05,1.0685794887420947e-05
0.014111640508166,6.426435119158434e-05
0.007549677603081,1.2578505974769473e-05
0.0124607534030564,1.2892479882771354e-05
0.0032911694060352,2.085669722520402e-06
0.0072018057507136,1.137577587508213e-05
0.0094584982392375,2.8126635646245717e-07
0.0144587950575832,1.7490819599440616e-05
0.004386229479402,3.5928839012903633e-07
0.0076726606496833,1.9071023053631644e-06
0.0089910913988248,2.423246641177361e-05
0.0117661288176125,1.9170846656818582e-05
0.017655692190859,5.7663273295512035e-05
0.0068803615257977,1.0274076548294416e-05
0.0005436612393161,3.6768740816257547e-06
0.0022767524957945,9.954929221349031e-07
0.0069589494659402,1.443993744058481e-05
0.0170882693298932,0.00013963023825806444
0.002163184495635,5.5905818675480615e-06
0.0128325708964627,3.0094412234016098e-05
0.0015853510461316,1.7847055088385128e-06
0.0158765925550446,2.4678526208514838e-05
0.0165434482411185,3.763963285343883e-05
0.0171941570554187,4.404164819508419e-05
0.0199770374004518,6.452875240541791e-05
0.0106419354231541,2.7592525210929458e-05
0.0005669194008392,9.196148586934606e-06
0.0192660845529325,0.0001264102937399081
0.017015805701212,6.105346757707156e-05
0.0163867579012969,5.068556165778183e-05
0.0100138211039658,2.036677091322162e-06
0.0071629274654057,6.703678553477154e-07
0.0005516850968133,9.960210737205246e-06
0.0034785462510565,1.0737059697427257e-07
0.0162883171463649,8.296036895623059e-05
0.004487118102678,1.1569968425561312e-06
0.0143270535232398,7.123425379547186e-05
0.0036090465567378,1.456407914066039e-08
0.0094625613570192,2.1829090298694175e-05
0.0184957383896287,0.0001254234978683866
0.0140670237625702,7.886508300587694e-05
0.019772076299776,0.00017915829870124344
0.0195351948038479,0.00018836297489007142
0.0075869003897366,1.9990294573966052e-06
0.01843651048976,2.5097243258199324e-05
0.0102370347925055,2.451123111505738e-05
0.0186148907087972,0.00013236133949965045
0.0011370653298625,1.276831884855391e-06
0.0095218059999954,2.5551202364653754e-05
0.0172523565265026,7.761835302434676e-05
0.0172496254900282,3.185562414936378e-05
0.009182038063942,2.7544414205696552e-05
0.0101408476696822,1.497798427570217e-05
0.0117904349177296,5.038592906442581e-05
0.0036257570623294,1.625738219065751e-06
0.0179201567982678,8.677243065245486e-05
0.0160407503194233,7.030184214246158e-05
0.0147499518523219,4.4505204554325865e-05
0.0097215158999047,6.4241319495664116e-06
0.0197145322594954,8.292048737622018e-05
0.0026820947484347,3.1135070657843763e-06
0.0173500865566002,8.177544931848553e-05
0.0001587011744771,3.0405673734292596e-06
0.0170079330767595,7.927791368731605e-05
0.00815986521072,7.639506302026192e-06
0.0044953428256905,5.254002772929721e-07
0.0123393995037394,2.3837509179568343e-05
0.0026281054689137,3.075794281879646e-06
0.0017932583672496,1.347709041761735e-06
0.0011112374085013,5.399057085390352e-06
0.011591994794969,2.5586308126027184e-05
0.0108607895249701,2.1003650181896695e-06
0.0188842401579257,9.702702270489938e-05
0.011297667836296,4.1412573175584316e-05
0.0103186747614174,3.393556226516707e-05
0.011288166643988,3.9727068490080314e-05
0.0053830218750122,7.202016499845467e-07
0.002524861194881,4.013553962825232e-06
0.0106157248983639,4.387818382356277e-05
0.0139895429240037,3.119460989495602e-05
0.0157928237578889,7.63745907139066e-05
0.0158018511962029,8.278563483824663e-05
0.0161964720812102,4.6932656558967035e-05
0.0043050006255103,2.7987302036259133e-06
0.0040216068907195,1.114106345201781e-06
0.0071462341766511,4.105807407274566e-07
0.0075931973606091,1.059486704270065e-05
0.0159952670010941,6.94333331518413e-05
0.0055862573050615,1.9849710049512204e-06
0.0055662192709096,2.630880054912221e-06
0.0035049348405267,4.0559249800427497e-08
0.0186351757207796,0.00010981800976639803
0.0061754945591587,3.430616155591086e-06
0.0143235289995823,4.041937539460271e-05
0.0173443107869643,3.657567190240349e-05
0.0091097225942973,2.6161455069492345e-05
0.0052980574567093,4.851138026587717e-07
0.001959411042896,1.2525467539570405e-06
0.0115779195023484,5.91199729683685e-05
0.0009448863902487,1.1371185030499328e-05
0.0181271272866448,5.9479178363040847e-05
0.0008309259634914,8.924703243807119e-06
0.0062202472312833,3.6899907631536284e-06
0.0140249971168567,3.777174463796277e-05
0.0172396464969162,9.675126365770055e-05
0.009170740736698,1.5352048000586312e-05
0.0061878407410827,1.0506416794791572e-05
0.0124818324331504,1.4440089669080729e-06
0.0022318427489913,2.0971994470437465e-06
0.005011115224656,3.026106495955567e-07
0.0014830524012217,4.443456271831936e-06
0.0166538338258414,8.446987254896434e-05
0.0002480178342496,1.0177922501001214e-05
0.0100245898992436,2.320828566657871e-05
0.010006450061233,3.53719081423069e-05
0.0121154508962912,2.6962166729424497e-05
0.0188574299968566,0.00014090674623698174
0.0192682264290857,3.979932608068704e-05
0.0095149588414138,1.188569084876797e-07
0.0157108845268931,4.5787334115221886e-05
0.0107174080453886,1.074857258998218e-05
0.0140422390147778,7.03682375853021e-05
4.8881288535185255e-05,1.4798766390322902e-05
0.0035906111228122,4.845677255149433e-07
0.019411850557325,9.860344829196261e-05
0.0058167691756875,8.072450405004952e-07
0.0095752192043064,1.2509031650159722e-05
0.0082496884563655,1.2072684584408873e-05
0.0127207197491727,3.488433008473232e-05
0.002680548274318,3.5987636325559103e-07
0.0078562234842686,1.8126630740412203e-05
0.0038455249903464,6.653684826953431e-07
0.0079160778529982,6.373853281328501e-06
0.0096995306945368,8.242536738141684e-06
0.0060046326405692,5.2247272370375834e-06
0.0198265098299592,8.596654093356699e-05
0.0194265228255244,2.2614335666564423e-05
0.0032007521800172,9.067993323911616e-07
0.0181629622657395,0.000160097240813747
0.0039343056505388,4.1534987263049146e-08
0.0130853866141761,5.1490532613673485e-05
0.010051284156514,2.6011618561226954e-05
0.0057182183029131,2.084113938285608e-06
0.0042647355115875,1.1641373914710246e-07
0.0119779698234716,3.463445306648182e-05
0.0184799788682557,3.134831860978783e-05
0.0072526016426811,8.988178385709881e-06
0.001989234379687,3.1560209067862238e-06
0.0035142494858034,3.981174409473078e-09
0.0095770160293924,5.9071113939708665e-06
0.0052656608218241,2.502574279654886e-06
0.0180713259504732,3.937977363608849e-07
0.0128587259540616,2.9393294019243412e-05
0.0028041298563574,2.3665372225102355e-06
0.0106539088986395,2.1142106451440204e-05
0.0164373340117989,7.37383437775668e-05
0.015225766911898,9.986699543336297e-05
0.0005370271063853,8.041773370220611e-06
0.0054057529250818,2.7892994480310715e-06
0.0116640604555499,3.931873741721089e-05
0.0072345682660697,1.612721190864131e-06
0.0133001477062892,6.723805874051437e-05
0.0085652510049458,1.3775193932138616e-05
0.006858285421947,3.7078496153307525e-07
0.0066443914892347,9.743482780955853e-06
0.014337632492949,4.689923880399624e-05
0.0034298367940147,3.364904285440527e-08
0.0194133417121836,0.00013903836798349341
0.0072662016904565,1.297198949842968e-05
0.0068098731377753,1.9618337759299962e-06
0.0137812528536774,7.410342748946766e-05
0.0154402569964368,3.444191371513629e-05
0.0136571954721904,4.041183029789139e-05
0.0181034996031949,0.00014075679832869348
0.0114758077238525,2.288458721568855e-05
0.007241300209566,1.8240378152975778e-06
0.0068763992881197,1.0254899306227611e-06
0.0140241799568294,4.239451631210836e-05
0.0055684300718358,1.0761207113291933e-07
0.0024286874273126,5.749606011516202e-06
0.017171792660293,7.302525533456064e-05
0.0112552141818001,2.6132667791602587e-05
0.0119268266560708,4.171123626068451e-05
0.0092011582144193,8.44705088465605e-06
0.0179546873246896,5.8430625152571645e-05
0.0013386850958885,4.910342342513926e-07
0.0192061241490363,0.00012441417735614026
0.0130129538145222,4.451250443469843e-07
0.0186194868834857,0.00012115141554477793
0.0027387594003367,1.1250114557289042e-06
0.0013474786454368,3.664833662889763e-06
0.0153596360175173,4.152928045448409e-05
0.0183651742180487,7.424022421940992e-05
0.0025085800409026,1.8684262624968263e-09
0.0062487213979895,7.429904647161e-06
0.0114410210746206,2.832219558057923e-05
0.019661502177722,0.0001136794133992033
0.0021747635732656,4.958122469917571e-08
0.0173754959589445,4.940946534094202e-05
0.0098632405956674,1.5666489340425708e-06
0.0030141632438543,1.7584307862017708e-07
0.0112078749286759,3.318344385563111e-05
0.0184019519034792,4.732723223882212e-05
0.0047711575470884,1.910982243456433e-07
0.0177582566152408,7.630212889385543e-05
0.0145722765984896,5.7741357807542846e-05
0.0173837577590572,9.988983846945979e-07
0.0020854162041114,1.1055286454773864e-05
0.0031011066912801,5.562348097557987e-08
0.0092849055979386,7.332608859043764e-06
0.0088877845621713,1.8106317252996354e-05
0.0174833508374587,8.343223917026242e-05
0.0057286462252936,5.26259388792862e-07
0.0125964613425141,3.461080373038119e-05
0.0158176749411411,5.4335034423424635e-05
0.0051331534116225,7.69605131952124e-07
0.0061985379084049,5.536605222163038e-06
0.0187809740038556,1.4495355521120557e-06
0.0176371908456487,1.3682369925774068e-05
0.0131732048261367,5.257878397605376e-05
0.0139527335375611,4.858870346385496e-05
0.0072175791242997,1.5327424558799905e-06
0.0141613679736446,8.468046882301217e-05
0.0180209729366965,5.496585579508698e-05
0.0055078467008528,3.81396030019164e-09
0.016786125834303,7.871187020488504e-05
0.0006393489278057,6.845855783402711e-06
0.0007166748439788,2.4270353131221086e-06
0.0081799195918492,1.6524931201686537e-05
0.0140274646063022,4.012184743034122e-05
0.0001674757942359,6.829072708424039e-06
0.0090784007546752,2.592335412134573e-05
0.010223056214771,2.7024907265618912e-05
0.0055441845066268,2.342854816010409e-06
0.0193935764671398,0.0001412323520981197
0.017281506227014,6.44278227200986e-08
0.0102915116651738,1.4433517769498636e-05
0.0113291207234014,2.055872954463579e-05
0.0009812750052592,9.661828648888193e-06
0.0054108807139088,1.0503285265184367e-06
0.0135632678646867,3.093246621756504e-05
0.0161814614273668,6.412624994242392e-05
0.0109530189421249,3.8678702164484134e-05
0.000957921984074,8.045710908998283e-07
0.0073955113661716,7.678661751240251e-06
0.0156460270615487,9.175636143712766e-05
0.004522125073146,7.779306299576473e-07
0.0005734651927527,4.4796032657605735e-06
0.0152891679266408,3.944398456854593e-05
0.002883627606106,6.212179914526497e-06
0.0019841488731096,1.986420549283041e-06
0.0189036156876622,0.00011635803754740258
0.0161973279671865,1.649159942949768e-05
0.0030122279790324,1.7390763787670796e-07
0.0040089772815585,2.9521981904886025e-07
0.013688968507811,1.9282023320060146e-05
0.0180174545115973,0.00010837300737476553
0.0096959486927402,2.2190914064020285e-05
0.0148620728841061,6.882590415007044e-05
0.0193342888338009,8.486602091037754e-05
0.0091239908850208,1.4576571656057351e-05
0.0080826112919436,1.998154392333867e-05
0.0128410459194435,3.6986620824563336e-05
0.019300796109448,0.0001184277242177718
0.0122177513078109,5.062158319273262e-06
0.0018874149553548,1.1331627827387132e-05
0.0089950022152146,1.6018283651092728e-05
0.0100647763298549,2.992589792698788e-05
0.0146210877555988,5.96265378284978e-05
0.0087947097045265,4.0102398865680595e-06
0.0095761913343923,2.7730772725577376e-05
0.0050449770291195,2.6260095693226897e-06
8.870928315419136e-05,3.802311405075794e-06
0.0171807902053596,7.224939059100148e-05
0.002910442585681,1.716283478710818e-07
0.0118591895596686,1.2309478402726207e-05
0.0141865140339836,5.813860180548317e-05
0.0069326172192507,1.0514846807341642e-06
0.0176553563585582,6.668194074594003e-05
0.0043239702912352,1.11790650263006e-07
0.0041636068873035,2.8871912173906087e-06
0.0054695196011094,4.954562586657973e-08
0.0157015404869876,0.00011957987468155807
0.0142279109198418,4.118397594201251e-05
0.0141450892724491,3.083660137569172e-05
0.0172829822635018,4.152850390886512e-05
0.0152057006862175,8.003789691832732e-05
0.0158429396312311,2.2997972355894268e-05
0.0041741972387394,1.1194222482378012e-06
0.0075127179722274,1.1866067407587078e-05
0.0095577504914521,2.6361034568387012e-05
0.0183178409578653,4.2224289515102384e-05
0.0133519385499756,4.023589339767298e-05
0.0164535079445931,6.96648162234173e-05
0.0160420590148659,6.873133424232508e-05
0.0180882879636314,7.8132009518622e-05
0.0174497314820432,5.436934238301753e-05
0.0054167003140034,2.1302937942748794e-07
0.0171114761862977,7.708184932025505e-05
0.0124342868851218,3.094750381346838e-05
0.0179313340132657,9.661665406450636e-05
0.0055918595340944,1.6578467791300575e-06
0.0175866683470019,1.4535841049822148e-06
0.014004961222305,3.8654252600415926e-05
0.0054781780176543,7.100470887192323e-08
0.0055417782842817,3.1989208764451255e-06
0.0085635543850999,2.0952950392984965e-05
0.0124525806567953,1.7400469363482023e-05
0.0085774555242037,1.3153880178173767e-05
0.015584842439294,2.3853802412919242e-05
0.0050781046146715,3.3509091763798446e-08
0.001439506721437,1.0288435790098549e-05
0.0124721361607838,6.242196114796633e-05
0.0008672779532698,2.559390489804588e-06
0.0133751302535724,4.207782259389035e-05
0.0199301901030464,0.00013863704236371388
0.0022242524877101,2.665041955761973e-06
0.0028028743310346,3.759841064845605e-07
0.0151486108719657,3.7276395169124806e-05
0.0074626584984095,3.062499530519946e-06
0.0078888223117502,1.3201043419506505e-05
0.007583647783487,1.2725420615819194e-05
0.0175807709755761,0.00010311003528993931
0.0161817409692747,6.176153691192525e-06
0.0116732903542542,2.372810768550976e-05
0.0155538884841994,4.268231899857504e-05
0.0011030734468622,6.297418693931807e-06
0.0138189474730949,1.758581348216862e-05
0.0040373068759717,5.712317822393484e-07
0.0008565259918866,3.061755308605581e-06
0.013291747063101,2.78717511597075e-05
0.0163989377609308,2.308784491509172e-05
0.0086298514709785,1.0776465824132028e-05
0.0002590390503843,4.615719613392056e-06
0.0080090544713925,4.39198508220699e-07
0.0158254208638238,2.6485522500748104e-05
0.0194755209986516,0.00010974811933746743
0.0012040031456409,1.2588270789800426e-05
0.0072518918980227,3.783388330619965e-06
0.0023343929055007,1.4639916620562584e-08
0.0198965446052865,0.00011131967265747876
0.0143675505691521,2.905273775439712e-05
0.0117871395908584,5.492761595011367e-05
0.0069468847969003,8.510950273473459e-06
0.0099391942493299,1.5945447929840168e-06
0.0192760604111621,0.0001545859077884973
0.0004053630626614,3.276416157068876e-06
0.0177091391110669,5.510392620703056e-05
0.0138200053858867,4.743424763522265e-06
0.0137869995722642,3.092843746700191e-05
0.00234362604552,1.992692972230808e-07
0.0077877660519257,1.0672288524100913e-05
0.0025699088892455,2.1229657095285497e-06
0.0059796049882648,7.745280647771578e-06
0.0052763124125901,7.688735461493267e-07
0.0051991718537126,2.8395664728943683e-06
0.0030626237331574,5.2237656602363646e-08
0.0075970689688625,7.893015708977419e-06
0.0009926848209148,2.2064647587382855e-05
0.0141422278992222,7.675216670078858e-05
0.0185930510081501,5.9375560958907594e-05
0.0186502001037614,8.844894519834405e-05
0.0163625419533967,0.0001017141726170128
0.0079287086011462,1.0321134171650432e-05
0.0002363242247652,8.648526978973687e-06
0.0083384614390975,8.929227790386434e-06
0.0168699006457066,9.06259266281488e-05
0.010987161712599,3.482709419190309e-05
0.0168553084573004,4.2071013080335844e-05
0.0138576732369747,5.2677958066818687e-05
0.000113670980698,2.041443879749875e-06
0.0133691966717709,6.18582495236366e-05
0.0082066031742809,2.039938943178904e-05
0.0010297699090721,9.226910869804205e-06
0.0107866969686374,4.224488876435297e-05
0.0024227341366122,7.163991861806785e-07
0.0031322725989871,3.6813273794869975e-06
0.0126900084657623,4.473707435291026e-05
0.0036371310025895,1.5006744969397514e-06
0.0108491612715637,3.583215311941048e-05
0.0032840269174056,6.820212937572049e-08
0.0156078506254596,7.292647521336052e-05
0.0125993080799293,3.8292699843747114e-05
0.0019998388731629,3.868900200398074e-07
0.0074766583190458,1.2305756388899975e-05
0.0081563084370703,1.60067077328657e-05
0.0081230226314358,3.496156129320913e-06
0.0022322527993814,2.737768186044531e-07
0.0056413467110265,6.062488636284652e-06
0.0165980809600373,1.2797455750099755e-05
0.0127464501078811,2.9632290162151512e-05
0.0199745283840712,0.00010427054599452019
0.0045917805029684,1.3187218377506909e-06
0.017248224210198,5.24629336344045e-05
0.0094580177024869,1.689391655943436e-05
0.0045025748255534,5.834403616983172e-07
0.0172302971851804,8.434049859368252e-05
0.0088842588460522,3.7521742412595545e-06
0.0186325591884931,0.00010561570227270392
0.0139600966970325,5.2001299992322574e-05
0.0070598335314649,8.059841652352908e-06
0.0099203371274987,1.6155441558889947e-05
0.0059145359085981,2.538421564649208e-06
0.017347247037315,7.087583288701423e-05
0.0174059843486178,0.00012223154817860975
0.0078839016186047,1.1383674832104606e-05
0.0131991729346912,5.3702087831036926e-05
0.0105070117861446,2.0930575193351202e-05
0.0131686228843802,4.9056836857565625e-05
0.0104231556334853,5.127993071206762e-06
0.0162195289268101,6.21839806070316e-05
0.0072559304826191,8.192816248746872e-06
0.0191779484269029,0.00013886248414636822
0.0127731877496279,6.361293806735994e-05
0.0103616884363712,3.2461503057241845e-05
0.0128023069389785,3.302104217383757e-05
0.0127563569845591,3.634908310891482e-05
0.006844585474014,4.660857122075107e-06
0.0014148485985394,1.39829067394218e-06
0.0073694422864752,6.493755105406969e-06
0.0024798832245675,1.7473896841778537e-06
0.0004952289492128,8.648674434425056e-06
0.0185702248779935,0.00010579056387037822
0.0124420735050093,2.343524970742877e-05
0.0172983797238539,7.6096429929174e-05
0.0018878055305912,1.3571914116392445e-06
0.0165357103667294,0.00012325924461345237
0.0108889630648864,8.103187692222968e-06
0.014377450273328,1.0398788723106404e-05
0.0047176882226076,1.8170763377269325e-07
0.0088813984016508,6.023053001294582e-06
0.0016207671196574,4.22004317813052e-06
0.0005997566645712,2.681692807398796e-06
0.0102410056460095,3.8922399887403224e-05
0.0144462473853118,4.7448506388764455e-05
0.0183347998741531,3.449481713956585e-05
0.0131475754802905,5.191125112416052e-05
0.0140936036741846,6.520593314323751e-05
0.0189170871591468,1.452217767462414e-05
0.0104112943442457,2.173710792709019e-05
0.0020672215898158,7.396096127202947e-07
0.0105484970002837,2.4229075513203158e-06
0.006105349156699,1.9399345686198757e-07
0.00205243999945,4.964005833724478e-07
0.0148240064699375,5.0944956228288824e-05
0.0099824428929627,1.4716298639333822e-05
0.0153425899613374,7.745397384626024e-05
0.0049720273997588,4.2055659122165525e-06
0.0111654084477432,9.857926633145598e-07
0.0095364398613467,4.504321574535758e-06
0.0159502790397604,0.00010101770795532163
0.0179066763608236,3.639987493841186e-05
0.0161000759737674,3.98039484143788e-05
0.0155349641900944,4.8920535502444744e-06
0.0073520103851618,1.741038018570473e-05
0.0106589904794664,1.7752908907445352e-05
0.0136562942632673,3.195401652691181e-05
0.0143632370861398,1.1614998824053644e-05
0.0019463022995768,2.598172187091411e-07
0.0059846505157709,2.0881652982936137e-06
0.0086009521007733,1.7410425482916427e-06
0.0120892854883619,1.720317183669485e-05
0.0091704969889718,3.1095486326268596e-07
0.0013073785756778,7.3601965551316465e-06
0.0122220952533655,2.1247386470419552e-05
0.0028872530341496,4.324181428185732e-09
0.0037201514324318,5.075910698936768e-07
0.0096262680591647,1.3513473644702555e-05
0.0018793108755357,1.172939769045443e-06
0.0188120257370022,0.0001593991919552796
0.0068070990344166,1.285763103378304e-05
0.0044217832017059,2.7765341470855803e-06
0.0028716032268868,3.056730851880095e-07
0.0041006966494368,1.2427740867103707e-06
0.0125038664088467,3.7720229095652386e-05
0.0056211958524454,2.783936860876842e-06
0.0096084910548739,1.3963101850575401e-05
0.0128386680832993,6.866005911635608e-05
0.0122370736786344,5.4504198070029804e-05
0.0017575784308145,7.605259792095299e-07
0.0024269475680804,4.968637656985433e-06
0.0198354660211308,9.330842888744304e-05
0.0017399954727915,2.9323121631485824e-07
0.0069626668294368,2.1736168134352883e-06
0.0079870166873766,1.2032862430146543e-05
0.0103687621533187,4.899384039606433e-05
0.0082656901017277,5.426227851287372e-06
0.0136718791924433,8.574648252311226e-05
0.0022619901692541,2.720246277284775e-06
0.001359027309553,1.8602678309909383e-06
0.0058397545412249,2.575525965257143e-06
0.0107683088709537,3.3566734175836496e-05
0.0064767798327062,4.72969896880621e-07
0.0046484885831285,2.9832503441623057e-06
0.0100120575422091,9.736427933540164e-06
0.0174527893714768,0.00010481313709084523
0.0034129575399819,5.375289110851465e-08
0.017158168784562,7.443426825101202e-05
0.0124584627457655,6.137595648435075e-05
0.0033330890684865,4.273110337594089e-07
0.0175930913922252,3.2847858675711595e-05
0.00620538578232,6.3819800741298065e-06
0.0108638745821604,3.3522216460770005e-05
0.0071076209960872,4.34937144130673e-08
0.0109947346116977,5.161815782592524e-05
0.0142733099391116,5.94876775953507e-05
0.0047183025239473,1.037139637812714e-06
0.0135283749075304,2.6255842167134527e-05
0.008661109557607,1.0655360440828274e-05
0.0089685072645409,2.4973694534802232e-05
0.0137225069235502,7.254135133713694e-05
0.0112502023485589,3.802358970177179e-05
0.0143050632347417,3.2869913978730156e-05
0.003867171373869,1.1523398581688824e-06
0.0125115606787717,1.6590357260694287e-05
0.0131158176843849,5.810499732146793e-05
0.018552930945798,8.066728741173033e-05
0.0177532018219696,0.0001358230116772566
0.0191934368977625,0.00012572881824451435
0.0005364918466185,1.5317294739558795e-05
0.0174350395654847,6.0420426466502826e-05
0.0087951576092074,1.5293482872972877e-05
0.0184266540615025,8.702455313758108e-05
0.0040100501680942,2.460792647926372e-07
0.0184570425354658,6.2715971723178785e-06
0.0195740027956948,0.00012717736490896374
0.0018157948511027,2.568253558792516e-06
0.0152747153599688,7.766446361665668e-05
0.0097050000014406,1.7906986369156103e-05
0.013185508664942,6.899481171811174e-05
0.0167133299704938,8.009841711774046e-05
0.002520198391104,1.2313240891664771e-06
0.014939171521907,2.5885269374223564e-05
0.0173934179765446,0.00012724399034085148
0.0090820021638081,1.9872161569298612e-05
0.0064536792909675,1.2443219782443838e-07
0.0074736102937091,2.39987380767502e-06
0.0075035385003573,1.8943703563335932e-05
0.001924478447409,8.061888157950264e-08
0.0005690631612207,3.818701304993772e-06
0.0122800358477167,5.249552531376346e-05
0.0052874412195218,1.9272223981019142e-06
0.0170834825881152,1.4059447158301535e-05
0.0045892983266514,7.146640163255761e-08
0.0076575976625566,1.283975805820055e-06
0.016480136963372,4.4856175119708616e-05
0.0004513068558707,7.298233915511734e-06
0.0197918967020389,0.00013840903887066543
0.0088716121228601,4.700911362333501e-06
0.0084920133583803,1.6706756754445275e-06
0.0085079603943271,8.372333866969778e-06
0.0165087659722559,0.0001006477979713621
0.0109348013272593,2.902379597551684e-05
0.012065356130054,4.06433664838653e-05
0.011834214000608,4.1039167591161744e-05
0.0142861221027956,5.577080648463795e-05
0.018266532435602,4.264615150559108e-05
0.0006570366518715,3.1322888271714656e-05
0.0127797716034314,3.0020556648639144e-05
0.0108713525197554,2.2598344382869714e-05
0.0147256124168656,8.036633211082694e-05
0.0167477213989038,2.6384264125607745e-05
0.0021172301453141,8.579758586341393e-07
0.0092576597625914,1.3151230399263892e-05
0.0140724831622774,3.2129598285326354e-05
0.0132016846372006,7.71735090106153e-05
0.013341677333631,7.618764567442578e-06
0.0136467199933251,1.5039983583882933e-05
0.0195431108087572,0.00018215444179501308
0.0004165128590499,4.444115389036726e-06
0.0093108276572304,2.8068388428653882e-05
0.005605416368943,2.77029433808434e-06
0.0029684789730372,2.9767014647336287e-07
0.0113773598862529,1.3763706036894734e-05
0.0167893903067568,7.01814208381502e-05
0.0009281179903677,9.527748557837818e-06
0.0093877905030132,3.403953328350138e-05
0.0017168763709216,9.443739338317915e-07
0.0008690614816892,7.97459164054684e-06
0.0047636255488798,1.1390668416797822e-06
0.0162197867932348,4.390941929193187e-05
0.0178723023715592,3.669775612198813e-07
0.014282470739617,6.29008537284631e-05
0.0053967978078776,1.1423787519390152e-06
0.000511040983738,8.84945024420919e-06
0.0162383336845058,8.154274779425924e-05
0.0060630696692825,2.785148736795585e-06
0.0167627515797875,4.7580635475744294e-05
0.0099755419943022,2.93653764081341e-05
0.0141514878819105,5.2305879275835974e-05
0.0102051783917657,3.3173479765430524e-05
0.0072225620194047,8.173545732260068e-06
0.0136836352275364,5.018192608012384e-05
0.0152760001136627,7.83011307900972e-05
0.0141059354008407,5.183032000721245e-05
0.0067482867833258,7.844549289000252e-06
0.0027859587606492,1.951692868699356e-06
0.0058805160040065,8.843291430273663e-06
0.0110183988883542,4.5601596231315024e-05
0.005983620022586,4.669936076351418e-06
0.0162127800261788,5.301447691981225e-05
0.0113414122978035,4.429585402587108e-05
0.00192844459899,4.086312367912707e-07
0.0049296533171631,1.7347894256025773e-06
0.0109290788645554,2.444368390430656e-05
0.0022173080514334,4.446461425488362e-06
0.0116047431538432,2.3369461325480044e-05
0.0014088441912048,5.837641356563621e-06
0.0108835209770399,1.348025582099152e-07
0.0127036535919476,3.774898104845488e-05
0.0075134486971169,9.837087463106313e-07
0.0082259660302874,5.262125243943002e-07
0.0126720554119434,4.116650622284112e-05
0.0165289137660259,5.440165725417742e-05
0.0022705957801882,3.52116421447186e-06
0.0141012276915518,4.897914286515927e-05
0.0162334398767086,3.053485441300543e-05
0.0054724914824842,1.695785195196661e-06
0.0086137065868629,2.8456746291868828e-05
0.0155578159646886,4.4651747987836894e-05
0.0136000862939618,2.7546698487105744e-05
0.0068928526117553,1.963094170840906e-06
0.0069116424201824,8.672105477441742e-06
0.0189910695097906,9.314770223355513e-05
0.0102653606949415,2.5139015629355284e-05
0.0075452916604083,7.315035429879436e-06
0.0174751696848108,9.431540020779005e-05
0.0101659226087474,1.2990804800204914e-05
0.0145661825639498,4.6289436289575644e-05
0.0106940551074721,3.347294687405313e-05
0.0045213955704053,3.0364852170020913e-08
0.0130377471133809,5.745451995566938e-05
0.012733963674802,2.779539303893123e-05
0.0099136351547579,1.3915961935697886e-05
0.0093018532493251,6.162114037651419e-06
0.0082861671815133,1.6510805070358875e-05
0.0098302835847869,6.765752262413637e-08
0.0134559269261527,2.3007179367044927e-05
0.0038757049199906,2.572114306741957e-10
0.003055025192892,3.431808579097973e-07
0.009097505428778,1.651982660468622e-05
0.0062633034414575,1.0003241963693717e-06
0.0065645724812624,9.475885686418541e-07
0.0101801099723988,2.5971608193176952e-05
0.0128983129994756,2.3271376459479283e-05
0.0180045717584597,7.605915927567693e-05
0.0138985429766622,3.8680021030949005e-05
0.0130441641647785,2.6710282846134044e-05
0.0194758263312176,0.0001629970600035241
0.015728626977704,3.9717113215778155e-05
0.0052949610490017,5.280301811219396e-06
0.001433382082286,3.4616544736837023e-06
0.0076939012688517,8.596553299152972e-06
0.0011592885957818,2.256852722732573e-05
0.0166557698935156,6.571589563895524e-05
0.0074071523900486,1.0658103403518331e-07
0.0172060859924845,7.974497766397667e-05
0.0164467104538147,2.8585721709084532e-05
0.0155194113446903,7.966751543034654e-06
0.0015488100434651,9.481963679034014e-07
0.0116725781370472,1.3556389789975684e-05
0.0190140813989908,3.441429281348555e-05
0.0153151317442947,7.468707196230013e-05
0.008173347386162,7.412506153183692e-08
5.458284934402036e-05,4.859962985798436e-06
0.005038226006407,1.2943780495839057e-06
0.0126430623529678,1.182429146093963e-05
0.0126445777520831,2.103078929698416e-05
0.0086492312145708,4.1645756944658775e-06
0.0079228478921214,1.0116831916326015e-05
0.0080154766454079,2.575501062664322e-05
0.0004861416491231,5.679839175945729e-06
0.0038250197655306,1.4156577169577415e-07
0.0144879567161136,2.586951954258612e-05
0.0086883288388455,3.633537319797828e-08
0.0153198640442229,4.685651095185508e-05
0.019221201424562,0.00011079635127557372
0.0142235959464749,4.2758601000504734e-05
0.0149595344272349,6.200622175510788e-05
0.0132861730311298,3.202799335983295e-05
0.0108659703548049,3.7571019349368573e-05
0.0091181509594233,3.714020147397564e-06
0.0180806325251654,8.762023308471093e-05
0.0008174077626956,1.0716751857388153e-05
0.012847519971992,4.3751268413853904e-08
0.0065981169113013,1.580762288193316e-06
0.0072218990106819,7.073716197529436e-06
0.0033042432403807,1.0095082845683908e-07
0.0043319230173873,2.2090255682947364e-07
6.266630964861797e-05,2.3634996283229464e-06
0.0092026394763173,5.235609292873677e-06
0.0104598311478587,4.647343380828946e-05
0.0103798816590391,5.31583823931045e-06
0.0094809090561971,2.5244344198828108e-05
0.0184950602689226,1.6993298402864174e-05
0.0091153724968197,2.713381712610494e-05
0.006622581362189,4.382169373112544e-06
0.0118932985221606,3.559695466318799e-05
0.0120850100331843,3.1115365306483843e-05
0.0022259231655647,3.1820743062325906e-07
0.0147845488142698,4.65818258615841e-05
0.0199010823528208,0.0001072270834642377
0.0048889745233862,1.8713350108649093e-09
0.0178059448136007,6.838348500994635e-05
0.0050578775339096,5.01650675628146e-06
0.0141988571601638,3.4689241487889364e-05
0.0059175994046265,7.567812538501056e-06
0.0011079679992578,1.2943678516411773e-06
0.0124748164843729,1.0014205512598468e-06
0.003410342857859,4.300304379605999e-06
0.0110116365797035,4.2959021961738505e-05
0.0151259254077937,4.7818539098845495e-05
0.0095415174651852,1.5499490918689572e-05
0.0051984799046628,6.960556991621554e-07
0.0039264787113389,6.039707425576052e-07
0.0169306984870964,9.72698493106407e-05
0.0005363467507575,3.396828815027087e-06
0.0083761802547862,1.1928107553083163e-05
0.0109869064969516,1.4766137975841688e-05
0.0015337150382659,3.810805684307485e-06
0.0151043689572328,4.376577228926267e-05
0.0062718297216268,3.2296485904935685e-06
0.013370828365022,3.630344915258302e-05
0.0129203110700865,2.9216540104192994e-05
0.0179245043169075,8.403372950243752e-05
0.0112816044984808,1.7084038091865533e-05
0.0095877895267883,2.3424069121573592e-05
0.0149232161724512,3.56723394063886e-05
0.006769023834944,1.5392972455742889e-06
0.0185850432178682,6.211660383992024e-05
0.0104229673292545,2.402727144339251e-05
0.0026959961611145,2.340615519090669e-06
0.0147099604511622,3.511125873516146e-05
0.0035080968712661,7.60706085560373e-06
0.013961118156946,5.444511993149149e-05
0.0114668015422146,1.702561013060319e-05
0.0134358380177332,6.912255256777977e-05
3.825260812435838e-05,7.083360209457735e-06
0.0199798103514692,8.192799815040169e-05
0.0013391093708883,1.0748444339957889e-05
0.0052764702934202,8.34331128829202e-07
0.0191102892628763,9.774034664992037e-05
0.0151702556730729,8.01295283121761e-05
0.0041518379578559,4.571051836190138e-07
0.0102095927999444,7.509693649728092e-06
0.0043471478417444,1.3493848783498478e-07
0.0028437916833459,5.180179462493747e-07
0.0025899403659921,3.284414073195783e-06
0.0101636764196883,1.7461140609062385e-05
0.0138278090173838,8.73190258376379e-05
0.0015934345835221,7.14581898883423e-06
0.0152164475334563,7.390343168828053e-05
0.0012716736026262,1.0981750411336882e-06
0.001514638832027,1.1172097811964965e-06
0.0065021856267062,2.378541746454078e-06
0.000911105533559,4.008622111488959e-06
0.0005962092890978,5.282149996934341e-06
0.0083077975854562,5.728343727329845e-06
0.0096782851288414,4.781189645199832e-06
0.0128566957866423,1.614419179896564e-05
0.0164988852652594,4.949835926784866e-05
0.0136321393552355,4.432723539926568e-05
0.0103929090515901,1.1588439438887703e-05
0.0144903505632705,4.136204676878305e-05
0.008602329985842,2.8047637607329927e-06
0.0026755186427003,9.928317589151558e-07
0.0178198961733896,9.719802952988478e-05
0.0126166206161046,2.822557339175962e-05
0.0003276651623151,4.622658344097868e-06
0.0189700022130911,0.00010051569454010458
0.0079047822536323,1.394047025638943e-05
0.0080161048397935,1.572048056092616e-05
0.0135402478623002,3.4043104798455246e-05
0.0076192218476585,8.758476176975068e-06
0.0028960885582377,2.376159275815458e-06
0.0088332329265687,1.8796378199955885e-05
0.0140217589939657,3.337610238498481e-05
0.001976857034188,4.735696319984055e-06
0.0027454992894223,6.192057759777221e-06
0.0133748711074285,1.6845606688351157e-05
0.0003493712208307,2.9534605065486654e-06
0.0146387954934075,0.00010740909285084823
0.0187045942663729,6.318965711524253e-05
0.0070529714372311,4.7628098372164495e-06
0.0136098274713532,4.433244776177127e-05
0.0001773882726385,1.1334530576209382e-05
0.0090394798769178,1.1817562574392945e-05
0.0099295220377045,1.1489330185760816e-05
0.0125812703292676,4.5140710168422e-05
0.0192754220008258,2.6600779601305163e-05
0.0101573900365916,3.440214377759161e-05
0.0024090227619667,4.13481952061629e-07
0.0189571081598864,6.325389925440142e-06
0.0070299916867777,1.647677365311905e-07
0.0088248723050714,5.48419029921784e-06
0.014697233763956,4.80898595199725e-05
0.0197443619314437,6.634304335989215e-05
0.0094323807355907,2.6301887202459842e-05
0.0179266316062,7.416987305854237e-05
0.0149727668275414,5.0631917646408076e-05
0.0032079071965359,1.1863537967564664e-07
0.0029301893972576,8.351522459957204e-08
0.0153793931988418,4.828886984198855e-05
0.0057230470396269,4.925407149677087e-06
0.004137361151443,3.0216385455654306e-07
0.005596321390065,4.496855191210922e-06
0.009599729256709,5.982846750825905e-06
0.0020138507213809,4.764369744395254e-07
0.0192004635475741,3.643126220051695e-05
0.0044978431449255,3.033678059589613e-06
0.0026102661030484,3.4014057867225273e-07
0.00676386911702,1.0995937991273321e-05
0.0090488136760509,2.156912930403244e-05
0.0070885307414766,7.6114809542011805e-06
0.0193163997940455,0.00011938350369112335
0.0177190229927209,4.8066850609473255e-05
0.0061643136565824,1.1375468752592419e-06
0.0165370825425724,5.9554180685796775e-05
0.0191934072601905,8.537356697221288e-05
0.0092309050671231,2.45209557867356e-05
0.0161615616561239,5.7770487726839714e-05
0.0189093236282647,2.3648263139128977e-05
0.0174232040479186,3.4305791223214555e-05
0.0145726073289511,2.4821281735849272e-05
0.0197104020674819,7.836526516322749e-05
0.0048977069569472,2.0449146312183083e-06
0.0075079010402088,2.262721043133854e-06
0.0047225158582551,1.264109355321604e-06
0.0078472714606188,1.1339475924810593e-05
0.0133734492434683,3.150879502665836e-05
0.0050024262700276,1.3113660862888218e-06
0.0158297130441347,8.35983908581379e-05
0.0130515165364967,6.372281998090091e-05
0.0163535010675773,7.123438714715361e-05
0.0026997517705145,1.0394207102295342e-08
0.0108516511622712,2.1748303619327555e-05
0.0037099246015595,1.4662456829557156e-07
0.0074013712357467,1.3951399530968103e-06
0.0123480128624848,6.705416981916754e-05
0.0155074355427913,2.6678558468136107e-05
0.0033764246958792,2.8322761079222646e-07
0.0157427415517138,2.940330412384203e-05
0.0143674834575794,7.249580045061795e-05
0.0040561111706155,3.2251944290664024e-06
0.0077370925539754,6.488568014285261e-06
0.0186992478297171,0.00010103163241044383
0.0062308234173888,3.904574511635068e-07
0.0028654254880126,1.6875884504313747e-08
0.0085819289960643,1.6046781305764428e-05
0.0135897488292627,2.643573196709871e-05
0.0083723798766218,1.945285221063805e-05
0.0078093191890339,1.6828667169314802e-06
0.0133076574034301,4.00188599121611e-05
0.0066880023137969,7.75095963089498e-07
0.0150912105325445,3.2333613576862445e-05
0.0084650904788491,6.368292903622833e-06
0.0088957915912453,5.015035613441539e-06
0.0174534239084694,6.41776052720174e-05
0.0122322860654115,2.5800918681156494e-05
0.0120438042272004,1.1972125947652837e-05
0.0108629626558123,2.7834053071700475e-05
0.0104389037294398,3.599339633556699e-05
0.0025144413241245,1.4444029149479926e-07
0.0065326190143168,4.003202929996592e-06
0.0072450458063363,1.0485418039651167e-06
0.0087597253442897,1.3409001987781687e-05
0.0102008662420812,2.4955168600698335e-05
0.0109996010959268,9.552777021280737e-06
0.0092383417578274,3.555254522812617e-05
0.0157239514194352,9.03924568295839e-05
0.0099972679308505,8.34500036790136e-06
0.0006038563472482,4.3546088704397515e-06
0.0156083474868818,8.0810622546739e-05
0.0047935904399133,4.045979679992086e-06
0.0001382343354741,7.512093998930742e-06
0.005676987237167,2.443422196060574e-06
0.0065878113846476,9.499627090945684e-06
0.0171782117654588,7.220556394590231e-05
0.0192493462521481,2.377043934138893e-07
0.0178361259541833,9.07206492597272e-05
0.0077635746050395,9.08244114243095e-06
0.0195684604362103,9.271685862950758e-05
0.0014570389724794,8.424492771041629e-07
0.0107536915164007,1.9196387800725808e-05
0.0001355376991702,1.0480056097038677e-05
0.0026432910356834,5.190100449018899e-07
0.0089751024538161,1.1206658025305512e-05
0.0177345128259854,4.616736056959958e-05
0.0054411519169318,1.4891428551538843e-06
0.003925434473801,7.789547901408386e-06
0.0082803751493407,2.1823442473629172e-05
0.0114955040106112,1.3134686075878333e-05
0.0191609285793858,6.53454019417657e-05
0.0054076453863751,5.376319389450659e-06
0.0139228196381414,5.87940884565436e-05
0.0005829604211808,3.37136461724767e-06
0.0089867546201671,1.031217959011455e-05
0.0093349276296513,3.367826703076683e-05
0.019150723927675,8.434736701667371e-05
0.0051209572435424,9.399045584587844e-07
0.0151315284535276,7.614665676263142e-05
0.0117113196726993,1.4843639033895407e-05
0.0012760481725574,1.2426250587034261e-05
0.0103434734291565,1.3717517402694586e-05
0.0003844397512469,4.6924937408373735e-06
0.0130905926842948,4.3121181096702456e-05
0.0117504518124955,3.418743750194545e-05
0.0188000456713357,4.3813838834297686e-05
0.0054826980532371,1.6554655240237414e-06
0.0081503721816529,2.2155678929427307e-06
0.0016495540487323,1.9630770535053153e-06
0.0086148233889024,1.3937020066743508e-05
0.0101230601143072,4.5010135959675204e-05
0.0154284167797749,6.461060572662419e-05
0.0189715848064906,0.00011709955962632866
0.00312800324823,1.1207266203259952e-06
0.0146971146586224,7.68330554138542e-05
0.0152017388066865,9.191435275330831e-05
0.0106462759621908,2.378067249208528e-05
0.0084162751539853,1.5259521288195828e-05
0.0032962142241862,7.325626404255294e-09
0.0185587973170689,3.416019134058754e-07
0.0133249148533525,4.523987618983266e-05
0.0009488805793635,3.360759590997915e-06
0.0035050329291464,4.602891076001613e-07
0.0138367319297598,4.685471980554272e-05
0.0162236009505341,2.5516617748112058e-05
0.0115970392913989,1.6434083625030832e-05
0.0159613226462903,3.1672808494748016e-05
0.0139626015205042,6.818514673900682e-05
0.0031385187694513,2.593148152084281e-08
0.0181479380349088,6.805603132753615e-05
0.0041572688109892,6.798052597544573e-07
0.0053642612435283,1.9740652743050745e-06
0.0012012191110594,7.538806425637287e-07
0.0036565449707318,4.186230183918255e-06
0.0127099124578803,7.579738937631454e-06
0.0071038595747437,5.250864466660135e-06
0.0180389926444432,8.87633859284312e-05
0.0147668391396135,1.976993584064635e-05
0.014248447317999,5.8027213877354465e-05
0.002173293007665,8.665000579769844e-07
0.0135064085851835,6.475782630803619e-05
0.0018535229645953,1.6293629290297056e-06
0.0032728958968582,2.069779783296308e-06
0.0101602234331493,8.210188080338103e-09
0.0041160659489022,5.321066325130537e-07
0.0051222154154446,2.1153113653589873e-06
0.0088790051534244,1.616499078921327e-05
0.0053633921937673,9.994099247899551e-07
0.0042801531902321,3.558212132535898e-09
0.0089986168197468,7.764014679080473e-06
0.0120486519301986,4.6919699490035965e-05
0.0102362069898312,3.1219559094846266e-05
0.0065773602364395,3.676244906285614e-08
0.0186948348897637,0.00011879146895353271
0.0139929728240381,3.8444473454417774e-05
0.0018979537048666,1.8825800017704736e-06
0.0011962916023612,6.0873899232295005e-06
0.0007371063168979,3.88548986488683e-06
0.0003155329433802,3.1616470440125144e-06
0.015186036846134,8.212129551416798e-05
0.0089828737387867,3.6080268324905135e-05
0.000306066164421,1.1583691231337088e-05
0.0132642971910769,3.908804290218239e-05
0.0136995644312999,2.2469048452203913e-05
0.018552216555947,0.00016125013520059143
0.0058218027898646,7.836612914923093e-07
0.0062007022766947,4.911383959405992e-07
0.0183030877297384,3.5630193525350675e-05
0.01773630751429,4.422714573520373e-05
0.0101327172097371,1.9448570803612537e-05
0.0092265567688052,8.181411653965526e-07
0.0028984445014138,1.3933135222798033e-06
0.0148824328574077,6.375359375668882e-05
0.012922058945202,7.301676644906901e-05
0.0027792340061971,3.533208469287593e-07
0.0166864354227733,6.709242495404056e-05
0.0128401299307867,3.3983760507087965e-05
0.0027191218853472,2.527571697829126e-06
0.0036760263917153,5.331467432862039e-06
0.0145496501485127,6.412572760557787e-05
0.0196749968435844,8.834350483576091e-05
0.0131886476662318,4.7545934015639875e-05
0.0087964267165217,7.445732290477481e-06
0.0144342901721009,5.070311048856343e-05
0.0112279262450357,1.579897584088176e-05
0.0110109974823409,2.3291430920297723e-05
0.017985490923451,0.00010951205638585469
0.0038417005946919,5.948919487423968e-07
0.0177838520529198,7.718623669622122e-05
0.0105268174136637,1.649304161051809e-05
0.0161891186395887,0.00010449714483470955
0.0162918330532388,7.193408486684103e-05
0.008193109648635,8.691978532524832e-06
0.0138435577865397,3.4918477359589615e-05
0.0076921335027245,1.6278984984524295e-05
0.0081439324514535,1.3650277966254597e-05
0.0047054846864902,1.0277230813163123e-06
0.0069119677897594,2.7566219178555314e-06
0.0107102460698891,1.6135057206950692e-06
0.0144070397655061,7.188205807341901e-05
0.0114928583774277,1.7662925684465544e-05
0.0179403255732276,8.481323619822609e-05
0.0198612684355642,9.675733953393105e-05
0.000654927657373,1.3707028238684787e-05
0.0128794301013844,3.766330849338349e-05
0.0152435594184966,7.356274965018661e-06
0.0180967877713603,3.721178141964684e-05
0.0184437462290928,4.406871305842076e-05
0.0197695745280709,0.00011608394461562265
0.0136521741142324,3.754443365493945e-05
0.0151971412508344,6.44554130227257e-05
0.0004548638681833,2.2356007327142905e-06
0.0191388140058966,0.00013324512087346457
0.0075480170455955,1.5820244985484326e-05
0.010752646962548,1.6852707769344293e-05
0.0019825302160771,1.5070999166384943e-06
0.0045492632103622,2.520876254633628e-07
0.0168039050707836,6.06495402319434e-05
0.0193276854493922,5.4304724014690785e-05
0.0134162104015699,4.588681244448674e-05
0.0006961802127256,3.826897648495188e-06
0.0034276879683392,3.8554153984592023e-07
0.0085244993537774,1.1475513104832383e-05
0.0121311685501649,2.4828776474954934e-05
0.0199242474537367,1.3082143225421084e-06
0.0004475067371982,2.2759115691888617e-06
0.0002603945117121,1.0857061591025363e-05
0.0063757543300524,3.6764906546966313e-06
0.013223037072085,3.628339448809257e-05
0.0159530500763787,1.9407127736503884e-07
0.0179042434366611,0.00010066344901445133
0.0141078195597763,3.993740390845271e-05
0.0049550044311436,8.731810623341965e-07
0.0069220997783092,9.311591807547674e-06
0.0099666918390162,2.167325372344488e-05
0.0074297299630666,1.7383903282596916e-05
0.0182524878037687,5.3398986865516084e-05
0.0026599184232496,3.209607787521758e-08
0.0180600063137794,7.99461520308327e-05
0.0116089021713265,4.902523456497045e-06
0.0025914479348706,2.2081995701392622e-07
0.0187200065091375,3.48588568408807e-05
0.0063243003118987,7.453485159637613e-06
0.0073148244539762,2.8173854680322673e-07
0.0031084418493935,3.8599683303155636e-07
0.0114584084760778,3.7026912383149474e-05
0.0015608692519133,7.839101907832956e-06
0.0143459248363067,2.5249996354454228e-05
0.01790124637545,6.252557312701265e-05
0.0037063347329216,1.5357337786710158e-06
0.0130295955143423,3.326265092999464e-05
0.0147757753151885,3.0141964461700297e-05
0.0138557290688485,3.969734990180521e-05
0.011758191781036,3.394430990499562e-05
0.0121714617952843,8.366051768871232e-06
0.0113725684907642,3.5949798635181734e-05
0.0005073250570419,3.992079189137551e-06
0.0179199962818526,8.026073556964004e-05
0.0161215557837914,8.060640073402828e-05
0.0084729364982349,8.709284158645862e-06
0.0009320022466473,2.9491668659060496e-06
0.0091392478480728,4.987661046002286e-06
0.0057507184244624,4.302738745425849e-06
0.0188247802491738,7.623904581541125e-05
0.0090735027508144,2.2148864481613653e-07
0.0097586111990691,1.7035545957085993e-05
0.0043227714118362,4.0160787501388597e-07
0.0021303886690745,2.0621262927535923e-06
0.0015512912102392,4.731307778944057e-06
0.0135965687645793,5.38847954710491e-05
0.0097615020738318,2.4182727913756716e-05
0.0159357173847336,6.229906726096223e-05
0.0164341365332966,5.7819809080963003e-05
0.002940672166556,3.5680171931483116e-08
0.0018606748940519,9.756269460300487e-06
0.0108965476684271,2.8830047498983913e-05
0.0013165899510252,6.783532915716423e-06
0.0167586485536745,0.00011686236713010462
0.0147209084195351,8.169755383225196e-06
0.0163908425299892,5.665852529054535e-05
0.0100609057613059,1.4863664464815926e-05
0.0162471494720514,0.00011637674658942747
0.0099434601270358,2.6959300756867623e-05
0.0076148215132701,3.84385785285607e-06
0.0038009775744047,2.4295644530965e-06
0.0040340290565999,1.7474245317429026e-07
0.0100345293073406,2.506018733994154e-05
0.0080017691807782,2.2710854140642252e-05
0.0014104469464844,2.5866255872126947e-06
0.0154230321197223,7.076950667918546e-05
0.0179374662050149,6.643017878056345e-05
0.0124868365421393,3.714969740193828e-05
0.0126237328171774,4.7766769706983896e-05
0.016790340637787,2.9861867517627678e-05
0.0127655472838517,2.687465657427088e-05
0.0187877344273054,1.1345455223340296e-05
0.019708449576427,4.9526321176808456e-05
0.0162749410787351,7.372106114249724e-05
0.002209971136935,3.4451637740935507e-06
0.0116679983143443,3.553304111577589e-05
0.018287897080571,5.0612780946088195e-05
0.0177757280511376,2.119072177072384e-05
0.0006636532630041,2.1450134931201384e-06
0.0023862417271896,2.9639210901731155e-06
0.0059054329061087,1.2336783773832906e-05
0.0184350271903513,5.620853176546025e-05
0.0198841080230395,2.943437098430904e-06
0.0139298066950861,4.150721444421641e-05
0.0130801425736308,6.037534118312004e-05
0.0034472764173723,7.555975657750565e-09
0.0176139435602025,4.829597548355561e-06
0.0017493779273286,6.16747126409027e-06
0.0065978070441375,8.866220802998704e-07
0.0076765739122448,3.7416219312596706e-07
0.0045203502011525,3.4787363645488133e-08
0.0140925296865176,7.539989540368154e-05
0.0123918248464051,2.2052551646331183e-05
0.004484280875879,1.7100804188478645e-09
0.0158159297158133,7.445965742664277e-05
0.0146815030884919,8.95267521937717e-05
0.0011852421199516,4.0312701975567697e-07
0.0062308251272563,4.604866653072087e-06
0.0125160343214818,2.790588698642279e-05
0.009960106371545,2.302630960242121e-05
0.0075060625874315,7.349128390489068e-06
0.0045797615142472,3.0203501533225843e-06
0.0035995033997295,7.003620494579993e-07
0.0146679375173889,5.1078220109442e-05
0.0157453866256015,5.215063490413682e-05
0.016890967957818,7.476009206290998e-07
0.0103434685027971,1.5930735853680678e-05
0.0194653170972655,9.681164407554456e-05
0.0150026513676355,3.809866213681837e-05
0.0197681811752699,8.716382171982225e-05
0.0110319756272296,2.079984258683667e-05
0.001813891384307,1.8977002133502065e-06
0.0004140143885657,3.141008668404494e-06
0.0032561492263043,2.5568180623404115e-08
0.008959965684184,1.3083269882072997e-05
0.011295534512083,1.526526411506764e-05
0.0039250437917746,3.1463037718966094e-05
0.0070190230084301,9.82187685115632e-06
0.0067236903269649,6.260400004696164e-06
0.0132945746522425,5.354092057561702e-05
0.0130568294981397,7.962834953126548e-05
0.0123479146864977,6.425086690339956e-06
0.0030373263676369,4.9946341364543964e-08
0.0051062689791199,4.1635315787953917e-07
0.0182956608483324,6.214291435082631e-05
0.0091555192809609,1.5051637186450085e-05
0.0073806044923724,1.4647114249393565e-05
0.0076008318788857,2.834786029985148e-06
0.0011465309661462,1.933092685720711e-06
0.0022422891179371,3.1330973679468587e-06
0.0056417947824187,8.380965627658205e-07
0.0049543879284398,5.390830983411467e-06
0.0057391379290257,8.549433343281728e-06
0.0048380966122986,2.361574609426881e-06
0.0126014911192865,3.2013105852865685e-06
0.0148790617965722,6.062748274759791e-05
0.0154769611494615,7.85749285777726e-05
0.0115578178525699,3.8602167166943496e-05
0.0048400728652779,9.083412726846379e-08
0.0032228432916629,1.294738082827815e-06
0.0109402890722454,3.8479588109727234e-05
0.0137823041840131,5.34362184590504e-05
0.0115474598986078,6.128002353728863e-06
0.0044778966918699,1.456310569937076e-07
0.0036408557737672,1.7787790662068498e-06
0.0056675450942189,2.2741887157595277e-08
0.0152373410015728,4.823207229232727e-05
0.0049383518382938,6.182535734530928e-06
0.0035574531085253,1.5004723008277616e-06
0.0024283097369633,1.0695135515389915e-05
0.0100224422168294,6.8611834338221725e-06
0.0199248290258276,6.361530537595073e-05
0.0188719633526294,3.919930224465917e-05
0.0185409234684689,0.00010342783224830406
0.0173034441616516,0.00010532591649486528
0.0093646291091968,3.0371447021206453e-06
0.0115075027426091,7.119381405598382e-07
0.0160428532891188,8.346273949056329e-05
0.0151863953622692,8.277080349631134e-05
0.0125398815012328,3.7537299687072064e-05
0.0112235584050948,2.2462199909439086e-05
0.0178702593581507,9.607831886626931e-05
0.002074218089021,1.4756375017709829e-05
0.0030794519752272,3.874938759550094e-08
0.016446638490362,6.292019155103567e-05
0.001682478931628,5.554963992572012e-06
0.0130469428778075,3.6557473994347355e-05
0.0078802780552162,3.9499461914066085e-06
0.0030261558014224,1.96296384640399e-07
0.0030205487739346,2.1160727502168137e-06
0.0186001538488368,7.496479267811303e-05
0.0177385524580962,1.5666495781299785e-06
0.0075492586712558,8.933731080277035e-06
0.01762476334749,9.051727399774652e-05
0.0127497129893112,4.944789854057977e-05
0.0022311673184117,1.1570112836698917e-06
0.0057992569615631,1.6606928635214065e-06
0.0144149103391277,7.320094586600155e-05
0.0171737448394784,4.740726026344762e-05
0.0056726316726915,2.125572001006262e-06
0.0193046320715313,0.00014314998005155688
0.0001311626761494,4.148393199869375e-06
0.0139794810229607,5.558537989663603e-05
0.0100539942910939,2.089208952639484e-05
0.0016829408310634,6.580041527895708e-07
2.739325249596414e-05,1.1978637144014287e-05
0.0027461887105669,1.1854397625041071e-06
0.0043596997773234,1.0497368139434644e-07
0.019282781408953,0.00012751160298920272
0.0086336169732728,2.314067587047234e-05
0.0181491900685818,0.00011575516243816549
0.0045277167706893,3.2312068107108447e-07
0.0168924878024981,2.601297632208841e-06
0.0197016274706431,0.00010382579827995448
0.0144276460316811,4.085003529588283e-05
0.0124720803696887,1.4867348773086627e-05
0.0019726881118448,2.6446917200281616e-06
0.0107575781422026,2.12473368939151e-05
0.0197456550334442,2.8083119470782285e-05
0.0073191753352138,9.146701874893529e-06
0.0037647567705635,4.336673082233534e-08
0.0126936446588895,7.176360306691774e-05
0.0197318906723264,0.00011038747784135746
0.0199759474980987,6.298907173579484e-05
0.0126890736690828,4.3506086127212146e-05
0.0075636837663571,9.387120986527292e-06
0.0053012017561165,5.256293491704711e-07
0.0144454661139211,5.27501782661399e-05
0.014279355874367,8.945867831339998e-05
0.0181767959761059,9.094900949500319e-05
0.017607487646528,6.539692951445943e-05
0.0041943643526753,3.040576773340054e-06
0.0053901442192182,9.392173266277112e-06
0.0149014611868648,8.043630703855912e-05
0.0148094026481541,6.967961555867975e-05
0.0090510086187641,4.996403313049594e-06
0.0157426410397854,3.504030799730404e-05
0.0190414065534971,7.276742780981099e-05
0.0018583073566423,1.2928266382469918e-06
0.0178701212382323,3.890620811542818e-05
0.0199375441114936,5.8018852258018924e-05
0.0158461834945044,7.740756370926618e-05
0.0071315543141991,5.549877663448315e-06
0.0063906962655134,8.763772788325062e-06
0.0182712675236855,3.994096136686552e-05
0.0017555407588589,1.525206737066859e-06
0.012744573168836,5.9820143471768496e-05
0.0174418908173044,3.38402262651756e-06
1.2836775124540623e-05,9.02457094978348e-06
0.0141195633317284,3.365392810169011e-05
0.0182408187369338,8.910454766540789e-05
9.93066829399969e-05,1.6036949850969305e-05
0.0051541658986002,5.174331974955609e-06
0.0042656350079586,3.202136825489323e-06
0.0094640759581848,2.9401977516486404e-05
0.0055857298144874,8.778048799628107e-08
0.0036309572378414,7.141865237901402e-08
0.0187762833716808,9.53758129175631e-05
0.014465926290125,6.891963128303341e-05
0.0187145675466634,8.089777717527407e-06
0.0160238695900291,3.9264958317772084e-05
0.0007124480223868,4.861574412891023e-06
0.0177558280403466,3.559922887024464e-05
0.0017523487492383,3.2589517053568974e-06
0.0032439935617149,2.9561083872070365e-07
0.0014238484484728,1.5493170435296165e-05
0.0021231881480047,1.0048006831114746e-06
0.0005413019003643,1.6165086513316418e-06
0.002337134959075,2.024162616181129e-06
0.0187160387619456,3.571262562367622e-05
0.0036876872770656,2.7616187790058987e-06
0.0129719920472099,1.9281151333213895e-05
0.0087847419441574,3.608734459365924e-06
0.0163573965650283,3.672809679274097e-05
0.0140516043723477,4.9788141414657055e-05
0.0155357110166707,6.636574167962351e-05
0.0194498223007912,2.802786049060659e-05
0.0015828522654938,7.603828036145216e-06
0.0169592165749862,0.00011401133943057885
0.0008530270405796,3.032662667141262e-06
0.0170482649365412,2.412697774662992e-05
0.0045168421837268,1.726910173343707e-06
0.0166156104922619,5.768076793935876e-05
0.0124985407467302,7.11644368680914e-05
0.0185542260187013,8.688064075605348e-05
0.0162722749380924,0.00013474766572651634
0.0063514399315876,5.937724725575195e-06
0.0175201121840523,6.312701215527713e-05
0.0108178858155635,3.538589551229281e-05
0.0044489354535277,7.820069537796805e-07
0.0141928076545995,2.2922271476598314e-05
0.0013254867346536,2.7408602315378093e-06
0.0006374575512663,8.762332568944343e-06
0.0043185425882307,8.401144972143351e-07
0.007346255903234,2.4810995958389597e-05
0.0120472343991695,3.5270960421166275e-05
0.0184555669895916,4.7474217507560106e-05
0.007037259582487,7.218708109146971e-07
0.0129714754164445,4.157096196625255e-05
0.0180260931153688,0.00010630081260259782
0.0016321966036752,1.4024840919683154e-05
0.0122442797944023,2.9872640902296774e-05
0.019693764507583,0.00010555437031237603
0.017052351849602,7.972991216481999e-05
0.015117911889859,5.1272266190420014e-05
0.0135219554247207,8.412927545471437e-05
0.0149649251039394,4.116106974298106e-05
0.0143268235618521,5.227287678180275e-05
0.0111148986433167,3.5305815899240674e-05
0.0148994459410654,2.679918675859378e-05
0.0169112365259967,0.00013704034968107465
0.0024017211787182,1.0230946173242393e-05
0.0089910068645988,1.848560525479688e-05
0.010378698290957,2.3454985296687348e-05
0.0058854942822997,4.644902504831075e-07
0.007343711505401,8.361699731336516e-06
0.0147946453120136,4.087604544665318e-05
0.0061882557766641,2.095755759771035e-06
0.0141756318798434,5.223364379386917e-05
0.0191308982310652,8.775314506860993e-05
0.0181509588867631,0.00011908757619679364
0.0161670670877195,0.0001020871971737966
0.010828555120687,2.8153536263102883e-05
0.0057919657151999,4.426171455460136e-07
0.0001376805363138,1.610358006701364e-05
0.0125845485280906,3.844309251546126e-05
0.0126462147636409,4.688723037805275e-05
0.017410475525899,6.181075884421422e-05
0.0151384753655433,5.1696226384566564e-05
0.0074333903508227,9.129874181194726e-06
0.0107048079140086,1.4365059830983696e-05
0.0147956717607716,4.7508944993778616e-05
0.0148297258356199,4.1660128608531205e-05
0.0164064117116953,0.00011851565046874958
0.0100054972917029,2.5506654965266592e-05
0.0086474855806665,5.195043768910604e-06
0.0044052121199452,4.369295897518925e-11
0.0003599541337233,4.147076727054962e-05
0.006620087094651,8.706517226443988e-06
0.012672406110546,1.1647320517838979e-05
0.0001166360496335,6.650457199164466e-06
0.0063522602277838,7.20039901099867e-06
0.013859848255346,7.910317948522015e-06
0.0114921803910506,2.892683301026828e-05
0.0090763564924611,1.039939475500204e-05
0.0121201367054142,4.996691286677017e-05
0.0118199092182074,1.7460996097944746e-06
0.0136670412010963,1.2509643760788528e-05
0.0100021755250905,8.960903089770497e-06
0.0071645558105102,2.0806893599470995e-09
0.004764556018594,9.450698567314707e-07
0.0037310088648445,9.049471785148287e-07
0.014940731353142,0.00010701624961254615
0.0025112723988693,1.3052392377791678e-06
0.0124571905769074,5.516609794352793e-05
0.0054345633281759,2.8186920517969524e-06
0.0109858224672548,3.304032893739282e-05
0.0078107086699461,9.160976005492621e-06
0.0071942663073662,7.456449501374884e-06
0.0135314421308815,4.968000797599368e-05
0.0030901709386654,1.565749082569064e-07
0.0004315489281356,1.1584796916277412e-05
0.0088798759961862,1.2412737672486301e-06
0.0112414491129347,3.743170283505862e-05
0.0174083999554139,2.273733309231847e-05
0.0044397717446199,2.3409992414266814e-07
0.0148532411041104,8.45589630770139e-05
0.0049542374268838,1.6313686011214498e-06
0.0112244772116113,5.195670820215055e-05
0.0081775093343523,8.203081241832796e-06
0.0181993638997471,6.023988505014426e-05
0.0178058139449265,6.808400134279238e-05
0.000926382402083,2.5338079216202022e-06
0.0142797678308753,4.382327276005409e-05
0.0153562697525318,4.8750868833111365e-05
0.0116484925004203,1.8491723986296782e-05
0.0032977797285522,1.6202844654723632e-08
0.0016996156543263,7.239981568784523e-06
0.0090207382932011,1.692295484937385e-05
0.0014112013542237,1.1393026207320391e-06
0.0161707993175698,5.6748886801020704e-05
0.0126294264777315,2.8176261241679516e-05
0.0041717846965716,2.6789850536545122e-09
0.0098587770686695,3.7224830047293167e-06
0.0062906723737866,3.0179080880344637e-06
0.0053693658369645,3.9137935976628797e-10
0.0065074272498928,2.6651669234898036e-09
0.0138939071458365,6.67216780998445e-05
0.0191429685188799,6.569047322617018e-05
0.0141765885831727,1.7165218438060614e-05
0.015306080040248,5.2468432548220033e-05
0.0007869829094856,9.98580231008899e-06
0.0159217762773995,9.795678965237076e-05
0.0155161533666724,7.078590063486635e-05
0.0006701612360682,1.8960373174075098e-05
0.0058100221587347,2.5773126465322495e-06
0.0006248241472846,3.078520748810303e-06
0.0103949936790131,9.220269609616457e-06
0.0081509530345501,9.063496708557073e-06
0.00617724684002,4.369154568948166e-06
0.0070837759167124,1.230528092632059e-05
0.014383556983749,2.3360795691077631e-07
0.004530797798539,1.2424814796248025e-08
0.0021484648017245,3.142309618681262e-06
0.0194968744491036,0.00010705751579518246
0.0189834491137059,0.00013562181043386156
0.0019154124614312,9.239999778388755e-06
0.002867542671976,1.8930331892633424e-08
0.003646008756709,1.5196257667463227e-07
0.0014066540228866,3.6768296306210333e-06
0.0133579719397046,3.0052400340817327e-05
0.0167059581718408,8.295035347377488e-05
0.007575004028735,3.6247415314785446e-06
0.0174024846766608,8.358094704330368e-05
0.012228420875962,2.853695516604018e-05
0.0007511206104673,5.003074980384203e-06
0.0177819541757867,0.00011414521449002576
0.0084608529262623,4.387961829838061e-06
0.0140587536600631,5.65046520330002e-05
0.003485224599212,1.0812447263119825e-06
0.009253205791005,6.235537969276049e-06
0.01296273502698,3.489054529883073e-05
0.0119173469667796,4.894182118461648e-05
0.0028479422140983,2.2760539258612036e-09
0.0160129692853716,8.503304126234276e-05
0.0026472552482757,3.9158914183429636e-07
0.0137239977550113,1.9424351092279387e-05
0.0076773201309044,5.6280166491145e-07
0.0140306675410007,4.2976174112710384e-05
0.0100313940724449,1.1134297326904993e-05
0.0005875832082953,4.3433660525842e-06
0.0014220206604949,4.819411669809349e-06
0.0159541668272331,6.776507258331997e-05
0.0143223593262061,1.1936273513336273e-05
0.0029344429618558,8.772324489257204e-06
0.0042382949264476,1.5634797767764891e-06
0.0035674521893093,7.638312727461459e-07
0.0019525162243645,1.7103746037311479e-06
0.005374724703371,2.3211956648677017e-06
0.0085517456386591,1.1506594000474834e-05
0.0040895204345653,1.2119014925876283e-08
0.0072432512612995,1.0090696102302766e-05
0.0100290815085058,1.2078184655404867e-05
0.0138159599822089,3.777509411080269e-05
0.00412377783256,2.800394267239588e-07
0.0193098978432558,8.486485989402972e-06
0.0149231613843601,1.0526841751600018e-05
0.0107929811030598,1.545049202035278e-05
0.0008374456446732,5.093006628663502e-06
0.0038698942701862,8.294956165192889e-07
0.00579073086883,5.863801390089236e-06
0.009451748953978,1.4475817522498085e-05
0.0032349666341037,4.026818006124847e-06
0.0109808639035603,5.7382681767115595e-05
0.0175586411342604,6.0672645609334735e-05
0.0081850903441857,2.084308475742506e-05
0.0197858304048588,5.830761502379679e-05
0.0165085781272223,5.409554104970201e-05
0.0149478248247419,2.4321813140714433e-05
0.0188414419100016,0.0001153942361920377
0.005809870206043,3.959428760815613e-06
0.0055226845920231,6.761556759016194e-06
0.0083436736202419,9.97988654058532e-06
0.0153689760701536,9.178068645833582e-08
0.0100236649625445,3.156023646783501e-05
0.0112296661893884,1.2842426300642597e-05
0.0040066691022165,2.062124568429838e-06
0.0048739646537832,2.0834680816440631e-07
0.0199271393634001,3.0065980626510076e-05
0.0118836081989123,1.5619661832977695e-05
0.0181711152120497,3.8071991860143045e-07
0.0155347139849334,5.521374898531512e-05
0.0113254867356092,2.2713355634700634e-05
0.0083181391564658,2.346711360985329e-06
0.0017121802217694,1.4210793334603289e-06
0.0043957106218148,3.2458232009657334e-06
0.0087325943090558,1.646800210336071e-05
0.0022549795147005,4.036037436571278e-06
0.0169792537420226,7.74439148096769e-05
0.0156203805691447,8.948546079537839e-07
0.0032073026944623,7.299679896174929e-08
0.0147495937097214,5.142242666836351e-05
0.017521835985204,2.4345771058569283e-05
0.019455670616313,8.054075183808006e-05
0.0130797949075838,4.09437732655381e-05
0.0098522855464389,3.1496027707397084e-05
0.0115516426158443,2.527798777590164e-05
0.0008244817736556,5.111089975228106e-06
0.0016614952088891,3.3523728250401933e-06
0.0029888136033832,8.812486599092674e-10
0.0161611971115996,8.810421661900226e-05
0.0083624907162737,1.4654470530432753e-05
0.0019367766208736,2.606875026483659e-07
0.0011049024772184,7.318499401055173e-06
0.0023580910835182,6.634148213724945e-07
0.0001566137893179,5.8179054899059955e-06
0.019869085491706,8.752261760353551e-05
0.0146001303734622,3.0501302066629188e-05
0.0138965284740242,4.440169465891415e-05
0.0075764670077169,1.682840462653349e-06
0.0002412525395162,1.2836406463919631e-05
0.0149159763222046,5.117152941133673e-05
0.0135234161203903,5.046391936896989e-06
0.0114560826427663,2.048462606982672e-05
0.0164098710995902,6.040429480967335e-05
0.0018731349071901,2.920983993588982e-06
0.0055467402263898,4.042067299649991e-06
0.0189353169756415,6.636622123068967e-05
0.0186364587880769,2.1993497658170174e-05
0.0164210506684626,7.137298364464472e-05
0.0061209533264729,6.14179652360767e-06
0.0067923164946188,2.556124649177403e-07
0.0133284653807184,3.450116542941179e-05
0.0012018814330277,7.379364591492865e-07
0.0107326544217517,2.1200212745319242e-05
0.0199634105411292,0.00013511869425911742
0.0155189957488966,8.091137533716472e-05
0.0049878603965268,5.447077372464395e-06
0.0125261938863652,5.720138295498212e-05
0.0188853326759965,7.221373312949385e-05
0.0032981983508475,1.708519324315921e-07
0.0156279507515693,3.2442770636104564e-05
0.0038351783603031,2.5824139692401133e-06
0.0172252134807188,7.714082236119734e-05
0.0165109931217619,9.484113251743498e-05
0.0029109798541829,6.416703036890904e-08
0.0016453109255616,4.601068482796524e-06
0.0023399048122673,2.8074446039923886e-07
0.0087972733046249,1.3954180822093117e-05
0.006378370888875,1.45712194247348e-07
0.0078699220125239,2.9663560716576635e-07
0.0130542245676527,6.629415780095767e-05
0.0098384685694241,2.8133409415192483e-05
0.0003032203480561,7.905851944741583e-06
0.0141540295311118,3.154215717533011e-06
0.0140009801415225,3.9631799388660234e-05
0.0041976723894341,3.897268848220678e-06
0.0132823803708351,1.234680552791742e-05
0.0052323625502445,1.8081213115776422e-06
0.0017422421121763,4.384699143323212e-07
0.0001333112069357,8.980071666910801e-06
0.005603339965703,1.0601045343267405e-05
0.0035193743465315,1.5038160986463658e-07
0.0116551472404082,2.6296121172190605e-05
0.0107791952775346,2.8122346402482683e-05
0.004688288231823,1.8365398401273861e-07
0.0022591176054709,6.419252397745537e-06
0.0047502875949497,4.022628849495494e-06
0.004562857516844,4.472319910180644e-07
0.0005754343376394,5.53576237472607e-06
0.0138938381630923,3.2808372578843274e-05
0.0088717325547691,7.930901078784994e-07
0.0145380803847179,4.4448283104683846e-05
0.0113311670266346,3.945922760996855e-05
0.0168823287969053,8.914437702214404e-05
0.012518345446708,3.142175323510915e-05
0.0088185171920715,1.694983581687439e-05
0.0068098399866783,4.025188444163749e-06
0.0115492035165378,3.607458059068597e-05
0.0044337827037815,1.4247147007944297e-07
0.0008197326443185,1.7034922103489733e-06
0.009732392197048,9.427960406882247e-06
0.0043500623080611,1.142491183501916e-05
0.0098592415163897,2.644037959549128e-05
0.0146414377007876,5.841467685962064e-05
0.0105612104331372,3.459369996189265e-05
0.0140316024659675,7.327636494923241e-05
0.0176311836054586,0.00012885544069380516
0.0081208749140977,6.72722352243213e-06
0.0004313079396229,7.387606767647017e-06
0.0093543950328892,1.4009728558845866e-05
2.398718257206056e-06,7.95331242466736e-06
0.018368626783601,1.7879657173281575e-05
0.0113461730152536,1.815647495416403e-05
0.0092713531444445,2.7763724863760597e-05
0.0141161914991951,9.176595316613306e-05
0.0035502951998749,1.389973682161202e-07
0.0028042036394907,4.6588721449850055e-07
0.0070355804637849,9.41995487564253e-06
0.0105816084944431,5.422674614497193e-06
0.006508215603936,3.413118311872516e-08
0.0148578370416699,7.053975875227902e-05
0.0086621382838194,6.445502687020574e-06
0.0193543747270917,9.778201958207701e-05
0.0029850050800582,1.2280758723597264e-08
0.0080475435987835,2.0187262545463545e-06
0.0191962848011663,0.00010349271979834052
0.0127727187173436,2.8454098550257604e-05
0.0131824653774578,5.96067338268215e-05
0.013409962780637,1.97164383933563e-05
0.0188707768615711,6.135235328986068e-05
0.016626040949973,8.23631807478604e-05
0.0171523579466743,2.1826707740163476e-05
0.0147676827923238,3.495143560193032e-05
0.0128198993024916,2.9526564389576085e-05
0.0084338695343901,8.862925740355735e-06
0.0119906481560574,3.329434122395955e-05
0.0134280698692071,2.1107268777574554e-05
0.0089310174234623,1.7144711364810476e-05
0.0049921652405521,4.6388015290220234e-07
0.0034204069718701,6.215373396283274e-09
0.0092761498772598,2.5826394011332658e-05
0.0127640004377673,5.760567781517806e-05
0.0030092059250281,2.0692691944226585e-06
0.009368866140737,9.42985854512661e-06
0.0016146169534044,2.123532027976322e-06
0.0078853467750748,3.885389881905748e-07
0.0136925959194229,5.415824390950619e-05
0.0138183809179566,4.870105084213203e-05
0.0130408555925828,6.728417286429162e-05
0.009569612227419,5.047077679218207e-06
0.0056050885621193,4.142345360087344e-08
0.0126899249189359,3.533682952614292e-05
0.0159903988541531,3.12652120214294e-05
0.013354599790829,5.7584392393136744e-05
0.0116388092298898,3.40391741596781e-05
0.0075655021701884,3.957634970150116e-06
0.0179405099352805,8.272851162391288e-05
0.0013235900627033,8.35850231491868e-06
0.013724536426618,4.6627849192193444e-05
0.0035505723894295,1.2753609425267457e-06
0.0033543993511282,4.73178638364367e-06
0.0090658061969488,1.3028289685183318e-05
0.0190835837992663,0.0001129686569437197
0.0079519544644503,6.981229633243937e-07
0.0117179886671516,8.60544347450652e-06
0.0178299501956195,7.178198808977705e-05
0.0184057802855792,8.520938917117963e-05
0.0025059434693276,5.171566418428052e-06
0.0175436729731695,9.163335904681422e-05
0.0073856612142194,5.3696890066036945e-06
0.0023213654084356,7.36284484922464e-07
0.0025427439707281,8.073640434186221e-07
0.0086083719146449,1.847436995210401e-05
0.0193768901903283,5.061135151084785e-06
0.0069431200290396,2.3491971838996095e-06
0.0060443339135899,6.0987806995898385e-06
0.0134218759589071,2.866554385369493e-05
0.0067699903223275,1.136843790899263e-07
0.0021391572047334,4.924453717160359e-07
0.017283883655801,0.0001157182677911963
0.0132963063939398,1.865894804018888e-06
0.0157408663658283,7.680934014279973e-05
0.0163506609537059,3.4693067347421125e-05
0.0042663016709955,4.91136000976504e-07
0.0053013619571807,2.7101308747435027e-06
0.0183680832271789,7.340240909631073e-05
0.0178533536373897,3.330254304905249e-05
0.0137090965537734,3.2101974690884986e-05
0.0177946092587846,2.7263996784488337e-05
0.0084861240036566,1.0406851521892293e-05
0.0157947423701097,2.5503414973037056e-05
0.0053921682905491,1.0969051835939273e-06
0.014637066762797,0.00011145064872760204
0.0183271333437657,7.259256218434558e-05
0.0145796517513896,1.7382239917417947e-05
0.0138924626909543,5.582804671322433e-05
0.0082426430403038,1.7691998668400154e-05
0.0152336173234137,5.014215950374953e-05
0.0117052081984208,2.464085853728497e-05
0.0033585694800593,2.306440559611562e-06
0.0060432760596891,2.1365814155884457e-06
0.0091344560596386,1.4499084751444042e-05
0.0040647033166545,1.5356378256916397e-06
0.0018690952302424,1.1449917341861706e-06
0.001959865245912,1.5411354024437216e-05
0.007547753231705,1.1062446463450947e-05
0.0015857666509308,5.542558114546985e-06
0.0194469884009671,8.010905958044735e-05
0.0071253902902038,2.009612619312467e-06
0.0097706966892886,4.041107790599184e-05
0.006353315896434,1.1468417334965344e-05
0.0151176276809435,4.921507571885594e-05
0.0089926200771618,8.350137526343544e-06
0.016354986748234,3.713212126853895e-05
0.0109537105158183,2.4774863565254086e-05
0.0186247226900217,0.00012489252794825232
0.0095574336243778,1.439132485131593e-05
0.0053004911955303,3.0199174182738648e-06
0.0008056583393957,5.753532406797973e-06
0.0009859272704557,5.118162580443541e-06
0.0083951404909598,8.303911211708474e-06
0.0008396668533217,8.221828007938176e-06
0.0064378640768225,5.0023439531330156e-06
0.0070325161173197,1.7632238548017927e-05
0.0120846475526823,2.8506357099725052e-05
0.0049402607461643,5.226632838109259e-06
0.0010425796748873,1.098689388773714e-05
0.0197804459233543,9.32506212275242e-05
0.0191115258404433,0.00013821392058343854
0.0067858801192041,1.5150640883828009e-05
0.0053630778911863,5.111612531027012e-07
0.0196102872032662,1.358894909485428e-09
0.0053459288746066,8.697667247706026e-07
0.0168949391018908,1.891853827347313e-06
0.0073194093046155,1.9309452601798736e-05
0.0054135043999549,6.88932227248083e-06
0.0011273040342831,3.1184581452965348e-06
0.0138079102476108,6.763301907287557e-05
0.0043254953784107,2.6689362207168292e-06
0.009432398056338,2.8873177108150942e-05
0.0094282608456792,2.1413288280228112e-05
0.0079506842330197,1.5254108728150081e-05
0.0155567526760538,7.775778246970286e-05
0.0082821320743842,9.75015313475907e-06
0.0098226102413979,2.2536055950888588e-05
0.0111970592980763,1.3489267625412217e-05
0.0130915637483801,2.8706615567856998e-05
0.0124742728522833,3.6566999422953435e-05
0.0186658539095729,5.832864420852935e-05
0.0107925802164761,3.400271360923921e-05
0.0138232605955808,3.45745765566129e-05
0.019258404834199,6.105726755956923e-07
0.0190731440132285,0.0001587924118533177
0.0015746502173537,6.809878682012309e-06
0.0123567947393715,2.839634160685644e-05
0.0160052482925842,3.5445476850112494e-05
0.0049668167063892,3.449341509876672e-07
0.0149711369246849,7.108205232010094e-05
0.0028757054440074,4.189077223612698e-07
0.0041017912661992,4.332365265035788e-06
0.0084183729677989,1.3765921612268241e-06
0.004958312240964,9.492269152285908e-08
0.0181090247538421,0.00010525374814744278
0.0025489531279625,3.722118191415795e-07
0.0184205352743785,8.947976795816494e-05
0.0023882638134082,7.344957710331353e-06
0.0065049988217119,7.920230432552132e-07
0.0038709466046277,5.073944643205195e-07
0.0043042388713777,2.1498548601516952e-07
0.0187490408149506,9.420065337761566e-05
0.0036487160432207,2.2044397491366995e-07
0.0159435965729632,5.3409902500756755e-05
0.0150489656049526,6.929075648885045e-05
0.013386347874672,3.422132224564607e-05
0.0106393702671249,1.589714323940688e-05
0.0029036329813187,2.1870516705307504e-06
0.0128156762026663,2.599177119612343e-05
0.0073240043930469,1.0150921709747887e-05
0.0162451274323558,1.0122767729361866e-06
0.0034123561974255,5.138102975045984e-08
0.017930598469719,7.468911653157058e-05
0.0198610943007459,0.00012216430525989838
0.0161752612837358,0.00013050859432443983
0.0195625183515866,0.00014933632219845698
0.0053347045525013,4.948290280089161e-06
0.0067515967032337,6.691208569539014e-06
0.0108572844167501,1.8861423560923695e-05
0.0137763742117175,1.3382712292944459e-05
0.0118351507920212,8.371094240603871e-06
0.0119078473836732,2.448499639029382e-05
0.001864672632625,4.233970059422225e-06
0.0066174843062935,1.4816361964152807e-06
0.003524364273919,2.3530024812645992e-07
0.0164382605247941,3.7712562682667662e-06
0.0095041044019128,2.220028402347796e-05
0.0068789257284285,5.6344264492512456e-06
0.0050430053025315,6.829176707215878e-07
0.012625742537119,6.11467814478572e-05
0.0149120306250879,5.788447224435931e-05
0.0117113518037405,6.469492410184678e-05
0.0154595070334124,6.681157523066546e-05
0.0069417293203098,2.2878509073050645e-06
0.0083379654070297,1.697080771237246e-05
0.0144766338821352,5.27462366944162e-05
0.0199573223422483,2.74058806409235e-06
0.0175219882410907,7.384858238433234e-05
0.0100888737470457,2.6328455068156015e-05
0.0018911717267509,5.437756075992356e-08
0.0173946540082511,3.458671808683993e-05
0.0197471816061505,5.9870656387964396e-05
0.0183082206905356,1.7799536871793532e-07
0.0117479179025164,4.8340808064422905e-05
0.0035357343118339,8.346073218177108e-10
0.0188906021704251,0.0001003018901644744
0.0126224982967271,1.450374727802929e-05
0.0030906195245069,2.8930246486619843e-06
0.0006624776920001,5.69546729440763e-06
0.0148772115115625,4.9359993196965195e-05
5.04248555505793e-05,4.139822116268335e-06
0.0015363173942242,1.0148683554943967e-06
0.0020027403886427,1.1171847626783726e-05
0.002570664389968,9.922449443749893e-06
0.0179305903808953,0.00010233657501443215
0.0115906917093231,4.723574019773598e-05
0.0122390075694492,4.9177928927239275e-05
0.007017237803121,1.4882520046338366e-07
0.0020548373914146,1.6708342714773941e-09
0.0133068582728409,2.7690298431689243e-05
0.0148826064697107,6.53623363247544e-05
0.0077503587748402,1.2594954521614777e-06
0.0142422866814367,2.3948860417793046e-05
0.0052878845396382,2.345772747545866e-07
0.0081390612625003,1.3337585914867257e-05
0.0040111826627787,1.9611428466448483e-07
0.0026495657202088,4.3610853482602794e-08
0.001489689569848,8.314596175252837e-06
0.0050373991142895,5.4605862469055964e-08
0.0075341951730644,1.1935145704267294e-05
0.0110930324267773,1.5271203436116023e-05
0.0008895323964206,4.2963736259839715e-06
0.0038211802182483,1.9626025468950852e-07
0.0009905629430248,1.282669156532593e-06
0.0010528111590326,1.908075996110248e-06
0.0022204122470719,3.7546324622094457e-06
0.0013050278852941,1.0159752305757836e-06
0.0118280722528385,4.7120473207858026e-05
0.0003835373646154,7.505533383280026e-06
0.0119186857194439,4.8031380148800264e-05
0.0117488788640867,3.0318170648989307e-05
0.012487029612214,3.751370015040006e-05
0.0091340736278815,5.077893623751627e-06
0.0062554225400192,7.690011454798042e-07
0.0047125165905981,4.124108027345903e-06
0.0102770413196317,1.8387963561957212e-05
0.0161270952505021,3.315132775003125e-05
0.0153632822391694,3.161184949509047e-05
0.0009414498939088,5.451527897075882e-06
0.00240519890324,2.751278554676575e-07
0.0092954039489175,2.314930629119007e-05
0.01730394579281,0.00011742850184706483
0.0120910118283631,5.956471637703913e-05
0.0116216118442533,6.842988658960004e-06
0.0182921280072897,7.953157623248196e-05
0.0053303896758913,1.097943683996503e-06
0.0139652810717916,3.4400503574816845e-05
0.0100935535640143,2.3958060816541863e-05
0.0058792359221604,7.649648949504925e-06
0.0147111654565832,2.496458048491545e-05
0.0017261644872148,1.570539981355549e-06
0.0061181603453938,5.720033649300243e-07
0.0067923743012846,1.580744387885908e-05
0.015036482601132,8.863263743036491e-07
0.0068131994048012,8.863808555352846e-06
0.0104023403611834,9.439198439064514e-06
0.0102257777751217,2.1835642864856397e-05
0.0129267167901872,5.3935334716492524e-05
0.0044644411199608,8.949347410110408e-07
0.0085060811496659,1.2847101465476486e-05
0.0003546701827686,2.5326819484174505e-06
0.001316589031029,2.2700199659204035e-06
0.0050159482737087,1.0353851742504436e-06
0.0010283330479545,5.062508144739893e-06
0.0102641541035298,1.8057657935174963e-05
0.0189248959069608,8.78408963972762e-06
0.0158953318405033,5.7070624951954465e-05
0.0038611536125376,1.1439098111575124e-07
0.0036458267418981,3.842699913549346e-07
0.0128353548858875,2.5707736175713942e-05
0.0155469821622463,4.798612076044114e-05
0.0027907696328854,1.9091339113706673e-08
0.0076333933617235,1.4127535618509412e-05
0.0189782375564526,0.00010221975639344009
0.0195768730535829,0.00010706583875020912
0.017740485213841,9.060610450032767e-05
0.0092474191564643,2.6651296109093902e-05
0.0197982122514721,0.00012090741664701558
0.0125530705874375,3.347626797039868e-05
0.0006488471640152,4.058459812334929e-06
0.0152473851288175,2.2127121651647848e-05
0.0023801706778043,4.273714743148134e-06
0.0118455269067816,3.027255383755108e-05
0.0189550469717897,9.565152729534581e-05
0.0039509590284041,4.775863582257037e-07
0.0125859826836777,5.7737821514707755e-05
0.01787220504868,6.037345042181774e-06
0.0148940973576123,8.440204923190232e-05
0.017197887940532,1.7145055558245866e-05
0.0009451656474109,7.526537394037855e-07
0.0029098040328742,4.729823371687646e-09
0.0180392894327464,4.750447669272641e-05
0.009371679673731,2.7073222089634677e-05
0.0097903350493872,2.3960842510806283e-05
0.0093703763138311,1.704414186186043e-05
0.0184946520210176,7.72143476345784e-05
0.0095181438328296,2.090488298629727e-05
0.0089739919325088,7.87779904223831e-06
0.0194146768808565,0.00012232430028549687
0.0042087101543375,2.923752396031335e-06
0.003598290634536,1.185408888141498e-06
0.0092644867060304,2.5713558692690997e-05
0.0105918816726532,1.4950568264820141e-05
0.0189129370532788,7.900009011305043e-05
0.0067139402277855,2.5927150717199927e-06
0.000785010109492,9.60876239075867e-06
0.0174404480895239,9.766357555411056e-05
0.0017370077643245,3.931596763230302e-06
0.0160672201570179,5.237388184642112e-05
0.0181939341968948,4.423270665254975e-05
0.0170670910184868,0.00014755028786766737
0.0112711068777863,3.521431652901517e-05
0.013566343497501,6.941275016687196e-05
0.0134247969929675,3.8937141225487376e-05
0.0025862225912167,8.948704021666608e-07
0.0156410317029313,4.778489084507591e-05
0.0186608165318534,7.781235032097039e-05
0.0009363570498543,3.4710969512047496e-06
0.0197991441726852,2.148530416528615e-05
0.004678461852546,1.0609620351441753e-06
0.0134201229815271,3.882352751984914e-05
0.0048982388235093,1.134890540408412e-07
0.0106596561434221,3.0137896526835883e-05
0.0025732388811833,4.960183839498273e-07
0.0062029207007633,8.70503195078093e-06
0.0056436439097964,1.9705883733464897e-06
0.0180345556177826,2.6752155562108124e-05
0.0131961777590857,3.255443064410058e-05
0.0174687651125059,7.74928325829187e-05
0.0099847470458992,1.70708480067325e-05
0.0100091435480466,3.961877978531821e-05
6.26392102442197e-05,3.969883029044604e-06
0.0193318083118807,8.349209612407199e-06
0.0130215825324223,2.7772476604500475e-05
0.0165295718179167,6.515248692116634e-05
0.0187302587075455,9.444263929402542e-05
0.012478227989404,2.9222801814095058e-05
0.0017401457295993,1.4452469505601272e-06
0.0042864995369921,9.027656209933789e-07
0.0163747654507247,3.0506136175176118e-05
0.014746896496962,8.551166633949949e-05
0.0116667034063992,1.449164129368903e-05
0.0140660688859435,4.294175760616908e-05
0.0126105769901061,2.7426427565385435e-05
0.0067335860625011,1.0901188146255289e-05
0.0164891883488231,9.818424708895633e-05
0.0059588322385721,4.474234312059417e-06
0.0091280390779584,6.2032620597355525e-06
0.0180971024822397,2.301243579487553e-05
0.0188899787313909,1.5337866082662543e-05
0.0092710933797174,2.864362936818357e-06
0.0141848094299209,4.813561623782162e-05
0.0040307586906153,6.332377091923149e-07
0.0017201881358529,1.4529221601989492e-06
0.001876279379499,2.837120779414887e-07
0.0090554154702084,7.988286540124878e-06
0.0172530117781863,8.989229435701549e-05
0.0115105018537587,5.404115937956853e-06
0.0157167627570779,4.209445284136288e-05
0.003194267310494,1.61007729567881e-07
0.0064818879588998,2.2749278916826663e-06
0.0172776345311593,9.816620869051518e-06
0.0126458012595183,6.35534977186906e-06
0.016435463731874,5.984670546047193e-05
0.0166154024119127,8.242740343912576e-05
0.0033471023367509,9.236907697255849e-07
0.0039903190663119,1.058585737177337e-07
0.0080576001992375,1.394409046971919e-05
0.0178496354888541,0.00015801913428973335
0.0125985191807182,6.177176365960105e-05
0.0079747979932373,1.609559059975764e-05
0.0145104640393268,0.00010452860901722825
0.0026213357461864,9.756139771479944e-08
0.0065961988153064,1.740354575185929e-06
0.0077845388219652,1.7353597929992077e-06
0.0021232490156099,2.3541515040456131e-07
0.0095879734798454,1.4581526954139688e-06
0.0006940720194632,2.8481498057034736e-06
0.0030777261202264,1.2622591594177941e-05
0.0167511961139453,8.363391037998324e-05
0.0081693369476826,4.3829225877815e-06
0.0048543585458684,5.521846700991162e-07
0.0102322844126211,7.41874422234876e-07
0.0035772892237801,1.011370024638491e-06
0.0085932676205667,8.658246135816775e-06
0.0002257306632917,8.304559791227006e-06
0.0125236135527966,6.032395130592433e-05
0.0147024997363624,1.87784287222201e-05
0.0096670207272239,3.262347212329174e-05
0.0123300260445165,2.4882108472323985e-05
0.0029075393114814,2.185001649037847e-06
0.0115964408385334,5.096699856809836e-05
0.0140735886263036,6.430427190614346e-05
0.0087985054460069,1.8756031879656668e-05
0.0035447940654411,1.0011911836672215e-06
0.0061676160957388,1.1549761227013328e-06
0.0060277849001639,1.9587086168143933e-06
0.0142935188832321,6.827562752476023e-05
0.0117137270117562,2.9787412903038747e-05
0.0145004393950156,5.1843944424391215e-05
0.0044410291543335,2.039966396085378e-08
0.0078217016742497,4.4409039632881515e-06
0.0128464251072104,7.160377503145682e-05
0.0153456198532727,7.349196479788672e-05
0.0155062468470057,1.4134956387729066e-05
0.0035075921840924,2.0225851527659035e-06
0.008323061282021,1.0140424344590565e-05
0.017701866336608,5.448049245828165e-05
0.0184544926939561,0.00010093387284442974
0.0099531128769198,1.9315953438989432e-05
0.0174623651695339,9.741382112361173e-05
0.0193657220976444,4.067287789359614e-05
0.0122264658698874,4.7847801680391536e-05
0.0010095526536917,2.9248097622855106e-06
0.0090474109661049,1.4558783812391818e-05
0.0109260615259573,1.8133491070190724e-05
0.0009687152715485,1.982503756780494e-06
0.0156499510539801,9.06185254691524e-05
0.0100897451889118,1.3881725235147442e-05
0.0146688518492419,2.979031161321467e-05
0.0022969436612392,1.19494973729641e-06
0.0126431653498084,2.335526663921023e-05
0.014547472654459,8.859542733185299e-06
0.0064873452106575,6.268940289762101e-06
0.0158674240410479,6.873396907791619e-05
0.0043719412618023,3.786748599016335e-07
0.0107354016660862,1.018894940289277e-05
0.0179587679909851,6.586048658653176e-05
0.019578986992813,0.00014804044274300594
0.0189278093333909,9.002076715184294e-05
0.0107573901079565,3.5527072128609604e-05
0.0141144415615163,4.893999503850201e-05
0.0038535581811356,5.949300398188347e-07
0.0090717837461976,1.473759122438129e-08
0.0141906500547786,3.061606738885467e-05
0.0130953168784501,3.0574520703149674e-05
0.0129114412239463,8.183214065315214e-05
0.0049986593555677,1.4929292153437876e-07
0.0188988823679638,9.400258608311516e-05
0.0089245065380476,6.5214547187424595e-06
0.0048853483710987,2.4428741943625234e-07
0.0156609805768869,7.54375500941275e-05
0.0106603729464805,3.157714333810803e-05
0.0124987431775569,6.736684422917296e-05
0.0040258771536353,3.7006942768685104e-07
0.0099816648797386,1.597314268727535e-05
0.0182525509423838,0.00011734166470079351
0.0014068769422804,3.953781385850217e-06
0.0187031505440766,1.52076091615929e-05
0.0116088937355329,1.8137020902907747e-05
0.0061989359674251,5.011210562169479e-06
0.0049877661226751,7.855800490222532e-07
0.0067853078657716,1.8903415854480774e-06
0.0096864209955551,1.8903791186460387e-05
0.0021576334005296,7.671495222499066e-07
0.0108908768501809,1.67376844357098e-05
0.0007341777288097,7.885445226212023e-06
0.0027249302999005,1.5073754254169957e-06
0.0078993886812357,1.2618467601965256e-05
0.0120338096047216,3.271760030537413e-05
0.004129024506759,6.367114297840239e-07
0.0041129758620025,2.724555337279766e-07
0.0105046254158416,4.930932849835458e-05
0.0038013824282245,1.8117234288330828e-05
0.014830561487894,3.1548306922357514e-05
0.0126826923982725,1.5171597167364622e-05
0.0054227492693465,2.0086955394460687e-07
0.0068293991751762,1.8071246948807855e-06
0.0116424133768998,5.985784987888469e-05
0.0021199766441229,1.9147490163443985e-06
0.0099960607529204,2.1498479845221835e-05
0.0111639252904867,3.799169737928072e-05
0.0088816414154745,2.8163589112967933e-05
0.0168001925908115,5.684712110871792e-05
0.0135297186985596,2.695442007005613e-05
0.0014075407499545,1.0040393563679371e-05
0.0132464617338409,2.9798773138591693e-05
0.0144450679173156,4.4656065579558664e-05
0.0193007671086618,6.741345164959958e-05
0.0091806126366487,8.763978979602763e-06
0.0028468150447863,2.9148915442879944e-07
0.0097618683330293,2.9313111116896383e-05
0.0198462711908207,9.59717343026029e-05
0.0065855812020227,1.7004360663287405e-05
0.0177435945956645,4.776216403509491e-05
0.0100935876608655,2.5436204936848296e-05
0.0059331525384784,4.875397967185993e-07
0.0193944111807833,0.00014165144651353287
0.0154411583583859,2.2404043942331677e-05
0.0102830624854554,1.9820608078633755e-05
0.0101902771685762,1.4870587818720687e-05
0.0079655721969615,5.182315533216774e-06
0.0100079251347932,1.958307068266556e-05
0.0113951513205692,2.640147080839495e-05
0.0139427448575474,4.840215465917288e-05
0.0025258077611893,7.519581649490723e-08
0.0113043047059514,1.465777722982324e-05
0.0036745313664822,2.8387372413506165e-07
0.0072093960755395,3.869303059182793e-06
0.0069067958063734,9.813249215608207e-06
0.0159706108184539,9.125528311815168e-05
0.0186065733937887,8.541225927479316e-05
0.0014856988591071,3.481243531047732e-06
0.0119663419428831,3.414068542389755e-05
0.0079417694434331,2.1727943377522412e-05
0.0133868748812437,5.3217580024442764e-05
0.0032625228403438,5.617764646538867e-07
0.0156291195727678,6.306471770754898e-05
0.0096697652354694,2.3997811796655045e-05
0.0130064106662527,5.186681857969192e-05
0.0003951520077361,2.755396966967657e-06
0.010586365728959,2.0281888413431662e-05
0.0104486392800054,2.1849473078558265e-05
0.0016438395900447,2.4410303309398556e-06
0.007314579362169,1.1634872869014214e-05
0.000607367562805,1.133373419909122e-05
0.0023268528708189,7.141771002880899e-08
0.01558874985087,6.053159260935669e-05
0.0192373515980522,3.811775818618522e-05
0.0077393862754987,9.129587838173771e-06
0.0043988761996887,4.4235610051241776e-07
0.0192565147863698,0.00013661235645078725
0.0114576678631659,5.493541483651849e-05
0.0083076072832755,5.7135110072306575e-06
0.0036745092660342,2.465751091893151e-07
0.0062237136095981,6.281776064574767e-07
0.0147187016261833,6.928524079264323e-05
0.0015371628934919,6.9202482832465435e-06
0.0189727383320839,3.319717033742691e-06
0.017943471844004,8.49559010535769e-05
0.0149257039155699,5.170195710216539e-05
0.0063100814048037,5.176213843176342e-07
0.0016643398582063,4.656394557125005e-06
0.011285320948003,2.990697189570581e-05
0.0174888420682043,4.736000055966833e-05
0.0194499884331419,0.0001388101887614113
0.0055881434993524,1.6914921322200422e-07
0.0185065925100347,0.00010490716106098565
0.0151059049688143,8.67411951046858e-05
0.0096360533405382,2.186629311378014e-05
0.0111167735122977,2.9839211028695627e-05
0.0097382003448884,1.1948898110914324e-05
0.0188938757445278,9.764952300979715e-05
0.0182305528898878,0.00012802264676911395
0.0081651563680265,3.2365797744985998e-06
0.0084276110445406,1.1066589168912363e-05
0.016102381107743,0.00010392195401432805
0.0118155679085293,3.751318660878708e-05
0.0190518605338008,0.0001578790251661129
0.0044204747114515,6.649086699173716e-07
0.0015663981930783,6.784833878524336e-07
0.0145356928367138,8.738465596952371e-05
0.0122245893357418,3.9818467636570394e-05
0.0129672790432193,3.1604086184237147e-05
0.0054274003100128,4.277128105780378e-06
0.0186159449910014,0.00011783696401771222
0.015776428838477,9.855999046781405e-05
0.0043374922366416,2.3830551843868926e-06
0.0110433683335932,2.2506267169026022e-05
0.0073981073115515,1.6550108198259903e-07
0.0021610153884161,1.5567267542626174e-06
0.0118041860611507,5.6976894219391166e-05
0.0051718291907226,7.070138372900251e-07
0.0018229689901958,5.1969801902569464e-08
0.0141992290966842,5.4285741323121385e-05
0.0091875531698938,1.5790368253999244e-06
0.0102837209131818,4.786272782173593e-06
0.0060241400886742,7.272708720110672e-06
0.0004741895351173,1.0624508050930067e-05
0.0077971587693267,8.762854026899667e-07
0.0181614814079012,6.354042061318315e-05
0.0101844107253492,1.3893468921355068e-05
0.0130089978525221,8.354212495479943e-05
0.0110609457582905,2.0461120657340567e-05
0.010474218327488,4.72500481920205e-05
0.0133426104111364,1.5565592133465105e-05
0.0042256748282729,4.610062251738825e-07
0.0032143850534067,2.33916857934025e-06
0.0024316043938193,3.0348038080561947e-06
0.0184481271073222,1.1473529795525955e-05
0.003865848450878,6.394336932217491e-07
0.0018413919040864,1.4137840516166995e-06
0.0137848112643133,8.714416863114335e-06
0.0184706012540515,9.451642920352797e-07
0.0018643166166296,2.6458353605592464e-06
0.0011157388572431,6.30710567040803e-06
0.0155094474105584,8.998863822022143e-05
0.0031961694808281,2.66021653081212e-07
0.0016875707367082,1.6813112044067582e-06
0.0138421531946226,1.6255475323385e-05
0.0180416613859617,5.3049288536782696e-05
9.436088857033288e-05,3.962963127964838e-06
0.0173591556537516,4.06353568336985e-05
0.0190187654822012,2.442436291094516e-07
0.0085306213942038,1.6613565706251945e-05
0.0173529428190261,1.8631319131749803e-05
0.0105523019036934,4.7742757314545294e-05
0.0125089696910817,2.4932020727324663e-05
0.0045146524296258,7.439970160801835e-08
0.0195684290849422,0.00012062958850942347
0.0093997737562157,5.909072044156076e-06
0.006110400865061,1.5206204262492696e-06
0.0113638251409238,2.035953681513979e-05
0.0073655211971995,1.1433963970811267e-05
0.0061303511375328,1.3704627680433657e-05
0.0133386290504439,6.436810656859041e-05
0.0049127661574107,1.3789465461637568e-06
0.0098403669570292,1.0639062704342933e-05
0.015322774909383,6.218280123093577e-05
0.0044196708328814,1.4910823790026362e-07
0.0135427619550954,3.7124353810916375e-05
0.0062487458439939,1.1230502720227511e-07
0.0109193925374514,1.2909857046763155e-05
0.0125640460934499,5.578457099188909e-05
0.0140140990600734,2.2793119655304372e-05
0.0001166663306917,3.966349124266367e-06
0.0178123685806764,0.0001019071054880308
0.0069123144874536,4.9851501393439435e-06
0.0028497452596977,1.9332346781188355e-06
0.0096512327775852,6.0571703715023545e-06
0.0084030604033736,3.122557580934946e-06
0.0085245031579548,2.86631080467781e-05
0.0082824055778934,4.336048100937189e-07
0.0108499775455215,1.5838855993939904e-05
0.0197303650903128,5.512651969691855e-05
0.008067347410232,1.8999672971565975e-05
0.0078212956648526,8.724839111865119e-06
0.0139263250705341,4.001886991992301e-05
0.0115386366437366,2.251260162944237e-05
0.0040146794888582,1.8416290676776076e-07
0.0018950040660598,1.1071796787889516e-06
0.0140295265640614,6.849005036630325e-05
0.0175755343814185,2.8819625930582298e-05
0.005066524657139,1.4984479433752408e-08
0.0144822675654176,0.00010748251747113705
0.010678091862984,4.666574114738149e-05
0.0029722454409928,4.860491887028817e-08
0.0187471048538316,8.971562599782494e-05
0.0137681089397128,4.048873707622601e-05
0.0053396198013426,3.5615181459174906e-08
0.0028237798236854,2.1717798193847802e-06
0.0083361186673007,7.166857059308735e-06
0.0105663653703982,6.76239105987029e-06
0.0169484655975773,8.128075076626935e-05
0.0168536592833411,3.858897465418102e-05
0.0033381401507855,4.578641160902348e-08
0.01916265830441,5.2261616448552875e-06
0.0117496746946531,2.3640827102830294e-05
0.0167065261771264,9.067429696044542e-05
0.0140709605530736,4.9505897233344555e-05
0.0170921125174158,2.5087947034627194e-05
0.0178897700836121,3.888441291506679e-05
0.0061957948827978,5.013006957888723e-06
0.0039221901004732,3.06148914390203e-06
0.0035255722719828,5.586958031867697e-07
0.019783050268495,8.899273179835532e-05
0.0068119657327303,2.547479275702106e-06
0.0182773754366918,4.828761088201562e-05
0.0105200264882376,2.220247407062232e-06
0.0113770456312039,2.9840478406001496e-05
0.0044627979553727,4.2675834105794093e-07
0.0127357905202364,1.137404924523728e-05
0.0147037447217799,4.244460239513139e-05
0.0016311755999764,2.702616506639653e-06
0.0086649239777814,2.301735227040915e-05
0.0062432467978147,1.0292995034484936e-05
0.0177309964403999,5.500412995348841e-05
0.0025694070845093,7.343582655654516e-07
0.0042291203164556,7.366565561408342e-07
0.0055484905259903,2.0669309920704925e-06
0.0172276590946081,5.499399959410717e-05
0.0025544836699934,1.3500091319872792e-10
0.0037060554640928,2.658157537793313e-09
0.0032604224731515,1.8125663255442963e-07
0.0064536625217828,1.62486997800312e-06
0.0079882269850471,9.902359177559782e-07
0.0060001275774799,3.090479519065069e-07
0.0052940208714896,3.4720925928125015e-07
0.0050860927359303,2.2590787880997642e-07
0.0163719484291767,8.90447998897562e-05
0.0168242009176942,3.40948745083137e-05
0.0005775577611936,4.485611920997995e-06
0.0150045326782724,4.014011750048275e-05
0.0110940736843211,2.0982404994893338e-05
0.0069218541555865,7.129554677415004e-06
0.0062212671486209,3.4487712713277674e-06
0.0089043504799956,2.91205690379496e-05
0.0014652377964183,3.647345859538847e-06
0.014340075041601,7.020641722376306e-05
0.0083842019292549,1.5399392333907939e-06
0.0144878065251892,4.89456188786339e-05
0.0159119009502465,9.533191098837824e-05
0.0143701327273431,5.73700744999448e-05
0.0021556393396031,7.833459497409486e-07
0.0097977266895892,1.428191497766785e-05
0.0010801281340714,1.4555981573085118e-05
9.810204965726488e-05,8.783286293307389e-06
0.0086241852797311,1.270493458155646e-05
0.0004499281053062,3.6287524955883055e-06
0.0032526529719756,2.0724096209773113e-07
0.0023262898019726,4.3875711679200615e-07
0.019313346770355,6.947096879933622e-05
0.0033277937738768,1.1289981898022427e-06
0.0141904066887701,5.442948307156071e-05
0.0188241355584345,9.146332391562084e-05
0.0179688118123636,0.000109322478141134
0.0139610586466272,5.812677351012661e-05
0.0190778259538651,5.540725023585539e-05
0.0124452598347278,1.3592821384198733e-05
0.0048406253839665,2.558619625374658e-06
0.0056155871259924,2.0347894633652567e-06
0.0157517413870158,1.6293322141247713e-05
0.0141747799924801,1.800798540012113e-05
0.0093341374513688,2.184990208877812e-05
0.0101654968831929,5.115492258531672e-05
0.0027074071224711,1.8369017017357482e-07
0.018543331919726,8.996626450303415e-05
0.0134586893644311,4.7585231551154335e-05
0.0035301935470057,6.107184971004398e-09
0.011625471111321,4.530639658866712e-05
0.0051217084751361,5.3386990959855245e-06
0.0131828433050172,8.04421473562372e-05
0.0173902775350109,5.705936442498689e-05
0.0092079928093483,6.662944891385684e-06
0.0055397844679912,3.482783388644293e-06
0.0038935003112329,1.1110494869750188e-06
0.0159502327507798,6.95160113222691e-05
0.0182803184209083,0.0001353398051790749
0.0086644632569997,8.22832248823034e-06
0.0009650410969563,1.0407793402682392e-05
0.0055157623800525,3.915984624358712e-06
0.0013374124225845,1.0905746650466367e-06
0.0167775068039651,7.692876185829503e-05
0.0147625460025248,7.567781760754958e-05
0.0195577439874878,0.00011382043048290416
0.0104994596175399,2.2024826291712483e-05
0.0125598630855267,1.8531194750318654e-05
0.0002554273523538,1.0976277894126035e-05
0.0111463536317044,1.0522593660228155e-06
0.0143596290364828,3.801560738400559e-05
0.0138354268889314,3.231664378086342e-05
0.0170746913015221,5.854315222304525e-05
0.0059314836569288,3.7586322417180915e-06
0.0182553941259489,1.6456571046633096e-05
0.006210910610027,8.982665581043871e-07
0.0125431624027664,2.794263089695331e-05
0.0123235349598516,3.133013005039304e-05
0.008300424006485,1.4121920990543365e-05
0.0064059147484722,1.402123893516117e-05
0.0198753469949388,0.00010356781820350754
0.0007749987808353,1.866790810329491e-06
0.0155555762624392,3.674617168258753e-05
0.0025287310486073,9.595189464871759e-07
0.0035006541025653,8.847120998375514e-07
0.0142596405128389,3.673151260753606e-05
0.0034099969214158,3.2063351848771545e-08
0.0183573169241419,9.273005154572108e-05
0.0050224705666239,4.9169363094656145e-08
0.0169970327309514,9.414524517090349e-05
0.0190852841388351,9.550468377169431e-05
0.0179684445339181,8.898013226808511e-05
0.0019082319555743,3.1264678274020932e-06
0.0109362054915832,6.448463645850892e-06
0.0183719378290149,8.466204311734238e-05
0.0189832047875734,6.204147431790322e-05
0.0176568798241525,0.00013130561360714021
0.0006259566856968,6.686461668215598e-06
0.0010303820271552,6.477090326471399e-06
0.0114659749397488,4.169402030553359e-05
0.0087080802851046,3.022218196810826e-05
0.0132268901550697,2.8709376269442605e-05
0.0128119677410161,2.681940468431422e-05
0.0042191833691035,1.1972987958891685e-06
0.0059346901410825,1.049603147291438e-06
0.0073693510922915,1.2886276784460992e-05
0.0079530170693012,3.5497945003206526e-06
0.007951153269123,1.3691427087085276e-05
0.0161961626427286,7.406048016845025e-05
0.0148033593763906,4.742054760945573e-05
0.0010832475302443,3.893261717690815e-06
0.0194661824295498,9.105949950466758e-05
0.0046785954291783,1.2269307320620421e-06
0.0183893321307397,1.6252333370479202e-09
0.001339857038629,5.646719863388171e-06
0.0023588836518264,2.8466320853242538e-06
0.0051483612159955,8.353998059129133e-07
0.0011430891411896,2.5878869490797547e-06
0.0126450178133422,4.5556417197034286e-05
0.0043591024770133,6.834898493110522e-07
0.001319919981418,4.542153913033618e-06
0.0167762906350377,7.3001030315437e-05
0.0051119107433445,2.1135298900198138e-07
0.0006389443547208,5.500339362367195e-06
0.0025890995329877,2.7780297315595554e-07
0.0135465163873476,3.172349715942511e-05
0.0096682803449664,3.2523304489266984e-05
0.0132336473681381,3.251522859165341e-05
0.0071884638485337,5.6964401766748324e-08
0.0068871272857983,1.291977392754203e-06
0.0195099587717037,8.442630677581824e-05
0.0088436393051858,1.7116105763764246e-05
0.0031822235114743,1.035068821121646e-06
0.0011826373019791,5.838513552342986e-06
0.0068377253274217,2.6631980703441284e-07
0.0135538716783741,5.293102007599648e-05
0.0119677878359148,2.3227267127380128e-05
0.0175137465446176,2.4287169303925154e-09
0.0062780695624176,1.9538108415270935e-07
0.0007860073266973,1.9185092410361064e-05
0.0182878663515438,6.865401814292259e-05
0.0108515452687053,5.239945277425518e-05
0.0120343041297072,1.8830617835287533e-05
0.0110769407407763,2.0490166309663356e-06
0.0151080522007349,7.720031540239811e-05
0.007214772595403,2.080992903247675e-05
0.0090493124112079,3.227743995758073e-05
0.0070464082481998,1.4412811654153695e-06
0.0029223923160097,2.1968092044982547e-06
0.0185166624411904,0.0001567349569087525
0.0117360035324282,5.8896623852070704e-05
0.0105084670066726,1.4985127197923568e-05
0.0162147391345182,1.394490245372444e-05
0.01295457910238,4.12640529897469e-06
0.0168211918496039,9.553263495501186e-05
0.0057606577493524,2.653128928240334e-06
0.0081536984179204,4.060486740378597e-06
0.0190556897517619,0.0001103319802935271
0.0096367482028583,1.8723184656025615e-05
0.0049069144361491,4.5982508085711416e-06
0.0069581690870384,5.965495804963815e-06
0.0084489061486234,2.134347425565182e-05
0.009746197169578,2.333917986436737e-05
0.0084006992175421,6.969002546503554e-07
0.0049880961308262,1.818322489235685e-06
0.0033569961732278,9.200130927054332e-07
0.005005653236687,2.3188537904862094e-06
0.0033869042748282,6.99582861264541e-08
0.0068915736792562,5.011367259811941e-06
0.0149813496770435,9.046777195311064e-06
0.014976787924564,7.456069073195002e-05
0.0013875945386445,1.0790902647841631e-05
0.0091737291972325,1.1023552510622771e-05
0.0159039411875327,2.3455714961556174e-05
0.0096550216763243,1.90870140331044e-05
0.0166755578847531,2.0202458384629683e-05
0.0066610147836315,2.192705947796587e-06
0.0189703307350694,9.461624664934201e-05
0.0027526651360789,1.5555996337258787e-06
0.019931171826568,6.955561521377628e-05
0.0003016894140932,4.309693692222466e-05
0.0123986696047651,2.279824505496719e-05
0.0188600534525495,0.00010728493012142157
0.0104748980236327,1.6847094511943075e-05
0.0061457372531297,5.263703565011127e-06
0.0020385044240226,9.392311729070775e-06
0.002570338467324,3.299547273347361e-06
0.0132562111274416,5.182972339092832e-05
0.0095967771562996,1.2607708014336824e-05
0.0030032849859224,7.526798860601946e-08
0.0179684088304121,3.871092493708784e-05
0.0140263761069453,4.242311987262566e-05
0.0131418709333545,2.918929825639446e-05
0.0167459406537862,6.194148406672195e-05
0.0089074072833229,4.876050779188088e-06
0.0172721129895586,2.289494584028386e-05
0.0172380786894687,2.7204103169420967e-06
0.0159988086947645,8.420683068909231e-05
0.0031538251391627,7.046225679092888e-07
0.0084602852861413,5.036279325569044e-07
0.0070367495156858,1.4560304465200936e-05
0.0038619524060893,8.898037471700325e-07
0.0192934574781862,3.794405778723451e-05
0.0093088852922481,2.8407282283713217e-05
0.0029083940463567,1.8354912378866115e-06
0.0068181886357,3.446476773856994e-06
0.006757078944437,5.046765443123151e-06
0.0002746975173187,6.372965305694832e-06
0.009123937167267,1.716950442406109e-05
0.007437189393719,7.142929680795066e-06
0.019098250910799,0.00017084945571314126
0.0003313944697823,6.769238061820253e-06
0.0186375271716163,2.9666382189032645e-06
0.0162704029167562,8.039914170977704e-05
0.0009625604879952,1.1658845788837924e-05
0.0061944031332407,6.5546092620155115e-06
0.0008107196258976,3.1507504466771783e-06
0.0014758324561138,3.6789094115053254e-06
0.0058415075195925,6.112293895618388e-06
0.0154232999071798,9.726409209130078e-05
0.0033407848364537,2.3416455947296195e-06
0.0073742967581291,8.030133562705593e-06
0.0001112268629861,8.090867372286815e-06
0.0156958191804476,0.00011379083938442046
0.0125817541799749,3.05180522872238e-05
0.0095798619435051,2.894011039378725e-05
0.0092985061814167,9.371196418262818e-06
0.0053458060733201,2.4498799289829966e-07
0.015155309404699,4.045518652588999e-05
0.0180851226476673,0.00012105778645693156
0.0168404059708543,3.478983108709396e-05
0.0035149704167553,6.575191643827804e-07
0.0054761184529778,1.3636121047899499e-08
0.015071761702627,5.217406605656579e-05
0.0136756571019971,4.260612545264033e-05
0.0072800093795964,1.7241484103904153e-05
0.0080596727706486,1.1626843186579579e-05
0.0109016229790636,2.743559389452512e-05
0.0035540427680362,6.510075636044327e-08
0.013269488580719,2.5388637940697767e-05
0.0079402312340107,1.877326355656507e-06
0.0090099301967035,4.236863766278329e-06
0.0190586941005025,0.00015418280807853743
0.0180479197683585,4.626397840619151e-05
0.017898781989043,3.4444330787157185e-05
0.0195430201392174,7.080535427045e-05
0.0165247689518028,5.464028703783062e-05
0.0164341322318925,0.00010593912012435743
0.0165411400805242,4.2289951859672924e-05
0.0012330345069655,6.48569856586989e-06
0.0161984962981841,2.313064219319839e-05
0.0025930010518507,5.015992261533796e-06
0.0133734413559787,1.7375806206016472e-05
0.0100532221452169,3.582440856886406e-05
0.0038142470186285,3.019205715970547e-06
0.0024079376414911,3.3632857947031804e-07
0.0180015572544819,0.00010371175395353345
0.0033941431958417,1.8709183247637603e-07
0.0144564059483146,5.2663160580136265e-05
0.0091538299498226,1.234105474597749e-05
0.0067119725701637,1.8127633128682602e-06
0.0162273164953095,7.600532958486145e-05
0.0064413623081498,9.098537161253224e-10
0.0138055523832854,3.433201342779866e-05
0.0071496315509199,2.9619283321292083e-06
0.0126034421730632,2.417698002744621e-05
0.0007810218357044,4.543414302345964e-06
0.0097689324234151,1.3445485749071997e-05
0.0136655949059434,6.512673808057032e-05
0.0089270322299643,1.0724941157685529e-05
0.0085756595462385,1.1138169508031712e-05
0.0114253052121975,5.021717711192367e-05
0.0065372745994686,5.385451817983099e-06
0.016956184238211,6.037367023565635e-05
0.004484523593181,2.3505189811368313e-06
0.0087087851683927,1.951203420436824e-05
0.0135389499490136,5.196798245087539e-05
0.0078793517517804,2.6227840261923115e-05
0.0181157122686793,1.51916327913814e-05
0.0046570974584913,3.078071850353005e-06
0.0090525605949721,1.6782094696386444e-05
0.0193804761153362,2.7228981294075766e-05
0.0191258568220569,8.311483535571242e-05
0.0176999042297862,3.791371864188859e-05
0.0100086352984345,1.273805517420285e-05
0.0010906245745369,5.126389895486313e-06
0.0199983396502792,1.9480258809013753e-06
0.0077823603938292,2.4837385124749936e-06
0.0090893686993177,4.348429482471921e-06
0.0072036651280298,2.583471114357114e-07
0.0113973121780124,2.7001433288007518e-05
0.0093167994196709,8.900934720864125e-07
0.0041956254241937,4.437302432569067e-06
0.0101864118680657,1.721480867827658e-05
0.0055236635560616,1.318915549145534e-06
0.0119422250955181,2.589861689932874e-05
0.0154049377054166,2.998296212226973e-05
0.0004653542094179,4.4377486334392505e-06
0.0021397389768103,1.078714160787051e-06
0.004207928079689,2.5223943718689825e-07
0.0177926731617349,2.1220335509130407e-06
0.0091899109766604,2.9813595044210642e-05
0.0082154147233857,1.7549685059694293e-06
0.0026642318858099,4.0073023122691606e-08
0.0138332906117211,6.918736862002707e-05
0.0155168255456604,8.276119040874108e-05
0.0145175049688913,3.299905937375582e-05
0.0160090333893725,0.00012263107819283046
0.0199135395926768,3.12508023162545e-05
0.0183947438193716,9.515352543794961e-05
0.017308318493487,4.141483268260105e-05
0.018168680775107,3.638909981400037e-05
0.0058588211845485,2.443205911839331e-06
0.0141155929776996,7.241873884741622e-05
0.015382120032517,9.257951086427468e-05
0.018041393409153,1.4513497886894847e-05
0.0057125610765936,9.212595680197526e-07
0.0184858711028268,6.438630316171538e-05
0.01849700867452,1.5900151121621764e-05
0.0019130198577869,6.313003670372654e-06
0.0159391932807663,9.51466699566881e-05
0.0051991541858706,1.8962880538197437e-07
0.0022639271248443,8.088942623569111e-06
0.0191009513711656,4.9301882703082795e-05
0.0013716451374614,8.639566092835084e-06
0.0136759432580292,0.00011407711294618708
0.0102794796979011,6.624851900318609e-06
0.0066706805511826,1.6562155209339456e-06
0.0018091528022569,4.834891193618771e-06
0.005723847377865,4.792527208006021e-06
0.0184407447134768,8.676311379657914e-05
0.0168108910082245,6.302085139157137e-05
0.0076156602572106,6.52742335096524e-06
0.0069619444967571,1.6673066929625515e-05
0.0124247475679653,3.891033319142166e-05
0.0180589702771661,9.288316289808604e-05
0.013339047008176,1.156750875081661e-05
0.0034866438308298,1.0702211145164859e-08
0.0093936692966045,2.5861695097771173e-05
0.0109671055442617,2.2664581145613164e-05
0.0007973769377011,5.756160185769557e-06
0.012393423643047,2.573609059031269e-06
0.0172386415069349,7.674404520620156e-05
0.0033479226673996,1.2990983584246774e-07
0.0122031621051515,5.796708628605083e-05
0.0004645900465417,4.805387272080577e-06
0.0131749300417032,2.5061423892121402e-05
0.0196593076829398,0.0001617117760696462
0.0049308131640281,1.1430981508365543e-06
0.0125412129935046,5.8324140343770486e-05
0.0175970240354024,8.913733677731323e-05
0.0019144909873226,5.276033738235341e-07
0.0040817807360004,6.540840832664105e-07
0.0022029435789659,8.83578870447161e-08
0.0042525118094756,1.713265629359805e-06
0.0024683944698971,1.188361155255931e-07
0.0082223340176403,3.7374845300738043e-06
0.0160212234595063,3.526625654209225e-05
0.0032930416355732,2.5485643842496465e-06
0.0147290059191013,6.39016691132242e-05
0.0012841415035887,3.4831432809940775e-06
0.0143646232831571,2.8152101032093818e-05
0.0094849418433796,1.4824742750978608e-05
0.0064817711902519,2.007162331471537e-06
0.0042317992716785,5.283144750435109e-07
0.0189488002657872,5.489466692099035e-07
0.0137215486793812,5.6636943553123144e-05
0.00035234549901,5.2121371248325114e-06
0.0143457493951414,8.520937242786715e-05
0.0059784893970941,2.1689387594651872e-07
0.014502176475317,6.97906810218571e-05
0.0081730718721047,7.078501018142419e-07
0.000139117948854,8.02048323870687e-06
0.0165629694730362,9.928356988237807e-05
0.0135621363056694,7.66681404775012e-05
0.001162878914849,3.4520522652954225e-06
0.0175913689723039,2.5550621110055753e-05
0.0052305883763766,2.1268773925980972e-06
0.0029540420288912,1.6500159775449777e-06
0.0112188988035687,5.0589082300367936e-05
0.0127910431181868,5.078188333737955e-05
0.0174544987250566,9.049495987802749e-05
0.0071821898045559,1.269156439888072e-05
0.01862536841403,0.0001207736909403255
0.012619336476762,2.5250523920228386e-05
0.0110949915121362,3.867121781560474e-05
0.0038714465338307,2.525302777995394e-07
0.0134187000787556,3.1992050526762144e-05
0.0183566275460853,9.268038788340323e-05
0.0089294173317398,1.5268204534386285e-05
0.014470849496359,3.0172174149001987e-05
0.001006959957034,1.2767099823378103e-06
0.0155640174601726,4.573762154235486e-05
0.0190722819074929,0.00012326981108627439
0.0095221561778166,4.0519404749221895e-06
0.0022419593480089,3.641295951253491e-06
0.0037334987443249,7.586951609635168e-06
0.0056710632529137,7.815876177609907e-06
0.0169833491128953,6.50016956531327e-05
0.0183116556998062,0.0001020266719300633
0.0129563825392236,3.31059582114945e-07
0.0112604497644525,4.700327922453936e-05
0.0005800825335759,1.4974361032713504e-05
0.0137265462134878,1.0579110575552266e-05
0.0102437790283749,7.208708515066436e-07
0.0013196753828483,5.458414420225358e-06
0.0124409907248215,3.387095992421294e-05
0.0169130442147635,5.1379069776070125e-05
0.0019698555354037,2.1802816808237825e-06
0.0161228326869261,1.364661636331041e-05
0.0132937749983922,4.9746065321140344e-05
0.0068994266442999,1.606056220641158e-06
0.003124443540557,1.420210292657189e-06
0.0078162861128422,3.8780142309489184e-06
0.0017499453865185,1.1373453603761632e-06
0.0185186143539153,0.00010457526384536546
0.0078467014711989,7.911990788610407e-06
0.0090762470785632,7.871051850405518e-06
0.0061150820214263,3.513606311500378e-06
0.0180265443433045,2.9968518622812022e-05
0.0123382690056093,4.3944689501817456e-05
0.0014769465143686,2.0629961449220872e-06
0.0030884040015098,4.4524023861949904e-07
0.0093349881964437,5.605084846558244e-06
0.0015553619240733,3.1314712026192026e-06
0.0112825405367006,5.000260662281757e-05
0.0031904334848336,6.021022503965858e-07
0.0113809503584504,4.9974730188839656e-05
0.0051816629686814,7.716028056290153e-07
0.0192440359681924,4.617646237859174e-05
0.0029949329778741,3.8135357531676693e-06
0.010985385315409,5.47357983156479e-06
0.006580884211193,1.3392704793156037e-05
0.0111096002598868,4.0139529348503666e-05
0.0042632769200667,8.054313075721215e-08
0.0177802499588926,0.0001284129189790302
0.0113372817735684,1.6072335923732734e-05
0.0133891503825808,6.662795880235164e-05
0.0032874681937179,2.7254907337056957e-07
0.009001274320717,1.0063558822758552e-06
0.0087096683564802,1.3172910171640386e-05
0.0041696874188079,8.393915928570759e-08
0.0163858137107983,0.00010802433607603435
0.0050865773577395,3.9486196590979026e-07
0.0105304119372312,8.404361168602347e-08
0.0110605530578009,4.218673857214547e-06
0.0193208062816491,0.00013087377710589563
0.0005943880470424,2.517157461396828e-06
0.0123502584094156,3.963538807093284e-05
0.0172496625428234,0.00012455151122599663
0.0037853450194503,7.142715813021283e-08
0.0144664320924337,6.337915245647781e-05
0.0002158178519144,4.772634666607651e-06
0.0015273637874527,5.860348154804242e-07
0.0046082074783004,2.8009423048419714e-08
0.0017978802009959,2.5461723114017963e-06
0.0072989597387074,5.474627150858026e-07
0.0104307300867086,4.2396372892936844e-05
0.0141954410463881,3.999446571115798e-05
0.0154802136428774,5.998299430668995e-06
0.0133712914243703,2.6666107889046636e-05
0.0149633487884832,6.398441179097986e-05
0.008211752727027,1.2909946668165985e-05
0.0072375309559059,1.575276797649469e-05
0.0085397097967075,6.6309913317130795e-06
0.0037805806840122,9.798744778161404e-07
0.0114776482892207,2.7275122340100014e-05
0.0007492718573171,2.913668327885305e-06
0.0019867640314397,5.435251420441257e-07
0.0129185712530278,5.6010478342183044e-05
0.0026399024303545,1.2241118894652582e-05
0.0131837945590301,2.3454387067847852e-05
0.0185726926185341,0.00010525091191364865
0.0019758359827223,2.58908681731215e-06
0.0177263847104901,8.450342492921734e-05
0.0019605470604629,1.0925689432521937e-06
0.0157464640950881,6.18747309446906e-05
0.0031942329339279,2.0994531373599555e-07
0.0050601979378671,1.3106139436179618e-08
0.0159122210426366,6.638454462612338e-05
0.0182942115112762,0.00011695880035254952
0.0170521828968585,5.648527808472928e-05
0.0075663593562609,8.06165270658997e-06
0.0162862013872573,7.663887786271462e-05
0.0088135666416464,6.585883638476975e-06
0.0144340347884698,4.15309279253475e-05
0.0135347043985474,5.816377889233269e-06
0.0078911355628832,1.1395935366196466e-05
0.0150616989276892,5.1472426111128984e-05
0.0112304252643995,3.7259944030596835e-05
0.0051147937758584,3.034440671957579e-06
0.0173815383015588,6.681084991042668e-05
0.0104738470680422,6.370807736387601e-06
0.0021489977508178,6.025830678308554e-07
0.01605655834081,7.56117965269469e-05
0.0097823541428514,5.452553902980866e-06
0.0089718700262534,2.137575123925158e-05
0.0168387380216063,9.530247344607388e-05
0.0142097477644603,0.00010223996555455583
0.0019944499415311,3.0893109817260327e-06
0.001601461070683,3.089702930744546e-05
0.0083530982633749,8.48115307794382e-06
0.0139809666297889,5.312868542080978e-05
0.0127154468744936,4.081278323699175e-05
0.0020426838207275,1.3017662955131628e-06
0.0120257264167642,4.845437457463929e-05
0.0123726318062495,4.640152245756636e-05
0.0116159320976469,2.503648853431617e-05
0.0107491644401834,2.3633847705922892e-05
0.0126915506642897,4.413492846128569e-05
0.0085211933720887,8.659282106027008e-07
0.0071758149856978,4.248175048527962e-06
0.0118113240650362,6.212848722727036e-05
0.014829811263714,7.792648509829937e-05
0.0065614796962035,4.690948370528511e-06
0.0114436674443054,3.6263929786239823e-05
0.0137381000248409,5.009489289425159e-05
0.0077477075740297,5.735286695130864e-06
0.0145353555137274,6.329999129300033e-05
0.0174198679058553,8.526257199635193e-05
0.0058878631629336,5.646633432040199e-06
0.0128467206929256,5.193583500660641e-05
0.002322169533321,6.808592078961297e-08
0.0041375548940554,1.0361070171616711e-06
0.0132308500471231,7.285686327922555e-06
0.0090789774958565,2.51015494275585e-05
0.0071481978125105,2.7653902856136225e-06
0.0008411726656179,6.2528649261632045e-06
0.014135072774155,4.855448794478795e-05
0.017931486862256,9.117585497657953e-05
0.0059826763998043,2.9657660336251355e-08
0.004251314430019,6.417325820998287e-07
0.0017274080046018,1.0777446133851162e-05
0.0158513110298272,8.134377394123721e-05
0.0117312775512235,6.853070578818858e-07
0.0186931807340651,2.1906699885059223e-05
0.0142046313956269,2.420048990004021e-05
0.0183179900742029,2.139887990257693e-05
0.0179080417139877,5.4026510933694016e-05
0.0048808760354567,1.5491919194607061e-09
0.0102354088583541,2.6238933650335286e-05
0.015194844179538,2.5421101231600653e-05
0.0129735500542309,6.031713238408245e-05
0.0143553713479054,7.13552221341977e-05
0.0159884341094553,5.7708278687867065e-05
0.0060790415828169,1.4112331627714113e-06
0.0145369344275426,5.23313237144444e-05
0.0187177724291994,1.0635433172280735e-05
0.0040212321010166,2.1523754724804067e-08
0.0174674533284906,9.76967700658419e-05
0.0070451899921965,1.1024835367825249e-05
0.0103509453118193,5.014547213179793e-06
0.0174609012348898,8.968513113003162e-05
0.016310325076505,8.022321399977024e-05
0.0072181520466433,2.634021002353028e-06
0.011555403788504,2.5550872816883334e-05
0.0098059287764671,1.4175858851005736e-05
0.004564294100433,8.257395443648803e-07
0.0090252605191516,9.428444503866432e-06
0.0053435509711526,2.0352183318208987e-06
0.0050868192354624,2.7837161352276264e-06
0.0146187207686079,3.204096827871565e-05
0.0126976258586274,3.4395883415263846e-05
0.0071029255496644,8.928698704301456e-06
0.0056538045892689,2.7168508398772676e-06
0.0176312145188028,5.1029295757304995e-05
0.016305458970906,1.882908285816302e-05
0.0066670047578563,1.378469162194089e-05
0.0157091766382382,1.5534046298555732e-05
0.0049261905784133,2.3890983530647758e-08
0.0060856742582723,3.2029391354874307e-07
0.009481122477628,2.479821054004909e-05
0.0088906243714276,2.8269564725971056e-06
0.0022032650497552,1.3146473326634759e-06
2.2561029732193205e-05,1.1813288327551566e-05
0.0137686888445568,1.4107226656046927e-05
0.0140387358599833,5.602556373724802e-05
0.0103569018045264,3.785055820125123e-05
0.0123590367630893,4.012681166589819e-05
0.0170980110699441,8.997418942038976e-05
0.0147687028938063,6.673236354360236e-05
0.0158413404151174,7.899508582924617e-05
0.0034738490729717,3.319356098654835e-07
0.0088455662635883,1.2204092558185283e-05
0.0103627775676468,1.0705819075729169e-05
0.0116216991738228,4.136028612723584e-05
0.0126675990498544,2.6008400377799117e-05
0.0094418934242579,1.7339880352210186e-05
0.0100004294208386,3.3635265579486814e-05
0.0160162636667351,5.444097194385704e-05
0.0128068040333259,3.901650879854916e-05
0.0108406087271849,4.9026132278204e-05
0.0137761633584967,2.2023990187693388e-05
0.0056688193833439,5.979618975295942e-07
0.0159379671198333,2.564973020257603e-05
0.0106980369602364,2.6812624897023474e-05
0.0125934606411739,9.30829466019473e-06
0.0116112619729875,1.3145679409568151e-05
0.0035810187809115,3.6085606951317115e-07
0.0069344425921745,1.417094972243264e-05
0.0172409191317037,7.010813749184248e-05
0.0099594382741049,7.5062237149022625e-06
0.0002134345780961,2.076141850451996e-05
0.0121212834194085,4.464603241881599e-05
0.0087686403901288,3.848638505663893e-05
0.0174329202750166,3.196395999167151e-05
0.0105108998618271,1.573051687577136e-05
0.0172847688376356,1.8649024921112877e-06
0.0133268095554315,4.521969441952893e-05
0.0081086324234296,2.2099313033078435e-05
0.0086338670481671,1.2133886638177885e-05
0.0096914612984007,1.6325519772964192e-05
0.0071706256554946,1.8821554366832017e-07
0.0004699568927229,6.784801950257533e-06
0.0092701709507581,2.2775964297370864e-05
0.006156451265137,1.0234089546987597e-06
0.0050457538163488,3.5353806593235533e-06
0.0101012452605102,2.7058595252935414e-05
0.016968291657973,7.681329677063709e-05
0.0013950172406134,3.5099475890956302e-06
0.0043749358597726,8.998072684034484e-07
0.0154147694783769,7.852293926547638e-05
0.0185094935206375,0.00011434124506722974
0.0064916228377898,1.368207523211158e-05
0.0156819048105389,7.893329503501546e-05
0.0031805744682364,1.7288698250138158e-07
0.0099576919994102,8.054027455850133e-07
0.0050791025023488,4.5320295499335865e-08
0.0115471516735295,1.6881179729468443e-05
0.0059278582160584,4.353947572665626e-06
0.0067302031565501,6.84016247277434e-06
0.0041261145127423,8.968496565425413e-08
0.00462527897186,5.7464010293904735e-09
0.0139566346792396,6.662372190287368e-06
0.0144505410169248,3.726661794091651e-05
0.0116410258736968,1.3588532141459714e-05
0.0012897730861615,1.261049254458467e-06
0.0042727389592413,7.407708450152081e-06
0.0065339294769081,3.1033929054779373e-06
0.0171372635266558,5.683003336679857e-05
0.0196995352588177,0.00014416614442131376
0.0040615502505891,2.2334800552078895e-06
0.0063300315410146,5.684380134778504e-06
0.0195020678722129,0.0001389145882180608
0.0056517628262114,3.895664978645773e-06
0.0131491414852099,3.865363946515599e-05
0.0033341646263802,8.854160375978141e-07
0.0138118271694744,7.214020378974208e-05
0.0046948128779603,1.4895337683220673e-07
0.0150214019960198,4.155541596824217e-05
0.0089720747945949,1.384662162406817e-05
0.0085620115999137,8.24852540905288e-06
0.0194809251227914,1.8132645096171402e-05
0.0098872150185228,6.360976825091251e-06
0.0095009526881366,1.3356740359805535e-05
0.0115651547578981,1.4374997241241986e-05
0.0191109829679532,9.381297438495535e-05
0.0112951788783892,2.4709279590393636e-05
0.0002844231047653,3.351416829310278e-06
0.0130147368381877,2.040601889458772e-05
0.0012745098474785,1.7560866826512724e-06
0.0153212534726484,9.332639854004203e-05
0.015936453079336,4.416750909974391e-05
0.0018912782842839,2.710874821465481e-06
0.0037803707002103,2.90070921745778e-07
0.0108250813980039,3.723120497892803e-05
0.0076901328826447,2.965875447087281e-06
0.0009570313802085,5.279385878188853e-06
0.0181706746723196,0.000112190976290505
0.0160201226343112,5.115487639539407e-05
0.0040446277065055,8.210837672458995e-11
0.0186201937720067,0.0001316442477786877
0.017527927341995,3.692277114593354e-05
0.0140501318869707,3.3522957679694934e-05
0.0043429792847351,2.3208250173564286e-07
0.0109202064299984,3.3002619202807324e-08
0.000462791498088,8.926011632750885e-06
0.0081382334681039,3.1956528202789573e-06
0.0121289298497846,1.8096401429766897e-05
0.0152672988736665,6.052997883800615e-05
0.0122628078188519,4.257527537564838e-05
0.0108192295851454,3.6213818879474016e-05
0.0043078224741875,1.430389644977675e-08
0.0162786259210582,2.2579055277795367e-05
0.0059098075815456,9.350398794445022e-07
0.0063966677768833,7.824513303995576e-06
0.0071740522144644,1.2829829612397619e-05
0.0039371884958869,1.3380517564971196e-07
0.007730156208923,3.978823301723091e-06
0.0036886872875845,1.2262834835012112e-08
0.0141715967003004,4.627131165148768e-05
0.0153725742261111,7.225666381047772e-05
5.4820189279629615e-05,4.111316974849832e-06
0.0195109458345681,2.058018532000247e-05
0.0054195014980834,3.1416083204876917e-06
0.0059237165105272,4.354703960659366e-07
0.009962674602936,9.007754528155037e-06
0.0003200804723058,8.825070238891845e-06
0.004686479124816,2.992221851013954e-06
0.008428848634284,1.0953303384325894e-05
0.0029154782686409,1.1648382738908976e-05
0.0194303426218529,7.819668196996399e-05
0.0083923804941096,7.336076727469318e-06
0.0185650341714954,0.00015373077322774437
0.0112062588001117,1.0353651409382294e-05
0.0024347907724544,4.1162755884112414e-11
0.0091166483999571,2.1654690434679274e-05
0.0043416267182113,5.305348761888306e-07
0.0075178709353699,6.75776378458125e-06
0.008497868661782,1.885642563133176e-05
0.0166473295257066,0.0001156460300675459
0.0010258056041712,1.2601049576287818e-05
0.0087959309295242,1.5182504698254858e-05
0.014666457417092,1.6849683516833943e-05
0.0197896255035329,1.1016326489317358e-05
0.0148538544253727,7.324309754526313e-05
0.0011183138078462,8.360781449353026e-06
0.0084281250541715,2.2032171500137003e-05
0.0078534471594635,2.3420934860742502e-05
0.0152602542121077,7.870663706888601e-05
0.0016508713891902,3.105192113313126e-06
0.0010088356687659,2.5918904207891337e-06
0.012187587971009,1.8995468490000673e-05
0.0050272166264888,3.2554443049438895e-06
0.0139852397520417,2.7393762905018557e-05
0.0014607850624348,9.343505128210444e-06
0.0114178515140194,4.7614885590325744e-05
0.0119227111002605,5.383440889497316e-05
0.0191337681779072,9.655318574281243e-05
0.0118831909947967,4.9259776037749074e-05
0.0134618333846116,4.5754579125011675e-05
0.018361995268312,0.0001326806823415695
0.0192829348637533,9.757624398607684e-05
0.0077499792055726,1.8650820505206612e-06
0.0152706456539436,1.3864601361919096e-07
0.0100098616555014,1.2447894310133653e-05
0.006126619935642,2.895859288105444e-06
0.0079059660901667,1.952708866105379e-06
0.0165137290513274,5.0832203369822024e-05
0.0164926188368016,8.165171142659073e-05
0.015609973718211,0.00013010516235333137
0.0142338178503581,4.46046607527959e-05
0.0094450925150866,1.6824088245332157e-05
0.0150144197280391,5.954774480497614e-05
0.0189143236947412,0.00016587267051605488
0.0134606681832903,1.011493770487456e-05
0.0129301105966301,4.021288307107485e-05
0.0035595365605204,2.3738943551144858e-07
0.0020208555005867,8.030142051120428e-07
0.0010739438977774,1.6802711391913655e-06
0.0187022252020802,0.00013911430460452606
0.0062783797639573,2.4108079065613956e-06
0.0172639312348663,0.00012356182015763316
0.0072108232693792,8.397627922102824e-06
0.0052660860272417,2.9369183628370453e-06
0.0073754454314273,1.9975524057185872e-05
0.0011965357624209,3.5436126076113858e-06
0.0087673076870672,2.4900227761130335e-05
0.0142425836143931,1.01359626709895e-05
0.0114002212231614,1.530759753941461e-05
0.0048924440806217,5.03488471958355e-06
0.0188459642145974,7.824205776363668e-05
0.0193345356961324,0.00011095415374930488
0.0065411688003727,8.081828288062864e-06
0.0153001726685889,9.283663997110959e-06
0.0149884018677408,3.0081854182360845e-05
0.0188290394830707,5.6028858960237295e-05
0.0107169406406215,1.2934808372246454e-05
0.0004185759971106,5.0481722417405006e-06
0.0185654590561763,9.503952955683253e-05
0.0133069321114878,5.1740958830223046e-05
0.0019296851005427,1.5991277501239065e-06
0.0129698011805778,2.3110141402911313e-05
0.0022613885048627,3.7889698958320894e-07
0.0097849890146246,3.471153900933337e-05
0.0166126109591488,2.5930624870306158e-05
0.018913851856667,8.266512663447342e-05
0.0190121770993287,1.8956519733437656e-05
0.0096333195039983,1.6743155477056157e-06
0.0058688106764358,2.3156594708511915e-07
0.001523192475042,1.1622684303476256e-06
0.0128822602174341,3.2740328684761207e-05
0.0145151059330756,4.5944070849614735e-05
0.0130788196030629,2.7531089784504902e-05
0.0059660335970252,9.50561689818059e-06
0.0161638305082045,9.95603061897776e-05
0.0119544448408811,3.8887404381664346e-05
0.0062964113940912,8.569947399241805e-08
0.0021263703206445,1.215884428139886e-06
0.0135019565742256,7.746981306802132e-06
0.0150340160997539,6.246513357646623e-05
0.0181159270022951,6.40661321994898e-05
0.0042486515772131,3.639716803401509e-06
0.0094489999750566,2.1877473625899815e-05
0.0017787362252628,3.5241206487355975e-06
0.0174808671361178,0.00012580547434109984
0.0118288021754065,1.4470481385540339e-06
0.0024682583752957,1.705456354533077e-07
0.0099427863897214,1.634622477761172e-05
0.0084194082712555,9.700721610286406e-06
0.0023898575036488,1.4966854502991087e-06
0.0005859740968138,6.20580818256214e-06
0.0180377470741057,2.5136908100102203e-05
0.0195065010937088,9.048891361342384e-05
0.014818713316265,4.750342046952973e-05
0.002320178399806,9.466853372159813e-06
0.0117127093156064,2.3846367984971103e-05
0.0084424637440428,7.128113000448472e-06
0.0044147104265133,2.1440804932947566e-09
0.0142146601947262,4.91628674874766e-05
0.0029341438778887,2.0168803967932078e-08
0.0046152900939771,6.196704625377203e-08
0.0010828959045456,8.54990553093297e-06
0.0082784503767482,1.3375403457206347e-05
0.0086195977265987,2.4636367305004184e-05
0.0178117497207381,7.202527789730164e-06
0.0137670170018647,1.9958284540820767e-05
0.008556813352371,1.484992347712255e-05
0.016458936959204,1.1925614714121678e-06
0.0014290687729245,1.4918710263521702e-06
0.0019424784395587,2.2091622566466693e-06
0.0044461642653777,1.2376006482029724e-07
0.0050155583106931,1.3373740540130421e-07
0.0015054652363013,2.594368906666442e-06
0.018941807810639,4.542000312885257e-06
0.0079515654194781,9.175412946409227e-06
0.0003300396484328,3.808193972615403e-06
0.0078623341331123,3.601248088485168e-06
0.0120096491272432,1.8543755613966296e-05
0.0179525085384619,8.509759975479329e-05
0.0017911229272789,2.122020164712439e-06
0.0132886993090965,4.366835048526259e-05
0.0035556701626756,1.1919924688883356e-07
0.0140366087405012,6.733154979448607e-05
0.0151846658426973,7.709225279541496e-05
0.002323607803512,8.95705760086289e-07
0.009217779378569,1.6835220700565276e-05
0.000366062201023,3.054469511874075e-06
0.0196499171343127,5.743888915133199e-06
0.006174503805019,7.593242860524675e-06
0.0084817706114369,2.1363840801448893e-05
0.0001006213751623,1.5722786348572142e-06
0.0115512923795856,7.975296019026043e-06
0.0103811859627835,4.712226266634958e-06
0.0177512681722035,5.425113437115066e-05
0.0129970644135665,4.3442125494379294e-05
0.0011308405602777,1.0929604530726354e-06
0.0155056029237365,1.776749357471986e-05
0.0145404973541778,3.791622695388236e-05
0.002728842631546,5.203723861807292e-08
0.0042106444368962,1.7374644096645742e-08
0.0181202802651285,8.082666065198502e-05
0.0186328217272309,5.420881574309899e-07
0.0113516541551802,1.443693470669044e-05
0.0036848503204359,4.455976411398726e-09
0.0141806454410355,2.3321857035181944e-05
0.0130544584510509,1.07970088672857e-05
0.0095840190552623,2.337803898284837e-05
0.0068332070517309,4.1902059107168946e-06
0.0157364037515092,9.058581214239029e-05
0.0124660752297966,2.347760983769987e-05
0.0164396707337419,2.6084536329678117e-05
0.0153285293345225,3.769537139221842e-05
0.0128233002492092,4.2410608292259305e-05
0.0110185206971215,1.2124826519216315e-05
0.0168916896428585,5.019070365670367e-05
0.0016431608226452,3.7292763951522237e-06
0.0156539325222492,4.4738559693825436e-05
0.0053326439991853,1.2954200410342201e-11
0.0171164072957141,7.863797005128389e-05
0.0093450551206554,2.6416165712180495e-06
0.0155415560109593,8.302161428268493e-05
0.011106031299646,2.3059674176985716e-05
0.0133737440992231,4.7572964410025666e-05
0.0187646181920828,0.00010502171687148723
0.0196626225459337,6.624452610298027e-05
0.0026184540508771,5.554132166441989e-07
0.0002205540870668,9.038945976598221e-06
0.0189682200109303,7.375384586600973e-05
0.0170396061600743,7.539273930241233e-06
0.0003175519830743,7.060968617023694e-06
0.0139521027848187,2.542690153856011e-05
0.0042725595577377,1.6156370256268262e-07
0.0006260144408676,5.025666995177014e-06
0.0082248862322345,3.269191100478206e-06
0.0106330143286849,5.146218472897334e-06
0.0016011814658542,6.843530945501724e-06
0.0006405322340224,4.376127354699907e-06
0.0004478223007323,1.0690003701764932e-05
0.00230941472808,1.6148538361087226e-06
0.005868888192702,2.534405373003404e-06
0.0012863918406282,1.5654104140245208e-05
0.0137926162126971,8.909637038542409e-05
0.000476790393233,3.935874208766213e-06
0.0073982757803865,1.455192859287746e-05
0.0122302640568306,3.621115933665066e-05
0.0054510989054228,5.69287551399341e-06
0.0091921485862551,9.101054452047953e-06
0.0044220071114672,6.130530984399658e-07
0.0118341476331462,1.4224795158748444e-05
0.0087336309439653,9.426394943999685e-06
0.0161952422084819,9.417381132656551e-05
0.0014785118033693,1.8892941638176083e-06
0.0162632180492689,7.450365011917974e-05
0.004846713064539,1.312238564134142e-06
0.018595643676909,7.991882848588908e-05
0.0078240874212423,1.2397270652718715e-07
0.013667615079051,4.239866873090469e-05
0.0185894419522643,9.775123854803188e-05
0.0110581004346251,1.6875361892485377e-05
0.0038012353540247,1.589104550820666e-06
0.0018832657655544,2.0342979986397177e-06
0.0039721346818185,2.6899574905984494e-08
0.0110484125622461,2.821172019905781e-05
0.0106411181393008,1.7454705485552433e-05
0.0183018586271976,5.148267061918026e-07
0.0163124646897874,5.318598073786113e-05
0.0150048005043748,5.1169067635441495e-05
0.0025737024666324,1.8646323654979077e-06
0.018426434464376,9.341272227620166e-05
0.0049238118876172,8.362780983941478e-08
0.0130249194510737,1.777645623820206e-05
0.014012452695905,2.661411295730194e-05
0.0040779834855298,2.667490860259964e-07
0.0144695665155475,5.280245914155158e-05
0.0155676525278563,6.899292412652847e-05
0.0054328984856977,7.601197261677348e-06
0.0130955383659996,3.213171510162002e-05
0.0173229298192641,9.475434318362828e-05
0.0096291498532162,6.9260829722857365e-06
0.0116814941282442,4.389341670714484e-05
0.0047574114683157,1.739249850313846e-07
0.0156302775792834,3.63281169591815e-05
0.0194258146221831,0.0001418339358315228
0.0014303038224712,2.689801229823072e-06
0.005701370666527,1.18031761647308e-06
0.0074160371415509,3.105427332830575e-07
0.0167796839130282,3.41035893547645e-05
0.0001122676803508,5.023089403062279e-06
0.0118396707399589,3.492134100833325e-05
0.0173338106969187,0.000138289060895926
0.0126202710217424,9.446404140319482e-06
0.014154139630043,5.5765679285919945e-05
0.0021708726275703,9.845003483745163e-07
0.0110775198201386,3.586401095230403e-05
0.005815194500291,1.1058188750239015e-07
0.0020200775880717,3.3779393565843057e-07
0.0104514766349235,1.144730101746102e-05
0.0194918192282485,9.753335761005127e-05
0.0168187312722567,3.6650929431867335e-05
0.0066647592377627,2.6056376957622574e-06
0.0031511416221604,3.750292401571305e-09
0.0067880710848147,6.835076176179683e-06
0.0104064323143565,2.5989635296129666e-05
0.018041155326572,0.0001180782719069034
0.0098879121415812,1.6693879403117934e-05
0.0078904006841729,1.1464777823673064e-05
0.0155144300639582,6.757236010967215e-05
0.0027891508377902,4.373840761543572e-06
0.0139392273275643,2.5639821201595673e-05
0.0164471418243497,5.7952033996857626e-05
0.0060723118779876,3.0070690072628876e-06
0.0080792207836883,6.295824202670838e-06
0.003798599565685,5.651226889449293e-06
0.0046258132395644,1.1943163245638204e-06
0.0102765967011837,4.062710191982594e-05
0.0182669754096671,5.35593920145601e-05
0.0119181130978503,2.830411425715471e-05
0.005379815859173,2.9468820784857993e-06
0.0152516559432968,7.143036072056561e-05
0.009610451542005,1.784812301694434e-05
0.0074155864373301,1.008519114138959e-05
0.0069582729533092,9.389134695056704e-06
0.0058595351856479,6.37111956143802e-08
0.00988703099349,1.830440112874697e-05
0.0005097559941675,3.5772350146589514e-06
0.0028805388896932,1.4932312696332202e-07
0.0172640752196223,5.666812216513286e-05
0.0114169782887734,3.07590605668305e-05
0.0106639978604165,1.587105821221578e-05
0.0168024489436603,3.134395906562566e-05
0.0121120304588971,1.7412514731235572e-05
0.0001213585808589,1.1874109767274633e-05
0.0031581374291834,4.535384461486471e-07
0.0031968566546858,1.3582083523851406e-06
0.0154859755127547,7.279192270972255e-05
0.0042106125679444,2.575987813475441e-08
0.0106201445502844,2.2668766554861898e-05
0.0119629797696931,3.723199002507544e-05
0.0003961165503976,5.645993477702841e-06
0.000251495735887,1.0079725921923434e-05
0.0154212858610504,6.150692957188556e-05
0.0094003977294414,8.103612626385744e-06
0.0071801502409295,2.0728567989396266e-06
0.0148996286033136,3.5010614923937444e-06
0.0062416672491155,3.961058034480769e-06
0.0085899047880744,2.7014366592260545e-07
0.0115441018625118,4.783362248908829e-08
0.0097420531018513,1.6682378601266546e-05
0.0180136448963994,0.00010209777088991232
0.0063304304690189,1.1382225069093539e-05
0.0070336732897833,4.5638263048638845e-08
0.0132997842611575,3.9417276796972535e-05
0.00799753270054,2.245962052740444e-06
0.0145084235111697,3.695508543207243e-05
0.0082362392912937,1.1810539282343105e-05
0.0074334612061593,3.201142735538923e-06
0.0173215664253292,3.608445341232901e-07
0.0176625873981354,6.744818630595066e-05
0.0142512839154167,5.491738471652663e-05
0.0122170091293649,1.37178219139306e-05
0.0046984030286858,1.8419119243741315e-07
0.0135178208455052,3.527374451825078e-05
0.0154082892445765,7.891536963537807e-06
0.0094629160061425,2.3665730533302618e-05
0.0081002967255186,1.657112954157785e-05
0.0126073884056905,3.331803658898398e-05
0.0072047102629668,7.322596602569644e-06
0.0188126783504234,0.00011657350143487384
0.0078347210272184,1.3902950239357254e-05
0.0100852165140018,2.005188251794999e-05
0.0020074969162363,5.856851328532041e-07
0.0100519176520669,1.670584951551511e-05
0.010510914924062,5.273501028592261e-06
0.0171708875770431,0.00010550138773328575
0.0155781642215546,1.999938398712864e-05
0.0121905045830398,4.0550590049301394e-05
0.0105211629353649,1.782420034431853e-05
0.0156897228163969,5.218095070329561e-05
0.0089259959502303,2.2414445307754456e-05
0.0013567322230655,2.8651042831345858e-06
0.0011983007460646,6.903520007249883e-06
0.0010741376330721,1.134835250428727e-05
0.0199329200438834,0.00012991726196299826
0.0050232241708535,2.8341213120239396e-06
0.0070355872785648,4.6229821600656265e-06
0.0158624965759544,6.896533170311745e-05
0.0076810992644642,9.357089534209062e-06
0.014636709286249,7.32931555297979e-05
0.0187301783602967,2.1322295384680762e-05
0.0038146034156139,1.74434600427349e-07
0.0062020801465761,1.1721109878727371e-06
0.0159929552890123,0.00011373817116727905
0.0023128210871518,6.573451366324373e-07
0.0199119094949396,0.0001057644124617093
0.0148699193805628,5.786269145069143e-05
0.0033704943138936,8.347645673957805e-06
0.0130645199558803,3.353709496623286e-05
0.0022103659582593,6.085369423168383e-07
0.0117019193979475,2.5576134946058123e-05
0.0113044513802339,1.567307531104155e-05
0.0001742398795666,7.111085397859239e-06
0.0158806392736967,4.9919444143020573e-05
0.0090090030849044,2.5133415182735635e-05
0.0138889397167403,6.378467892397512e-05
0.0030278423236071,5.945051973283413e-06
0.0137239132764083,5.8801985674269034e-05
0.0054912730644721,1.012764637832778e-06
0.0062555276817424,2.1397420516354752e-06
0.0150989347120721,3.593521754807852e-05
0.0102581976685998,8.224581708072275e-06
0.0199355907724101,4.106286970336722e-05
0.0158745159786185,3.728247586469091e-05
0.0121946748681947,2.662309271697994e-05
0.0157178162095151,9.734233544757105e-05
5.5862370369530456e-05,7.2466746952884255e-06
0.0075513230071248,2.8025114998609206e-06
0.0062022656194985,5.2050639220352016e-08
0.008085573150495,1.712766422377537e-05
0.010674016023623,1.8460982149518465e-05
0.0022161485256504,1.6562850734662673e-07
0.0038255907182555,2.067892216713532e-06
0.0118633293768607,2.8961888444947283e-05
0.0016316526635451,1.952934036390309e-05
0.0040649231560024,1.5665603124248512e-08
0.011437907722012,1.985857823014715e-05
0.0104146896214501,3.6143617513467636e-05
0.013864219118564,5.266864506091345e-05
0.0163574406854071,8.707286621773045e-05
0.0006775972900125,4.763901494505366e-06
0.0171312144166837,5.886445908408206e-05
0.0194621616444464,9.797688211074872e-05
0.0102351464485007,1.2476643730089335e-05
0.0062863828300282,1.0114873846468522e-09
0.003130424744811,2.2911652178031093e-07
0.0059345507392811,5.288137188247043e-06
0.0076607565966578,1.6144871186373502e-05
0.0054600580954697,5.511983208637978e-07
0.0077120737756741,8.209168713705159e-06
0.0095807615947251,1.412908267293774e-05
0.0024706049091697,2.2718009347946773e-08
0.0017697698156787,4.834805839880469e-06
0.0097978574763177,2.4805980501627427e-05
0.0004016243988908,2.8628999887003142e-06
0.0178823435645042,6.347752740057328e-05
0.0159981869937468,7.256867028950062e-05
0.0181955186911559,0.0001113307142966473
0.0108856421235936,2.166946753716434e-05
0.0061260456975071,3.6084377441997483e-06
0.006584128069872,6.900543845911502e-06
0.0178613262472911,8.649107505472364e-05
0.0084205285691128,1.571875374454831e-05
0.0075579953013923,3.2493454350785082e-06
0.0013989942065704,6.582453344605811e-06
0.0198492849219357,8.347856147620915e-06
0.0055435206090192,2.546706131051956e-06
0.0009193092914822,4.384826385913454e-06
0.0137310197361694,1.7704799670171408e-05
0.0167455709765916,7.29624269839897e-05
0.0119275706197294,3.5294880747925286e-05
0.0042137671906978,5.846213168285869e-08
0.0038482046889717,1.953188787237659e-06
0.0130210313879404,3.334144966310093e-05
0.0031971885011829,8.363672791534037e-06
0.0199801578160074,0.00013883294781429092
0.0127906412296025,2.877842909803088e-05
0.0081420622740385,5.453963275561554e-06
0.0088233409640035,1.386053866200266e-06
0.0112271415950447,6.200608186629113e-05
0.00544465658039,4.83233181893675e-06
0.0076144426787462,8.275430627143434e-07
0.0045981339266133,2.7019130442994874e-06
0.0103545179850394,8.018544958650514e-06
0.0045525996247167,1.8423033549074397e-07
0.0066160939719736,5.1573581329766786e-08
0.0163497930554166,6.605496860500744e-05
0.0053819825648335,1.1753510177274033e-08
0.0110749276546945,7.63081571518542e-06
0.0090829176754177,2.4387467724171096e-05
0.0082848233328008,2.741781909855866e-06
0.014997389386957,1.74300815824044e-05
0.0106730553588854,3.951808524171034e-05
0.0197642948516672,0.00012058313895304668
0.0182094660895655,8.806382681012209e-05
0.0148762617825374,4.574995437989556e-05
0.0173622451408701,9.026550935484177e-05
0.0072376480795526,8.347302130601512e-06
0.0065701888823805,3.389909919931284e-06
0.0079777753743245,1.7260984004217037e-05
0.0146437383585451,5.598866530592967e-05
0.0130917386913506,5.5265729097528134e-05
0.0129179428057793,3.701573836132686e-05
0.0088567858974406,2.458195314139666e-05
0.0024530665827237,5.391892892765787e-06
0.0162119034033233,5.269340320966014e-05
0.019422395151112,5.733306708273165e-05
0.0157800674741014,4.162042291681559e-05
0.0198937561870357,7.922047438329826e-05
0.0113276463206858,5.389001972389628e-05
0.0024127463010182,2.1016803123983416e-07
0.0036638244462684,2.0364341160918763e-07
0.0131644850913459,5.307393953508967e-05
0.0122364862152159,1.1147136595095852e-05
0.0160653540344062,4.065184011315701e-05
0.0186544951369469,3.9908825385963446e-05
0.0018024277152215,5.485365888338199e-06
0.0037650768531938,2.743627191278242e-06
0.0146354908716162,6.823926570575495e-05
0.0199715447557607,0.00015929996921326973
0.0044121826602036,1.4428386574690743e-06
0.018428827373895,0.00010381631453212331
0.002901259319938,1.1411421203839796e-07
0.019698104320419,6.344111868829714e-05
0.0037487254547257,1.2182201784429302e-06
0.002813046599038,2.38708763187551e-07
0.003796151083251,2.610908914912297e-07
0.0040310790069042,2.600847264168608e-08
0.0038157466323697,1.0497906100797222e-06
0.0088224920530927,1.3989781223031932e-06
0.0137776438335048,6.209600496800284e-05
0.0152790520665836,4.3576772307336346e-05
0.0110896240552561,2.7826272834079732e-06
0.0111667459175253,2.2600555832816555e-05
0.0116823140936255,1.9952882685014295e-05
0.0178943155542183,4.0710837656702345e-06
0.009402835989717,4.816289432950021e-06
0.0075416017321593,4.536001875481016e-06
0.0159225462184764,4.810593240331181e-05
0.003390238788803,1.3274253220531286e-06
0.0118330428799244,4.672205887791834e-05
0.0155739433051155,2.371990814257381e-05
0.0114576866778756,2.2468422392752678e-05
0.0075191926190755,6.533876323570242e-06
0.0094512519024655,1.7819071722520138e-05
0.0067782435209557,1.1851343803716276e-05
0.016892485443104,5.531629979441647e-05
0.0063584296112953,4.511675392565831e-06
0.0149829753983546,4.4047801516330635e-05
0.0132771379684612,3.9922549270535124e-05
0.0078957275017718,3.7332907480279395e-07
0.0003410525508813,4.73986796692865e-06
0.0148028033923527,6.19911716489141e-05
0.0055521131826423,2.184922352741433e-06
0.015687923400308,2.1728375143256668e-05
0.0064167244442338,1.5403313624297656e-06
0.0036237542062371,3.308249784332123e-08
0.0045851442481261,4.723306750119295e-06
0.001301829286413,3.2841397728951697e-06
0.0160292305457313,9.534872868073906e-05
0.0152799158508332,2.52186142841866e-06
0.0019675731178195,2.832716160193219e-06
0.0110468600552339,2.107438603185326e-05
0.010963411838002,3.131976155447745e-05
0.0046227870310732,6.225613009935921e-07
0.0041781357407548,2.682342349718947e-10
0.0025711699747235,6.65868437767059e-07
0.0063134590618622,8.174173489621874e-06
0.0047642548645832,1.0608460509680524e-06
0.0147460811109198,6.81985563278724e-05
0.007070126007982,2.4843372602299374e-07
0.0126884972715754,5.693539625817335e-05
0.0083738148336159,3.4363901226891216e-06
0.0052197153606322,8.256222849300066e-07
0.0021677379000899,1.2532514348462187e-06
0.0045007417931856,3.27218562741168e-06
0.0156334825664867,4.3864486581422045e-05
0.0006977978741276,4.101215483694584e-06
0.0161290378191608,2.2181051434142356e-05
0.0136160185286001,4.142157681705137e-05
0.0088052186499746,1.7646355856567456e-05
0.0173992500983654,6.495531966887662e-05
0.0007914620307033,8.458481204788862e-06
0.0190092781449532,9.883465635156039e-05
0.0014104593836951,4.323297336537319e-06
0.0166171119926704,0.00012229650245964812
0.0021678737765915,1.2144254569116334e-05
0.0111224589612671,2.8666259882051473e-05
0.004555485271839,3.935720306149547e-06
0.0140218075534554,5.3095320562938125e-05
0.0069792052125009,1.3137317852373385e-05
0.0080265228825148,1.148405082485889e-05
0.0066822746977556,9.271006768556916e-06
0.0194949536946808,5.886909425542881e-06
0.0187695541727555,0.00010604690560522518
0.0041098472127716,7.803870097002769e-08
0.0122208178409975,3.5403812059507853e-05
0.0074774948769848,9.799118931643809e-06
0.0143268358602014,5.2917713004162264e-05
0.0101173587271812,2.4439817549603233e-05
0.0009793189884701,3.34336650234154e-06
0.0057313112748011,1.3978673774400988e-05
0.0168734997059938,5.96705999314969e-05
0.0079099598504354,3.1609205571612946e-06
0.0067431386385409,4.618628667628227e-06
0.0110645258135513,3.299883856515559e-05
0.0033627539281988,5.6540305271301037e-08
0.0019469379989782,6.477709817453758e-07
0.010316435028147,4.398205884315515e-05
0.0083089616600015,8.157320297144152e-08
0.0156880831729236,4.363161424970779e-05
5.090565874779296e-05,1.0924762530774298e-05
0.0113821487007415,4.499234064798433e-05
0.0193560254527813,9.520552077935006e-05
0.0142941478878277,2.6357687296777496e-05
0.0040452885470853,1.227197092511419e-07
0.0038492152409564,1.2168823834357879e-07
0.0138811745713576,2.666552943476669e-05
0.0091235500603334,4.053038899619047e-06
0.007943150002224,1.0937035368365306e-05
0.0033834393580784,6.700053914472101e-07
0.0192690027130072,0.00011974766606095677
0.008360146071223,1.0294500817356734e-06
0.0180063027072118,4.38120262339862e-05
0.0069429239217453,7.6352479269591e-06
0.0055700789204069,6.453884221872204e-08
0.0178552271891633,0.00010878322897328766
0.0028397871836675,2.5205823171809688e-06
0.0144958888323264,6.744429787414062e-05
0.0048421956753194,2.0915853885514018e-07
0.0024339604697147,2.5520443392335797e-07
0.0129843740912268,2.6267550209587046e-05
0.0115585765215245,2.9564367469691025e-06
0.0107088545586825,3.507503630129866e-05
0.0064679872093086,8.040793917650653e-07
0.009277806339049,1.8666665129233117e-05
0.0168566424794814,9.535266279037256e-05
0.0043242533003512,2.985389833464772e-08
0.0153351027159711,3.066432719308651e-05
0.0114050276757411,1.1657784793943932e-05
0.0150707425237779,4.1958294629551314e-05
0.0042438971615364,1.306501106312045e-06
0.0167790028375545,8.950526455106475e-05
0.0106146923484031,2.40132920779073e-05
0.0024050738989722,4.277355797180429e-06
0.0155778102250424,4.5330889450298815e-05
0.0148174532498716,5.174693759126567e-05
0.013357220138525,4.0524722386588306e-05
0.0124521385506516,8.362320620874496e-06
0.0066488305199624,2.0855857786815264e-06
0.0105629837205122,2.288233460672329e-05
0.0145167633178805,6.767696953657084e-05
0.0031020081642599,1.9156310724168452e-06
0.0099838840649147,3.15729681857264e-05
0.0079354744625986,6.5617099518837234e-06
0.0079637039644092,5.0160848710233485e-06
0.0062203671858518,1.2241254504022363e-05
0.0049571696678818,1.0538588848675694e-06
0.0089025705898564,1.5603100723494456e-06
0.0156262272748221,7.332634926325457e-05
0.0127904712678527,6.712342055642565e-05
0.0149148203994274,2.98065060562774e-05
0.006271486663313,7.548438283576798e-06
0.017185441790623,4.8472582707331225e-05
0.001121545621946,1.7402569274325912e-06
0.0185467891147372,8.463063341144802e-05
0.0100065398489277,2.2846805693438288e-05
0.0006753394688722,1.0129082293909225e-05
0.0009386967566517,7.4176573222736765e-06
0.0130224302795188,2.9669573880185892e-05
0.0129829253645071,2.1128597084128245e-05
0.0157791984406684,9.316859622164528e-05
0.0139307933402509,7.283527164391017e-05
0.0038629197691256,2.212529647222396e-06
0.0125642299405252,2.1730673342315956e-05
0.0158178923462837,8.813371926843618e-05
0.0032055053685058,4.2411710793650716e-07
0.0165831206511632,7.915105264506328e-05
0.0117126361443574,2.497618875062228e-05
0.0001185086215228,5.834330755928875e-06
0.0011612511302602,4.246314900042922e-06
0.0008974926769495,7.570174139460873e-06
0.001717844125057,1.7916850550151632e-06
0.0048600977758181,1.217544528338519e-06
0.0095986775100673,8.493240571107253e-06
0.0133915259237559,5.6576483581648814e-05
0.0146771144647316,1.4173530577157531e-05
0.0161471052831751,2.613903901188918e-05
0.0083318155443101,2.9668411090150006e-06
0.0095251292379455,7.0878451765647945e-06
0.0035713337368037,1.4583932818449431e-05
0.0073170748608535,1.2193828920858431e-05
0.0125455590677969,4.627308126964233e-08
0.0135304484060903,2.7130907992825953e-05
0.0055069828940583,1.354999799093532e-06
0.0047698955486568,2.3079108410645416e-06
0.0165762677514553,9.306290365556829e-05
0.0114677500325492,3.479841874829777e-05
0.0067650741593759,1.1426845725569163e-05
0.0072101007083083,1.2652764250231688e-05
0.0059368765507959,2.553063609589314e-07
0.0071740776384381,5.9915241022102765e-06
0.0066392623637288,4.807418622204102e-06
0.0111928554622908,5.5068090081414155e-06
0.0046957711850622,1.9108601902231377e-07
0.0169841823704435,8.84640299643945e-05
0.0153337972561812,9.6207307198005e-05
0.0193636893780375,2.1928673708149947e-05
0.0101098249250418,2.8008498437865628e-05
0.0096176167694874,1.4812020093663304e-05
0.0107810958177883,3.8398346733723785e-05
0.0151721469335326,8.645942414280663e-05
0.0136268624039302,6.72641213999484e-05
0.0166454755661871,3.695885807938921e-05
0.0098279667479153,1.3466374567922609e-08
0.0134131345721702,4.57271802965294e-05
0.0086135789988964,1.5684445603508592e-06
0.0046342383353877,2.747317129869327e-09
0.0106189964590481,3.668912070352671e-05
0.0125227748107609,3.0212813837263156e-05
0.0176108639924268,2.2613291997926122e-05
0.0181546374766125,6.0463672258294774e-05
0.0193547149111704,1.2118538514397468e-05
0.0037264981270741,1.319641488707504e-06
0.0115017909673847,3.8454023389659216e-05
0.0198487439160613,5.6467424156105793e-05
0.0082810962894266,1.1170126595834201e-05
0.0158959243022111,6.952165268264665e-05
0.0069402082183805,7.934041467946555e-06
0.0038322459283971,1.2326146781491524e-08
0.0162624551759354,4.889257613443028e-05
0.0105665287762398,1.5170654830742174e-05
0.0127621624786331,2.3665811407185634e-05
0.013959758683471,5.223150903789274e-05
0.0174934927919389,2.794549403065529e-05
0.0094480218575516,2.7375032431583e-05
0.0077611814899332,1.0757850072776458e-05
0.0148352736278121,8.601650085402997e-05
0.0124521810711185,6.32869652895829e-05
0.0146306852236176,5.813348454857858e-05
0.0017159429750917,7.889224381347451e-07
0.0087728796915376,2.265772199437743e-05
0.0122742571137485,4.8115104078608324e-05
0.0176747229137836,7.489927298207777e-08
0.0130614375865685,3.446156132993866e-05
0.0064142390677773,7.2893441211432825e-06
0.0188896347584444,0.00013010988384271432
0.0107390480613655,3.436471985434148e-05
0.0110367294080554,3.662070091784708e-05
0.0133139080091555,5.3969537328582275e-05
4.979216145373888e-05,2.074009768857869e-05
0.0172451660271041,1.8179566628080756e-05
0.0123425454645079,1.5934806788634276e-05
0.0157030008279367,6.0255955750765976e-05
0.0105373850440575,1.5648059318222348e-05
0.0113962722035598,2.8919524024609247e-05
0.0019659794963464,6.126941585971147e-06
0.0143882117609551,6.27669084794469e-05
0.0143555357309649,7.774485870599481e-05
0.0072611413979205,3.082625363894202e-06
0.0050128076767999,7.12731815462749e-08
0.0058809620761114,2.4453628737658017e-08
0.012100841867166,4.16279647378378e-05
0.0028752971971512,1.7263769760364586e-09
0.0055497903238506,5.016521494417259e-07
0.0061968752481833,4.503678421272794e-06
0.0165461027228404,7.604947458192063e-05
0.0113131505748028,3.070976657973115e-05
0.0135377460861157,2.2675709204435503e-05
0.0114091202576174,4.0565292976510276e-05
0.0057722404774868,6.068217552256282e-06
0.0139769649361708,3.0498588481805134e-05
0.0030304283236557,2.4208201565464393e-07
0.0068781836215219,2.0788677156157874e-06
0.0126214239081886,5.115141976870577e-05
0.001829683277317,1.4427647871512426e-06
0.0087442066062392,7.080543603099038e-06
0.0197459763370374,6.055817269305824e-05
0.0091280231368814,1.0144563174940295e-05
0.0187487819982578,0.00014038857169457278
0.009427604070695,2.9985500564459974e-05
0.0124656889123628,4.021480856364662e-05
0.0036372050190033,1.3014728244103464e-06
0.0093374299683825,2.9738608336102672e-05
0.0159059832371267,7.676826350499881e-05
0.0036019352531384,5.2890643595380804e-08
0.0056157422109219,1.695653580952189e-07
0.0084644757246661,8.14809882901885e-06
8.030995316166356e-05,1.0858978531113856e-05
0.0162145122803012,6.618486584521032e-05
0.0167326224242009,6.810667869934418e-05
0.0058591384048026,6.264198999967572e-06
0.0109862695655842,6.941528953459856e-06
0.0130757814509305,1.6036193978206497e-05
0.0015196346046332,2.1434085399098253e-05
0.0003593630697504,7.392010532079515e-06
0.0052068423032769,2.105909044313923e-06
0.0142652727756089,6.360239216748707e-05
0.0092764834742323,2.8433028564705076e-05
0.0168847032200447,0.0001164015562707282
0.0138447413851479,1.9521155706025162e-05
0.0196032532390854,6.188475030465758e-05
0.0088327618465133,1.6618579450324165e-05
0.0104243224903108,6.25361631165597e-06
0.0074623275057751,1.0110911237896266e-05
0.0034213566666227,7.0288583699338e-07
0.0193863192961561,0.0001618739852242884
0.015755951734526,7.911914169744615e-05
0.0115904160293913,4.012798398812245e-06
0.0101592209818877,1.5242244147813441e-05
0.0088337697413892,3.187272515398356e-05
0.0010454819418068,3.109026067111452e-06
0.0078088638609893,6.260517631136164e-08
0.0005754231016162,9.738579803844048e-06
0.0180181145966067,8.863564810218823e-05
0.0064598767694913,1.378758778391352e-05
0.0093807491136195,1.0694458700739314e-05
0.0020744919952473,1.7219223912862558e-06
0.0176635564636785,0.00011509512050326493
0.0076578102002107,1.2545486421092633e-06
0.0072151262240276,2.162823772128961e-08
0.0008743297449299,6.36885764901293e-06
0.0106324471385289,8.623835312494308e-06
0.000687298808039,1.5530677431831164e-06
0.0038350097410968,1.389962646251895e-07
0.0195558281205878,0.00010566380217663143
0.00928220006024,6.470889875925334e-06
0.0130823159247181,8.913591442276304e-06
0.0058913002519149,6.854615135890401e-10
0.0028421998771984,8.098905831200753e-07
0.0122874507139529,2.887682987858003e-05
0.0124481684328562,3.28294145933794e-05
0.0130892895817663,3.347135664310904e-05
0.0007503160264864,1.7448742721339386e-05
0.0013695967192954,3.7742234345198003e-06
0.0081239816214342,1.4365200101028997e-05
0.0178500002783728,7.935055072213997e-05
0.0043972831293616,3.6216222069119225e-09
0.012763602435732,6.015179687138401e-05
0.0025823821076755,3.738473418831302e-07
0.0128997710632872,3.406618418465471e-05
0.0072066011600659,8.013305885346252e-06
0.011508169598433,4.218553757232367e-05
0.0183362217459296,0.00010014446194740796
0.001180897123004,1.3084046127817577e-06
0.0128917968786201,5.5988981123978386e-05
0.0031931971600479,3.268247261237139e-13
0.0186696534702215,0.00011700814301970738
0.0190939031013898,8.504858624068562e-05
0.0107817423920004,3.671808381213944e-05
0.0005634780048824,2.142114915849379e-06
0.0087509615027584,5.987707005724096e-06
0.0040638320697216,1.0501484345224854e-07
0.0040466116036817,1.6184917164603197e-06
0.0072610821782104,9.55648705595268e-06
0.0177507224381552,9.784248777892193e-05
0.0172050793723558,7.957190353421582e-05
0.0126113836731141,4.0938419223426684e-05
0.0155575648163953,6.017774888976362e-05
0.0179637639721749,9.683649005438885e-05
0.0184195254516155,3.209933127178416e-05
0.0113593526306069,5.5917696280755426e-06
0.0175161447237859,0.00013279516860514445
0.0156910298636264,4.6893343969300925e-05
0.0193517817507424,9.603196040137635e-05
0.0143538156269288,3.740717821918371e-05
0.0195583850082578,0.00013140672039573694
0.0063618300570937,4.026492767097788e-06
0.0160406002603905,1.9619941986959646e-05
0.0171049278923226,7.165370122020945e-05
0.0034796085769514,1.5322493881592046e-06
0.0095334745943261,1.6125617289051288e-05
0.0107012343712715,2.4274709043947913e-05
0.0086761908442148,1.3988628214467365e-05
0.0114362050369193,1.974099574251495e-05
0.0110773376942148,2.2902501374763066e-05
0.005963550385982,6.691826321388387e-06
0.003826039661575,7.704404338372438e-07
0.0143484452723908,3.679380131614717e-05
0.018595599818213,4.995247778168141e-05
0.0114727359905301,2.798581175543409e-05
0.0043927219244876,8.468839586296719e-10
0.0152201951868811,4.409963631088659e-05
0.0011201407142374,1.454537484259498e-06
0.0143140458089426,3.820084024809494e-05
0.0079385593984017,3.23973334419654e-06
0.0087123983412897,9.396427640343894e-06
0.008489214973826,7.555938020228555e-06
0.0024570959711823,1.0919502260671294e-06
0.0051552529485507,2.595917804844194e-06
0.0072487132828184,2.5939949810664044e-06
0.0190969619613678,7.012848888970032e-05
0.0184452536984479,6.19413153077738e-05
0.0016947523840776,3.2370844267724842e-06
0.008900162777692,1.9706036158973877e-05
0.0011138104258863,6.2436458129417435e-06
0.0156353091325023,7.780801542888587e-05
0.0144618914097502,2.913503878458301e-05
0.0008547557747317,1.4080681578557981e-05
0.0120459051816834,3.571480851616015e-05
0.0081046745792721,1.560297721417906e-05
0.0168322371885238,2.8260980109755535e-05
0.0017436334573239,7.478990170655006e-07
0.0168176628693961,0.00011287500332796137
0.0191771233810152,0.00014303507781568913
0.0142670232895683,5.690404323617986e-05
0.0103684728433591,2.5960722342517973e-05
0.012634801410324,4.738366037609563e-05
0.0010291586321421,3.2307481313474966e-06
0.0024851383775566,4.0815062668494015e-06
0.0094779026514481,2.0651614831478812e-05
0.0045910288977783,2.499385546428899e-06
0.0098153273380807,4.705837601106939e-06
0.0033818664152817,2.632096415297092e-07
0.0052327812721698,7.810062777442612e-07
0.0011287612905024,4.570002771653733e-06
0.0005244904701274,6.712470623226988e-06
0.0184672858752085,4.075494962460203e-05
0.011569769714084,3.321461117303076e-05
0.0040295294177165,7.393079065545405e-08
0.0047942471754512,8.06211174870347e-06
0.0118213689931352,1.5492018915140318e-05
0.013233913513448,4.288341455956878e-05
0.0104508387598885,7.838193305675918e-06
0.0038994398501798,8.579660910435988e-08
0.0177639502091232,1.2471744886251333e-06
0.0182710673160981,8.515097525401644e-05
0.0008380253826769,9.98802771234575e-06
0.0090726314116111,5.452069041903815e-06
0.0037330999784525,5.996339305874422e-07
0.0159033002487927,4.071140905186714e-05
0.0088193840538458,1.772225678114831e-05
0.004310931779659,1.7908837891831292e-06
0.0007874387027591,2.9127452889425144e-06
0.0141480850436766,7.908396814153596e-05
0.0073955816256925,8.562014082017335e-06
0.0122816891014496,1.6145488613796198e-05
0.0187459163133672,2.5546158657622033e-05
0.0126959356269496,2.9926206495964467e-05
0.0189279152036669,3.269592282026164e-05
0.0124909139242274,2.94764157995639e-05
0.0002304562904033,4.968080488891171e-06
0.0042937043595983,2.702627264466437e-06
0.0089961117078946,2.3611364155936482e-05
0.0112616515936209,1.2058209935981919e-05
0.0005091182851063,3.5803913207949984e-06
0.0098662194718443,1.060711094247731e-05
0.0071202788340989,5.625569209257907e-06
0.0182397201581556,7.557928772837189e-05
0.0063139051678474,1.285904422280186e-07
0.0043315543498829,7.991646105066624e-07
0.0098068855939148,2.0242314669707653e-05
0.0077652246650352,1.3240592611057272e-05
0.0122335539336987,6.60127752209724e-05
0.0155661629367147,0.0001309474389071681
0.018087853657003,7.196339186612329e-05
0.0084257331043608,2.1034550517166347e-05
0.0049080173617725,3.720371954389514e-06
0.0156261047617151,7.422742669835923e-05
0.0038534282405073,7.210744838995908e-08
0.0166399891095667,1.775198568964676e-05
0.0190676187258855,8.07733828836854e-05
0.0168734686767189,3.836654948004664e-05
0.0097971036667152,1.9737659086782486e-05
0.0058249676662195,3.2152107563725774e-06
0.015601177697061,5.326064312601069e-05
0.0189250843249698,6.972435599405791e-05
0.0021534455741721,5.594249868491199e-07
0.0078495674149677,1.0475414051651212e-05
0.0015666749779351,1.2340445130029722e-06
0.0124268635323336,4.523870150405246e-05
0.008988191516021,6.7891365877964005e-06
0.0052733580339177,5.027132604286426e-06
5.310066043399564e-05,9.505417645700765e-06
0.0004518216109012,8.287690664946488e-06
0.0046335887674741,4.2253737482902124e-07
0.0082988672309077,1.7804276254673833e-06
0.0021075631880088,1.074904966604235e-06
0.001917355705931,4.910507840439054e-06
0.0119621875913206,8.405143700983196e-06
0.0130348269008236,3.9750425063197704e-05
0.0141616069680475,4.329820161620557e-05
0.0144313561396899,9.642045536436919e-05
0.0177451923352915,3.167460623776507e-05
0.0075364240968334,5.749282316900838e-06
0.0117102911879927,1.716059879477121e-05
0.0192166450237856,3.090997475218227e-05
0.0098278030423941,1.2377329400039172e-05
0.0166516210317605,0.00011193563027948512
0.0169909620700073,1.789536375834162e-05
0.0016160265624858,7.001514744864938e-06
0.017007134648145,3.433841778987761e-05
0.0056453970946041,1.4480775584594263e-06
0.008420186429664,2.9040838142640245e-05
0.0120880263865451,2.8777645279083943e-05
0.0155581099050433,4.958275180961245e-05
0.0117671104605298,1.0754939054775799e-05
0.0069651853988194,6.5812035692172575e-06
0.0155337479893921,1.125790658111549e-05
0.0046911029789896,2.4693011769612434e-07
0.0025685705611479,1.4338306518011187e-07
0.0189537054209428,4.7691651081385426e-08
0.0080641982864511,5.5985986569550545e-06
0.0113655107490796,6.256874701798103e-05
0.0085129503441289,5.506069418427652e-06
0.0030118171160152,3.114914914163071e-06
0.0067979828033071,7.492966594259253e-06
0.0024941006105526,4.492643146337715e-09
0.0012345580028505,4.456965672953605e-06
0.0013270799759732,2.8641958924660417e-06
0.0164314045902021,1.7884276855790663e-05
0.0051285794042124,8.435068230890814e-07
0.0188812116712653,0.00010488084006995423
0.0107928765362224,2.398950522606209e-05
0.0111274119379141,2.0213591835458287e-05
0.0173300383353893,8.972203766404854e-05
0.0075636915643873,1.4301726985356584e-05
0.0089778145226754,2.137520314378596e-05
0.0118065452222907,2.0121823680894303e-05
0.0046535896112709,1.4321045601093423e-08
0.0182705760550269,0.00013455140068710598
0.0102775744814199,3.384579323945376e-05
0.0070451735321207,1.0265311189090173e-05
0.004832076683546,1.5217854299498483e-06
0.0056435969904289,2.630876108290178e-06
0.0045859896112991,2.4049797160968783e-08
0.0093400396135667,1.3648518254755854e-05
0.013165413425574,3.817029658455102e-06
0.0131245172055728,3.8913835501687026e-05
0.0163325344755616,7.413764508522021e-05
0.0077228841382954,1.1056440278066316e-05
0.0013535965551621,3.91806380820388e-06
0.0004779555919375,1.6116984477447767e-05
0.0134679400108285,4.018906070858936e-10
0.0013643737973948,5.738194544685356e-07
0.0011480005505288,8.760684771878489e-06
0.0096562670289927,2.586849968427056e-06
0.010644263362087,3.4575131976201906e-05
0.0166056003907978,0.00010281849617460923
0.0135410595396197,4.2177081147250414e-06
0.0156373008313822,6.457216379186006e-05
0.0176495090755492,8.061737734134582e-05
0.0012344868486789,1.320857011364247e-06
0.0072208878507734,7.066736654073988e-06
0.001039856618609,1.2098646758335625e-06
0.0138518633973669,6.0685786961349045e-05
0.0171319691720999,0.00012064549672693948
0.0015779226177861,1.293625350552112e-06
0.0131894295858442,5.4902417300532587e-05
0.0131870747302684,2.547260090433247e-05
0.0026453528548605,5.348597688837583e-07
0.0096538573165402,3.6489627100052306e-06
0.0114515206931601,2.016134135424106e-05
0.0188963823514359,0.00011269251251180666
0.0100869741276741,6.928887555059658e-06
0.0069679711546297,1.3510948655186586e-06
0.0129927074927355,2.6675271301508045e-05
0.0045707660022853,1.7738576268568692e-07
0.016309784631834,6.624558281208599e-05
0.0144492689700851,6.812780731103968e-05
0.0172016683907509,7.754081853627968e-05
0.016825591670937,7.849403742004751e-05
0.0140467368185359,7.658588722451254e-05
0.0092993284456658,2.4504988183064962e-05
0.0194992274353269,7.813077011832394e-05
0.0004647888255044,4.9205721087021674e-06
0.0143968167528252,7.768997543810107e-05
0.0022039266288826,1.5385706570689946e-06
0.0010164004983704,1.5368698616750092e-07
0.0025820770102483,2.0976030264575963e-07
0.0118483599987547,3.9098495483028966e-05
0.003621638733443,2.1368699824831908e-07
0.0177934001428357,7.367257087795788e-05
0.0041787284362563,2.083312942023286e-06
0.0036216835628592,5.279766667936943e-08
0.0077580505166357,8.431657527058018e-08
0.0097474585853882,3.695467028799085e-05
0.0081666879259949,9.395242367729059e-06
0.0178993851993425,0.00012884458929893176
0.0014996246330205,9.583586065508924e-07
0.0090571988361977,1.923055123485769e-05
0.0160869247109543,6.801419272902331e-05
0.0117246274825147,4.476057712568511e-06
0.0044348350519703,1.266257547760649e-06
0.0095053854511333,6.0993938442977995e-06
0.0046517671963857,1.960752269712108e-06
0.0146720479890973,2.802366865586908e-05
0.0161556108546163,3.4694853479778986e-06
0.0056692420234522,1.7870621295131833e-06
0.0057235349123258,4.0644214109008246e-06
0.0111310882808444,2.0246662679747142e-05
0.0129719281138032,3.633030053866778e-05
0.0170177446597973,6.745298029403673e-05
0.0106586700980142,5.58970785424989e-06
0.0127090946315571,2.670322541884713e-05
0.0162388645537958,8.90129939853474e-05
0.0046802528512814,4.31298108123915e-06
0.0034660719816016,2.9704298253374004e-06
0.0091597913156405,1.3256745725568022e-05
0.0143201665217279,5.070435940285099e-05
0.0105597974733295,1.5490005755930623e-05
0.0112879955126089,4.78007227523408e-05
0.0123829376573866,1.7056841024552552e-05
0.0100063109529638,1.1269988450236956e-05
0.0006767430835006,6.8897674629915296e-06
0.0126625876600333,7.684155412833262e-05
0.0128148125332154,2.7740386403444877e-05
0.0172275720884775,9.134487357167104e-06
0.0123606337412119,8.968343995571162e-06
0.0180168469677443,5.6000502791145773e-05
0.0104380614225356,3.626205948190885e-05
0.0140007814036015,5.6684689210237785e-05
0.0081465839423637,2.9838215541238898e-06
0.0101918217625164,8.027689579653963e-06
0.0017656486444404,1.0190908197698428e-05
0.0022075903442627,2.1713685474304008e-06
0.0110640993776239,3.2048964343394434e-05
0.0024278379370643,5.411081368056038e-06
0.0195373025902769,5.2764577186326835e-05
0.0020494249808293,1.022514045765762e-06
0.006610434055996,1.6872938513471677e-07
0.0039468507927923,3.308970636839073e-07
0.0067626101141429,7.82872944920868e-06
0.0197933677360344,5.45539406478823e-05
0.0005648635392607,5.235695582284476e-06
0.0020005796739598,8.825954815775217e-08
0.0108651326762203,2.4893228753834045e-05
0.0198228348218084,0.00014230752027649332
0.0038289470471187,3.663386321242558e-08
0.0187357247790815,5.1108680358649396e-05
0.0194883806570534,1.139794326530745e-05
0.0180679874062481,3.612824875690824e-05
0.0016717105647637,3.934842307808593e-06
0.0096029660379109,2.7165724348148128e-06
0.0006777938504319,1.1179618809432236e-05
0.0199513310505468,0.00010924161833567886
0.017466028327853,4.7844720455027476e-05
0.0131920995417514,6.311845572275023e-05
0.0181136131309481,0.00015001845785085876
0.0108123811386412,2.5251071276734243e-05
0.0052423459390629,7.211475199421583e-09
0.005937263650993,4.331853085742499e-06
0.0163076303801644,7.159306332053941e-05
0.0008827457059494,3.707267398694259e-06
0.0145570126074031,2.38378951250579e-05
0.0184705448757746,1.2696638937026437e-08
0.0024657531247944,1.336286893532172e-06
0.0058572976361416,2.6899340648608533e-06
0.013735507962498,6.0828212707437236e-05
0.0072958812683829,3.8593811774422694e-06
0.0173528325858767,5.756723111458381e-05
0.0187056110766326,1.0045265314837186e-05
0.0048460040627171,1.771124997626039e-06
0.000698233007202,1.2962554600518453e-05
0.0087858760433933,6.7965443370315616e-06
0.0176740818743136,7.589080032996827e-05
0.0060656729037703,1.7363997707106297e-06
0.0059822161697889,2.056956828937183e-06
0.0114902612433614,5.4335452130819384e-05
0.0133323871811125,5.233608357072933e-05
0.0059651091823634,3.298586882071403e-06
0.009311452736593,2.773517303158731e-05
0.0197658825899863,0.00012151034179406399
0.0141441930287494,5.153097507606174e-05
0.002937721830996,1.9349228349876695e-07
0.011043356213949,4.020223261817265e-06
0.0154711445178565,0.00010583379484861923
0.0047003256831277,7.498226918194985e-07
0.0069163543794235,8.677497869698791e-06
0.0029280654569884,1.3364229854653451e-08
0.0181210558960861,7.509037108035468e-05
0.0015172788161312,5.014906071887522e-07
0.0063357630659245,5.532859177529637e-06
0.0060942081266725,1.6486966477215196e-08
0.0041531003540506,4.826472064882452e-06
0.0178034207528198,6.254853017742007e-05
0.003057585594936,6.858154304949616e-06
0.0127315711129407,7.447922196711085e-05
0.0065063156854051,3.0989365621160087e-06
0.012235004742995,5.627733013083556e-05
0.0029927941964866,1.093987503859301e-08
0.0169460492972762,3.712519317325029e-05
0.0193047845483364,3.484300753465016e-05
0.0157487510645847,5.1604174884699125e-05
0.0077773596561036,1.4317928496232638e-05
0.0155871160602281,5.33551389620337e-05
0.009451967490915,1.1229453553177012e-05
0.0044824861423861,1.2913589368071458e-08
0.0186115828466627,0.00017905800437234253
0.0122636737755326,2.9289776229749697e-05
0.0037738205083012,1.2538511395252787e-05
0.0174311126980027,6.771609264775953e-05
0.0064258709456365,9.3432241943446e-06
0.0044524573328702,4.98177780962822e-07
0.0142792894186821,4.1249384341367716e-05
0.0079919647500373,9.483775471641476e-06
0.0020411860493329,2.324920989096221e-06
0.0110216976730536,7.757053892185884e-06
0.0046462479231856,4.487218044018953e-07
0.0003442321514568,4.868703723019869e-06
0.0189702714545548,5.366228075654288e-06
0.0019995934057271,2.9933666948038877e-06
0.0014883227777518,7.444831270104734e-07
0.0079234852333361,6.461137928032386e-06
0.0088648198742628,1.586610799390591e-05
0.0074449249638014,1.3927732401712605e-05
0.0090517796818512,3.0083116961140574e-06
0.0089593750957814,2.7967149886720465e-05
0.0004932480555053,2.0354881794834886e-05
0.0055791501390339,1.036230675504738e-05
0.0068097866356187,9.2067018507904e-06
0.0080280726728293,1.3485355256730345e-06
0.0055511496433192,1.31069288668531e-07
0.0174430065511748,1.0481412506964655e-06
0.0129952661486635,3.011369901851998e-05
0.0014586819190298,7.74624356298183e-06
0.0199150138047575,1.912803471228258e-09
0.0177578729445934,2.7342975601060136e-05
0.0137514355028357,3.426960824474699e-05
0.0092613151517773,7.199454094697346e-06
0.0023905753800926,1.2133139253764182e-08
0.0169804748269284,9.681938611904464e-05
0.0032811579216382,1.0721731671436833e-06
0.0115411299148397,4.826692886927252e-05
0.0143532590201572,4.5519984864612e-05
0.0156408488215056,8.326571675656843e-05
0.0038005870526861,5.020965190324364e-09
0.0195714399127145,9.394959259354992e-05
0.0185029537353961,9.206269339100203e-05
0.0036865948010942,3.467713349778135e-08
0.0185658837891203,8.893752113040061e-05
0.0071475727207471,9.6661238718338e-06
0.0182040849421163,8.47253534179009e-05
0.0097422206145883,3.8030000764082874e-06
0.0115113528073267,3.832039576217923e-05
0.0132840852672105,5.402297969479066e-05
0.0195432871066942,1.3577990382930037e-05
0.0181943162136718,0.0001334088403448614
0.0074841510349811,1.0344571640685396e-05
0.002685742256795,2.9336765476812243e-06
0.0189562214158185,0.00011785565829509308
0.0002801119041332,1.2444833865677584e-05
0.0078814019746112,8.648589348882041e-06
0.016621955291083,6.94100682960394e-05
0.0113107961624013,2.2903139811359935e-05
0.0072425021342799,2.2382937777918166e-06
0.0091203548836869,4.6924121478333714e-06
0.0023931678273436,4.632808560539661e-06
0.0176469679217153,0.00010392253245190217
0.0126890454526073,3.017131959134372e-05
0.0131467371085618,4.443957259275587e-05
0.0093043615606555,1.9906798114071552e-05
0.0074000730537887,9.87419564427924e-06
0.0002712159852832,5.3419390397450564e-06
0.017808441385599,5.130624283526899e-05
0.0122528088480208,4.650652597762017e-05
0.0042343584433916,1.0947102958339925e-09
0.0021656582080542,7.100871296835003e-07
0.0033774908707113,3.5271766548936945e-10
0.0114608901697759,3.356059952431825e-05
0.0101987762427246,3.071673101211575e-05
0.013942814857382,4.547273817038085e-05
0.017861533905364,4.346470426096739e-07
0.0042961475491245,2.469673510121179e-07
0.0012296487407114,5.016401706796332e-06
0.0191993818290863,6.834456101071783e-05
0.0072310817246452,8.159820295845895e-06
0.0020144068540714,1.8810460140071563e-07
0.0105695827810657,1.8487351002881306e-05
0.0176075036485175,7.786728604502494e-05
0.012722141958576,3.493109685695185e-05
0.0096368513010181,1.4406705390338011e-05
0.015458683288456,0.00011320367004068343
0.0147012211862593,6.314236354920649e-06
0.0119836184968397,5.358300307525913e-05
0.0183841805623143,7.97601549307476e-05
0.0025609677969118,8.887839929499784e-07
0.0066287485182121,4.532239223091428e-06
0.0165522304180967,2.0335198201205334e-05
0.0094001995237005,4.214435853170767e-06
0.0027317388877192,1.0584186426521071e-06
0.0188877117513785,4.84373086455892e-05
0.0129185717785832,1.863265660302835e-05
0.0055771133478758,1.7547315528160438e-06
0.0029243083189436,2.9093518788704117e-06
0.0026872014903579,9.068831407659546e-06
0.0064637677942197,5.446605714453071e-06
0.0044295613955518,4.405255923841072e-06
0.0161938255379056,3.084148088450946e-06
0.0130612619142953,5.438635616563068e-05
0.0163088746583514,3.495792373868053e-05
0.0082045542862446,8.995011293339586e-06
0.0177978252815587,0.0001274571118210735
0.0032131991492976,1.2188308281749378e-06
0.0067852297731144,6.126410938799005e-06
0.0147834761839332,4.6528235213509944e-05
0.0052661348573183,2.1111295082533676e-09
0.0104724472676276,1.5483426485585777e-05
0.0145466130366661,4.9095554282427556e-05
9.45352452283088e-05,3.5656162310493644e-05
0.016633020491809,6.426844472826501e-05
0.010726361153437,2.1937360403066138e-06
0.0131678120580009,4.9791029336842476e-05
0.0066942865166789,5.632877561930444e-06
0.0017947278536971,1.9574383445782205e-06
0.0149345791290667,5.5714406935528645e-05
0.0051379001178355,2.475198111116871e-06
0.0047588617605167,1.9656800199832887e-09
0.006673540944878,8.087704456687529e-06
0.009280412051543,1.811992495810325e-05
0.0159713378332947,6.20805281076717e-05
0.0025079270210308,1.3850341230316404e-06
0.0140983700635755,3.0229304999334167e-05
0.0046348045132858,1.943608404347597e-08
0.0043639401974002,1.021081453337165e-13
0.0053004979222303,3.2975618604940672e-06
0.013814048753293,6.261707021507734e-05
0.0155411580907686,5.889045721981475e-05
0.0011997424566556,4.601719756933375e-06
0.0106397280558986,4.487255864662061e-05
0.0094034780978954,2.6292541048795035e-05
0.0014962224512622,3.668212342248159e-06
0.0179170959039093,0.00010622102672186661
0.0092155867406739,2.2892747270183876e-05
0.0038692822832267,5.986065266405304e-07
0.0115408178710776,3.874028271309498e-05
0.0070019889227517,8.885261520118455e-06
0.0134265340857821,2.3674670399740418e-05
0.0138078285370753,0.00010415664640680801
0.0153234610759648,5.417570373784182e-05
0.0069180865632002,1.3384107228656834e-05
0.0015625357359503,6.6666092457893485e-06
0.0061953402574606,4.8108611052420835e-06
0.0023086320025068,6.565875684620374e-06
0.0156182358037921,3.722086155352992e-05
0.0055501610256559,4.993943936772885e-08
0.0038919279216216,1.4836123587783188e-07
0.0092040648594382,1.353663237340641e-05
0.0075759593907753,2.2500572359481697e-05
0.0104604305686345,3.100793244553194e-05
0.0048800500976735,1.823970426580739e-06
0.0151440181482683,0.00011016382607175386
0.0050057574008608,7.417410328395956e-07
0.0011608838034519,3.964506697777131e-06
0.0153111236743862,5.964349554484866e-05
0.0119574098093862,3.733687978168478e-05
0.0093668584475204,1.9393548197650582e-05
0.0015502936437766,3.4797271553476823e-06
0.0047457846541018,8.175058116420401e-09
0.0008118731796007,3.068536118533168e-06
0.0179565952139181,8.393720472537796e-05
0.0135535429500985,1.8176436908188224e-05
0.0038534988149784,3.9005637913004464e-08
0.0113161886474828,7.589898321937975e-06
0.0083146647020514,2.8521940297022797e-05
0.0086107779811646,2.9829015977562315e-06
0.0051204590006301,2.7490675902439786e-06
0.007876435917732,5.784363587653649e-06
0.0119896170727444,1.523577883135319e-05
0.0056771782898005,7.210835350121471e-06
0.0133507141037505,2.7872679240190183e-05
0.0183872827676018,8.730929057813737e-05
0.0193842044266822,0.00018424122629858808
0.0090176707038214,2.1977636690187128e-05
0.0079349966927966,8.423638085780858e-07
0.0107088116761966,1.3296778325418636e-05
0.0107943607224331,9.223324602417079e-06
0.015360456184028,5.395985474818036e-05
0.0080432136328573,1.3213295054826077e-05
0.0145119086631737,5.610452981993443e-05
0.0078684149493606,1.8130358053571432e-05
0.0147239285513443,9.0246763079726e-05
0.0196108380416736,6.194065062727228e-05
0.0138651915372712,3.301346076085976e-05
0.0063336967977183,1.0797346608055137e-06
0.0155133487906104,4.81226243378394e-06
0.0136043270913729,4.575927189816669e-05
0.0172778621767462,6.738400545836614e-05
0.0006285129866153,2.4440735273585476e-06
0.0168199669349042,9.125856933577705e-05
0.0199926110024857,9.667401099201854e-05
0.0113810768871841,2.8756323593059077e-05
0.0029698035632157,2.290474707726894e-05
0.0028669612201019,2.905914202268031e-11
0.0169014654473233,2.3050091418447253e-05
0.0002417200080079,8.349485371124178e-06
0.009979421861517,2.3106040210468854e-06
0.0183049591761133,9.883988330503069e-05
0.0127078260594593,3.553344127103695e-05
0.0012513357893297,4.923843492199527e-06
0.010072635286954,2.7043630349520487e-05
0.0056699420568006,1.092542412735881e-05
0.014468077861818,5.246992360208252e-05
0.010405583522962,1.4485992941862299e-05
0.0020551941418256,1.6219561555766632e-06
0.0073793187696793,1.9424817491981653e-05
0.0116501197236034,3.927615621631886e-05
0.0132911407684258,3.590314012678759e-05
0.0025054267706522,3.132611610281064e-07
0.0013173184626566,2.311208537271805e-05
0.0076020996273933,1.0182253118382621e-05
0.0009672808319301,2.876851117250943e-06
0.0158433124146198,7.015126271747451e-05
0.0137027794122289,1.915372997275126e-05
0.016914385077599,4.0544861985766704e-05
0.0074135210044667,1.610500912473716e-06
0.0173673964601439,7.711775399151217e-05
0.0040635142476795,6.067647072653741e-07
0.005518729892812,3.0045569821455084e-06
0.0030666993214382,4.505781989331168e-08
0.0014600520776557,4.861457398867086e-06
0.016648408749627,6.99668902058491e-05
0.0163176562186443,5.256163205785892e-05
0.0141947381015809,4.2220495374798824e-05
0.0058571584983848,4.4891925443051505e-07
0.0050767458512134,8.374092152977859e-07
0.0022593854723742,7.47133245075635e-07
0.0141378123951377,3.369662131795004e-05
0.0050053055872701,3.3520900983682035e-06
0.0052121518522625,1.1953367135177528e-06
0.0021862367392403,1.92361274349797e-06
0.018113813138978,3.8605162676367244e-05
0.0067993184598097,9.157496648041978e-06
0.0075937199032815,8.274248516394638e-06
0.0190210979561489,0.00011828104209916224
0.0182419745521622,0.00011076532965533004
0.0014514123590641,7.653666965207148e-07
0.0080704549600628,9.744183355514504e-06
0.0124256382066552,4.0991921628688765e-05
0.0049223046280337,2.6906700535448802e-06
0.0103394715724641,1.4310040835516894e-05
0.0022691633926789,4.563392652164533e-07
0.0159004462929868,0.00013353962253401821
0.00570680263972,4.784902543964267e-07
0.0029026472480656,1.194443003017931e-06
0.0190651556805546,1.8740214222993633e-05
0.0032648142158711,3.7143195164730826e-09
0.0188260887849497,9.081936149144326e-05
0.0159781290910433,0.00010406945752522448
0.018697826569673,7.383911940601513e-05
0.0055865438537477,2.595915803796089e-06
0.0175491121088354,9.008887496976051e-05
0.0002821102847433,5.565301404052508e-06
2.332369914413324e-05,1.381744436080175e-05
0.0148721618898408,1.0919667174622935e-05
0.0123178225401002,1.2506201735720182e-05
0.0082874688586646,2.339233220395263e-05
8.826544840564222e-05,1.3679326342241601e-05
0.005123830626275,3.517754229738399e-06
0.002462574070791,2.414132887840009e-06
0.0087294146669883,2.4066635938136772e-05
0.0100563339459155,4.369475202876108e-05
0.0010496582360488,4.825674551658515e-06
0.0095022631888947,1.591031384974174e-05
0.0170765791578776,7.561564348231755e-05
0.008685792708485,2.725895859900214e-05
0.0053901097803721,3.611693996840303e-08
0.0015456277606464,1.5644500968682562e-06
0.019510948338584,0.00014780151212431206
0.0053148419180363,3.7924564541910884e-06
0.002803021693303,7.489199000174576e-07
0.019494164378796,9.313878591705461e-05
0.0152857789229304,5.1602628754149696e-05
0.0077850097370221,1.726948763890844e-05
0.0192688281225722,0.00015279108539115774
0.0005799042049729,5.367207493294067e-06
0.0195071123674256,6.164300282212962e-05
0.0132446508645596,4.92251373361892e-05
0.002788971921518,2.4138272727269273e-07
0.0122273334107205,3.7480102233662535e-05
0.014476860640708,3.074200908908063e-05
0.0054972636115006,3.783416311926049e-06
0.0033924255226871,1.1876170048348383e-06
0.0049864848143383,1.4984085758461082e-08
0.0115740564456076,3.2662193222843426e-05
0.0032292488024968,2.10305061717448e-06
0.0140158043789367,3.7230127701999645e-05
0.0137782178457999,5.0586073622447175e-05
0.0055944913129243,4.758786899392164e-06
0.0136861177984606,2.2204485350339278e-05
0.0039563927884506,5.5982732279334095e-11
0.0198624975763476,6.300625185436275e-05
0.0001528018886554,5.702362726240861e-06
0.0098314666615324,1.872656870665319e-05
0.0007693109133103,4.401355270036224e-06
0.0117360566135621,1.5268415470322422e-05
0.0049311179586588,2.5694558219969106e-06
0.0185853555161163,9.884985142968622e-05
0.0126139061461552,4.216544015535987e-05
0.0199961978144739,0.00012214553627545041
0.0172935234072766,8.795377811788815e-06
0.0047202758272896,1.2240877241873048e-06
0.0174694425234971,6.693089769031477e-05
0.0165268931834676,0.00010911246289156681
0.0061498656182973,9.154879028814547e-06
0.0165510519766148,0.00014095180983933678
0.0156902598511462,7.359842801458311e-05
0.0128983387948511,3.142572358811968e-05
0.0093040728858757,6.922736600322756e-06
0.0059587806465076,5.4492117643454355e-06
0.0045863421257636,2.528253589566441e-06
0.0071709502389833,4.275622926676403e-06
0.0118897799760325,3.820611752411373e-05
0.016115885357559,1.7518883748227492e-05
0.0002361262494693,5.823485247662797e-06
0.0174290177341793,1.6171545014773758e-05
0.0177372041596872,6.0617881902139416e-05
0.0186654753086256,0.00016963440078118685
0.0024329103305601,4.806008005555877e-07
0.0006496625821268,8.68309210638555e-06
0.015547558531857,6.396976560995214e-05
0.0072541314881248,4.828522112022497e-06
0.0179515920852425,0.00010295463381044391
0.0061685169270993,3.6779909423012004e-06
0.0127031491450536,6.113329354863865e-06
0.0081616313614492,3.361252034971972e-06
0.0167690103310122,4.793172141779929e-05
0.0161371187262785,0.00014204144864848515
0.0189221154742279,6.953203577016267e-05
0.0180446522866436,0.00010665082506381466
0.0086847165759267,9.886256448430332e-06
0.0058238841752295,1.6854922026596582e-07
0.0154860614968247,6.816563710970278e-07
0.0047325390501338,1.5878474082872777e-06
0.0182532237309048,3.4496851605560995e-07
0.0013513777264759,3.6414211882790035e-06
0.006232925266743,1.1663160831141319e-07
0.018840833853494,8.820459251213674e-05
0.0177515467458366,7.74975298117756e-05
0.0130831364174718,7.204986983898124e-05
0.0111247288641021,1.4738355763375167e-05
0.0022735747487416,1.8532586594385947e-06
0.016196649273959,5.6687461344834827e-05
0.0073601654509592,1.662696655912851e-05
0.0144489473015782,3.938030137020569e-05
0.0140527799555893,5.3136654862752154e-05
0.0155436645888693,2.6555147727246535e-05
0.0061577320720291,2.0473783041423686e-06
0.0007406938026768,7.641094787391974e-06
0.0077068669460108,1.339306847797545e-07
0.0041626873630382,1.0951991948242363e-06
0.0080884474537225,1.852621923402746e-06
0.017222709694738,1.4072409504300043e-06
0.0002286034944852,7.802940244538602e-06
0.0046903043325761,3.7717896529831014e-08
0.0088433686596552,1.4499356284064933e-05
0.0169598145252949,9.129385249128307e-05
0.0139087766342403,6.550662276345791e-05
0.0003997562103043,5.53201688667829e-06
0.0062425519080384,1.1431485109757436e-05
0.000586554272239,2.2377293522109658e-06
0.0138081638905476,8.027498848425953e-05
0.0153635070804508,5.202992628645866e-05
0.0025058374488573,4.494120738468293e-09
0.0072873607580659,8.898698343597747e-06
0.0117508630189997,1.1858097110482765e-05
0.000577086824068,3.1359221969397343e-06
0.0063007981487027,4.437830149545926e-06
0.014372309546808,7.56873423863575e-05
0.0054435984759374,1.8465532797131428e-10
0.0116326313992674,1.557248246404583e-05
0.0079364942074684,1.676032500045211e-05
0.018993426911787,7.016948857931286e-05
0.0051471294360549,5.141184180818134e-08
0.0048292429810838,3.9886013642130446e-06
0.000127253323657,5.784479459065668e-06
0.0059615847701619,3.0509448212786304e-06
0.0043194891033402,2.7644400350600787e-07
0.0057929415111361,5.96680747109581e-07
0.0029079591769305,1.3377468605456405e-06
0.0058193224535703,2.359921072133289e-06
0.0171662975518543,0.00013182691439513452
2.10531584508944e-05,2.0218032608242846e-05
0.0184860090771434,6.768803614803193e-05
0.0041216285183405,1.3674397229244043e-10
0.0101242056740982,6.883511616180742e-06
0.015280949739315,1.6412666413653622e-05
0.0139120879082662,6.672635586775829e-05
0.0199566032198086,3.602898037147129e-05
0.0110271579129281,1.5203673710072223e-05
0.0133163627932705,6.484014851274401e-05
0.0190651089163046,6.633323731389808e-05
0.0101244252099322,1.5236240415974268e-05
0.007230771889266,1.3804314333947152e-06
0.0082359000061924,4.998371976034799e-06
0.009311833878928,2.468319968820797e-05
0.0170453813535775,0.00010721905797205712
0.0090824576957641,1.5268898443241567e-05
0.0150198022118451,4.5172554876562944e-05
0.0107328759327347,2.6039090613535642e-05
0.0087228400636813,6.270806085302953e-07
0.0066035856400744,1.775576377962384e-06
0.0194234024673615,0.00010903097749320677
0.0016621219385007,5.79441607762875e-06
0.0133279460715606,9.593339829244393e-06
0.0009396249147077,6.897610812692412e-06
0.0016311607825257,6.117939935669835e-07
0.0045479392655706,2.9865071363013457e-06
0.0084377043604507,2.3238164009744964e-05
0.009451179622637,7.22330049317801e-06
0.0066012045106175,7.965030713754254e-06
0.001682296876259,5.57262597672879e-06
0.0130484347299969,2.5451307120192617e-05
0.0109242826255514,3.7179732041690006e-05
0.0176757785695536,0.00010941849217542889
0.0011894869680374,4.3684306371597864e-06
0.0040527716461767,1.6953199606490173e-06
0.0039999251284161,1.0072757873930021e-06
0.0001952869057494,1.5780855296311997e-05
0.0183749780735155,7.528093366930941e-05
0.0062602093081451,6.3616322888047775e-06
1.0721017067096828e-05,5.80343060829821e-06
0.0020755232622287,3.1176888533193534e-06
0.0105242524892154,9.867805900599026e-06
0.0197415857939865,8.215260878852977e-05
0.0171146027462499,7.927716216384701e-05
0.0121398015242497,4.557595167973154e-05
0.0089975202757725,2.5418261631063656e-05
0.0014809736924893,6.337482999786143e-06
0.0154065713132976,6.684544291434364e-05
0.0067173759591623,1.787214630353638e-06
0.0020417052153463,9.106479439555983e-08
0.0198796785180466,0.00012886154133749707
0.0078167877943705,1.7786067752184927e-05
0.0178055619600751,0.00010860986853095622
0.0011009101892584,2.4843457327926182e-06
0.0179056043806127,0.00013120804700114748
0.018758996767556,6.009591228413057e-05
0.0019724513595522,4.777058439096022e-06
0.0122704801756835,3.0683340774453914e-05
0.0182044958001167,5.0012292824277895e-05
0.0120649019732104,2.62759501040502e-05
0.0199349915720725,7.87833358890412e-06
0.0022086359506344,7.335720426601114e-07
0.0008279719499521,2.3720295139146797e-06
0.0121622482530339,5.915591850733694e-05
0.0055402243598557,1.6476600208394964e-07
0.0172497542504739,0.00011539238316404254
0.0038931118132575,2.46777660222648e-07
0.0005884446931402,8.732968882091572e-06
0.0071737963726396,1.3097291039990287e-05
0.0030769454612473,4.947390461380722e-06
0.0155411388031262,2.3795221164160982e-05
0.0078032821229307,1.165594792760205e-05
0.0022973767297594,3.949377551067707e-06
0.0142852752802879,5.6974556991724926e-05
0.0008651105332245,2.944571036942149e-06
0.004909351207294,2.510608451883475e-07
0.0124987853375154,2.8671228466200528e-05
0.0114420164516156,1.7260572181943818e-05
0.0086614430193869,1.4524494998589564e-05
0.0193570932710965,0.00012615601367313084
0.0116337593544117,5.508867716864843e-06
0.0162176764683757,3.7606205834111534e-05
0.008009890931774,8.136558845611337e-06
0.0154462559449882,2.541446506800501e-05
0.004184051306793,1.000003367414738e-06
0.0097377716797973,2.344116099280599e-05
0.0139702792233176,4.916212214668919e-05
0.0073195788141217,1.1552276337914603e-05
0.0122188340420787,4.418863562577013e-05
0.0104149872725289,1.749426256464531e-05
0.0096695255714517,3.10036149589521e-05
0.0039253707359107,2.744184120528833e-07
0.0062461183065723,5.319258947131785e-06
0.0052609471775925,2.5591742360276622e-08
0.0172155772941785,0.00012626051996884866
0.0141649943291726,5.697524326946355e-05
0.002632871868364,2.4319733913032983e-06
0.0098663192073703,9.486880555535794e-06
0.0139589596744122,1.3362547676520205e-06
3.47700669949047e-05,5.770861567748449e-06
0.0133452758906745,4.813076023570827e-05
0.0084206373303517,2.3056543088737902e-05
0.0189057749334351,0.00010755723155562175
0.0044463452334325,1.3231411022604922e-07
0.0018089197170356,6.377068158100275e-08
0.0131511865550991,7.055934626862139e-05
0.0129742150141356,5.865353571920572e-05
0.0159037983880254,1.0147925929275216e-05
0.0191618229580174,0.00013647755038168934
0.0066150885155768,2.029444312294552e-06
0.018435208931482,5.574607075091673e-05
0.0031769802248891,4.57691810000669e-08
0.0128424950643906,4.3469174603974474e-05
0.0115305844246072,3.095642997715659e-05
0.0023737055102388,1.2774744548950279e-08
0.0160172510551293,9.673672414061708e-05
0.0193950442074059,9.098319853599978e-07
0.0037949410660612,5.355278500009663e-08
0.0099800904702546,8.289106658246313e-06
0.0073391841687515,1.6331086953269336e-05
0.0061822698738631,5.611759900216407e-06
0.0167795621126189,1.5914717869342906e-05
0.0077779936098373,1.1235293416333786e-06
0.0092907677012865,2.99389374834901e-05
0.0038187689212657,1.6978818027780838e-06
0.0011898100844769,5.957485798422896e-06
0.0141996747505395,1.3869772231419903e-05
0.0158368588559406,4.497840607917647e-05
0.0121193442787429,2.960231290473032e-05
0.0097795230166592,2.2568598310551973e-05
0.0014104283971956,1.9100960077773108e-05
0.002451622035453,2.6935979755793844e-06
0.0082742900327853,1.3577307656505722e-05
0.0177335303542968,7.978906352576693e-05
0.0006337337896983,1.8411624296535075e-06
0.0132642774089661,4.236491552800768e-05
0.0107238964026485,1.7728126997254913e-05
0.0001961286533879,1.4860735846040313e-05
0.0032291763258599,1.9986111000079356e-07
0.0108676032600275,1.6380764412469787e-05
0.0040192221412605,3.773027737517143e-07
0.0118584432662644,3.659752453592172e-05
0.0048517886543514,7.645039518363717e-09
0.0115777805192821,2.3147179522115585e-05
0.019482363122198,0.00012283770892234093
0.0119071112607476,4.262651537503748e-05
0.0012574030874032,1.2557430605725435e-06
0.0115428296911238,1.9132762169999445e-05
0.0084125089154478,5.337879550746391e-06
0.0160165941756281,6.945267154272014e-05
0.0136090804333047,2.663489523083563e-05
0.0058580759301468,1.2203950980226994e-06
0.0167944071054769,5.501486221535958e-05
0.0163735750837205,5.2902870411654505e-05
0.0079565490327464,4.863465680356043e-06
0.0065145701868614,1.0123962300643605e-05
0.0031609261450146,1.0487472056965489e-05
0.0160450893571194,6.505864266598778e-05
0.0063050683264306,1.7658222273584346e-07
0.0112366019482346,3.905200087544498e-05
0.0092183395858138,1.487250186183189e-05
0.0135514075631779,6.595631693242485e-05
0.0089009107796722,3.435988966223484e-05
0.0025802784376535,9.366454687765106e-07
0.0002464228083995,4.23360219770165e-06
0.0157701384658877,4.818767240351576e-05
0.0152665004437071,9.26890991571378e-05
6.843893755244857e-05,4.056274654639172e-06
0.0022412487465303,4.2824128983377407e-07
0.016024201598535,6.827245574318264e-05
0.003782468290882,8.580689588799438e-07
0.0104338507753201,3.061764932323758e-05
0.002350819047977,3.908043412843552e-09
0.0089126450603981,1.3230971810066866e-05
0.0065371585202913,2.2600605007306515e-06
0.0044252750054128,4.5007838627196363e-07
0.0170228109754051,6.114335554117928e-05
0.0005032143415178,3.147803719852071e-06
0.014107789240216,3.332676340274433e-05
0.0139191040541858,4.0786151243326394e-05
0.0044269976211247,4.735469801143684e-07
0.0197448256550419,0.00014123194133790462
0.007315759879914,9.747677106859646e-06
0.0016208199384444,3.783551219259586e-06
0.0170990691752719,8.986734933536901e-05
2.7349409598973474e-05,8.232757586849016e-06
0.0025546655075426,1.2768953423194122e-06
0.0052458019027838,5.563121089306684e-06
0.0139039639346215,3.803941064067255e-05
0.0193452145629373,6.002192627485147e-05
0.0119701060416065,4.3798960610514515e-06
0.0116271842193013,4.7240509365826856e-05
0.0164485515306385,0.00015161361894413017
0.0076971078293584,4.173919604587198e-06
0.0176886908192179,6.117523817365802e-06
0.0106568795270872,3.560193033159962e-05
0.0071526789462385,1.0135195766019322e-07
0.0150126651831178,4.2570837710606524e-05
0.0039486163282499,4.229609559632659e-06
0.0163710699355554,6.276411903312433e-06
0.0143618259651251,5.817537417709019e-05
0.0090959129306035,1.0870045322769518e-05
0.0040875361686778,1.5636772071449339e-06
0.0049004072824494,9.672075294588764e-07
0.0096702267177356,2.99094653012496e-05
0.0108614634816524,3.3778814939716635e-05
0.0194433170011573,3.744329438282442e-05
0.0085730444010044,1.2620640058891472e-05
0.0167641251493661,8.28877719088507e-05
0.0086722370026142,2.1361320322065233e-05
0.0069643070526605,7.944181611173824e-09
0.0109249180021896,4.327345551252954e-05
0.004352815624703,8.413110409594901e-07
0.0057608635146819,3.663412923325867e-06
0.0080559320547526,1.4212531352464763e-05
0.0194651212672393,7.270213850347145e-09
0.0051426320170756,1.18080322134911e-06
0.0055260938943038,2.4326888269036083e-06
0.0139719816749231,5.367674408247722e-05
0.0004830260418265,4.405029449126725e-06
0.0015381109374686,2.014359447277255e-06
0.010510732988274,6.590776927120975e-06
0.0150610409481247,6.866158237309795e-05
0.0109886883999997,1.670045551286731e-05
0.0175174095754441,1.2968303600072156e-05
0.0115594639803714,5.542168166823305e-05
0.0191966548479986,4.969192081402953e-05
0.0072759145466465,3.403204020589661e-06
0.0054162425749632,1.0849286320260913e-07
0.0198714758293279,0.0001897706791820426
0.0117273858260834,5.235610361507853e-06
0.008170797840211,1.0153105262415303e-06
0.0115394684548132,5.3622482949056197e-05
0.0194649158558947,0.00012138259143389959
0.0179183916062142,0.0001085050104013949
0.0073465754519101,8.242765573226434e-09
0.0112104755574637,1.6100163007707465e-05
0.0162818754031943,3.850080654520417e-05
0.0180785085446152,3.47553918615753e-05
0.0194504032539409,0.0001002620263111045
0.0076554793651087,2.426718682224966e-06
0.0171446380310166,6.997881174289927e-05
0.0115248353066482,2.239765814673891e-05
0.0154613398228618,3.259550062042596e-05
0.0037359433808887,1.760026330781844e-07
0.0127266330570338,3.489377389384605e-05
0.0101256077682784,3.174094980651809e-05
0.0036282595860835,1.1227782700716567e-06
0.008842167169671,1.4376281444654767e-05
0.0094746585566963,1.4337051480500157e-05
0.0018651150320031,2.0236141938193575e-06
0.0103891481627536,1.8278488541754672e-05
0.0153068874313578,3.1163355554633823e-07
0.0064995682552768,7.433177305205065e-06
0.0045055445064243,1.18266738012412e-07
0.0125492601929299,2.473890827895592e-05
0.0078443537668666,1.801536162804357e-05
0.0109791999870157,9.734485598466454e-06
0.000172751226113,4.7908329196873465e-06
0.0088466836997808,3.838434754427927e-06
0.0045385986842812,7.315044568568627e-07
0.0013904762245026,2.1027427518159714e-06
0.000148212740864,9.060011086003317e-06
0.0014638241497198,3.112646331358412e-06
0.0156326133271269,2.997768769318953e-05
0.0088756601057579,5.851081143739486e-06
0.0005965780088881,6.7712134772634604e-06
0.0013749407201381,9.625755571226725e-07
0.01064113736373,2.634023159626846e-05
0.0050552979265787,3.1893927713356373e-06
0.0041572812904356,1.656177172086707e-06
0.0037887837892039,3.34174558813011e-07
0.0090179833842595,1.8037131853517512e-06
0.0049696783395842,1.3040937768129135e-08
0.0028504956141969,3.156485232366832e-07
0.014802905055993,5.599305482126084e-05
0.0118605293472646,2.4852666368704555e-05
0.0051934792849189,1.0022589795926364e-06
0.0084123025226008,6.355424172178932e-06
0.0045834037827477,1.477234004366986e-06
0.0147796942603082,6.379071803038687e-06
0.0016907835845107,2.4854835539086738e-06
0.0056949164878339,5.236204371730789e-06
0.0085100864329288,1.0553613984357594e-05
0.0010931726955326,6.161426880724078e-06
0.0097996577814508,1.4296514447872368e-05
0.0105372905305932,2.433165111296498e-05
0.0197651433419012,2.876558168215669e-05
0.0164277548052354,0.00014158693118171794
0.0033286375094293,2.4478924022576494e-07
0.0129327217532388,2.754288869110889e-05
0.0104969476583296,1.3206821998650989e-05
0.0078583363023463,1.426941558753092e-05
0.0076211778869401,7.826650795043013e-06
0.0069622209151018,6.261872007882629e-08
0.0024291486876017,9.533801823776412e-08
0.0155221980128384,1.3805421624404178e-06
0.0157330483118664,6.50157261525598e-05
0.0133656566058433,7.326941452832125e-05
0.0033678362812141,1.291107500494887e-06
0.0160341289948388,5.9008705816263666e-05
0.0039630392899362,5.85424669219069e-06
0.0140414870797512,3.380396034671928e-05
0.0198403039509999,9.351896372129287e-05
0.0095828097351819,1.2801343298774844e-05
0.0120712609433189,4.64352979515686e-05
0.0115763363120602,2.1430887924244564e-05
0.0107543197581144,4.6397502572527726e-05
0.0141507301845679,4.262577325954091e-05
0.0084005780485976,1.6708644436104577e-05
0.0111174983143836,1.554334867538372e-05
0.0188615845988999,3.002387845610925e-05
0.0161412530930411,5.708276826670036e-05
0.0131494845677768,2.8732384221903604e-05
0.0153398947758492,4.879619646411738e-05
0.0082844005850442,2.808636040468795e-06
0.0142726058777784,6.794988200544688e-05
0.0185080839034007,0.00011726436786080121
0.0012414792813784,2.1231018982138084e-06
0.0114868553655066,3.082199900957284e-05
0.01714376750384,0.00010069950511375339
0.018991308840182,3.289505404561453e-05
0.0075269050640821,7.583494138294698e-06
0.0162749019801578,5.279735245028937e-05
0.0141637147961314,8.974853963044662e-05
0.0032967283677213,1.2962015930821196e-07
0.0122822738167484,3.3588757797421186e-05
0.0148474536969009,5.626382168899362e-05
0.010153388964038,1.7326612050269e-05
0.0019049145126093,3.900368465690896e-06
0.0066532752464225,6.02048868736124e-06
0.0096614617334124,1.0034249939099835e-05
0.0025166822292755,5.801147266844719e-07
0.0183669568840648,1.8897373169844708e-05
0.0139588349215672,6.154436489073763e-05
0.0069340633991687,7.174711023767185e-06
0.0003219693073277,1.0378932658393588e-05
0.0161878872022872,7.254054887718193e-05
0.0136900560101681,4.6262685130217525e-05
0.0079888316165375,1.0321604499172535e-05
0.0192030798827007,0.00016848500926066223
0.0198759166388393,1.805887527429398e-08
0.0037097458156714,2.5040747918449615e-07
0.0172934075594707,0.0001285646193650716
0.0193180588831636,6.789539220431396e-05
0.0015539530785351,4.422033535629797e-07
0.0014810226967943,1.0542750664701059e-05
0.0196583966649585,7.879044001396721e-05
0.0178625605121553,3.8668430769779036e-05
0.0018163093921495,2.0129154552070217e-06
0.0031190676330751,4.9507006205104836e-08
0.0003621782893748,1.2028851358851192e-05
0.0102483129213388,8.306328323221661e-07
0.0024733221827335,3.0472846225744464e-07
0.0093842925486764,2.5675367460538137e-05
0.0029154627610229,3.323541674487906e-07
0.0035502364837513,1.1854297701736885e-06
0.0124269036086334,4.538396889107691e-05
0.014890502601206,9.569333458902898e-05
0.0156960911073722,8.045398864743114e-05
0.0177059621239396,7.843921885421157e-05
0.0048403682114576,3.469679679346016e-08
0.0036609623641791,1.6027664801763513e-06
0.0142587070096935,4.9853940531935305e-05
0.0039624586177746,1.423758020659915e-06
0.0159992532269239,6.858803853789891e-05
0.0071472549993681,7.86925444176939e-06
0.0043380826463606,4.954423060631573e-07
0.018030899510281,1.5979492389248e-05
0.0118937357064422,2.369332820155588e-05
0.0194851153281953,0.00010931901161465236
0.0022001646784082,4.682963950745233e-06
0.0049266555729826,3.755760022809615e-06
0.0093659618407406,4.0298870080439335e-06
0.0112795980939123,4.291688885693548e-05
0.0090349313124186,1.2316765425026263e-07
0.0170939245513073,2.8406048829871524e-05
0.0117719990107451,2.797311396371556e-05
0.0147468585315464,8.221352322986218e-05
0.0135024190009032,4.037457003402813e-05
0.0182549446772405,7.078946473999138e-06
0.0124733613757185,5.869058824920606e-05
0.0150017154209658,4.8724408992271816e-05
0.0195410006393228,7.58115507127627e-05
0.0131657069847733,9.748089276847298e-06
0.018537746827008,9.207629083132989e-05
0.0046467620241345,1.3966102831421872e-06
0.0148585614668111,0.0001041968250864263
0.0144072661793102,5.789164038088024e-05
0.0081350514979118,1.0572888137982987e-05
0.0182127389081875,0.00016825952050958647
0.0023288212274363,5.826978791755981e-08
0.0152087032112689,7.01652582462915e-05
0.0002356194121905,5.460020267819562e-06
0.0184435609451976,3.405284673489294e-05
0.0063209766118012,5.757105335640341e-07
0.0111024515928848,3.398762177630047e-05
0.0132741643488196,5.535410262562464e-05
0.0049670636822628,2.58019004458335e-06
0.0188763374995744,0.00010550068770714002
0.012266114697888,3.578070035585423e-05
0.0069380765624975,7.238790780189605e-06
0.0134243986188049,5.009889650503765e-05
0.0083643042707658,4.838856003096883e-06
0.0072109418169111,8.31106716553873e-07
0.0133671215441455,2.634639528302265e-05
0.0048251407340343,1.3851218523779322e-07
0.0014640235134221,1.5419235468267508e-06
0.011117315604016,1.753727167886006e-06
0.005213457153576,1.5193815588592768e-06
0.0169760945649717,2.2341950527796347e-05
0.0072070959227028,1.3638436554909315e-05
0.0037477325968302,6.743561663719183e-08
0.0106536271541468,2.049459175296105e-05
0.0176349127663975,5.0730712815578614e-05
0.0185912659583585,0.00012001436424542715
0.0046995476635438,1.7745670720839718e-06
0.002998120152034,3.5339867485025033e-07
0.003333241722445,2.4092912845750664e-06
0.0021709398563638,1.0350660855040513e-06
0.0140908752208232,3.22074453751844e-05
0.0183204083703281,8.407766073344506e-06
0.0152390162177135,3.630522163096133e-05
0.0042426447208387,6.747424392611957e-08
0.01505424910982,5.051417176801416e-05
0.0144583870448194,5.666871474477767e-05
0.0013975560688505,3.155751222696326e-06
0.0143903254911427,4.896262665295853e-05
0.0061993269923377,1.360210250211935e-06
0.0189790351606732,4.866532017161597e-06
0.0101364798966495,2.367213476555078e-05
0.019085529105444,0.00012499740292578994
0.0072507155406772,2.2115690576825123e-07
0.0175831886834864,9.041950614199294e-05
0.0170956134888923,8.365034645595037e-05
0.0137425553758971,4.272427436664897e-05
0.0055280695596673,4.7000623426269646e-06
0.0011661835640098,4.201050818469797e-06
0.014052439396599,5.429736266899268e-05
0.0040057471277799,3.286934709004999e-06
0.0074516679313082,1.4429663189812391e-05
0.0032163084187679,3.5041075145177566e-07
0.0137613377777179,5.346237099236911e-05
0.0008470752953715,1.4710381999303815e-05
0.0057587635878958,3.3422063268931935e-06
0.0061680267486537,1.6728084946691797e-07
0.0190139236650473,9.378767113390411e-05
0.0015494382781895,2.754843089673933e-07
0.0136279820381091,2.0951315840572242e-05
0.0150572403647625,5.4888017120482604e-05
0.0115036895963988,2.8870363295041436e-05
0.0132091152931507,1.2597435901203855e-05
0.0134440051761236,3.269885655317468e-05
0.0009457446044123,6.0230703445906886e-06
0.0146606696610894,1.736301196374305e-05
0.0166351552755099,3.722178166766658e-05
0.0146314133384753,6.296711560940915e-05
0.0191903279719716,0.000125947143034538
0.0046777299856661,1.5880691366611515e-06
0.0191834692582353,7.97920258441134e-05
0.0036496562977853,5.677295885938454e-06
0.0122656005189837,5.404534994654753e-05
0.0021233836418878,5.864083296149413e-06
0.0006311301778026,2.231383056324832e-06
0.0066910214380631,1.472337843830274e-07
0.0147728607861345,2.929942961709572e-05
0.0176607672993717,2.601350724326785e-05
0.0055882721001034,1.4298530122333731e-06
0.0037699854476979,2.2192689827774083e-07
0.0107236431099805,3.269095359323715e-05
0.0066619465989383,1.4681235422465584e-05
0.0020453613016881,1.1281258181194004e-06
0.0137845571179486,4.850105053905862e-05
0.0093990277508507,2.2339357395613024e-05
0.0158600018815431,5.2657343757422315e-05
0.0075319719436736,3.7120268349882986e-07
0.0009510824067392,6.717374051355608e-06
0.01805922135901,6.879487904456115e-05
0.0101658465090397,1.2411021277021891e-05
0.0008388714212978,3.8589852932285e-06
0.0148806107961326,2.230848447513785e-05
0.0118827995498256,2.034011458849776e-05
0.0076393306005639,1.2792722206711098e-05
0.0038083390220235,3.669918621573715e-06
0.0080832264557635,7.611842684121493e-06
0.0175850046393627,4.562533480388902e-06
0.0160426606876257,1.0343644672595725e-05
0.0068843525580365,1.1770667088587587e-05
0.0047194732057766,1.7411704055538882e-06
0.0085373279284013,2.2628855278983675e-06
0.0149838494395764,7.774655374505825e-05
0.0038997017441206,2.9350282941309996e-08
0.004972890711444,4.999520138029766e-06
1.465466045678765e-05,2.1272435836313266e-06
0.01365543364726,4.759710551931964e-05
0.0055684557875468,2.8709131771988636e-06
0.0134413431880325,7.597995769823793e-05
0.0126088519243041,7.702861184370038e-07
0.0199205393223665,1.9544422664694457e-05
0.005131914852509,3.826172144387994e-07
0.0159217056280029,3.022971110632858e-05
0.0143490353285428,8.323895469276463e-05
0.0178613705144105,5.1774620625846406e-05
0.0090468834429419,1.3231617945573755e-05
0.002395828266258,3.607214999782848e-08
0.0143903526703907,6.734304624770764e-05
0.0058328357101214,1.1183306423844798e-07
0.0023822516586735,2.8893023298480548e-06
0.0001270315751383,1.0692364744814323e-05
0.0092394228292912,2.6752501011545634e-06
0.0167144202339935,9.84115215523409e-05
0.0049657094755948,1.8181096600460889e-06
0.0060383186470522,5.607921934384869e-06
0.0025473328965411,6.583329525984893e-07
0.0020659708951608,1.8277231823682697e-06
0.0047696802413408,4.003464113946497e-06
0.0174824142660739,8.575969292258779e-05
0.0004978988032903,5.832858042483839e-06
0.0049635236530579,2.260453743493793e-06
0.0070585866380558,1.5888769726036826e-06
0.0060756912575962,4.759325326687184e-06
0.0078074116326428,7.346026173533472e-06
0.0136244852909132,4.2113091939557775e-05
0.0102413277368437,1.7293153614629015e-05
0.0035098437278578,8.23168023992377e-07
0.0071222367281679,1.8232723885331796e-07
0.0112367126075035,3.512104404630957e-05
0.0199723039086653,9.282867656765607e-05
0.0069976129844165,1.3544054996768291e-06
0.0020712092357276,6.595123925151776e-06
0.0074924813080628,1.0648539434262772e-05
0.0020632117583635,8.720918095705967e-07
0.0028181236861273,4.674940608793103e-07
5.9046189186287015e-05,1.1877378085050492e-05
0.0024538305281177,1.1705826844338428e-06
0.0008555155471775,8.9004342104024e-06
0.0152962764274061,8.185394647726346e-05
0.0112920931496318,2.3279514137806692e-05
0.0055155596832294,3.82774745691269e-08
0.013106445436533,2.123904853634504e-05
0.0118602095853026,5.362852776013186e-05
0.0079387439524504,1.1490746418973478e-05
0.0120190610320262,3.8203716790411355e-05
0.0174255843511935,4.2779606145434706e-05
0.0105575960317754,1.5238946124876387e-05
0.0139456640314591,3.1414258665225335e-05
0.0011517648431723,2.5245840685679785e-06
0.0008765650862799,6.9378551335869785e-06
0.008986031215841,3.497131066479101e-06
0.0134853380869568,4.935000609254478e-05
0.0176617770875581,0.00010741406895470498
0.0057636926339455,7.548540063117172e-08
0.0197634500686824,0.00010837617686810169
0.0143510456959238,1.68882960971175e-05
0.0142221984854461,4.891044776934714e-05
0.0148263393242179,4.9726767227552775e-05
0.0040246708361168,9.19943927811937e-08
0.0168495664460876,7.756216575238648e-05
0.0059862301897914,7.922359408635643e-07
0.0101343983536528,1.3529324439750135e-05
0.0176543746170782,4.560479346387479e-05
0.0156779565543046,9.206656939293114e-05
0.0067235240792807,3.1538866480787443e-06
0.0052959675317055,4.5009037489676394e-06
0.0148775046512631,4.3184301154143105e-05
0.0131728555431712,7.739351946219708e-05
0.0124364281384607,3.5997028279193644e-05
0.0154488985081405,6.108694968388462e-05
0.0023467195125513,3.1149925153956924e-08
0.0035364603194469,1.0045959477771509e-07
0.0157667408867488,8.695252653292356e-05
0.0148713162921681,8.172155271589615e-05
0.0170999313043025,4.8144679288514556e-05
0.0138859793129992,5.0521874945247004e-05
0.0006717443639803,2.192680622092339e-06
0.0156082593382946,2.8794288071120685e-05
0.0080564062177525,1.025782340046417e-05
0.0174663782232103,1.487930107731585e-05
0.0115262959044964,5.928628457690564e-05
0.0096838967630302,7.133204031840898e-06
0.0074210821838223,1.401422679013012e-06
0.0074006737347512,1.4821820786982545e-06
0.0153172062323842,1.3852063669733033e-05
0.0077188824191074,5.707143765252246e-06
0.0078562335653257,1.2505811890995609e-05
0.0179950824648596,0.00013014426891501851
0.0139619756263604,6.014938315556868e-05
0.0104879554330973,1.751860509392147e-05
0.0020997805375193,1.4051731765040426e-06
0.0081388594595817,3.213300376462762e-05
0.0160168762002653,5.7506869591850176e-05
0.0019561230861946,1.7587938973098607e-06
0.0048601309698804,3.0830333269667887e-07
0.0027089623996373,4.829856083739532e-06
0.0050161391914621,2.1882145955643977e-06
0.0048007983099585,6.46062082861815e-07
0.0078684684713367,4.598564083051839e-06
0.0025741501403233,7.28841357616545e-07
0.0089546771686134,1.1771896682897098e-06
0.0162431101757875,8.928261984110833e-05
0.0078533443698389,2.4454558512948363e-05
0.0098262020753788,1.2439099816990862e-05
0.0031909966167367,9.377000753240858e-08
0.0164073228014601,4.5933212286581043e-05
0.0183926793888323,3.6190455293437585e-05
0.0176320046262218,0.00011739787374551171
0.0150013863228389,5.771998126614802e-05
0.0049473889683986,4.767545283080869e-07
0.0144008015549865,1.3025194837859943e-05
0.0098829969696798,1.3508226238072398e-05
0.0111626622389867,2.478636307705052e-05
0.0153758240351499,4.768581679478592e-05
0.0028276381559351,4.350510948596032e-06
0.0131204588266643,5.174613516442466e-05
0.0052430447358353,3.339202222191602e-06
0.0087851095012107,1.7033097533178634e-05
0.0101559726230693,2.6310063688559754e-05
0.0059391153032028,4.212103120772186e-06
0.0094370405935952,1.474192793380146e-05
0.0059542930642818,2.039048803824917e-06
0.0111614072684748,8.7869304361128e-06
0.0129081513765426,2.86171264955925e-05
0.0059201845077433,9.002945025647276e-06
0.0045018167430877,6.825297672052685e-07
0.0050102846158078,2.2787262206941525e-06
0.010716561149512,3.1470394497439715e-05
0.0125143305912576,5.325451475562625e-05
0.0040384337604063,1.0663174315327688e-06
0.017571160234737,4.997502308201196e-05
0.0063098674634494,2.091820864840141e-06
0.001066066956273,2.207971035453195e-06
0.0037917767327374,2.566396979562367e-07
0.0102336602443036,1.3900449187869349e-05
0.0162223493728964,0.00010630694661906071
0.0110246423605949,2.0297418078411692e-05
0.0039629146229096,1.678608820909117e-07
0.0096549768342623,2.4072852818875776e-05
0.0064395136252302,3.3674142157553994e-06
0.0115219144379555,3.888140544143297e-05
0.0037085706714585,1.1768967328137269e-06
0.0087181643961963,9.218885477386383e-06
0.0102968243630585,4.262578704622907e-05
0.0043174290293447,3.8789825921932185e-08
0.0085434971656295,1.2335252461911043e-05
0.0125192359686625,6.320215591041774e-05
0.0165235255132188,9.243931148392257e-05
0.008541590707525,5.735235502817888e-06
0.0159150774773351,7.87354775613257e-05
0.0019938944526835,9.761020627403459e-07
0.0020169755341136,1.2641569354704506e-06
0.0171879687053827,1.919794958439734e-06
0.0082176907572736,8.688995620906505e-06
0.0058000716687556,1.108988131645775e-06
0.0082890224080923,9.877394339596904e-08
0.0085638481266211,2.4074440456578414e-06
0.0006534301992454,7.1560898161255916e-06
0.0067563013232255,1.7680957402191501e-07
0.015447233506664,5.549057350493092e-08
0.0063687919442632,1.2396909421271461e-06
0.0096650908077983,1.7821338429305245e-05
0.0017709790179635,3.3337647811508627e-06
0.0148305206143677,2.509901487689954e-05
0.0170627820610821,7.428688730487972e-05
0.0172911992924101,0.00013313280918045745
0.0047538020101175,1.8310465343081872e-06
0.0145828978056529,1.7372599496488214e-05
0.0135355040440736,3.4209252593268165e-05
0.0043129105774995,5.35492751246941e-07
0.0113382277443196,1.8207805427693097e-05
0.0183030412146602,5.056794684491738e-05
0.0165905646983208,6.022988151859731e-05
0.0136594635428874,6.827070657489138e-05
0.016791331181226,9.033603194786167e-05
0.0082057770766924,3.8051827812989405e-06
0.0054714090348041,4.835788900534788e-11
0.0009278690579691,8.2458333696179e-06
0.0006936494162562,4.959143517438609e-06
0.0185160614951363,8.707085779250388e-05
0.0060783654323994,1.571623725010831e-06
0.0197561096351653,0.00011689629486098779
0.0128010635614991,4.355814123993378e-05
0.0142304947454023,3.935632375561383e-05
0.0171968370599761,8.653393965269293e-05
0.0114776362075833,4.067875549784528e-05
0.0075534466883073,1.231482986737572e-05
0.0174113720027604,8.408158641889714e-05
0.0173495637916068,5.318645185021717e-05
0.0022190367669619,2.5591393530771844e-07
0.0079937504178924,1.0219654042524256e-05
0.0196084136838847,0.00012883611882056717
0.0192547590527659,4.786004051773656e-05
0.0014495103127745,7.267645831820636e-07
0.0008348053410204,9.671016874943132e-06
0.0138127818583598,1.6220804193680677e-05
0.0137243078600016,4.2305747773546e-05
0.0137585861761818,5.628966368000244e-05
0.0106368031662526,7.735776291484489e-06
0.0008828827257338,5.689595083356384e-06
0.0038425915997148,9.107637948511486e-07
0.0166801850332905,8.084421158415168e-05
0.0108088500392905,1.5478470251331103e-05
0.0041341358937063,4.2627952293699565e-06
0.0189418178062311,0.00010541181861705721
0.0089825879048594,8.580066802004235e-06
0.0195368542966523,0.00010898480912278184
0.0167181865541446,4.3509501884893535e-05
0.0020313812505363,8.068813341454575e-07
0.0039039844061639,1.0073037051401103e-06
0.0138311416012067,5.3667521073464365e-05
0.0193706355819419,0.00011644991323323695
0.008903228955456,1.500404079850242e-05
0.0126840940558572,1.2648503388055203e-05
0.013228917105734,3.888515304897242e-05
0.0048746104579751,3.2017973918059747e-06
0.0179609357917537,9.629866924096105e-05
0.0050536934900927,1.7113135590752642e-06
0.0152760081557838,5.1372553432476715e-05
0.0146567806467843,5.35337865542224e-05
0.013167226396712,3.30766089954084e-05
0.0125892294040646,4.011052431613843e-05
0.0077133644373769,1.296735991146627e-05
0.0041785836204707,2.9634697261069673e-07
0.0111779370547656,2.4765527543252813e-05
0.006397177735401,2.888713561557429e-06
0.0002994748980655,1.0798206963119842e-05
0.0079634017764624,1.11289197605267e-05
0.0102902201315456,4.266362818085947e-05
0.0075674382549228,1.4724745290295743e-06
0.0088540669709704,2.3500495785393685e-05
0.0091520602360115,1.6008968441230787e-05
0.0170094651620339,9.346177290203613e-05
0.0071561788225574,5.594284878012681e-06
0.0188753546393274,0.00012039259974812449
0.0064877443978441,5.822840843653496e-06
0.0045102216336913,1.4492845534198186e-06
0.0144451335346978,5.99376890775196e-05
0.0040279758963946,9.405519890055971e-07
0.0177713448328856,4.762486646255096e-05
0.006400619013383,3.415427376666123e-06
0.0057647227825109,3.606148796314247e-07
0.0036436250546109,1.8118321907579345e-07
0.0016114942578497,2.4388541220081454e-06
0.0039052848567344,3.378468842767116e-08
0.0172720761631013,5.5493244273562524e-05
0.0165560777168775,5.302009298482765e-05
0.0061127305741114,6.0581454266704485e-06
0.0116913429851019,4.026587491271004e-05
0.0037298726011021,4.6013348227811957e-07
0.003957506947963,4.287027487606587e-08
0.0063811962739446,5.521550862441087e-07
0.0078922621167838,2.157092831761093e-06
0.0176898651769837,6.125145952048129e-05
0.0069026235637738,5.333099291490806e-06
0.0009204922137409,1.971946324599731e-06
0.0048952679740306,1.876440894709058e-07
0.0193134390328664,3.5630087357708384e-05
0.0027434962552185,9.559490929606965e-07
0.0141524313282961,6.266169432995332e-05
0.0087288055179478,2.6017859101830472e-05
0.0097972999325155,6.527067700512517e-06
0.0127536267110135,3.1997691525417176e-05
0.0137150923306493,9.190507601293807e-05
0.0072001010704421,1.7265593229807252e-05
0.0009338320517593,3.961433546292641e-06
0.0195410320093871,7.532541382009225e-05
0.0127281052810302,2.378084244096932e-05
0.0019778273328017,1.1968580889465096e-07
0.0078628520452831,6.304804723740498e-06
0.0030126461747962,4.704541950859564e-06
0.0149415885763708,2.768221567753693e-05
0.0020075449804064,7.046062031959211e-07
0.0185510030672824,0.00011604879432518973
0.0174892554031691,8.916395143694563e-05
0.0086461079207274,8.97903353578523e-06
0.0099349232318459,4.0197143214767954e-05
0.0171179227012016,0.00010089006803570965
0.0102966697768827,3.334534313481752e-05
0.0022148439551787,8.238414943021232e-06
0.0036159852702267,7.885500866117538e-08
0.016347878440949,3.689037584634095e-05
0.0170882159370774,0.00010830251816253508
6.253068342228385e-05,4.332351795523734e-06
0.0135569565268401,2.401578037408248e-05
0.0079945935616628,1.973481248438176e-06
0.0002482999798221,6.386422522427935e-06
0.0094277257617607,2.332281822235182e-05
0.0153906589972239,3.412368151014711e-05
0.0026235313962935,1.7551089018315943e-07
0.0095404074281323,5.241644222815232e-06
0.0075652325609536,9.029476074200943e-06
0.0121918627058151,4.353196143062552e-05
0.006527976462674,4.789807319440032e-08
0.0176349226107185,3.0264486891560873e-05
0.0097230691706524,1.2394509999157602e-05
0.0054808029639984,7.658802563386478e-08
0.0066349184137382,3.8488759081471315e-08
0.0084547111792263,1.0131143811535155e-05
0.0079439856734478,6.497798683979307e-08
0.0009961896514767,1.7897273823550753e-05
0.0154196337963083,1.3303688378499671e-05
0.0066298966637669,1.4081910776345097e-05
0.0104382509222782,2.9867986222432872e-05
0.0134316304895597,4.5085034832667335e-05
0.0108768242215214,3.619909476170655e-05
0.0081251021024048,3.4969478611814664e-06
0.0168457013049064,6.596213302786936e-05
0.007360155302301,1.139770413408815e-05
0.0003723811245882,1.3552028216718226e-05
0.0160422374731528,1.19088757802589e-05
0.0062536539645965,3.5007043656830734e-09
0.0054320160743532,3.7183210939940552e-06
0.019883812621712,6.884931866390217e-08
0.0020639857213317,8.974825734111821e-06
0.0175476551915895,8.515981261522064e-05
0.0097195040188318,1.3714688713465651e-05
0.0098745829693088,2.960062311295302e-06
0.0180686200892384,0.00011460705217168088
0.0010405808189481,1.6007235759626175e-05
0.0132299102806445,7.998385995355214e-05
0.0077902323043575,1.608513112569082e-05
0.0003426409635727,3.4403857586580035e-06
0.0152568086630686,4.958385688743778e-05
0.013625898585987,5.380630227279306e-05
0.0160184394053918,5.7056874409352065e-05
0.0116707605853667,2.266163142493766e-05
0.0130119962699359,4.6864752325160506e-05
0.0127668762439014,3.649704691636127e-05
0.0053189184565482,2.94423485553383e-06
0.0135255789582057,6.46899438434805e-05
0.0002625120921318,2.5512533584012673e-05
0.0134658449325184,4.696544304684362e-05
0.0076354685389718,5.984189089146298e-06
0.0079136379463542,4.72292700895095e-06
0.0164625393204409,0.00013341259930625137
0.0030111456630338,5.615320910074349e-07
0.0090970700752012,1.1902714137481888e-05
0.010874433470928,1.5178702675090444e-05
0.0172516543496622,8.66272293780011e-05
0.01399855613752,9.165692147044466e-08
0.0155112469846825,8.586013843155562e-06
0.0076372645223711,4.719704558840793e-06
0.0172257026654411,8.96493607329184e-05
0.0114762493814229,4.534967858673343e-05
0.0095016468902105,2.5167639156752615e-05
0.0091365207963183,1.1751717371353148e-05
0.0083540655097749,1.4192699911452877e-05
0.0064086033833352,4.692127685724136e-06
0.01207135846428,1.9394735816258846e-05
0.0145424862678937,6.151121158501982e-05
0.0024035850013707,3.069101252769094e-06
0.017052418075437,1.6081898438827286e-05
0.0105878825638137,2.6092221540370406e-05
0.0064459616329552,4.758349497566159e-07
0.0107850584498399,2.7242411059425618e-05
0.013320567713469,5.221613598136538e-05
0.0179917150138101,8.366260737083333e-05
0.0155411054854751,1.1815965122509383e-06
0.0156945243236475,4.530773958923151e-05
0.0083950951305945,9.86428789014764e-06
0.0060372672981268,1.5363231020388957e-06
0.0139001190178337,3.3614914660343776e-05
0.014922054472702,6.325242011569393e-05
2.1343013439847348e-05,2.828240275902123e-05
0.0008966233573936,6.282169313204416e-06
0.0011581123989909,2.1340501699991796e-06
0.014089267336532,5.283543365193064e-05
0.0022895745720385,4.039045993684429e-06
0.009273163652208,1.9842173641143423e-05
0.010267879703519,3.6176038370371104e-05
0.0100491954499921,2.4232824687267363e-05
0.0190829929152121,1.2955939578268892e-06
0.0002517119451712,8.32019285079489e-06
0.0013650293705421,1.6153581781210373e-06
0.0040881638472313,1.438999185148452e-07
0.0198772097943858,0.00014069405227278806
0.0003754073764484,6.490027207960477e-06
0.0119556784236021,1.9736744661627438e-05
0.0067375294048935,2.1492897681359666e-05
0.0028126177311155,7.240946666565448e-07
0.0043682293517071,2.9921685016500247e-09
0.0008525386241354,8.073616697530335e-06
0.0132828775888263,2.852382088959835e-06
0.0131319817796272,3.386255911463919e-05
0.0063849068062771,6.21576654390491e-07
0.0060300267497913,1.5184264252567894e-06
0.0192646390445786,0.00016735263611626175
0.0016781593098846,1.743855409709888e-07
0.0001786807309265,3.769548007921485e-06
0.0144203996756018,3.513956880574579e-05
0.0067477945318592,4.4723376762445895e-06
0.0095460859251288,9.935083357727858e-06
0.0060831972026767,6.699769591660183e-06
0.0071588693280296,2.8690199888449997e-06
0.0110519214415806,2.8974749370967888e-05
0.0179556835099335,0.00010249277627505729
0.0033579233834901,1.5350627282989377e-07
0.0199056330723844,8.852949027366325e-05
0.0168159287773236,8.334769466967225e-05
0.0008935109597722,1.23487140212762e-05
0.0149781094164652,6.191544648094138e-05
0.0186186825048128,6.43116416776443e-05
0.004397308238345,8.575290691233736e-08
0.0127535370261652,3.7407080659954616e-05
0.0015198752751728,3.2275566853509335e-06
0.0068628043806908,1.8660737093833178e-06
0.0091597700210362,1.4443233000360055e-05
0.0142637284849136,3.0448380073095704e-05
0.015286715583997,8.678978285173636e-05
0.011760156230663,3.1666450108699456e-05
0.0092089598272866,5.906197694486816e-06
0.0090667731004277,4.463145692119252e-06
0.0182529387773251,6.222787973980566e-05
0.0182633372150732,2.951415649657232e-05
0.0048484763833555,2.3117025783683332e-07
0.0165542126506273,7.610695425036188e-05
0.0146789241377583,5.167302828755825e-05
0.0071625746345099,9.134097658286639e-06
0.0117923265915733,2.680220015555756e-05
0.0191050744145662,3.510271308186576e-05
0.0140521110788153,5.0482807930031744e-05
0.0070991473824985,4.83863530325998e-06
0.0028121248917141,1.984500263854608e-07
0.0041729941288042,4.558068168413755e-07
0.0061014594628563,6.8522179372975605e-06
0.0174707554812779,0.00012012591703239423
0.0168285429755139,2.55896133520435e-05
0.0195186511341967,0.00012513722293024305
0.0073755130133962,1.300240165567619e-05
0.0045005287525041,2.8562999534453198e-06
0.0120000546720315,3.4701560353507795e-05
0.0187330686556001,7.022243050973124e-05
0.0078856250151423,2.0309644879360447e-05
0.0134333905626838,6.73300124303925e-05
0.0126703880084427,7.410230437082961e-05
0.0040034796090956,2.6162230270205915e-07
0.0035653405870058,6.401294611370375e-08
0.0144395451737037,2.619963380055509e-05
0.0086252562658767,3.2775454529207423e-06
0.0187812786814486,0.0001371437239090429
0.006789062539561,1.1397616507323465e-05
0.0068054369468789,5.889519261949969e-06
0.0196602570372281,0.00011224132855343007
0.0189860551644882,4.599348328057991e-05
0.0041254529939851,2.0990581937761136e-08
0.0013215326954351,1.196937255291967e-05
0.0104425548710973,2.9772814475370427e-05
0.0173996196912795,9.489758262912735e-05
0.0159319832800616,2.6522340700073664e-05
0.0060777910861355,3.164946314574808e-06
0.0145521448235148,2.8845732109460887e-05
0.0056595011407522,6.339154637600326e-06
0.0057292219662713,9.175549130954209e-06
0.0104631361363836,1.4051874731359996e-05
0.0005898526313277,9.697625455177718e-06
0.0109047856329626,2.7185990679166873e-05
0.0096319590919277,6.40570533137506e-06
0.0168399459375921,3.9464929655147765e-05
0.0002009774425782,8.608924930238753e-06
0.0162286369417121,8.5434117310239e-05
0.0039388619977698,1.646465066179691e-06
0.0176665552614067,6.736565899467403e-05
0.0199486246846892,0.00013427011890272507
0.0069006609185295,5.928591855512468e-06
0.0174146229368683,4.329252460831216e-05
0.0174216853433228,7.29185094648473e-05
0.000611713603481,8.996646420376857e-06
0.0159904783520369,3.820452127884447e-05
0.0067990953750701,1.3871739968890891e-05
0.0016332215934983,3.405247679816144e-06
0.0193148966215716,6.231602074242811e-05
0.0184382031754854,7.366983677576988e-05
0.0064723590007158,6.99218853872056e-06
0.0138088513691155,4.1433651749916116e-05
0.0020607469063453,1.0521223325672001e-06
0.0041729143119677,6.62928512527953e-07
0.0133582333460665,9.30683672353538e-06
0.0090992016981338,1.0885316137506857e-05
0.0114928629852321,1.4956444442301323e-05
0.018845199326986,8.052325833727541e-05
0.0067394107506835,2.02660469332473e-06
0.00794044966652,2.4939728933333656e-05
0.0188955675838981,8.086853775321682e-05
0.0169025460664652,6.630037209975705e-06
0.013195544656981,5.0852744843118505e-05
0.0071323520849852,5.958179974242043e-07
0.0108660079746051,2.2402679017902703e-05
6.652288381439497e-05,7.922576645017524e-06
0.0179992446907236,3.0043044386089724e-05
0.0087082372280267,1.1322299185039828e-05
0.0161932312770658,4.032136578721304e-05
0.0061700956550067,3.431739725423223e-07
0.0073029132936105,3.5232322666875412e-06
0.003689443573688,2.7524059712353073e-06
0.0132810659676476,1.6216419001829345e-05
0.0032111160722983,6.071122934222388e-10
0.0024919111426204,1.3841808009179339e-06
0.0120430872925608,2.592359055676437e-05
0.0071049920063483,8.045076555332035e-06
0.0004800125624763,2.1967720490572035e-06
0.0173439049864686,8.037911901752172e-05
0.0091520580750411,1.4162072374142447e-05
0.0066033652625955,9.246099192916955e-08
0.0088322625966991,1.5630445391732225e-05
0.0137463501695461,2.7996988296950158e-05
0.0023482553850109,2.155814251700022e-05
0.0134217582001654,3.41419077190276e-05
0.0148714800214177,1.7306739806903662e-05
0.0078759174051657,8.776493252203901e-06
0.004418189512512,2.9908405424395793e-06
0.0165344414671544,3.513981270503461e-05
0.0076812631245925,5.265535313349691e-06
0.0051276102724905,1.8985865879527277e-06
0.0159346378274888,4.6001158695368765e-05
0.0092712601409466,2.1703899947817127e-05
0.0074116253986405,1.3110256899452948e-05
0.0181089254420715,0.00011268318135738521
0.0116236660732048,2.934707196470536e-05
0.0032783759872523,5.893788614792489e-06
0.0129548746540316,4.18705613659825e-05
0.0041071624524663,2.3745993393777395e-07
0.0003138092467242,1.1537798869265327e-05
0.0117400019563752,1.3501455974396658e-05
0.0012080690341896,5.577838862534357e-06
0.0159309654602405,6.126590407960154e-05
0.0119387360064486,3.0188718919256205e-05
0.0107954982915548,2.092546277670273e-05
0.0014683822655435,1.2399051203865133e-06
0.00670031327013,6.840230570942447e-06
0.0072808738715897,9.284560618975863e-06
0.0148478714264311,5.284157303065165e-05
0.0128626165879024,7.190076121678375e-06
0.0090513660724817,2.452480652194473e-05
0.013268745051675,3.360237098096159e-05
0.017748203519044,4.2086125668231555e-05
0.0014055786198481,4.5711542286675026e-06
0.0069785702113633,1.1687382198698837e-08
0.0061991193637473,1.5017065968073637e-08
0.0004797221193405,1.1359659585027593e-05
0.0120581574763786,2.5669182090451744e-05
0.0042799055834582,5.60364786182319e-06
0.0044214368272604,2.484331324747758e-07
0.0036730782538149,1.4403958033484525e-06
0.0167314871401186,1.703006131847013e-05
0.0194971170508587,0.0001534690812734795
0.0007279077689536,4.403178557268637e-06
0.0101680982485009,4.277242630079248e-05
0.0163100929586662,7.525662100748895e-05
0.0180023424687609,9.732098025656602e-05
0.0028254011316141,1.0433763684220279e-06
0.0055574500195673,6.277037349774552e-06
0.0101975262518923,5.092288274035343e-06
0.0125895790841962,2.1655651936789487e-05
0.0132348051414197,3.1732772992434805e-05
0.0009757874087213,1.6355576715589115e-05
0.0075412950970707,9.560500441082446e-06
0.0076659336787222,1.526819367396203e-05
0.0182909932470439,0.00014520990628906703
0.0051669218212181,8.840662283813061e-07
0.0181307952743165,0.00019003561361207274
0.0094037468204226,2.1308646868249924e-05
0.0181268895253209,5.176204798249943e-05
0.0036622377216528,1.73232212975392e-08
0.0119103959213528,4.155343074642134e-05
0.010215442071293,9.105650985012001e-07
0.0145127033757813,3.674038820872879e-05
0.0014344990171948,5.1781678616661796e-06
0.0052369097281679,4.928313802176033e-06
0.018296953969756,2.4448211770152308e-05
0.0016257803577689,2.9942431651856496e-06
0.0109024444194525,1.2085052493641065e-05
0.0078658710711986,1.160090641273346e-05
0.016157585491867,0.00010898599041917605
0.0183999225893851,3.859401541234687e-08
0.0045114772490838,1.495140994842741e-08
0.0160896561229215,0.00010865930883831021
0.0187513187971609,0.00011424934324199865
0.0059320407809141,6.607156753601083e-08
0.0069232789180333,2.9380838085526335e-06
0.0177460624684756,0.00012194503147504693
0.000735228232816,1.4083863494236796e-05
0.0198816272929967,0.00014863962807079556
0.010254405570616,1.7434634242660462e-05
0.0174031390250638,8.499044807054076e-05
0.0020724431674771,6.033876603987198e-06
0.0076321512391368,5.69556508077903e-06
0.0099115736548141,3.8522634083777985e-05
0.010764427009866,1.964196959514633e-05
0.0069876436766021,2.8494165291736074e-06
0.0137186990045788,3.1505696170023705e-05
0.0059296681207222,1.6142428459154012e-06
0.0155413166156253,6.160819097522099e-05
0.0053997025683874,5.269548480230003e-06
0.0097976083628216,7.023660211245371e-06
0.017800132536345,0.0001328872800845613
0.0007135101689537,7.116339523094608e-07
0.0106775162877038,2.4823372914142202e-05
0.0104166549144196,2.9052271843320995e-05
0.0017712616859079,2.1549542714616198e-06
0.0047136593543171,2.6646470243445635e-06
0.0138940948518836,3.092651781456299e-05
0.0069593150634175,2.693679800342011e-06
0.0187958374490406,0.00010595877513691325
0.006723345764699,5.582053078619748e-06
0.0121675627433511,5.6758701789035346e-05
0.0116380683122376,5.128809516436403e-06
0.0144969877632221,8.75113432991197e-05
0.0065109401538111,3.0333732994321916e-06
0.0027375104820568,7.628404001617628e-07
0.0038023735828794,7.415517963563014e-08
0.0046242150715289,5.299376352806373e-06
0.017110227534905,0.00012710526202409927
0.0129302872730154,8.815010327036137e-05
0.0164075763201746,6.875988537238172e-05
0.0195114474701427,6.526602753175443e-05
0.0058333430962575,9.458614186990219e-06
0.0113916231481678,3.8914941370390345e-05
0.0175963626637203,5.2398286917638345e-05
0.0043261222799814,4.022521467005338e-08
0.0167808360481795,5.270970774446123e-05
0.0032211664907756,7.956569709197233e-08
0.0096122450072623,1.5643325797589447e-05
0.0008202187109566,9.068357402710732e-06
0.0157000107531375,5.6415083825319666e-05
0.013691596675729,3.88515742122206e-05
0.0090527869713993,1.9225577542253797e-06
0.0034331692433682,2.695342132994882e-07
0.010025243125146,4.3637305422992774e-05
0.0082894669838603,1.5612339889916887e-05
0.0004806561730314,8.597742702697771e-06
0.007762730105646,1.869160332973286e-08
0.0078411209818658,9.427059622278316e-06
0.0125557464751425,4.012822101735253e-05
0.0165666930779198,3.3325600932624764e-05
0.0170936792618083,7.194549626010062e-05
0.0149460529525743,6.293188714692023e-05
0.0065744954292655,6.794474140174248e-06
0.0134443948951012,5.253686373422756e-05
0.0026804168825953,3.6409664971531544e-06
0.0036391765187671,7.386625028502326e-07
0.0174322678294692,8.651692301691505e-05
0.0129383508803262,1.0626094916474182e-05
0.0170749886327537,3.753315956800823e-05
0.0130724639411783,4.4685423339068956e-05
0.017615994643804,4.2534006347034866e-05
0.0130200559295639,2.2921142704840183e-05
0.0114941089465286,4.014338313571589e-05
0.0040517357853422,3.323642402661371e-07
0.011953913206796,5.415482600378287e-05
0.019234756801518,4.081859072332133e-05
0.0068164960476821,5.903839856628777e-06
0.0113741079604786,8.463844083834709e-06
0.0173564971810134,3.096797793340765e-05
0.0122041136367548,2.685983372720641e-05
0.0156005586484318,8.784988491692146e-05
0.0047768330368718,2.1221107578710643e-07
0.0092948987666336,9.962010616532703e-06
0.0069683558186497,7.4336194446647626e-06
0.0117555651056314,5.1424807774897557e-05
0.0187635595559846,3.7949811340448675e-05
0.0134843158285114,3.5539498787669214e-05
0.0055306250836115,8.00298377908859e-07
0.0071521885755585,5.665002764483205e-06
0.0190634170424351,7.041718895133186e-05
0.0073501933209136,8.111744644345683e-07
0.0034274454791087,4.0393963156174634e-08
0.0105959303235559,3.3063678539671395e-07
0.0196287885968388,3.760614596538562e-05
0.004592987176044,1.6994561898496784e-09
0.014458357645067,4.7291582740134323e-05
0.0099580368897851,3.196989519986073e-05
0.0173393985855275,3.061027539929022e-05
0.0013462016538798,5.9076957216992285e-06
0.004362918773934,1.8336450266769624e-07
0.008993529102873,5.839484517345081e-06
0.0180231955823285,0.00013947906878782255
0.0166222989904701,7.12116813761011e-05
0.008641967275356,1.2391291601269754e-05
0.013614085856954,6.112672036764916e-05
0.0115425402506427,2.3811806060570246e-05
0.0094462570297905,3.503931455417934e-05
0.0168922535438743,7.836879488417476e-05
0.0092780659436646,1.7454011729041166e-05
0.0066792343654945,5.375560456012932e-06
0.006433386860022,1.975486244076162e-07
0.0045546721187643,1.0519410792433102e-08
5.224890465899357e-05,1.0456231321077916e-05
0.0171377817287551,3.1051289615744694e-05
0.0077881976315123,1.4686753415655562e-05
0.0039115731424262,4.80031717572793e-08
0.0042919734867236,5.297799325175984e-06
0.003535444632258,3.447478633399081e-07
0.0004036342370678,9.921337084601236e-06
0.0135694364131157,5.841898879911294e-05
0.0084997186568115,4.871793344688957e-06
0.0159219034550903,0.00010934477633000498
0.0067219483099079,6.775325713155142e-06
0.019653382508312,0.00010759951236987702
0.0047406513194205,7.083956442192038e-06
0.0041989633889925,6.261898894418783e-07
0.0019841559913386,7.298251645033558e-06
0.0184385559846075,0.00010212360985894448
0.0066745191907458,7.065719737148391e-06
0.0114518348869565,3.0166350192942877e-05
0.011806090417331,5.000339563264262e-05
0.0008044560430808,4.6384412792888305e-06
0.0093721907487305,2.3683344398169786e-05
0.0172770858239346,1.421169729525946e-09
0.0079869393039996,5.632768631831432e-07
0.0116805035078783,4.263610826180971e-05
0.0100873446769987,1.1966468347386676e-05
0.0115707440990064,2.30962768371315e-05
0.007595823414069,1.3474244797136145e-05
0.0036338135668504,3.4475288242559635e-07
0.0171107556311909,0.0001125466907734458
0.0043998507936622,3.6575398635797775e-06
0.0101061661017141,4.262092586673963e-05
0.0159370701009408,9.137272051498447e-05
0.0073984619648939,1.7058883270125282e-06
0.0141580557061061,6.625098998268505e-05
0.0085289336835564,5.721564459330605e-08
0.0168031675629352,4.687451621296808e-05
0.0105425114517034,1.9310897910754562e-05
0.0017748732637871,3.2835352342724288e-06
0.0100043236679719,3.861382839463576e-05
0.0133134577873397,4.1456959224548e-05
0.0141599464155541,4.402486488139311e-05
0.0091494968935767,2.0610636845138952e-05
0.01932435075885,9.894567541078106e-05
0.0093528247105948,2.598730896252764e-06
0.0197832043552164,1.180141143242614e-06
0.0142057504258411,5.406869412640453e-05
0.0185115861772518,9.843796963033244e-05
0.0098505910768765,5.809670504514894e-06
0.0167120046575693,4.2780015955184955e-05
0.0106817950043701,8.955076557453353e-06
0.0074804320372482,6.0105480230977694e-09
0.001648846393353,5.270627879734133e-06
0.0136947019399003,5.734698465859345e-05
0.0108713735207072,3.952533363930038e-05
0.0198978616831929,6.631713457885049e-05
0.0199770847125234,8.014748466996644e-05
0.0014601042052798,5.092000814371577e-06
0.0032765810805494,3.191960230104094e-06
0.0037505755079215,2.983369110157849e-07
0.0135097335272735,8.103298278801146e-06
0.0041187172476838,5.863329820871972e-09
0.0025977788918848,4.109119695273378e-06
0.0091426048740708,8.639377155036117e-07
0.0054302264158608,6.403774384160642e-07
0.01195705348881,3.250266768321607e-05
0.0124762011331759,1.943893821017534e-05
0.0079652804211293,3.4713527311954157e-06
0.0002916800392874,4.428249080279355e-06
0.0014184621520851,5.678866733832948e-07
0.0061554400234492,1.5506507911071259e-06
5.228584765145872e-05,2.3171284774829236e-06
0.0084778545870221,1.4939862111971452e-05
0.0023884418120425,3.322797399673091e-07
0.0057003422961541,6.430337008778896e-07
0.0191989288420269,6.852439054433648e-05
0.0004018019272012,7.78314266221084e-06
0.0160160517754695,3.655540634619589e-05
0.0057338459207398,3.0008219348841544e-07
0.0059027690492185,1.7855827129167504e-06
0.0102094033361575,3.3103488588143235e-05
0.0075465579662508,7.464252745449082e-06
0.0154150765259709,9.243094774836685e-05
0.0115224599422874,4.9358906134306116e-05
0.0070937935804047,7.453844209446415e-06
0.0112773047803371,2.490578492816934e-05
0.0164489918536288,5.7962718174930405e-05
0.001808574851942,3.575883268923328e-07
0.0044040370985712,3.7071833400749925e-06
0.0010898268610543,2.898964065313208e-06
0.0025364914125766,2.7442167308132785e-06
0.0195972562521296,9.227426465456572e-05
0.0033402981279907,1.0873278858861953e-08
0.0146701915653554,8.585174902831515e-05
0.0149786494026176,2.7082370897816975e-05
0.0013851750611739,1.8684822000529224e-06
0.0039394979189541,5.290418236202331e-06
0.0028029669535592,2.806867890159421e-07
0.0165949174602015,6.21231933010248e-05
0.0011793577603977,2.5942391088873963e-06
0.0089924048741291,1.6524082631537717e-05
0.0062356757764286,3.0332634079638966e-06
0.0063321299788866,1.9527683239369757e-06
0.006554672577605,5.364324173919456e-06
0.0167421020412118,0.00010460406473521867
0.0117947854342101,2.094317136748328e-05
0.0130633742757943,6.118562578252941e-05
0.0091859013763653,1.7924607925396858e-05
0.0157878553772864,5.4712004155767866e-05
0.0019192997095999,1.018387465902252e-05
0.0113048500306483,4.632394248397294e-05
0.0034730419423637,7.042767378587246e-08
0.0039987673890205,1.4208624143493698e-06
0.0183353116215424,0.00011560606180667075
0.0112191575173313,1.577941892255815e-05
0.0083934176583217,9.8632545197855e-07
0.0168717499977589,8.489297257816293e-05
0.0169015175217883,7.760375667847356e-05
0.0138935723690902,7.138357979332505e-05
0.0170682860243887,6.07310744846983e-05
0.0184778032583757,9.008785892124524e-05
0.0182211051016629,1.8677997198064145e-05
0.017987504787545,0.00011996121140051222
0.0057762644515469,1.0564013295473324e-06
0.0131522631504799,1.5559134620503734e-05
0.0024339251429488,1.6641370079020198e-07
0.0164154175195521,6.731524995897306e-05
0.0069108477089475,7.258879257010553e-06
0.0074805594999729,1.536946244492102e-05
0.0050592139322709,8.966318900676947e-07
0.0128929365906054,3.648971348643193e-05
0.0074290472506458,7.270858193272735e-06
0.0028943606823844,8.242966652750125e-07
0.0132727558388671,3.871571705436644e-05
0.0022745503623439,1.7571856893296417e-06
0.0174028844058623,0.00012864955353847086
0.0044056953866462,3.133035094419605e-08
0.0111890894669968,7.058843846596327e-06
0.0053108481003671,6.908888296343e-07
0.0068049598361011,2.9274547932862956e-06
0.0112851850704179,2.063702205515544e-05
0.0159773972981638,5.684263114024742e-05
0.0056812435869891,1.0118047401100345e-06
0.0152132045982866,4.042754560218464e-05
0.0070726093775036,1.1828431413693195e-06
0.0126605191838768,4.146660233516407e-05
0.0014906717116612,1.0994438834079628e-05
0.0003748428130103,1.713744449686699e-06
0.0026190013926469,2.058328742369931e-06
0.0039187178400174,2.376393281526449e-08
0.0144578228629396,6.208574076804577e-05
0.0005429702070359,1.5849569537232066e-05
0.0169636614807556,1.0114679497212385e-05
0.0072743745998233,2.8259386778366237e-06
0.0176017076365924,1.4593630230403818e-05
0.0025129395188338,1.4946718204301258e-05
0.0024169693542355,1.25942453982281e-05
0.0083202116735925,1.0871562947232305e-05
0.0168101549574189,6.719237726271363e-05
0.0135435622866157,4.686692216077926e-05
0.0027563074060929,9.811598321131341e-08
0.0061282086903167,5.554349437942049e-07
0.0053047250046176,2.556661541831862e-06
0.0117041987282389,1.8131979770978927e-05
0.0055830048702485,1.2136658671193208e-06
0.0030589629223449,9.932347091171248e-07
0.0056308324164137,1.3510747569932895e-06
0.0181050420761509,5.214699975609202e-05
0.0141002332250256,3.826756640005931e-05
0.001864909091429,2.580817923291827e-06
0.0104412313948959,4.0035853168942706e-05
0.0193139915674722,0.00013136296395724754
0.0198954906537461,0.00010341799046033909
0.0105097597398562,1.8767821783043282e-05
0.0102385785016936,9.822829192222948e-06
0.0120803350519185,3.305926029641845e-05
0.011033861111051,2.9491743142415402e-05
0.0044560744125695,8.273995302190531e-07
0.0081708210344233,2.1384720826521147e-05
0.0042177542784689,2.909459120845773e-07
0.0105393901155388,1.084097948188817e-05
0.0192865271498717,5.1733218739622086e-05
0.01438877043354,4.616419612037882e-05
0.0097604825554737,1.4096302866961123e-05
0.0167636907342148,8.715381328630271e-05
0.0018619280507577,1.2701462816849514e-05
0.01939027055129,2.000259998574158e-05
0.0084988488812144,2.9260358741996417e-05
0.0135551769919632,6.113649369422574e-05
0.0188478343968092,3.70256051870505e-05
0.0129493303080423,3.493086604408746e-07
0.0150081917943256,8.113363438165938e-05
0.0017798674324027,2.710918496837969e-06
0.0052361822700393,7.016443580826059e-07
0.0063306346526484,1.6799626809991778e-08
0.0028564951930805,1.1496023484504874e-07
0.0135761600861333,6.728855015486534e-07
0.0041256040642158,3.4134708598258735e-06
0.00150814860498,5.089265853356195e-06
0.0198349316227408,4.5585754544178805e-05
0.0112526946732748,2.2460741830376043e-05
0.0101179993413021,2.0673112816031744e-05
0.0027972279692543,9.055104949959334e-06
0.0042359973838788,3.9382807431877775e-07
0.0163310758310287,5.994248573563725e-05
0.0065823524216268,5.383737812233749e-06
0.0092827391389733,1.572435229597856e-05
0.0110282202557211,4.2139358019839474e-05
0.0150664563873647,6.501377927855787e-05
0.0119102085863678,3.578994553939943e-05
0.0025515479676731,2.2411309114046175e-06
0.0113476790669516,5.353539108768274e-05
0.0131955450842451,4.699417175512825e-05
0.0110297489820721,1.2167334965082517e-05
0.0089909015148684,1.98110787722002e-05
0.0112250598087073,5.144255805994483e-05
0.00779885112291,1.1968857391571213e-05
0.0067330146028788,1.414464904200371e-06
0.0030182285523426,8.174065535527252e-07
0.0110710039004476,2.357770262212738e-05
0.003301891750797,6.91609011543579e-07
0.0042226939202413,1.3357887495434765e-07
0.0106914157658576,1.5046501772718534e-05
0.0141038178433113,5.541647706896481e-05
0.0188669777185041,0.0001437729887090498
0.0121984518592745,5.2407218576327754e-05
0.0099892430537998,2.6385222178020928e-05
0.0143599708613756,9.177641429523332e-06
0.0155234283888305,3.6825912925764296e-05
0.0058467857288042,2.4721102405059424e-07
0.0177431759008964,2.6978207011425517e-05
0.0132479450594234,3.4354600117990244e-05
0.0120919467993274,1.851398919426758e-05
0.0114425769854386,2.326810457598219e-05
0.0085999204675753,1.3477400390813457e-05
0.0056048287829943,8.016183644950861e-08
0.0025908227834205,4.6154156108000976e-06
0.0054068103215052,1.2678321299550317e-06
0.0197320134799597,0.00010895672380216308
0.0183072165994191,3.67728383512881e-05
0.016954742758335,0.00010415914458930085
0.012134849946126,1.4172286398043049e-05
0.0051453050043751,2.8983745695868804e-06
0.0007886581287684,1.5280785113606886e-06
0.0191599505627273,2.7402416569764907e-08
0.0175002814107443,0.00012041833949686855
0.0193130635952771,0.00012584252835186102
0.0062984329814937,3.771553169290501e-06
0.0015737908483976,2.899115119253152e-07
0.0083789224605026,1.4605930881653485e-05
0.0077908782651771,2.406498886652317e-06
0.0144139354190158,8.97181356377988e-05
0.0004748025082676,9.50367389167786e-06
0.0010460188015874,5.469474608698376e-06
0.0004492110742974,8.042722835811641e-06
0.0113728992147683,2.1493531815839768e-05
0.0118151404502681,1.4902512139445948e-05
0.0049317853776557,1.049846868245261e-06
0.0083372691441115,5.3125878280716125e-06
0.0128952627709804,1.7391708453296312e-05
0.0108330320310065,3.702825158357047e-05
0.0046723111755071,3.00388892413158e-06
0.0089186456274971,8.33062176436125e-06
0.0015408242305941,1.5679682638362278e-06
0.0194114869218941,4.7254322533505036e-05
0.0123628443765365,5.620507346126804e-05
0.0010155407272694,6.208255357599491e-06
0.0079240326265792,2.2571716881258495e-08
0.0059660623494901,7.617346735632498e-06
0.0135611044153552,4.88781360423099e-05
0.0028532943933223,1.3011245187065465e-07
0.005421310134827,3.5594365217263896e-06
0.0073412993947691,1.1629415348628133e-05
0.0057423558642437,6.504932137404017e-06
0.016362545320385,5.260985676121559e-05
0.0112856469387212,1.5862311505231388e-05
0.0169895289039886,4.181756448817657e-05
0.0128559215148894,4.514963302675715e-05
0.0066253936406484,7.705035638507717e-06
0.0191124515827144,0.00010235871278756938
0.0003605638492306,3.6954005890389505e-06
0.0097408461304729,8.603940188959878e-06
0.0022963139891099,1.648261300187527e-07
0.0005261797015901,1.843872357799472e-05
0.0185408972658201,9.611921961718199e-05
0.0134495608732746,2.607560415348099e-05
0.009107476053114,5.000756978287029e-06
0.0155315371767864,0.00011657525091125401
0.0059906197704786,6.576460065409227e-06
0.0050834808994896,3.845198661612229e-08
0.0106147034700419,4.124319731912479e-05
0.0172304434655653,8.692018311613542e-05
0.0004635002785544,5.3276442328216795e-06
0.0152857066115859,0.00010883606365119613
0.0101663411889276,1.6970006224195386e-05
0.0076736582967516,4.0294508236198746e-07
0.0100743733199597,7.61526389679963e-06
0.0133632372014908,2.9995118560674695e-05
0.0162991570772393,0.00010353027609728876
0.0067317710078051,7.823561703179554e-06
0.0190955918752021,1.2619686003834107e-05
0.0175230174467817,2.2648766881486086e-05
0.016661569161962,9.768286063688242e-05
0.0173815970575252,7.141050729196091e-09
0.0118332189879765,2.957823680837959e-05
0.016560811042345,9.116434881658888e-05
0.0011373334085434,2.1579016570308465e-06
0.0052638396897471,7.961339140706897e-08
0.006930260121723,3.680812884404811e-08
0.0111986608336093,9.43404072144869e-06
0.0150824087682514,4.404014684065337e-05
0.00835834176136,1.6507617831472343e-05
0.0043361121436889,2.9167733046928286e-07
0.0084353154831178,7.619358796505e-06
0.0184318776475659,0.0001294125694294205
0.0137443921175341,3.546481027037856e-05
0.0008411856361701,7.761508405006863e-06
0.0042644816630885,5.976937120145182e-07
0.011313746210743,2.447913691107352e-05
0.0169491584102603,9.045299643600754e-05
0.0019117086971897,7.319727330216394e-07
0.0169589722374389,3.162548724350816e-05
0.0102032635318107,1.2732973223466895e-05
0.0158659971836029,3.497280304832676e-05
0.0112117957050325,9.669075790160514e-06
0.0043748451180607,3.4244918398038497e-06
0.0127436887494413,3.685370505392624e-05
0.0050229033871561,5.584241336095283e-07
0.0168545067081127,9.197481979610845e-05
0.0129268947960745,5.1220854171431e-05
0.0066291703856584,2.5744986864636804e-06
0.0118610443181527,2.6660947950756786e-05
0.0094309718673187,1.573527221060438e-05
0.0187915178239065,2.68409683186364e-05
0.0161858805758777,6.844349707910963e-05
0.016830340215978,0.00010414702211464198
0.0037226570823482,4.5077526512112613e-07
0.0147281458477801,5.215353409806758e-05
0.0108372814400999,3.532185869580485e-07
0.0089043408442818,1.71527662050745e-07
0.0159853358918105,7.651281107172033e-05
0.0170067615134788,5.8782854200417506e-05
0.0132749576172843,6.042361207043256e-05
0.0109189490697971,1.0766106086461454e-05
0.014163104354996,8.906353342544472e-07
0.0185961290389515,0.00013761749016468503
0.0066113037608162,4.580990665911884e-06
0.0083020353361828,1.3048500608625232e-08
0.0141428820355157,0.0001055689736833463
0.0199964440819313,0.00010226891266338889
0.0020464395985508,4.1824693948776444e-07
0.0014267722130018,7.145330330991726e-06
0.0154717601533376,2.0260468334073097e-05
0.0195059471762463,6.77981137032876e-05
0.0199684953725723,6.553218508782233e-05
0.0160075803446696,0.00011078475727239159
0.0119677028088453,4.091293622244658e-05
0.0066602299491913,2.448477767043068e-07
0.0089399378603434,2.3068605060407054e-05
0.0157152649860064,7.277256303426274e-05
0.0181908312930209,3.612085015169063e-05
0.0021519746847176,1.6939217479012238e-06
0.0011724969799325,3.934847869046659e-06
0.0092650395751442,1.19919662205058e-05
0.0127146512717503,2.6918095870663803e-05
0.0055291446910814,3.977777173512304e-07
0.004030950850436,1.3696171858061924e-07
0.0196003170459946,0.00012132123838822255
0.0145481441233425,5.640682457550839e-05
0.0147029994562283,6.512004391981956e-05
0.0169076378512648,4.623389128035541e-05
0.0040475083581406,7.542720012629472e-07
0.0050456897474219,1.3808131600266092e-06
0.0196926856960072,4.0969675419498176e-05
0.012181175482558,3.035478012004604e-05
0.0084487759377926,2.0299641848772092e-05
0.0086447225229352,3.062976251387522e-05
0.008656848549,1.0166185087752867e-05
0.0156707950588935,4.229616781859949e-05
0.0163599802862748,9.436007700987265e-05
0.010134120339441,2.409739230135075e-07
0.0060381285920569,4.869323474261894e-08
0.0028775767159646,2.29339864386547e-06
0.0027657126327885,3.0265545404103775e-06
0.0187612412006678,2.513573987232575e-05
0.0190592740331051,7.70702554551545e-05
0.0170988843470044,7.481577327217641e-05
0.0118518389805706,2.0849878703065374e-05
0.0001588544416138,9.628607336803085e-06
0.0168675571195006,1.8197857525909624e-05
0.0058265099160435,7.184828991382953e-06
0.010791333577641,2.4762298889068343e-05
0.0060469276195766,3.2994728587311783e-06
0.0059008167027962,1.9765169941314448e-06
0.0005174268798122,1.0199995445085656e-05
0.0159858777571899,9.539686591023966e-05
0.0028706308778654,6.726610510240767e-08
0.0083749290317151,2.961986521456458e-06
0.0102446650913966,3.955580323702602e-05
0.0047035986444281,6.391626479580614e-07
0.0013943284456798,3.0443538422288603e-06
0.0169135595398974,0.0001057686028361377
0.0112421084532469,5.25199517130874e-06
0.0027730872311629,1.084749536756948e-05
0.0032887065589857,7.133757097232332e-07
0.0108938136495681,3.1236960393378563e-05
0.0071619067504775,1.1375405375960297e-05
0.0090805219415726,1.8776845172913346e-05
0.0179299641941352,7.558362862869371e-05
0.0007891439282464,1.033101691189407e-05
0.0009988590920547,4.669400297255323e-06
0.0095196186991913,4.726670906751998e-06
0.0080999508837194,1.1094140348509379e-05
0.0183845949706278,0.00010724886187204994
0.0080569856567003,1.4538119581790935e-05
0.0087690420327776,1.8683435843186656e-05
0.012810928859143,5.9902480714951484e-05
0.0140560680149588,3.7410378767095714e-05
0.0158537959089979,7.974400592835868e-05
0.0148954010346087,5.3199239391833996e-05
0.0181366350879141,2.1197487328924746e-05
0.0045676623704454,6.111055107907411e-09
0.0099499041399083,6.702145280883995e-06
0.0061920221712904,7.710591776841406e-06
0.0062382745621963,1.2899344733537565e-06
0.0072631820614171,4.95151523855578e-06
0.0049114451824232,1.2077458447339914e-07
0.0099505071932,1.0695248022730792e-05
0.0149047982592556,5.9107443710070546e-05
0.005013768408028,1.924833998569361e-06
0.0080813993695052,2.7789057015965492e-06
0.0007043667950728,4.249831755386916e-06
0.0003361321283678,5.505440253442768e-06
0.0190338942664652,9.308415438919405e-06
0.0115244971726593,3.9790184749490775e-05
0.0022459093273799,1.0528735395039443e-06
0.013695374592494,1.9118278744799468e-05
0.0028406350496132,6.910480958415704e-07
0.0062360780571281,2.0859256841416765e-07
0.0006509234392756,2.723731849843061e-06
0.013977717763379,1.892878994904772e-05
0.0159067217227967,4.9969871473596495e-05
0.0104289605799563,1.5390528046512525e-05
0.0024168226947246,9.139483896075264e-07
0.0086313114066054,1.0830446287702904e-05
0.0006158718788533,9.77354666292291e-06
0.0009895277803524,4.6538886387224345e-06
0.0008189266119376,5.302216901878524e-06
0.0044208707502687,1.561856563317747e-07
0.0087319688685321,2.6184816229463063e-05
0.0093007028282704,2.3277293707188386e-05
0.0066251487216147,8.000038314912334e-06
0.0096381941658897,2.709096814928211e-05
0.0150902887392259,7.23224700085913e-05
0.006995320656221,1.0575590009469039e-05
0.0178511682929731,0.00013640117812516788
0.0028203731489712,2.657142036868594e-06
0.0062934549407513,3.94804051100066e-06
0.0158125919137435,5.580301297090638e-05
0.0070656044443928,8.35243177337908e-06
0.0111373969686867,4.137499130490749e-05
0.0121234188984928,5.292118927853274e-05
0.0176320447761303,0.00012294150469236407
0.0041792445039398,2.8789233962104115e-07
0.0124248806162381,2.610322753920287e-05
0.0074374120492047,1.607074181297067e-05
0.0067179776767407,4.991587069358264e-07
0.0160266082525026,3.458085838369555e-05
0.0011854674025144,2.4533358052553737e-06
0.0010293340665337,3.5574189077717123e-06
0.0005173329208653,1.1797912387816e-05
0.0119906905150001,4.317182822720357e-05
0.0106526135556728,2.9240475047141802e-05
0.0079182223937878,9.163555327250253e-06
0.0096500352635757,1.1173806234980293e-05
0.0098281388745121,1.3249566250965448e-05
0.0033687057759533,3.157103861997265e-08
0.0057139581289546,3.5668047355077325e-06
0.0125787163370151,4.292880031976018e-05
0.0001769502034183,6.213658552900107e-06
0.0147289112847307,6.371357778230348e-05
0.0029187828023422,1.5270209355435406e-07
0.0150277791965495,4.03569553749037e-05
0.0102282474633161,1.8516153796556667e-05
0.0125329160762856,4.3848229783738774e-05
0.0005087107147272,6.362971143818998e-06
0.0192878996582455,7.396879253212054e-05
0.0075391667798002,9.270274413392611e-06
0.0124114720794317,4.492755245014901e-05
0.0038519544598661,1.790610416101463e-08
0.0040971732551344,2.980872859867802e-06
0.0041873316404038,3.648270536282389e-07
0.0062235627273771,8.42969561121054e-07
0.0146267619302932,7.884147424679165e-06
0.0056527788109609,3.272081941104323e-07
0.0159943377070811,7.288558303222386e-05
0.0033568538838303,6.913346278673239e-09
0.0113094089829059,9.27931790258899e-06
0.0033503026454624,1.0253481470259393e-13
0.0131675500817137,5.7157628152874844e-05
0.0188944997872173,3.038567315642341e-05
0.0141268846030953,3.17262629500286e-05
0.0090798663898162,8.488001955592461e-06
0.0083375551116388,2.4366907059739368e-05
0.0089949577335374,2.5973615637631287e-05
0.0105683921876595,2.7878418426469166e-05
0.0013964806140921,2.1234950072595464e-06
0.0005252503237498,4.976527844723426e-06
0.0073402999976427,5.957711792144686e-06
0.0161330418658825,8.468632617630794e-05
0.0192895471122151,0.00012511381282439863
0.0090625696269035,2.855328379289045e-06
0.0092337307727576,7.685197856988838e-06
0.0011243962966693,1.2128346383700964e-05
0.0013241305377743,1.8713669126417903e-06
0.0106218238271366,8.08101269238314e-06
0.0182854157212397,8.55884970564161e-05
0.0103552413099885,2.4551844604444654e-05
0.0030300830827359,6.206924340733794e-08
0.0103037810985135,1.3054226630849975e-05
0.0070897045021139,1.2324032468671536e-05
0.0057361078686105,8.933144034762357e-07
0.0106013046488605,3.510021619531875e-05
0.0062059510382796,4.428981083271808e-06
0.0168469563695123,2.9023275563261062e-05
0.0037183398610675,2.144002936500747e-08
0.0042683396544465,1.3253951104542018e-07
0.0042888884641661,1.5269531102166032e-06
0.0130583172322671,2.977554289736088e-05
0.0183344163654681,0.00015024875521133058
0.0005802582108267,1.0060539287696709e-05
0.0062022374096365,1.1638145225821182e-06
0.0194358257960447,0.0001296089447952305
0.0183792730339877,8.467258565838737e-05
0.0062646120816001,3.024044787449422e-06
0.0169706121847981,3.430615328923555e-05
0.0135296484018961,2.1080903865107555e-05
0.0157518653700888,8.128215782938712e-05
0.0093564066353888,3.573934297312699e-05
0.0079456079908253,8.178681090984898e-06
0.0100353528110787,2.1841616329474212e-05
0.0003648859888227,8.05994672359741e-06
0.0190987298911307,0.00013926427811382697
0.0056668912076845,5.146741366117919e-07
0.0033364340631102,1.2116925609591916e-06
0.0130266843864161,3.964781761477119e-05
0.0156975053619342,9.461245120013244e-05
0.0146240950344632,6.106271026059032e-06
0.0191015293290908,7.237430034532603e-06
0.0180321988895046,0.00010694508228156969
0.0080109563305973,1.454921786598532e-05
0.0153065714787131,5.5493791181133573e-05
0.0100802425595794,2.098550755533427e-05
0.0129086548228358,3.667569537170558e-05
0.0168898388516852,9.24994391351433e-05
0.0082976762740211,4.046330372691619e-06
0.0166260904777073,5.901066324220386e-05
0.0185223016353379,3.0576972118667946e-05
0.0069918259679332,8.107188210933057e-06
0.0175562358149017,9.912109346460148e-05
0.0125530029110226,4.0122812656359266e-05
0.0079506307704814,9.046847546590293e-06
0.015341769497655,3.829881505190245e-05
0.0184721771550912,9.843628578934414e-05
0.0184235828092486,0.00012730140053402255
0.0102612113594874,1.346278465899102e-05
0.0034882299479882,6.14094671293471e-07
0.0001850869578425,5.953140259280079e-06
0.0077947787495908,2.3706435847335063e-06
0.0017911886744602,1.7555747487135783e-06
0.0180674942779745,0.0001461514160698447
0.0099548660362865,4.213211480966046e-05
0.0085306717698593,1.1212870564336913e-05
0.0195563378376351,5.907369695867363e-05
0.0003117799440108,8.002655915739883e-06
0.0035093841055499,3.167471010948577e-07
0.0108100802137101,3.153716686846097e-05
0.0108897821176467,3.9757139182059994e-05
0.0002025301029904,1.518249771452361e-05
0.0174572772160365,8.059248722442487e-05
0.0044890037405166,5.983794493067612e-06
0.0036272011973393,9.924720090196836e-07
0.0120353762043466,3.09932991405899e-05
0.0186164304252172,0.00010689943206935739
0.0110517116022152,3.3401071186282686e-05
0.0128691742040941,3.2614627731512674e-05
0.0157825123167935,8.504579865728418e-05
0.0006179821968595,2.3547898312261976e-06
0.004382464963991,2.6195604343707367e-06
0.0142304048820678,5.800234472044356e-05
0.005344488936016,9.359077328748597e-07
0.0135290798519755,3.797766760285088e-05
0.0093438558362216,1.78577682509092e-05
0.0093276471708601,2.6590098997796832e-05
0.0149450358644055,5.561935446287209e-05
0.0047372357284999,6.940582806100942e-08
0.0051187430220328,2.842003288613437e-06
0.0037911135047394,1.6753419090065982e-07
0.0101008716153206,3.053220893721141e-05
0.0038643556542186,1.7259873124621793e-06
0.0117132715395484,2.7122658958815295e-05
0.0071642973989644,1.744226953123886e-05
0.0110344063544777,3.0620103820386805e-05
0.0009488662552018,7.1944755991543874e-06
0.0167194733082785,2.166433944266297e-05
0.0088715756376551,5.821909089953748e-06
0.0025910872955865,4.606475138674744e-09
0.0089984684098157,5.1300864196474036e-06
0.0044457261292197,2.0732223365455104e-06
0.0177197077202655,5.338164407578027e-05
0.0154050841785974,6.862129866802841e-05
0.0081395111010904,1.301249647458651e-05
0.0128483132144384,3.594847334697652e-05
0.0176065983597297,4.0027222914722097e-05
0.0059539757296976,7.249738967420611e-07
0.0043147322295876,2.9736816003081423e-06
0.0074815782917249,1.2786888519418511e-05
0.0021052569692019,7.737774433051516e-09
0.001410590029477,2.516919706151037e-06
0.0139168974836689,5.9784127959306564e-05
0.0001344720643742,8.007166412220021e-06
0.0071888187047057,1.611504194237734e-05
0.0012131558082978,8.243427284097593e-07
0.0091738341747696,1.646465524093934e-05
0.016407137633318,7.385177568268429e-07
0.0053926308753773,2.0518565355731167e-06
0.0061820058551862,6.01116357928198e-06
0.0161360356181592,1.642445901766224e-05
0.0097808825525297,7.892578657141977e-06
0.0157556278069551,4.8293851096080466e-05
0.0015096186661788,4.8822678133809775e-06
0.0163539480001087,6.785262688257779e-05
0.011026997084092,2.4102367031174344e-05
0.0091987274174717,3.663420972086417e-06
0.0001252543798917,1.269616537412672e-05
0.0165169863196572,5.6262941534580794e-05
0.0181239731410453,0.00013085258010689697
0.0190901822172319,0.00015027913194827565
0.0170592064031124,5.0951552683564917e-05
0.01009026384119,1.7986639702008382e-05
0.0183010982588066,2.267048922560408e-05
0.0151734888597281,7.290691329196488e-05
0.0028959254969345,9.011633790492925e-08
0.0035509184326266,1.8158372143044054e-06
0.0008977370661269,9.023835385674554e-07
0.0127717109956619,1.3726851107749862e-05
0.0030122434739845,3.7176664084371024e-07
0.0152504089834588,5.1267647163277736e-05
0.0134513352989765,3.833892553112792e-05
0.019125008454869,9.417675865247313e-05
0.0153091717781066,4.498594300332214e-05
0.0027720072892098,2.113813292289739e-06
0.0133454144634005,2.7017022361505194e-05
0.0158843491726833,5.015370110483209e-05
0.0173877393873368,1.0911025718108693e-05
0.0108236061728675,2.533571789987424e-07
0.0015265586432077,3.0332099009475486e-06
0.0130799074038778,1.9529483102306998e-05
0.0052175879220519,2.5597520645206676e-08
0.0006160700722107,8.73527799921359e-06
0.0086499013873577,2.2414464888899758e-05
0.009773849771214,2.4769719913344293e-05
0.0074686103260591,4.97560445338467e-06
0.0160151002103668,7.324052577548336e-05
0.0132362019706643,2.4616533882711653e-05
0.0164635303442244,3.979325713456956e-05
0.0138857423856622,4.429005408977426e-05
0.0059157908905593,1.7740416273187129e-06
0.0102180177031547,1.5409652148608096e-05
0.0182858656555435,0.0001094199246450448
0.0150993944560976,8.99339416709582e-05
0.0098382506405726,1.348212863410944e-05
0.0050426879759427,2.893804639388397e-06
0.0026352508581378,3.0736098926792344e-06
0.0056129691458086,4.7591502541482675e-06
0.0157044405925838,4.04847404016504e-05
0.0127264679789078,2.5835154044063833e-05
5.400680456167928e-05,7.174067445295357e-06
0.00859047883538,7.614567065170922e-06
0.0090604908739239,2.9945553758419784e-06
0.0062920421950411,1.107410443547421e-06
0.0166213428400478,3.558435826073046e-05
0.0054830273078365,1.1968343738601048e-06
0.0040807068871339,8.219624103672658e-07
0.0160921637793008,8.888540809505456e-05
0.0032835587631032,9.164118378151067e-07
0.0056096617023447,2.137577006918152e-06
0.0144551281863724,4.2857404297224266e-05
0.0042679334146586,5.328933072159353e-07
0.014386529895071,5.949910653081553e-05
0.0006185716266069,3.8047630496575543e-06
0.0123827000940445,3.4836723315298976e-05
0.0005637224917819,7.672049893248846e-06
0.0107450742415934,2.0833274946068312e-05
0.0130286587793026,1.0451154047040542e-05
0.0095586663112443,1.56609403529953e-05
0.0043020979020873,3.2721718156315373e-06
0.0188298633435616,0.00012126861238427106
0.0064393205583461,3.1246156780585303e-09
0.0004967069601063,7.096249670801841e-06
0.0131284018638364,3.079974031750927e-05
0.0045966221752009,2.2589971499641327e-06
0.0156875096223066,3.0749873441635363e-05
0.0141279375228982,8.446534454558953e-05
0.0118786331250445,1.3442148695778822e-05
0.0111435747717728,3.3760140003674014e-05
0.0118515551460219,4.536560692147539e-06
0.0094646761775263,1.4718636883777835e-05
0.0162483557673609,3.3248395812562713e-06
0.0052644686940753,1.3097495749315012e-06
0.011711976201401,7.70801887481572e-06
0.0103791453084419,1.2215729647676811e-05
0.0147792605052281,8.062319017688532e-05
0.0045918729130819,2.8294835174391125e-06
0.0085243899264749,7.576443986962721e-06
0.0041413815387981,1.325590912065452e-07
0.0137094562474749,3.6151279986453964e-05
0.0141879416321778,7.550948600504454e-05
0.0126505192120088,4.677552277579171e-05
0.0142240568114138,7.428216703172616e-05
0.0120855430807921,1.5050965855553902e-05
0.0154586000703635,0.00011685263311978357
0.0092622475718625,6.400535538801415e-07
0.0053883000494589,2.4306200092190564e-06
0.0135550612458773,3.0039056318971247e-05
0.0079945015615224,6.635838125822057e-08
0.0149093900193952,3.2859310018294644e-05
0.0065359129707264,5.781686978279748e-06
0.0083336361896455,2.9583328272015722e-05
0.0095096980824203,2.9249292422446315e-05
0.0027864540107901,5.529538623035487e-06
0.0051861154831063,2.352346426604535e-06
0.0072370998730492,3.803494409522504e-06
0.0002780217793612,7.669817672971128e-06
0.0070884962374111,7.306582728258534e-06
0.0178796048839746,0.00010250989360316671
0.0047803017654372,1.0000933447114672e-06
0.0128866335575692,1.9600797632760987e-05
0.0185477478511145,6.766983959491253e-05
0.0172872635922187,7.173803960703827e-05
0.0036454546354832,6.574857761809469e-07
0.0041411072095397,1.2629074536213885e-06
0.0029188752851211,4.529685878028047e-06
0.0179533569561195,6.914518763377756e-05
0.0160740922656373,2.199900906611354e-05
0.013964128168545,4.016884234881133e-05
0.0073200350004258,7.616005370236575e-06
0.0015204067276146,3.388506092135572e-06
0.0136668243886655,3.710481925779919e-05
0.0143861209390083,6.125390328679835e-05
0.0191191558188395,3.61257409037764e-05
0.0157389840400423,7.43087979351681e-05
0.0142022239285979,3.8346486230147266e-05
0.0169037625020939,5.402383311583568e-05
0.0153822996151662,6.153651204496925e-05
0.0088950265443024,7.415840005953393e-06
0.0141734131608129,5.539081975891663e-05
0.0049136632386333,4.780760787831819e-06
0.0165222012882724,3.101158611542188e-05
0.013632874344514,4.548809348278616e-05
0.0086502862789154,4.473125368709454e-06
0.0055827363879733,1.0434989321650916e-06
0.0150104894809909,6.0875231616540064e-05
0.0143240264012745,1.1086921215614762e-05
0.006010789774521,3.997093789009897e-06
0.0173816205423202,0.00013299240975849714
0.0181610674179758,0.00010810820069569834
0.0040326643050556,9.727215829910389e-07
0.0042973765994108,2.1948431175095337e-10
0.0127534342142823,3.494664071654215e-05
0.0054375696769502,1.8203395040966915e-06
0.0032982296585563,1.0324917982637343e-07
0.0123132915033495,2.6860063881159152e-05
0.0199968488421467,9.098356077114411e-05
0.011359712621104,3.8738163680288576e-05
0.0059690393288175,6.022797043921069e-06
0.0022074925626904,2.1035386385595564e-06
0.001122659948616,5.073217550226387e-06
0.0193919718789486,6.518324653434441e-05
0.0151675153590485,3.354977734988923e-05
0.0042835716889552,5.910916853361547e-07
0.0059292038993755,1.3785115194251677e-07
0.0183491376477269,8.326503662331285e-05
0.0134713829700586,2.5752926877849923e-05
0.0044424390248641,1.7319665238550676e-07
0.0042719725676118,3.219959941590552e-08
0.0163229232298816,5.520172540711525e-05
0.0092265914143592,1.2387252249083954e-05
0.0170970988540474,6.622195313759388e-05
0.0080422333495652,8.476417308435005e-06
0.0078335945680437,8.912431205693355e-06
0.0155122357056898,1.2869337470480783e-05
0.0132373572114805,3.756293359570124e-05
0.0124664580169147,3.4218503284555954e-05
0.0059884034085812,3.4742041482626458e-06
0.010049301109534,3.5430002173117756e-05
0.004857551165133,2.5974182368397446e-06
0.0091255618992318,1.803161395919142e-05
0.0011955214441948,1.3244382428566023e-06
0.0090530495472134,2.5752389146283458e-05
0.0126746723380463,4.2795293833770736e-05
0.0113123424200654,3.457148409280345e-05
0.0073483911112632,2.332469307900269e-05
0.0131576678647166,7.02167175943721e-05
0.0042472051191458,3.7448459817409574e-08
0.0101386847878924,1.2225197097323992e-05
0.0170085362593113,5.408308815122908e-05
0.0163724721020475,7.916419168097016e-05
0.0078138802760648,8.658694749443e-09
0.0187760883988617,1.6773572696112996e-06
0.0030597246081502,5.773409187305435e-06
0.0153662129878777,4.528591901754952e-05
0.0098095351035432,9.259277922208085e-06
0.0156752553700705,4.546626244592809e-06
0.0052308593094232,2.0645623955711973e-06
5.325316645040434e-05,1.266851753349817e-05
0.0088394594063288,1.731667668306171e-05
0.0052228513656809,1.4899318429636402e-06
0.0152559494909477,6.72405968431009e-05
0.0108254138324204,1.6286331121575027e-05
0.0005479517931163,8.116789249002916e-06
0.0060106814804865,5.410033842490348e-07
0.0103043380155007,1.8207283697699468e-05
0.0058760140129794,4.39107541028477e-06
0.0174842544282603,7.063222451464692e-05
0.0084515129217022,1.542720141322073e-05
9.997369011834234e-05,7.781149177303442e-06
0.0173376446936426,8.445647444440453e-05
0.0086759444895523,5.684708092979955e-06
0.0111651593085583,3.0441110619794414e-05
0.0037823427196928,5.239204105542914e-08
0.0046105468233361,3.225496377345476e-08
0.0053291238385932,2.3056228853561353e-06
0.0121614141199831,3.49617745885438e-05
0.0114247606547257,2.362130713862216e-05
0.0055203644150793,1.478152308069031e-06
0.0059470191680689,4.999021273193802e-06
0.000380540266661,4.015451012332386e-06
0.010264947299118,2.4776858093645227e-05
0.0168966969025364,5.206407478417406e-06
0.0125674841061355,2.5291765314696093e-05
0.0182502497932459,0.00013041137726014194
0.0115913977954801,1.6676823426007647e-05
0.0063115176789004,5.267670589958072e-06
0.0056378966258652,1.725289604637026e-07
0.0037031804544068,5.677749115380661e-07
0.0050592606272262,2.293902056464652e-06
0.0041691552077204,5.206966513475691e-06
0.0111407328754711,4.906424317203044e-05
0.0107342885720273,1.3335005204275293e-05
0.0061241385104425,8.82473595203985e-08
0.0046553480428002,4.866367974404408e-07
0.0037580290601536,6.269579268459131e-07
0.0195568967030367,5.0087462471378864e-05
0.0102414098956678,1.530629535977538e-05
0.0157879163715677,5.771459982040087e-05
0.0032962418363265,2.576137294787007e-07
0.0172420289819187,6.676146968820606e-05
0.0159731365659005,3.6711075928987383e-06
0.0126658074204074,1.951814618175524e-05
0.0059758567512942,2.7104176512780196e-06
0.018872446992371,5.608010125749802e-05
0.0005180431552595,1.2506456364788238e-05
0.019164995644696,4.3160208200790416e-05
0.0086121638985526,3.413456027665039e-06
0.0039745170793437,1.1913863395239262e-07
0.0086247494835938,2.9047053182266943e-06
0.0091995018284037,4.162160687012448e-06
0.013818743171779,5.401789452746959e-05
0.0195572625130194,0.00015648098166162676
0.0131404501327643,4.594485455649321e-05
0.0199098770722255,5.2373132973713314e-05
0.0075631341176909,1.9633894296797653e-05
0.0196233983638451,3.8023891341149407e-05
0.0052080630041911,5.866257109444217e-06
0.0181276401877103,0.0001314299833102045
0.0045885818208931,6.591769342621799e-08
0.0009996178515735,2.7108536587975455e-06
0.0158333130220969,0.00010825507561693487
0.0024995031186498,2.196747966419151e-06
0.0142267636294044,4.292613750453196e-05
0.0008322663282294,4.1281041261079716e-06
0.016487230644907,7.658955968059315e-05
0.0076369065714672,1.2892860463725126e-05
0.004119586415893,3.6445943630313265e-06
0.0152830483597489,8.666232017984803e-05
0.0094985261517715,1.2344701208430446e-05
0.0175661436353798,0.00010059478374031888
0.0139161321269175,7.70241973055311e-05
0.0117709749454763,1.8648626141840374e-05
0.0040610363423167,1.6780147220780246e-07
0.0109883337215688,4.301136593732835e-05
0.0040059663963062,3.37578765045045e-07
0.0099089076817173,1.7394222528437995e-05
0.0178615140999978,4.601189991015569e-05
0.001302775874245,1.544214966222113e-06
0.0189708464400046,0.00013053515613283638
0.0164495318149146,3.241826711269413e-05
0.0008052914238333,4.433136161289657e-06
0.0121279226880215,1.9295163789333568e-05
7.03819122960292e-05,7.33007972723029e-06
0.0034128694480934,1.238193117801339e-05
0.0178253556043286,0.00010726115563197783
0.0140345015423378,4.632032304640303e-05
0.013452273652949,2.746931054810922e-05
0.0148486444884626,2.9766338926850118e-06
0.0050079129147287,2.834224576061846e-06
0.0177929304579913,9.005192824122157e-05
0.0091884976974256,3.2808488826479554e-05
0.0007938519438216,2.4404629866075902e-06
0.0185880237161702,8.70678482940183e-05
0.0125602285948019,4.410519981592095e-06
0.0101033098438075,4.0279789405746505e-05
0.0039665766949313,8.5299406685688e-08
0.014484756189737,9.355604444549402e-05
0.0041604103877364,2.276849656010152e-07
0.0008802002502088,1.035433715298626e-05
0.00035215075765,9.987500309283732e-06
0.002336282267928,2.632378699596105e-11
0.0046414313230978,1.1982248724809498e-06
0.0047357811458173,1.5409720713308603e-06
0.0171734648049567,1.3753738106850986e-05
0.011239201069581,1.6631045639127687e-05
0.0127369487168358,2.6406227509874558e-05
0.0075054462129565,3.977184894148102e-06
0.0074295451106864,1.404254403626497e-05
0.0119930237357224,2.3840659040861145e-05
0.0019362768036876,4.360524537813481e-06
0.0185542404284423,8.89731140310192e-05
0.0160192742512938,3.4385717202531166e-05
0.0102240982106947,3.859617201793375e-05
0.0174538057930264,9.358617441788326e-05
0.0142360404627446,5.7854023299243975e-05
0.0042367003552924,1.8261108521370108e-10
0.0163020518627461,2.3324725870401748e-07
0.0089933963497169,1.3985603383618523e-05
0.0113927722473104,3.063945262572449e-05
0.0081868171313529,4.787520450441392e-08
0.0144228641332728,3.94924112401945e-05
0.0181545897676688,7.486740335220874e-05
0.0043683694802349,4.5326163850867096e-08
0.0148142833091483,8.353590247749541e-05
0.0184075426621964,3.789469362084411e-05
0.0056832906921121,3.262698013865426e-06
0.0011366122144412,8.280203646500884e-06
0.0055223191576723,2.9336449145588713e-06
0.0116777106274293,2.446837707797491e-05
0.017019503882726,9.930948245307722e-05
0.0091446718928716,2.5681344821523874e-05
0.0106378998794171,9.103463180578778e-06
0.0036435528541029,4.74160939905437e-07
0.015841705989635,3.83929428525552e-05
0.0111034983988759,1.8699194775855606e-05
0.0166912325825482,5.887733727436645e-05
0.0103432716806237,1.713910068688203e-05
0.0191310965786131,9.697749198885964e-05
0.0068650569576971,1.972833173192783e-06
0.0137810399081275,9.93256420069166e-05
0.0174706329273707,2.4421496961817105e-05
0.018859399232166,8.685394476674993e-05
0.0043031332831829,2.05966362178147e-09
0.0154050565000427,7.1168475605415e-05
0.0006699041336417,9.012147750933932e-06
0.0121356335050659,5.173810099942178e-05
0.0038563971147937,1.4244539454662088e-06
0.0197835085225642,8.950928970835407e-05
0.0015917300899893,3.019419752615607e-06
0.0099075649502078,5.52064454294098e-06
0.0145414857155834,4.50722784798383e-05
0.0051548696566309,2.8480643153399835e-06
0.0146697524357429,2.5957916034388143e-05
0.0154349610631331,5.617945440487369e-05
0.0120965469637122,4.856669657500896e-05
0.0197236833515227,4.811611207382442e-05
0.0197466792177942,0.00014404080539724687
0.0003105110277268,4.859990542672338e-06
0.0060838427859268,4.286129563661073e-06
0.0115650502238642,4.1919924275441505e-05
0.0029145241939167,2.8232293309126383e-07
0.0057903353366524,4.982910081353435e-06
0.0165249276309914,7.69468101339035e-05
0.0009897007109034,2.1023988783182476e-06
0.0063934613372173,4.419943093283124e-08
0.0061438411854255,6.02365103802853e-06
0.0120833095518039,1.243997486569965e-05
0.0183713257435546,0.00011110875904392817
0.0053732292379196,1.3152312276626953e-06
0.0087665082841648,3.8364702570946747e-07
0.01162609096046,1.8386737716254597e-05
0.0015799738649786,1.4000264931214724e-06
0.0023706423182509,3.9741939981236715e-06
0.0158228584401949,8.589708692457593e-05
0.0087961634655003,2.4368996292916687e-05
0.0033167817296053,2.7823789534667876e-06
0.0053747037638551,8.383762612827772e-06
0.018717412536678,1.221315022615278e-05
0.0075137245959045,1.2997953559470245e-07
0.0054294605377619,1.2220968398756758e-06
0.0019343070570197,2.2967843659520546e-06
0.0177424461960249,9.733407310361194e-05
0.0077010167947633,1.9750614853213044e-05
0.0185306000594619,0.00014861644434288856
0.0162039877917527,4.6795733463029036e-05
0.0163467896861694,7.254918315909798e-05
0.0075622768099619,8.569393110081146e-06
0.0078599172858552,1.6513325552131498e-07
0.0145150891907672,9.285041627380146e-05
0.0094914513935847,2.3893001928024326e-05
0.0118920659808618,3.627891426596634e-05
0.018097494060185,3.6494377778310804e-05
0.0089645824641276,1.8088125046744647e-05
0.0043501527118314,4.6948916119623957e-07
0.0118565050570529,5.135334401463457e-05
0.0163231605959616,5.566226135328441e-05
0.0037863676675738,1.8248813515891992e-06
0.0139754226489242,7.250343555665294e-05
0.0025481948054235,1.5228168168137476e-07
0.0036791761547532,2.228668785298423e-06
0.0172555588772925,8.376906123283532e-05
0.0104156277835381,1.0328565515402549e-05
0.0093851496293806,1.81157317917719e-05
0.0131858930233151,2.423279143710386e-05
0.009612451279706,5.702477255651549e-06
0.017423768462675,9.690001638297544e-05
0.0189086291509219,0.00013159442806767401
0.0040098258445925,1.6104930670709993e-07
0.0093238645121115,6.4334479161322005e-06
0.0184732384842873,1.1050084060959173e-05
0.0162088679806306,4.0777322743494025e-05
0.0102592492006108,9.963691458622784e-06
0.0124465966539301,2.264624216227551e-05
0.0128131049692332,2.9178000578974644e-05
0.0075109546506489,1.212505116116848e-05
0.0015738576633819,7.476790860993078e-06
0.0090075158540594,2.7331051573720578e-05
0.001347118464025,5.963577917451431e-06
0.0122055348889179,3.624831144802764e-05
0.0043055942357686,2.1116591877612734e-07
0.004499729659065,2.0677480811799707e-06
0.0185228627753974,1.7740503868180374e-05
0.004569220977397,1.8458243890568014e-06
0.0007061139211817,5.26319428073828e-06
0.0044283729978183,7.108361961782588e-08
0.0186143795951759,0.00013272813721841868
0.0169598433058866,8.207967075019157e-05
0.0090134228018088,2.5218062250710657e-05
0.0171581774302764,8.893551522154078e-05
0.0121271833550616,2.956466735257496e-05
0.0040592635706093,8.203548419461549e-07
0.0034600184750611,1.8063958701051564e-07
0.0057528309788225,1.540062201718122e-07
0.0197150876145157,1.8294301263241907e-05
0.0149849938142723,4.158732553379678e-05
0.0121790154487113,3.68821057349278e-05
0.0006134941672064,1.0840500065118474e-06
0.0157536875725802,7.009492472818478e-05
0.0184651812626213,7.59179091112514e-05
0.0075897162882439,9.285468847446496e-06
0.0013446181704106,3.109882244419192e-06
0.0035018616274286,7.505569699959646e-09
0.0076984313215635,1.065361924801613e-05
0.0065110900769108,5.234500542492616e-06
0.0071189127021479,2.0372246258239804e-05
0.0168218995953801,0.00010340328681180868
0.0119732823575321,1.182861013040408e-05
0.0160044968297343,3.204520388822478e-05
0.0019141809858136,1.5882381214355132e-06
0.0103938811823303,3.282937575229805e-05
0.0098499672670516,2.2250831483087032e-06
0.0139428669550574,1.975029264741474e-05
0.0025728011006017,3.862003883268902e-07
0.0174377079611799,5.6994731618239844e-05
0.0175699943054569,9.81704708353444e-05
0.012159710774747,4.889351053862911e-05
0.0141557504054874,3.512927898518255e-05
0.0002398881789506,4.969870386802195e-06
0.0111727656270084,7.869235187552979e-08
0.0117356069941096,3.432031540857955e-05
0.0027494231542021,1.8822076555068518e-07
0.0073991387140598,1.0813118762736148e-05
0.0107593890815834,2.0165061968272403e-05
0.0129965722379441,1.628454654496753e-05
0.0148405973970393,0.00011463002529545869
0.0098021665839314,5.954197893604575e-07
0.0075817183001191,5.339058192683234e-06
0.0026729110168423,2.214234952272035e-06
0.0125825979771999,3.1047487673752715e-05
0.0017417213464646,3.5632354982991876e-06
0.0094868441670378,1.7914017540051207e-05
0.0195177871953247,0.00013924763569092444
0.0192202582644584,0.00010293883314965637
0.0049702322170404,1.8492347562118077e-07
0.0107367689370759,1.3067906297765942e-05
0.0021220508977835,6.849567759606146e-07
0.0001605815047978,2.252230359866273e-05
0.0053852694512053,4.413699005169465e-06
0.008066351531649,1.1806688647815481e-05
0.0113168855340289,1.8278157401669644e-05
0.0030271614585198,3.520866480334578e-08
0.0003963523661606,4.34477452939666e-06
0.0097084269661332,1.1312392701588071e-05
0.0025066330325468,1.73991143933973e-05
0.008321607954037,9.645525906178137e-06
0.0023936421552117,1.7546049723964514e-06
0.019870673519065,0.00010654739702252309
0.0044240394243586,1.7583612172265904e-06
0.0119195883334021,2.3698660070953e-05
0.0152542041707724,6.257129989919485e-05
0.0103115619111298,2.6411456214814703e-05
0.0189999811959361,0.0001598474644709275
0.0030423929916111,1.7302928520301373e-06
0.0107927775029656,3.411589502685123e-05
0.0123525116671445,6.261648069322992e-05
0.0028859651325724,2.4226318587831643e-07
0.0107872741123496,5.849961162703147e-06
0.0046740018595995,3.3301776264662106e-06
0.0065002417892408,5.714479763776877e-06
0.0073381508185205,1.4645188709119516e-06
0.0012751543477126,6.189055166566702e-06
0.0013866248469967,2.0013282613203577e-06
0.0183553662629543,5.269642817506628e-05
0.0145051000504737,5.120715095695655e-05
0.0168028409922248,5.7708826734744856e-05
0.0076511732933281,6.920492580655064e-06
0.0144945971288291,1.8934900687676587e-05
0.0089891669828818,2.7074568047674784e-05
0.0085982108550459,6.259111870563025e-06
0.0117155307448954,1.1975451952235615e-05
0.0131378447214361,3.725694300848923e-05
0.0030119972740365,5.359542696977487e-07
0.0199481452380742,0.00013164034817159773
0.000527645691088,2.2180021587057417e-06
0.0036966753537576,8.335312465722167e-10
0.0175339396958234,8.85409283702421e-05
0.015906865869882,7.780754431908434e-05
0.0099097057592739,2.0811014120965506e-05
0.0176365419416272,8.18400098727608e-05
0.001512794930784,2.213977643998662e-06
0.0011895811195837,8.875809420401573e-06
0.0022715880889832,2.2391937182461456e-06
0.0142488451544258,5.127399604418123e-05
0.0097421868166735,1.1328902487151167e-05
0.0174194190327931,1.1787778862116633e-05
0.0148348664338121,4.941992474364095e-05
0.007861625298678,1.7297396363043336e-05
0.0095544734955776,8.467165515893912e-06
0.0072466249908444,2.106764784585883e-05
0.0183071191728443,4.169001757133353e-05
0.008006515162988,6.459039282231651e-06
0.0173075893409425,4.7131293000731865e-05
0.0001435847483544,1.4269708963684785e-05
0.0033363538202378,1.9728778113850562e-07
0.0059867077872632,4.220851473877948e-06
0.0161433854841151,9.198795702142349e-05
0.0028101717916163,3.233061020857345e-07
0.0088356707991235,3.2434072904375697e-06
0.0137724297180072,3.2926431250121066e-05
0.0023875539062839,1.4783671294585989e-06
0.0079486899334621,6.098064079954177e-06
0.0199797065524109,0.00010444554677916748
0.0044560963579765,7.446306669446896e-11
0.0101043032847301,2.6296565154155225e-05
0.0097231304630657,7.911806305309811e-06
0.001704793672806,4.29311423347012e-06
0.0183226902493341,0.00010052030850638733
0.0010202193238018,1.981005717839064e-06
0.0155561639800229,4.2746598979530465e-05
0.0066584771816137,7.772205195105003e-06
0.0019277029826694,2.3748820209984743e-06
0.0117904532133579,4.9368218485850606e-05
0.0164994692680554,9.897845592603294e-05
0.0029893020838946,1.4519193539714143e-06
0.0143787628964987,4.1909137198359385e-05
0.0063891262056775,4.727305818030037e-06
0.0128830603127069,5.673172211425806e-05
0.0125588998028543,1.330185589407617e-05
2.183628166461116e-06,7.990741422114643e-06
0.0010271044412849,2.4304454282641024e-06
0.0104527816214888,4.765722083139279e-05
0.0143073858236556,6.620604529264216e-05
0.002385746331856,9.966140023150854e-06
0.0100527628847954,1.3342790136637444e-05
0.0098838756971335,5.746412984591223e-06
0.0045585094343304,1.5598897899731598e-06
0.0136469370299944,4.142603629637356e-05
0.0113677160429003,1.9602964342433452e-05
0.0111168190825163,4.526707495510377e-06
0.0137475322921726,4.226890801694624e-05
0.0158361723184351,7.143995886384639e-05
0.0114421246961341,5.249100583574519e-06
0.0071947937061255,2.975018632488997e-06
0.011557613328821,1.6034227781371204e-05
0.0124677573449948,4.021114058245658e-05
0.014547510900492,7.428371113247926e-05
0.017005980573815,9.168503267080885e-05
0.0182490628262345,8.687347950944457e-05
0.0056700820368629,8.588888545313213e-07
0.0129086197705601,4.317364607853045e-05
0.0103327880535844,2.0319234787440415e-05
0.0192909649693027,9.13745133560632e-05
0.0173922369303176,4.649474373187132e-05
0.0079455309155924,8.91379216828031e-06
0.0028776400706054,2.147098923552652e-06
0.0081651755702947,1.8736011216373707e-05
0.0014738810239669,2.246436490773259e-06
0.011660921026537,2.080904770124599e-05
0.0076933613464629,5.867456187187402e-06
0.0184859449537172,0.00015269021352220066
0.0162517782598731,1.9624691663583125e-05
0.0055166182493012,5.87927144045541e-06
0.0023876732184423,9.748938865361041e-07
0.0089301042870488,2.4649026879616324e-05
0.013986353178319,2.840915267428357e-05
0.0005880199093488,5.397035059663155e-06
0.0101764414632016,3.0940087563247943e-06
0.0160440825941831,0.00011702420656303277
0.0186183932054752,0.00010594394877375612
0.0002400948151363,5.5751861008679915e-06
0.0178356877803295,6.637338576753923e-05
0.0030443174319587,2.013194682632763e-06
0.0062445837500811,1.3031454565623552e-05
0.0117227246569308,1.3590148496441386e-05
0.0055435171725385,6.704404727860886e-06
0.0018182791622553,6.876319430530317e-07
0.0069374543669877,7.073907082107539e-07
0.0063739566652049,1.0535378720912439e-05
0.0126710894389111,2.1116515742239486e-05
0.0098257072832321,2.3051517996961693e-05
0.0183695545894146,4.6161828800121924e-05
0.0126108365749651,7.469076098853836e-07
0.0153652607412391,9.799588522614895e-05
0.0093222777567605,3.285607369828526e-05
0.0173236538026836,0.00011783680028647462
0.0193022184915491,0.00014246191273510872
0.0100088061383449,7.332148802748949e-06
0.008695167317957,5.735557041641302e-09
0.0101239054660262,2.2939499869615273e-05
0.0011626460128012,1.6682772559650589e-06
0.003185701619054,8.047413220711747e-08
0.0055698246417993,1.721004504601458e-09
0.0010214887310904,3.6896310693975347e-06
0.0037211488679996,4.962358928358661e-07
0.0053578771189086,1.3497478603645462e-06
0.0082633214266703,2.3038402466195935e-05
0.0008247921303995,2.2344866657092573e-06
0.0013152188495152,3.207323747232143e-06
0.0194423362180362,1.881882998597033e-05
0.0185005442525573,9.045686480025165e-05
0.0139519169572911,7.247178922507519e-05
0.0017936241866672,1.748044769854525e-06
0.0071600625745382,8.132950299627805e-06
0.0126140341874003,5.747818110273847e-05
0.0105466225401389,3.835404569162595e-06
0.0127292062311922,4.086176427386302e-05
0.0066091817811507,8.69961557749108e-06
0.0142032697040869,5.791767701421691e-05
0.0090576103805617,2.139958659778002e-05
0.013681795361582,5.566253477585806e-05
0.0071015162874088,1.3577729959070546e-05
0.0107093849929213,3.1355482179411396e-05
0.0038215247454054,2.0877089471695867e-08
0.0148490399373943,2.4300419299026985e-05
0.0033460440103534,1.6919718573450628e-09
0.0009582679644765,4.546456715677582e-06
0.0100166042193956,9.33092031789264e-06
0.0113950858976466,1.5424537891586788e-05
0.0183114747831266,0.00012282288110634538
0.0062439038281948,8.899165936517611e-06
0.0043021100581786,7.10271247177167e-07
0.0174772461535637,0.00011595951577901842
0.0060652525017403,5.01488146630585e-06
0.0121135692735481,2.6661030722153755e-05
0.0028098150004172,1.6283924063773952e-06
0.0088647615838595,1.8972633697959555e-05
0.0155341708375212,8.663710480070959e-05
0.0177667138271381,0.00012160746617756604
0.0162771486162708,9.722548372072583e-05
0.0183631852684266,3.7638190196141525e-05
0.0151560115861215,5.95899112036756e-05
0.0149737815175009,7.96671076781542e-05
0.0140311217955123,7.732543882306082e-05
0.0052540677959723,8.820267802360294e-09
0.0151421490506301,8.824285369265299e-05
0.0122403676594228,6.703768804065207e-05
0.0191857369304592,5.030626819880839e-05
0.0034487847289211,8.113440295539287e-09
0.0115165715427393,3.340411837540939e-05
0.0140884888856188,5.881327109662317e-05
0.0086781361912076,2.7924821724607238e-05
0.0090129779847859,1.0648727099891862e-05
0.0058814868915977,2.5639773057986954e-06
0.0069281061426601,7.017545085525417e-06
0.0175879764625689,0.00010191521543947665
0.0004541397765888,3.972896079679152e-06
0.0133389916370916,4.208305394703726e-05
0.0145990657377565,4.96168085077724e-05
0.0185278823348778,2.522926446536577e-08
0.0093607466726637,2.1801697220796712e-05
0.0196289500611269,7.098178273430214e-05
0.0160777892240947,3.2180766647295005e-05
0.004851880839103,9.252881095421297e-07
0.0129601734036683,1.5482745591393904e-05
0.019765741436815,8.204828893856169e-05
0.0184608787299765,0.00015579713076223237
0.0155137985587219,2.963311174146855e-07
0.0036961328735201,1.3539981288758654e-07
0.0055855635051145,1.9162628690261217e-06
0.0087429497620037,4.281637751609693e-06
0.0090695726192735,1.3648289631631001e-05
0.0057904509878395,2.2862453004792688e-07
0.0093990411520592,1.5277505581641012e-05
0.0170215458747627,7.23712993684524e-05
0.0011438923906536,2.756546138165076e-06
0.0086618970333626,3.0401309533565567e-05
0.0075673145528474,5.333241306487875e-06
0.0072763025429318,1.2942909172704075e-06
0.0120579204765821,1.6922043315507358e-05
0.0035729617965968,1.8874901253179317e-06
0.0127719215339559,4.7025577880027337e-05
0.0003313224198176,8.85944120894579e-06
0.0186946259350178,3.252536824258326e-05
0.007714197758538,2.4241018259510833e-06
0.0004965725200056,6.163998094905348e-06
0.0098208815129262,2.775551162934316e-05
0.0039097180686545,2.133002852339455e-07
0.0098256070367634,2.4115301459961352e-05
0.0121978572032546,1.681779020877121e-05
0.0053984049171212,4.5372660568297365e-11
0.0111201337280383,3.2906210946686686e-05
0.0061050993702284,1.9402491486874748e-08
0.0127419593277971,4.741741862209175e-05
0.0046225730874776,3.2169991993610457e-06
0.0129239046797178,3.315845798817185e-05
0.0194174320144781,0.00017257773544089683
0.0153112894507087,2.0940562518328886e-05
0.0047863325675346,7.153404598368789e-06
0.0179713496300945,0.0001117185142738043
0.0190865627977358,0.00014910649307198665
0.0028130465162802,1.4363302042888357e-06
0.0184268974081713,4.3767802551523586e-05
0.0119702723827234,3.123614072681338e-05
0.0063598289989604,2.0018987436636737e-06
0.0160840142721463,4.1729802802397076e-05
0.0090424328433408,1.9282238597892426e-05
0.0018411559950448,9.843222878158038e-08
0.0039813010278648,1.5564328573057604e-06
0.0007451944585725,3.7424973852621926e-06
0.0020501698010706,1.5232968342522854e-06
0.0101150088864148,1.3292968979683518e-05
0.0154798316651599,6.370774408092973e-05
0.0139722228043101,5.4639164136374844e-05
0.0033584881438092,6.312349635290079e-06
0.0152358789064765,4.311028412989723e-05
0.0026990051326472,3.753202014353128e-09
0.0060772284413657,2.75893391997243e-07
0.0181342563485689,7.798285081734626e-05
0.0137026870559001,1.247958403382118e-05
0.009246258076892,1.6340181290056493e-05
0.0001929490801372,1.424193974725224e-05
0.0094040384173559,1.4192638759394786e-06
0.0195710459858973,3.360319266585388e-05
0.0161946820507206,1.0919366868448057e-05
0.0127675859627504,9.840873813147534e-06
0.0160637408504795,6.174431678405913e-05
0.0158548849331361,5.8151627751973544e-05
0.0074451310833397,2.182030986545359e-06
0.0017323892429555,2.9774127903100723e-07
0.0148922698231937,0.000122225649982722
0.0045589339263433,9.061884118199437e-07
0.0138109385104095,4.655851869493161e-05
0.0107224047687889,3.576343362891409e-05
0.0031830554224149,4.202965958383386e-06
0.0080786715576586,1.1482117578688244e-05
0.0041098979493556,3.9175971054969275e-06
0.0104491214928937,6.551386239384634e-06
0.0046236872717251,1.1412375577295914e-06
0.0151561859665912,3.959687293014876e-05
0.0146223725604278,7.35043665766499e-05
0.0104114403373461,2.621300097280985e-05
0.0189662867872717,6.594291181753435e-05
0.0091018321473662,3.244764853832038e-05
0.0107177879932628,1.9571680410131462e-05
0.0069350971998327,6.547172671651818e-08
0.0065868894793392,1.7394275215388957e-06
0.0080704843866067,1.25106739971835e-05
0.0140954474272025,3.629088391590068e-05
0.0065088889073165,6.310040060351776e-06
0.0129637141568557,4.134503361669737e-05
0.0113963752578679,2.3480785923784374e-05
0.011119577132131,3.249603752396807e-05
0.0133874851911831,1.4585676813800156e-05
0.0035736162198132,9.806805530677965e-08
0.0052270351294529,1.5448710693254468e-06
0.0028300165930132,7.764314169571762e-07
0.0005551306330726,5.489617044902593e-06
0.0033177239831428,6.957025287050921e-07
0.0060229155022768,1.474350517451268e-06
0.0091486074076509,6.788970373270359e-06
0.0142417694233749,4.932455803191689e-06
0.0174451503907777,0.00011926312791593315
0.0129225204891276,5.8617556275101996e-05
0.0015595037673453,5.075108885720896e-06
0.0093890035324139,1.5944879599850356e-05
0.0057992260070804,3.361296653701911e-06
0.0016980824659709,5.429303172617405e-07
0.0161658323877303,3.4853934836768285e-05
0.0054036131822054,2.376937831637564e-06
0.0098352857834778,1.617390761007338e-05
0.0122999477825117,1.8544171165593415e-05
0.0011181890894139,6.937452598602916e-06
0.0142157372802803,6.262932316644251e-05
0.0137008117947218,5.972124744716566e-05
0.0195942597852553,0.00014453058967623324
0.0165701512752792,1.1096140744222988e-05
0.0076599636758451,2.8710064493804582e-05
0.009963356466069,3.4046964177400354e-05
0.0154029498789296,1.838023995852297e-05
0.0146414516341663,3.654788767823427e-05
0.0029083187971288,1.8395874183098987e-06
0.0065265424478715,1.2115475975146694e-06
0.0048569412721556,2.1007296364297074e-06
0.0148606867718439,4.916936193874438e-05
0.009796658289329,2.0983499915087115e-05
0.0183028363448118,2.8210035621754806e-05
0.0015083983008813,2.3042605747996288e-06
0.0058748819890944,1.14906473174503e-06
0.0130638074771737,3.061273848094262e-05
0.011817886579097,5.8804884024341545e-05
0.0079205240599474,1.6278952810264287e-06
0.0028839120774255,1.33509697524028e-06
0.0161192582238857,5.9026375228678526e-05
0.0116182393937148,4.8871860382738904e-05
0.0165202877202034,5.5073422156212215e-05
0.0163212223432145,6.422601819845985e-05
0.0160178040679665,5.909141163899004e-05
0.0037633222419641,1.6670998944213765e-08
0.0181580393565762,5.33255626753583e-05
0.0075103037015746,1.5192567600649602e-05
0.0170039676314453,8.623915613175032e-05
0.0109201842589058,2.4700990238411256e-06
0.0096667031453847,2.53578689525337e-05
0.0160536210444541,6.791695103835815e-05
0.0010366844151355,2.5071453290183104e-06
0.0177764609064879,0.00011257351906969033
0.0011419693310221,5.921559811895584e-06
0.0006724482906256,5.544504734703077e-06
0.0168468513372991,3.358087734162378e-06
0.0012201850357367,4.779400882349458e-06
0.0018239582233536,6.408856949099551e-06
0.0016477414299122,1.5562834045823885e-06
0.0002835751619199,5.8173046622594804e-06
0.0113697753126126,8.990351164820328e-06
0.0024998571203729,1.8371189809838136e-08
0.0163457237236995,0.00015331500661306302
0.0032986243222941,6.782587724258034e-08
0.0178558938599059,0.00011289548685753508
0.0001547854785755,6.259623322604951e-06
0.0033188202091251,2.1531575634129259e-07
0.0081767864302917,3.4577200032475994e-06
0.0091639945704024,1.4326834427388206e-05
0.0043762537877828,1.2166152277578944e-07
0.0071577262078412,4.955085096358429e-06
0.0152792389685049,5.7315423645003575e-05
0.000517225669681,9.333597709760443e-06
0.0125216254307207,1.6127408964297817e-05
0.0145172296563943,7.076668637970738e-05
0.007651481323541,8.464202196778952e-06
0.0139581094523116,3.298068627668365e-05
0.01498820169074,0.00010515278357275318
0.0006570938599871,4.421455611286923e-06
0.0009920553332833,7.3037801796589515e-06
0.0010158562743218,3.760120946455382e-06
0.0042480974140483,2.3660003920267735e-06
0.0075231931001446,1.0653694590229959e-05
0.0139060726896122,1.499064961097089e-05
0.0066559258768436,2.4729497665647693e-08
0.0131244599071551,5.684784554193933e-05
0.0102154851304772,2.4144730836096327e-05
0.0149780093379866,5.441111724952153e-05
0.0049797442641731,3.483829463208141e-06
0.0035468164545164,4.683707296548672e-09
0.006995265794175,1.9241880825261595e-07
0.00324844388972,3.9815742970824603e-08
0.0008760701703619,4.1668063842450694e-06
0.0130201936954191,7.736527342032408e-05
0.0070322262978627,3.7680327708076703e-06
0.0100258992991853,2.2917065742227374e-05
0.0127570095975201,7.664627571505792e-05
0.0015693746045824,1.2284631520054483e-06
0.0125570661295293,2.7149662709831673e-05
0.0159647861427812,4.9091596940429035e-05
0.00921645759143,1.5306122967630536e-05
2.491405895492127e-05,7.1139324401282015e-06
0.0014888800641476,1.9202336445414084e-05
0.0018727428047574,6.427003485531697e-07
0.0186820863678991,0.0001286752059109517
0.0040382244254492,1.50051309912382e-07
0.0063096704856888,2.1997322922366412e-06
0.002849917495847,1.7187870337034722e-07
0.0089956801051248,1.1273177043427333e-05
0.0071291124268611,5.760452869132415e-06
0.0152006268123263,8.128372975264412e-05
0.0011066164256651,1.985628575010915e-06
0.0199134975548964,3.3967992188362864e-05
0.0027725959611208,4.273997638143268e-07
0.0036504559763753,1.0440129850295209e-07
0.0165983073612532,4.418063941813805e-05
0.0029273618912492,7.83516948195669e-07
0.0070638763138699,5.592573709960685e-06
0.0030367012285217,9.502647341304706e-07
0.0128403321029404,5.994533338700345e-05
0.0150038706142313,4.011745229379766e-05
0.0061046221636209,2.4494033027487257e-07
3.83946642277877e-05,9.951816023845491e-06
0.0012260725910973,4.508586064703924e-06
0.0056199030750868,2.3703783872384265e-06
0.0159605706886217,7.170534447659294e-05
0.0044851209047327,2.7235991623594807e-07
6.507337219126219e-05,3.0070597755645143e-06
0.0070300084627042,2.1615671270213436e-06
0.0142575390273274,5.1004563655918796e-05
0.0168131779012289,0.0001156199583591169
0.0076704015571955,1.4378656860849587e-06
0.0139833757975103,9.123562502163103e-05
1.028352578752223e-05,7.088047286174406e-06
0.0144672778538886,4.149337040728765e-05
0.0155126059613659,0.00010262206332078687
0.0197868400177676,0.00011703175642005895
0.0004611318291963,2.2202201068889533e-06
0.0093283325642401,9.113752317487885e-06
0.0087256691478218,3.0496586049890817e-05
0.0146438984476706,6.796211764650227e-05
0.0132255846565762,2.1167352145407617e-05
0.0018091536680986,3.200649851542912e-06
0.016253582018007,7.215833998660858e-05
0.0085398125301531,1.0342019105234429e-05
0.014190623206618,4.344567964936435e-05
0.0099629966858968,1.1148478083631342e-05
0.0194422307528917,0.0001023068336236461
0.014709867059496,2.9926819387695966e-09
0.010342402319719,8.987089786999354e-07
0.013812982116802,2.740163837114532e-05
0.0154196947830638,5.0736932500590495e-05
0.0033020598566961,9.079316940479293e-07
0.0110281775771345,1.690100150345386e-05
0.0034002555926291,2.0916716445794788e-07
0.0073632209377408,1.0004317968033757e-05
0.0057595045784337,3.8327172195601595e-06
0.0025621925756165,7.459649921065694e-07
0.0174219972815688,5.2713840912627124e-05
0.0163982093043933,2.9010889156148434e-05
0.0016812647612836,1.0425167034092002e-06
0.0153065679935182,7.21445582571337e-05
0.0030430243254309,9.176570672359504e-07
0.0008503045630226,4.233319183048789e-06
0.0162283291046056,3.441950790741673e-05
0.0158262119799968,5.7654187127615724e-05
0.0017855182914192,2.022486511689831e-06
0.0036980191143043,2.006998434509649e-06
0.003587269581305,1.0633111078077774e-06
0.0184687227894659,8.379302948669926e-05
0.0058083122791327,4.928119246141061e-07
0.0095763703831119,6.952169570570439e-07
0.0075889614781751,5.755852094948679e-06
0.0003152593922982,5.697971617428803e-06
0.0090016717071648,2.5816122720868483e-05
0.0175291114424355,3.897800136844192e-05
0.0061296141574215,1.4372352402298112e-05
0.0051269320395212,2.9371886563052584e-07
0.0126130503681102,8.676869351732512e-05
0.0108008449885956,2.8485635600337217e-05
0.0132289688465925,3.071970453447037e-05
0.0187455165312216,0.00010400022957353072
0.0189166939062768,8.037549934781406e-05
0.0197517221436971,4.845608050620876e-06
0.0118543023947356,3.5668305885090374e-05
0.0170009377027152,3.909216195033632e-05
0.0029160658366514,1.1841525025508113e-07
0.0134946028050609,2.7080762791064933e-05
0.0030399210595414,2.447698209381007e-07
0.0141209976585428,3.1253097907931945e-05
0.0024171746663991,2.0481072949673247e-06
0.0152965764823256,2.1975922983196076e-05
0.0024182810013325,2.3911749262794065e-06
0.0025619640483859,9.624596212861845e-07
0.013473025456839,3.10874816811082e-05
0.0102240270291997,2.214854336554703e-05
0.0162108019910227,3.17760208483536e-06
0.00519260151473,3.9524195217001515e-07
0.0175498990123802,8.637436897657795e-05
0.0152438577424063,1.837424423878965e-05
0.002589535195067,9.157038717842003e-07
0.0024266865700534,2.1411745936647125e-06
0.0122761160683567,2.594457504331562e-05
0.0143638422170874,6.229236180317473e-05
0.0153846900855548,3.382963411853322e-05
0.0126413784645305,2.6199697658145838e-05
0.0152014663970105,3.2396317347876045e-05
0.0038170208155873,9.445429934178086e-09
0.0025033267547024,2.562635873937163e-08
0.0085733539013637,5.772860666068823e-06
0.0091457384077933,1.2989633694043275e-05
0.0141604313772536,3.086298744512468e-05
0.0159404643501884,4.712827160907499e-05
0.0097897749001525,3.948530801601776e-06
0.0086892096153687,1.6746340862663133e-05
0.0051407771996317,2.4132994980099682e-06
0.012644758565668,2.7277302543632528e-05
0.0083860629048335,1.788256870269656e-05
0.0086444029724848,2.5964942243651003e-06
0.0187924877288276,0.00012611077411960235
0.0098315338911417,6.222092339457483e-07
0.0005591223967435,2.092682499053471e-05
0.0148276735731146,2.3574124300220617e-05
0.0020131052689292,2.3137072929287862e-07
0.0126586160034411,3.2097833612833474e-05
0.0188997856505865,3.165565141816312e-09
0.0118781084120728,3.362872455555398e-05
3.5010291739268064e-05,5.493478761585088e-06
0.0131485076809447,6.688560178884955e-05
0.0159156446433021,5.2966278798665483e-05
0.0166600693791198,0.0001343309505657319
0.0040137154452526,1.0891771132229232e-06
0.0082896232687251,2.04512841202487e-05
0.0196143813078669,0.00010352043838357678
0.0152170973447359,3.6216435432673357e-06
0.012351875489633,6.56542595400042e-05
0.0076660523510347,1.0208825621249555e-07
0.0050776188960223,5.648553843991163e-06
0.0140529614195401,8.00211861348916e-05
0.0011615849270518,1.7213052871766108e-06
0.0156335023881004,9.331007348275959e-05
0.009333774877539,1.4415559438088497e-05
0.0150751999742299,6.408357249511032e-05
0.0130429423851421,2.5306590854222992e-05
0.0075301088591308,9.775491213179753e-07
0.0101676584221753,1.9037158872789355e-05
0.0134183560029846,4.557336658324363e-05
0.006147136338199,1.5408766828695268e-05
0.0106356182738231,5.803294774999755e-05
0.0161284983580516,7.161009268510529e-05
0.0196654964369265,0.00011980247950357595
0.0102273332817091,9.229827841746686e-06
0.0130389419300469,2.3473954191163698e-05
0.0195899056102357,4.671598518080279e-05
0.0107644499666605,2.9594538496269218e-05
0.0001083172108375,4.93088003693317e-06
0.0191847177671789,8.023406097843185e-05
0.0108826525400486,6.91536281239053e-06
0.0166584586869145,8.786696021126463e-05
0.0059190955969082,6.357865938023235e-06
0.0126177157926181,4.172207049709514e-05
0.010746629752748,2.8622779764025388e-05
0.0088643952890494,1.973168075903509e-05
0.0074816353728064,3.402981178052652e-09
0.0165454139909777,2.6923504537024596e-05
0.0053962685956198,2.3276351205448293e-06
0.0155703658796962,7.770285205498657e-05
0.0157680918591236,6.671318114733572e-05
0.0167193663011025,0.00011281301935809087
0.011259088738381,3.7734817970138605e-05
0.0032376648482511,1.2486983706693106e-06
0.0005781285552324,3.462095416813404e-06
0.0038216172601291,5.846586551733058e-06
0.0174461798905498,6.956562327814321e-05
0.0168734099512905,8.669151004238451e-05
0.0126394173758139,2.9820699916423016e-05
0.0108577331858531,4.191445669940106e-05
0.0111826570021822,1.633062049647362e-05
0.0092062970184159,1.3556323357159234e-05
0.0190756303540321,7.631868137167109e-05
0.0041430433114601,1.7695652024101223e-06
0.0180652708393959,7.123787401969571e-05
0.0002787892546854,9.87650116369317e-06
0.0146290383377411,6.199349164490948e-05
0.0038582340149517,3.7872777471594335e-07
0.0003302722388363,4.708560991520394e-06
0.0154753903508221,8.687894581643368e-05
0.0037231153792099,1.2270042512397027e-07
0.0049407021080669,1.515657537405864e-06
0.001261217538269,1.930079351937354e-06
0.0179400445655323,5.0120163291478397e-05
0.0160818726245786,1.348340116028621e-05
0.0113906064607488,9.23561244401292e-06
0.013818735302701,3.998369150303245e-05
0.0099987868883866,1.678031489964286e-05
0.0033154161773305,1.5640829655871841e-06
0.0161416707290177,0.00011040965543329826
0.0174971944081768,7.844852940056843e-05
0.0058845837426785,2.10181549263212e-06
0.0143229216644426,8.232881788841506e-05
0.0042089335744728,1.785834127387291e-06
0.0146971485949456,5.670362390030072e-05
0.0109027510598513,3.215136785654179e-05
0.0149485696553409,0.00011395203555078617
0.0135760780673717,4.4954869379634035e-05
0.0176924360304755,2.42138213853983e-05
0.0017653766027808,4.224688729048341e-06
0.0175699533710913,0.00011479518184982319
0.0150866310111016,4.273753665388553e-05
0.0047894366059563,4.790671021231219e-07
0.0131859158307085,6.633935099562353e-05
0.0079806554774582,9.623755683491503e-06
0.016239902242685,5.5812794708650626e-05
0.0043924815655126,4.182634052893114e-06
0.0019297989884133,3.8712322242301723e-07
0.0071925033480426,9.22010666763094e-06
0.0121207668368985,1.7343513770426284e-05
0.0154748646754415,5.355174395109436e-05
0.0170711252755455,9.049009414798224e-05
0.010132694428168,4.3116232804779054e-05
0.0020308658950015,2.2209646913571814e-06
0.0166779966986903,4.7824913275637686e-05
0.0008099937686452,5.501505095917293e-06
0.0131778931161303,5.8399459003776944e-05
0.0131868752308412,5.437412139120143e-05
0.0051529888711561,6.543472370618805e-06
0.007462001907498,1.0475348973669407e-05
0.0150056521886724,4.24536395301705e-05
0.0082523319648425,3.5448810258316756e-06
0.0113740134027516,1.130060114867551e-05
0.0122875109884008,2.6297887332181862e-05
0.0034413627488186,2.993848692551866e-07
0.0100078219411327,2.223004190008577e-05
0.0050389922694626,1.0680704196545552e-06
0.0009906183151284,9.150786518355792e-06
0.004405344128223,1.527646721457532e-06
0.0025622437302849,1.5720900804948514e-07
0.0078895770018564,2.4961372537214582e-06
0.0090429439397994,1.3951751456028166e-05
0.0139769209120008,6.262624795073078e-05
0.0110484691439665,1.9479289468716007e-05
0.0109096466968336,1.8922613508617348e-05
0.0160658991838972,4.1388123203161775e-05
0.005486015581204,3.1366607757280005e-09
0.0167091450836061,3.9371533967405244e-05
0.0126463662870064,5.3085381729683715e-05
0.0100330580065683,1.4138333603134018e-05
0.0083946811022743,5.899431620672287e-06
0.0106765117224442,3.514787162943308e-05
0.0156242717953827,0.00012087875608497623
0.0007765185740654,1.1241685904343542e-05
0.0192951661605908,8.285778695566676e-06
0.003112346258452,1.2408854439368021e-09
0.0059556590509764,7.812171657685645e-07
0.0121253632027001,3.7733314776463236e-05
0.0172323169375839,4.5200847060563836e-05
0.0172568794622736,0.00012688989297351153
0.0017934327675174,2.87010088950264e-06
0.0025098149211504,1.4427128286151332e-07
0.0130187088889305,2.8821059704014824e-05
0.0050315822216617,1.3302804345207e-06
0.0127128167522628,2.0740593710669466e-05
0.0071665263095236,2.3572353396598654e-06
0.0158502119432843,3.960573111404126e-05
0.0158406691857094,7.445039664315203e-05
0.0077195950711175,2.4486768668991467e-06
0.0119278141981474,3.070700589165873e-05
0.0186761942811044,3.841730617107927e-05
0.0047246897133536,3.1810815619318144e-06
0.0073435778838297,8.447133753451705e-06
0.0076069953118807,7.1641384783811654e-06
0.0022054968991747,2.8888246074503002e-08
0.014178953182531,6.41873843641139e-05
0.0098833773816437,1.183501790985117e-05
0.00133451640876,9.78718080098843e-06
0.0090817703356946,3.7107879332335925e-05
0.01248943643553,2.2137169401328094e-05
0.002095774933852,5.511033051657578e-07
0.0173622240202458,0.00010827068066046977
0.0059930460180623,1.7793064622775073e-06
0.0109505927085129,3.467854169141641e-05
0.0032614536179191,1.6137392852369228e-07
0.0048013780575189,1.8250604038130682e-08
0.009144625515883,3.2374596655395953e-05
0.0143058014953724,5.8027484586365804e-05
0.015827376716767,4.6297533394960905e-05
0.0183221089571337,9.413517453623217e-05
0.0018471144782163,1.7822345541942118e-07
0.0195960443344322,0.00011758134921663223
0.0173941455626094,7.914387521163096e-05
0.0004144731081179,7.435709632984837e-06
0.0133180514635249,2.6560284177596934e-05
0.0104400487664003,1.8613647799397806e-05
0.0186612298759738,0.00010032848163493321
0.017706939749051,4.5062780002355894e-05
0.0171603162738265,0.00010014892836965924
0.0002631698744626,7.717036725890859e-06
0.0103607536099608,1.0079387187954861e-05
0.0181903566149627,0.00017390590399084016
0.0051037063630783,5.603946144525971e-06
0.0180006210732039,1.9870622453767916e-05
0.0076964507135457,8.018671544009147e-06
0.0020134401039684,1.0802505239173382e-06
0.0073644186833339,1.6281030266167386e-05
0.0117874405715355,2.9927636742882176e-05
0.0012863434061024,6.432681380855785e-06
0.0123841524536445,6.589575202900385e-05
0.0153419702064355,7.428920457995711e-05
0.0048144535522006,3.2170178418788828e-06
0.0104398507482795,2.004035810271405e-05
0.0198940329542012,9.734413798788863e-05
0.0040553713302115,3.413686663012429e-08
0.0031907610180838,1.3136660695026007e-07
0.0114951506496051,5.6241755941221016e-05
0.0046707905536677,2.0033334086603405e-06
0.0176356352992922,2.120201190785393e-05
0.005240500403398,2.07669839786882e-06
0.0032193503105909,8.397359059265443e-07
0.0117862146705587,2.9606415473592993e-05
0.0183188297075251,3.9129027337657235e-05
0.0182012030599601,8.108413518367973e-05
0.0079514405679063,4.988806958191304e-06
0.0157020789227045,6.139999047369628e-05
0.0195916261098536,8.848555020184352e-06
0.000482107805366,1.0535028549378234e-05
0.0094503383049038,1.6403138217324513e-05
0.0023898470295535,3.7832421699344747e-06
0.0153781783261196,5.605361002109636e-05
0.011740581943639,1.6281071762346576e-05
0.0157925561323417,4.326937714373916e-05
0.0005610811637516,2.005422010255157e-06
0.0135765474131561,3.082296849015806e-05
0.019532873498043,0.00016467107860222311
0.0081404053189133,1.8286460863038962e-05
0.0100761576492779,1.8111583452757865e-05
0.0059985724288347,1.796023229730668e-06
0.0129618215053811,4.224805693341653e-05
0.0151215507067526,7.765900089210746e-05
0.00540986834949,5.391105079402317e-06
0.0057102781687796,7.337243720305481e-06
0.0168024436609912,9.685467026333533e-05
0.0146583963664229,6.0090228242889164e-05
0.0035180626847183,2.0669420730037424e-09
0.0196796213466001,2.0978702824723766e-06
0.0051569042843667,2.292849425418477e-06
0.0032312347449205,1.531105698959137e-06
0.0057476075319415,7.364211449239486e-06
0.0013486776795736,5.242278131397546e-06
0.0194341939063911,0.0001269375804263524
0.0147640956335589,3.668043211277759e-05
0.0086296688801114,1.973918955342151e-05
0.0146023321255859,9.122173567406943e-05
0.0080652430425779,1.0128160547441712e-05
0.01476602453014,4.95939835848387e-05
0.0127375397419095,2.6614138319147287e-05
0.0166298599648686,8.293698896746583e-05
0.0180299150052557,0.00011893260880173418
0.0100592590041264,1.3410107932799783e-05
0.0123929481491742,4.0490305658340523e-05
0.003538395976149,2.7199750205856862e-06
0.0164907408826285,1.6003903585503667e-05
0.0063599147361638,2.1878853570713113e-06
0.0151174532339536,4.862783442725888e-05
0.0196029755438819,0.0001328688242663459
0.0024371414447063,1.2073373534458259e-09
0.0111189216866253,1.4355832765866418e-05
0.0151505512857001,2.0786218428685757e-05
0.004931751778338,2.3005821178111727e-07
0.0142835005497593,5.8486718228616896e-05
0.0195821848588709,6.963959410128406e-06
0.0001637029252548,1.834389027780328e-05
0.0054277520727063,2.642196737738722e-06
0.0044527288895634,2.2666156256546295e-09
0.0042528650399031,8.856263808271395e-08
0.0151349285523674,5.013676165950414e-05
0.0120494071817001,2.8026048757549666e-05
0.0022551293638874,1.132148603847395e-05
0.0142294592268878,7.762072824230838e-05
0.0187790228398472,0.0001595984017261187
0.016372975202265,0.00010047959043076592
0.0094711053013934,2.4927434891421073e-09
0.0153981416253824,2.7751801884945417e-05
0.0164858282989099,3.9757207698330254e-05
0.0041130030623582,2.8675867952583623e-06
0.0006842768093455,5.152401845547514e-06
0.0185830569910777,1.2275236809336706e-05
0.0087850262952238,2.448628803546383e-05
0.0074026724019354,8.91116812638667e-06
0.0138088924004752,9.19608518132739e-05
0.0138016786367146,5.395561124662972e-05
0.0096621291410836,6.850564921863016e-06
0.0110407833376024,2.375132505097448e-05
0.0128919443622244,3.535535866843704e-05
0.0066754399276241,1.0897232979030566e-05
0.0149427760581687,4.756044221513093e-05
0.0080501549715694,2.5474438139645113e-06
0.0078662630651985,1.979110279736511e-05
0.0048603752444476,4.953228836540833e-07
0.0077784444572434,1.6798192922595587e-05
0.006912734436917,1.1510214451276214e-06
0.0001706849014442,7.699731700378867e-06
0.0044363278103311,2.063975996197618e-06
0.0117101933629643,6.345955614060034e-06
0.0038876596128517,1.458385821582183e-06
0.0081441418762882,6.921100126221968e-06
0.0008102147749569,3.493848728908066e-06
0.0040657469711966,4.1911587627254543e-07
0.0078219701970366,1.3143217488583469e-05
0.0158712594914366,2.4950459537706566e-05
0.0036782164216843,1.0754043250971543e-06
0.0113749402620795,2.7527385711272813e-05
0.0089738249926809,5.0793264297238005e-06
0.018210231233112,9.582162527126997e-05
0.0150935949744845,3.9252613441845745e-05
0.0074140293135853,5.2602553939721335e-06
0.0013674153145147,1.4851753808808019e-06
0.0082466711370782,2.342619077440397e-05
0.0067171287287027,9.945577519450644e-07
0.0147918609894408,5.257409499054448e-05
0.0131774593847645,2.036718937450866e-05
0.0151534559615953,4.645106618096506e-05
0.0189346358285076,9.492056519242157e-05
0.0188054223622527,0.0001044422145922002
0.0145700194556603,2.4970263764734273e-05
0.0172985167724352,9.127008180374295e-05
0.007823716236655,7.379846667242925e-08
0.0192329564372448,0.00010882450636612273
0.0191711364148797,0.00013063727687271637
0.0018715505540074,1.003482112678092e-06
0.0045884216962408,3.439140918036041e-09
0.0043621943911195,1.3357383105313972e-06
0.0135671139162689,2.3488380736919405e-05
0.0061405382867865,4.624776965241137e-07
0.0156900358067938,6.0912671221101645e-05
0.0068518869071013,1.3767654797158151e-05
0.0109142292704684,1.568217033351854e-05
0.0047699677475861,1.9785001195327573e-08
0.0121079447867471,7.398153531143234e-05
0.0091235926763658,1.7291477595351262e-05
0.004740194323424,1.4041052364507906e-09
0.0095540804229626,1.7007959478678747e-05
0.0171162067056768,1.0813549858892902e-06
0.0141180374812868,2.497888389444171e-05
0.0040031183876367,8.601402409720248e-07
0.0035381721974522,3.642988752780755e-08
0.0023631555174075,8.663491015240592e-07
0.0163603824618271,6.5453050943703e-05
0.0197028192907835,5.930008423805791e-05
0.0073167788196262,1.8309372118220163e-05
0.0190916102394359,0.00010014936838065654
0.0102095932059867,6.8085251765296336e-06
1.5743830795527102e-05,9.426798810947266e-06
0.0056904348393458,7.120723634851508e-06
0.0082108497284775,3.204393074102263e-06
0.0072397596200968,9.505975268351425e-06
0.0130191807655769,5.321484817274311e-05
0.0078426922849338,1.8140065028762014e-05
0.0039465251777311,2.6694083378630316e-07
0.0166184009864143,6.168066255524518e-05
0.0044175757106315,1.6482542670671853e-07
0.0033714373902678,4.962106424577032e-07
0.0166072828633213,4.468875307751338e-05
0.0158377627711033,6.016594815500739e-05
0.0185565538302342,0.00013978462547825142
0.0073799442841908,8.634886172891702e-06
0.006253266438434,1.1605471253076956e-05
0.0155004282888005,5.806460501920423e-05
0.0069490181398358,1.0206138779272872e-05
0.0156302847596666,6.313406792651909e-05
0.0167212847924032,8.160403080825834e-05
0.003840458644821,1.7936074363222265e-07
0.0078413276597087,1.0821237525574557e-05
0.0150578629760915,2.354912490373918e-05
0.0197437105817875,0.0001736222180201772
0.0121671399723944,2.8500555146971136e-05
0.0038123237033723,8.120498580963769e-07
0.0088374858244365,3.089431808574132e-05
0.0114734307364542,2.222224370428216e-05
0.0037568590598673,2.77428279801504e-09
0.0138466251948079,3.5513910743434204e-05
0.0134625368673331,3.107158329238191e-05
0.0036911228952174,1.597874477481092e-06
0.0195817686081313,8.503147160227605e-06
0.0101081162130712,2.858593839538335e-05
0.0120140786154733,3.1687936788974684e-05
0.0082634409686562,1.6660949072820346e-05
0.0050231145861309,9.438059814369826e-07
0.0112146327131715,2.7324753390140893e-05
0.0093804189821611,2.6799364436370945e-05
0.0148876948806694,7.816406634962166e-05
0.0023250959391815,1.8139568049651446e-06
0.00408426388505,4.1867196265377296e-07
0.0141196949321667,6.490636668648178e-05
0.0143414293150603,3.921671677980489e-05
0.0070302205745139,1.4636971738329441e-06
0.0058392831597529,2.2648809223968745e-07
0.0167975708725449,2.1885400599479975e-09
0.0133536150976541,4.322960287002599e-05
0.0178733636185251,0.00016403383689891218
0.0062637484370456,1.0534877323317258e-05
0.0042126220844713,2.6680242931304925e-07
0.0172238846534711,6.918247485527114e-05
0.0128579070328704,6.59999932314313e-06
0.018075306237092,4.835027654320821e-06
0.0074853285286979,6.723290427937927e-06
0.0061556020354806,5.0531679264237825e-06
0.0050925247464305,1.0774436069064138e-06
0.010375389386773,4.320591775783074e-05
0.0081999505007876,1.6777443328661534e-05
0.01216999063267,2.5396189641123425e-05
0.0019006414564996,4.524588122555834e-08
0.0155079341697348,5.412957276705883e-05
0.0077505978318921,2.117887699162292e-05
0.0162054383488555,0.0001003704536122917
0.0070003265106319,2.1667453164541397e-06
0.0117423809353999,2.1064018232246323e-05
6.03612632809103e-05,1.0773362138936707e-05
0.0021822676628312,1.3075734289238048e-06
0.0199177910099143,9.467488598979956e-06
0.0131202611939105,4.68855274196902e-05
0.0176209256667463,7.292741157513216e-05
0.009281242791375,1.6599125556456377e-05
0.0174087459898026,8.151042560970675e-05
0.0079718027423381,1.3028664404767148e-05
0.0097399907068685,1.2790524566220188e-05
0.00912715285525,5.026853475559647e-07
0.0034283550383035,3.017322238350656e-09
0.0168332986811743,0.00012724704718269897
0.0011475751780306,5.374222832731351e-06
0.0117414350296842,3.808389129738913e-05
0.0078044849272371,7.415514279697462e-07
0.0030206056891691,4.1620995995744e-07
0.0089489503427379,1.8542056838664532e-05
0.0179091482670218,5.807471658165831e-05
0.0124753522130364,1.6084213749801215e-05
0.0104545807858997,3.2076659789772556e-05
0.0134259951292203,4.4091662848413726e-05
0.0023267335509445,3.190883836584037e-06
0.0189750528177248,0.00015364066364630954
0.0127984049946021,7.134539033313955e-05
0.0091123747696231,8.859285394635505e-06
0.0080421218220125,1.183666889685015e-06
0.0082902650231617,8.435129532395281e-07
0.0009464005342133,4.592873862246034e-06
0.0072590369498197,7.126159522815266e-06
0.0184221884304042,0.00011138668003768048
0.0165972660984805,0.00010703927976239165
0.0145938886415665,7.490656851339541e-05
0.0034761815615903,1.9630871620137146e-10
0.0101150074377331,1.0269911747964948e-05
0.0102762245880447,2.5674789231870553e-05
0.0047141464367266,2.399164122079412e-07
0.0135777136699635,5.414248297907003e-05
0.0065606053816219,4.535431390159865e-06
0.009851132162616,2.7768273887844224e-05
0.0028484392853465,5.19623751557651e-06
0.007139973739567,9.799929061251126e-06
0.0036290612787353,9.448633444623793e-07
0.0180689961405922,9.065953149031193e-05
0.0179861297958116,7.2021517263664e-05
0.0164628254060603,0.00010995845999379772
0.0140182761095055,5.7014181132608946e-05
0.0173560382160917,9.201567540340153e-05
0.0037185041863142,3.6821212605126048e-06
0.0096672393183102,3.7112965898359594e-06
0.0063340354424848,4.864290542031341e-06
0.0035506388706244,3.818970591632478e-07
0.0009623588749429,2.4503131557204088e-05
0.0148140690388812,7.144404373008504e-05
0.0066343100996081,5.009696731915239e-06
0.0162039535883659,3.0209851115427747e-05
0.0072525731675527,4.430223619049555e-06
0.0127609574153378,5.257626121341076e-05
0.0103656060914439,1.342796558736691e-05
0.0059825939370425,5.531846198725923e-06
0.0107297862507522,8.552522100741659e-06
0.0103447442391341,3.9236392302573654e-05
0.0065435713306161,2.4390875631412673e-06
0.0176905127311975,6.777186104159459e-05
0.0128663240968909,2.9203860080450258e-05
0.0017164660472078,5.386854103832538e-07
0.0184556865919378,3.015436654860744e-05
0.0181364839149283,2.4983212933408774e-05
0.0049674497372416,9.471345516650825e-07
0.0057900821411033,5.96715504770623e-06
0.0011352939422856,2.8256096302182326e-06
0.0136784570243509,6.963158553747214e-05
0.0075123293737676,8.784615158610214e-08
0.0101281350532892,2.4323264681635666e-05
0.0035261922727385,2.7449368961441775e-07
0.0044028055323198,4.225634094578579e-07
0.0032647404613802,6.500882858080261e-07
0.0070027258749642,1.7754437524980724e-06
0.0109247826777838,2.2466697987245423e-05
0.0023183739229457,3.977601542478528e-07
0.0014906023461672,2.2804911906292622e-07
0.0097354775615586,1.252934092996592e-05
0.0146859916605954,5.2398892721485706e-05
0.0175698181807227,6.68381405124057e-06
0.0163171027914022,8.84055301023471e-05
0.0017769675031738,3.968736382699729e-06
0.0066991434362287,5.058669443010499e-08
0.0088209193629106,2.191515343102329e-05
0.0170763415198829,5.841528286333039e-05
0.003379125769774,3.7657203062703413e-08
0.0060531895337861,7.010003576947203e-06
0.0039653849563416,7.799501920669212e-07
0.006102432556823,3.6702342505733943e-06
0.0001882321922506,8.257179365837627e-06
0.0147637179013481,5.1584683931817036e-05
0.0164994794721963,0.00011162824425248053
0.0026582553145106,2.134641515765306e-06
0.0108029572828903,1.0677722686172252e-05
0.0006347914300992,1.626487202118286e-05
0.0090181653801539,3.2710062038396864e-05
0.0079147725901507,1.80390288914581e-05
6.639363563408996e-05,4.144813524947884e-06
0.0092858128556522,3.0069258338095114e-05
0.0113219061120161,4.3501774068076526e-05
0.0155557324339505,7.03948835194241e-05
0.0125476408371156,6.63774501320487e-05
0.0152184599577906,8.293606078532777e-05
0.0071064466953842,4.212782794065094e-06
0.0146456970338193,7.980411696207258e-05
0.0033288134065181,5.0461438252471847e-08
0.0065917533842143,2.375275631206091e-06
0.0155584393809804,3.127273262378402e-05
0.0030237124390182,3.984647847955081e-07
0.0116710930918567,1.8462317488006934e-05
0.004812460920553,1.5179558291588046e-05
0.0034400126477491,3.6464571231038087e-06
0.0040106639864396,1.8616980890870916e-06
0.0145375044648994,9.041608730942611e-05
0.0076662840815294,1.1875564471557018e-05
0.0141073237810349,1.2785450186269057e-05
0.0029405643892007,6.106214558834384e-08
0.0104459006201492,1.3590410320206107e-05
0.0149856813075761,2.6732237347120135e-05
0.0115308427460239,2.4283866022687876e-05
0.011685594739322,2.3982821876109218e-05
0.0161249714132648,7.068618672992266e-05
0.0005004060368049,5.15863681198004e-06
0.0185550797979622,0.0001187855839545912
0.0149265175449061,3.374953330222741e-05
0.0112051291277795,3.0400009532001037e-05
0.0120475310265837,2.6886934874854583e-05
0.0014031105669612,4.449318856213408e-06
0.0111072743062471,4.492643260987796e-05
0.0144733074732796,7.983558751705623e-05
0.0152066451417805,1.0452816374099626e-05
0.0144973075776681,2.3431920564436183e-05
0.0159788980253995,6.402586386539814e-05
0.0068534873270885,6.759101677091213e-07
0.0120402799456474,4.4446832681203083e-05
0.0036336656584847,2.5486037712489163e-09
0.0195772967945064,0.00013746796997944892
0.0062469447748339,5.591520172521456e-06
0.0020007535908017,3.1303879881440076e-06
0.0157944734679024,9.152254796357302e-05
0.0169631233068578,1.1620005255911277e-05
0.0133548915225334,3.6678041793128484e-05
0.0090069817487748,1.0584135021352964e-05
0.0169158664296525,4.4390896472424466e-05
0.0190845703365182,6.012323434075225e-05
0.0050940142120881,4.47247811803049e-06
0.0015353234331051,1.4230984997876466e-06
0.004088833553152,5.835054589581464e-07
0.0178339067264335,4.804343395476506e-05
0.0049527719303228,6.68180958206649e-08
0.0195182254669596,7.607360608049883e-05
0.0023434938398985,2.65512410081674e-06
0.0118593087488288,6.433221235705161e-06
0.0165864621082794,4.899092965261755e-05
0.0133830116300627,5.234402187047266e-05
0.0132976158394445,4.90786866509987e-05
0.0028928420866575,4.933558247398394e-06
0.0148753970385104,5.894281352767242e-05
0.0115908643867607,1.105284007274173e-05
0.0034505290143454,3.4887697434092173e-06
0.0162813265962431,6.889818130138083e-05
0.014848590881914,6.119048105839402e-05
0.0104573938537626,2.7924512833552468e-05
0.0089207660483701,2.8762547737702268e-05
0.0166407980036996,8.770495401738752e-05
0.0071360957167056,1.2970315914747486e-05
0.0027958895992216,3.328592736642246e-07
0.00034715743363,5.350787414461941e-06
0.0157145728127167,2.7773770333537752e-05
0.00836185300712,2.1216947257854812e-05
0.0142874297731741,4.599615378775825e-05
0.0112084142825781,3.20369649832383e-05
0.0037954560917474,9.038919402597354e-07
0.0088925028227757,9.836685662568691e-06
0.0090449679440069,4.960559179432884e-06
0.0011061514673652,5.596553555236236e-06
0.0196801521385474,6.7553697097399e-05
0.0083842897236203,6.667715490168259e-06
0.0137785928772639,2.2980204959168964e-05
0.0189471006477798,5.380606600804108e-05
0.0153885322989459,5.918266293665536e-05
0.0066440337921054,3.0062187095100834e-06
0.0128991129475935,1.4664084124554931e-05
0.0002570082334725,6.145573887268562e-06
0.0007963628729214,2.1628770642684915e-06
0.0129786503911727,4.8253547365908445e-05
0.0185133626142656,4.1842682089233426e-05
0.001188102415967,5.877894036427017e-06
0.0153560232688913,5.695897164636096e-05
0.0150022428962752,1.6462266258121362e-06
0.006900849970932,8.928938030689482e-06
0.0047586508010129,3.0440537465217574e-06
0.0169893342211169,3.809733390786113e-05
0.0177058400467125,9.535806384259314e-05
0.0078435712621545,1.8844743957822963e-05
0.0021332626007556,1.9921479248749987e-06
0.0109929483550187,1.351024199902468e-06
0.0175030952554582,7.521841834606436e-05
0.00250002929537,4.64594323379897e-09
0.0056327336841742,3.983184397779782e-06
0.0028700670888131,1.0257631917794803e-07
0.0001945870753593,1.4398328263750177e-05
0.0171114002955163,4.849668766848901e-05
0.0069984899634152,8.23817685802959e-06
0.0072681945810661,6.803985388752478e-06
0.0079571485417448,6.442334859580678e-06
0.0071579263777933,1.1912121096407215e-05
0.0146778790810566,4.154110549063206e-05
0.0060154760838933,4.660106466636402e-06
0.007919186543571,7.002138785925416e-06
0.0109225815537887,2.8854752507793534e-05
0.0008350009162289,3.328666474429731e-06
0.0137620955397985,5.0642767878679845e-05
0.0095480147802797,3.8629482298670754e-05
0.0136080593396042,4.031578651461604e-05
0.0156581706652865,2.5723419261440555e-05
0.0090151973259405,1.0226416841598527e-07
0.0026984660117476,1.814435187932732e-08
0.0094854552953695,2.7529789499215556e-05
0.0041919735300432,6.310398293447734e-07
0.0011408908810701,4.895947363726914e-06
0.0047064342530551,2.339555075084682e-08
0.0067727112594709,7.675601191753637e-06
0.0012117993122416,4.28199936699042e-06
0.0179081858997636,9.042184594509461e-05
0.0054287184854004,1.0414498216108443e-06
0.0047961919118539,3.777309420167896e-06
0.0079748217926824,4.501878323153722e-06
0.0147994456194204,8.96719246742124e-05
0.0134602719540772,7.034795203824275e-05
0.0123694280621258,3.156571410986132e-05
0.0187613136582564,0.00010138531843978601
0.002969061502123,7.922848732249236e-07
0.0144936075694691,7.013042868823811e-05
0.0075853791203599,1.2620458638472699e-06
0.0112649998017043,3.239536508194495e-05
0.0191676819595158,0.0001069844517653547
0.0077033063481964,4.982972497981197e-07
0.0019328984628084,1.5760878373371768e-06
0.0049077785081205,1.3559928867491143e-06
0.0004018290088109,6.0888225331684125e-06
0.0113609519035385,2.2350689360925403e-05
0.0022369352601956,3.318901620215587e-06
0.0046938073254664,9.362360630524901e-07
0.0042400343595495,1.2442752628006665e-06
0.0168017753734293,4.076019036942769e-05
0.0111760694864226,1.979122157303296e-05
0.013958992280121,7.251261932901255e-05
0.0144181809299297,5.335457380054812e-05
0.0192818623901173,0.00016926549098309718
0.0012745556756386,1.106091965787179e-06
0.0043181826860304,4.566722701044325e-06
0.0066666249962216,7.006557108585824e-06
0.0011086646574344,3.851196280384374e-06
0.0113690169028048,2.1488026211355448e-05
0.0152843525530978,9.675158637660294e-05
0.0036583355505513,1.3631149765828183e-07
0.0015090455630856,2.205266580653719e-05
0.0143604890991572,7.578335976053831e-05
0.0107511616976608,6.234146901109618e-06
0.0168245157449376,3.800043733721856e-05
0.0130690234061472,4.5307292697266765e-05
0.0048041239026144,6.1825917817485896e-06
0.01357214299146,4.993985112042618e-05
0.0126573950604476,1.8156672981847042e-05
0.0106088946171746,5.156616908252275e-06
0.001453252112884,4.425642836799037e-06
0.0059376867887086,1.752823490283607e-07
0.0043527901386126,6.547815625740403e-07
0.0113977145260397,3.956673277415639e-05
0.0043511595912337,1.7753261921178e-06
0.0114635501597332,4.6101713133329195e-05
0.0102096848566922,1.7985619396216617e-05
0.0178268722596252,4.402249997069967e-05
0.0168583400352129,6.17686063321923e-06
0.0170868142382104,8.427823785027124e-09
0.0036955622885022,5.225404175964454e-07
0.0037231726342568,1.6430894490668273e-07
0.0187465545555308,0.00010600699967006097
0.0066182539805972,8.94804525355117e-06
0.0099636266984509,4.358586209927125e-05
0.0190348572189379,0.00015071178471289125
0.015822571365269,5.092827787409237e-05
0.0013249529621266,4.455524233462452e-07
0.0178424840433366,7.035001271564581e-05
0.0093768758302843,1.4716643891976939e-05
0.0178347951696779,6.067632441946294e-06
0.0006798096592374,1.3819185914562696e-06
0.0082548279404166,2.785029125046388e-05
0.0127939545572344,4.0930202250852706e-05
0.014802432215366,3.7295724818850455e-05
0.0136778281189052,4.41282571370583e-05
0.0128660541531328,3.1151280950068244e-05
0.0068484020672477,1.4936407833879578e-05
0.0019221401609119,1.5690684931632064e-06
0.0045898329533592,2.7203707665096298e-08
0.0082505162621472,1.8757871912103813e-05
0.0011378278088032,6.917709278971704e-06
0.0063483453500903,2.0818672523771094e-06
0.0135703244748116,4.620532767122399e-05
0.0062178347233353,7.85119933574922e-06
9.246489705412308e-06,4.65988489405558e-06
0.0132265821690056,2.6123996552468548e-05
0.0113318645693201,1.5427966177899825e-05
0.0003285481945032,1.7265373858099092e-05
0.0064620714582739,6.328529766824645e-08
0.0092194205291836,9.593165543750767e-06
0.0159843758996681,5.8699794540411235e-05
0.0196224083082712,7.441333113750718e-05
0.0192031076654331,8.691372419758565e-05
0.0091663648576827,1.8914389347540603e-05
0.0023943130792732,2.8648017422596353e-06
0.0011863434007707,1.2186921059429816e-06
0.0070763065875484,2.344866818888535e-06
0.0027559227909704,8.817164699501232e-06
0.0131323641110943,8.705068349570093e-05
0.0045080182311158,1.6186518943735731e-06
0.0078216820106188,6.422448511936312e-06
0.0013793614182126,1.8061706380101629e-06
0.0088293337987887,9.725571424120045e-06
0.0081008029203921,2.7100439441848556e-07
0.0036636848154998,2.4430371622989324e-06
0.0148102869495025,1.0079662429112922e-05
0.0189969371546123,1.1581402894822803e-06
0.0161524307302492,6.0386135505652456e-05
0.0125746238470417,4.3957965143163706e-07
0.0086428379371331,8.711042065232616e-06
0.0097072534301581,1.896709464455047e-05
0.0181545032617147,0.00011269401316698255
0.002199330058245,3.3071929178371857e-07
0.005760695324453,2.879357043875235e-07
0.0018568499631244,1.8048743687560462e-06
0.0145441285924102,5.9971410863035846e-05
0.0004245412263858,5.977251133274543e-06
0.0196691107124133,0.00012911964142528866
0.0008084083102117,1.7241591505327005e-05
0.0049804128846915,1.1856512734272283e-06
0.0144379685494359,5.991299156149296e-05
0.005187107660804,8.60011637433462e-07
0.0111948193182025,7.624620384703159e-06
0.0148486901735986,4.233115489026539e-05
0.0036104971252163,8.139982106289338e-07
0.0068218828389597,1.2770759342175065e-05
0.0071075747796602,2.8421472293277276e-06
0.0015252781345345,1.0873729878339739e-05
0.0032353962767801,2.947764243828345e-07
0.0119600796643665,2.0867875645155775e-05
0.0006273012905592,3.510151647016266e-06
0.0120478653260226,3.3010002298564636e-05
0.0153728310172443,4.953203684745193e-05
0.0025181003592955,1.4352985526055075e-06
0.0073551356832646,2.373857725573591e-06
0.0058884406242936,3.4088080315329416e-06
0.0199018935990912,1.1080547743839555e-06
0.0015102254951383,2.9796461427990258e-06
0.0029716930060577,3.794194762293718e-11
0.0111364688914488,2.965566948144601e-05
0.0186650113608259,8.978163551550676e-05
0.0136615467881475,2.2260308256172e-05
0.0139584134730781,2.8472249664310972e-05
0.0128558147910242,5.7763909420127524e-05
0.0031088698353153,2.1246944079058509e-07
0.0080708609715038,9.398291910260421e-06
0.0010199915294076,4.575176268034758e-06
0.0135294389449577,5.821230725160784e-05
0.0020221233233875,6.290982545691255e-06
0.0142144110103378,5.6392441674483504e-05
0.014051234795988,3.991114169031522e-05
0.0069421705865513,6.6961319571007545e-06
0.0145612323236045,5.654503034582314e-05
0.0129190455913506,2.8024107522013206e-05
0.0128277158397555,1.2378252341716969e-05
0.0168722557365584,6.046869950535339e-05
0.0150026816802048,7.25485964326838e-05
0.0041736340821431,4.394292290130088e-06
0.0050984245355978,4.0146883554597365e-06
0.0196127842932175,0.0001063873490117235
0.0153094629604328,5.620524959127585e-05
0.0038330025705446,8.470596210629419e-07
0.0025336206608831,1.7195256683028419e-07
0.0164769817096282,9.3774193484819e-05
0.0096679597149552,2.9793039846375736e-06
0.0062346061862462,9.367145185624599e-06
0.0193741652487264,0.00011420961331678858
0.0137362397101073,5.712790580306237e-06
0.0038048410200791,8.871576580803803e-08
0.0173109304323376,7.597013791419087e-05
0.0032339515132505,4.5848072748708e-06
0.0110033109329007,3.445965693156589e-05
0.0034336143335234,2.277740923793152e-06
0.0034494516221703,4.998858828494766e-07
0.007883832908669,2.6639209474337904e-06
0.0157637658716801,8.219499615815528e-05
0.0140304626921238,4.361285409480226e-05
0.0030026644963396,2.74967929702994e-06
0.0134312033128317,5.8705250532573936e-05
0.005903258941628,6.4718368376296395e-06
0.0100669227281719,1.6499921046281716e-05
0.0067548235897819,1.1263831996504775e-06
0.015910408743314,9.977888788798696e-05
0.0106615279080796,3.687351661152399e-05
0.0072994919251638,5.5982223158557376e-09
0.0165189753615375,7.704460230499092e-05
0.0052394755558077,1.6810679094704598e-07
0.0032409145207674,1.0380044132776081e-06
0.0179400018614472,9.150671733152528e-05
0.0059619397476536,1.2036433766772709e-05
0.0150803614222889,7.114620835775489e-05
0.0098955779174125,3.0030432531237225e-05
0.0184817229531063,5.402224683570169e-05
0.0015352311429184,8.882512904520619e-07
0.0018178494965113,1.333662863600904e-06
0.0093767479894713,7.721707229488092e-06
0.0168495434889773,6.530492237981879e-05
0.0035896984809508,2.802665123689584e-06
0.0006158804637564,3.291671196430902e-05
0.0152465932262284,8.817831951859635e-05
0.0167772499273458,6.802195131684381e-05
0.0016790707173521,5.371468311887112e-06
0.0108232708222975,3.761985168960984e-05
0.004616505998364,1.3253637628274963e-07
0.0183416295630459,4.093585307716271e-09
0.004234166300647,1.7632523338968666e-06
0.0022155155706102,1.7433059811343619e-07
0.0128598041862927,1.3955365920626933e-05
0.0140375520711365,4.623491933285902e-05
0.0006767140973849,5.173151098715293e-06
0.0183959130773931,6.580115319170154e-05
0.0020298262440931,3.362168092831838e-07
0.0054156487544828,2.729278800202136e-07
0.0189463975339302,1.4912026622877924e-05
0.0054618372237356,1.0477120255697178e-06
0.005187606699134,1.8481494622754685e-07
0.0104313558610054,2.135270798314263e-05
0.0174716834799682,2.7022363212500562e-05
0.0156104687496234,3.1381000472936045e-05
0.0109332462011006,1.2263223541135114e-05
0.0063094188246787,6.519013346193294e-06
0.0094572397148274,1.9495125304453353e-05
0.0086011897875572,7.283419778458391e-06
0.0194623770227006,9.166336596078688e-05
0.0106081336372302,1.691965074416017e-05
0.0109502388937444,2.71708089479194e-05
0.0068473128086384,6.117422464981789e-06
0.0127875484495933,5.4980463656540996e-05
0.003630412099966,1.5127413404339366e-06
0.0141701998570464,2.81325504247084e-05
0.0104141554250634,1.3430227998848225e-05
0.0129857210988568,4.086811958558371e-05
0.0149864224274146,1.5645388921863953e-07
0.0062442646094813,3.189394061578984e-06
0.0023289932187749,4.0572869697098415e-07
0.0059289273188431,2.6616340707577067e-06
0.0198929983893926,0.00016662672839565639
0.010803608676968,6.284804937538003e-06
0.0199338138626486,0.00015683360672980737
0.0071112710177034,1.3234853300578534e-05
0.0155981162545808,6.473296935448919e-05
0.0138524981004802,3.770119860785263e-05
0.0028506734146752,3.9645758449216793e-07
0.0094112066570092,1.7896077630311375e-05
0.0110712783361253,3.5253137783967554e-05
0.0062313682755891,6.851188088172409e-06
0.0155891400005964,4.557160705963083e-05
0.0105608592202495,4.313930246538277e-05
0.0084259983329468,4.790552778707631e-06
0.0044855096270861,1.3828717432987458e-06
0.015521004560246,6.357042474419415e-05
0.0125770399025598,2.537456557831392e-05
0.0191791662325759,1.8762119952848707e-05
0.0153677398765775,3.9070715230575134e-05
0.014865696462708,9.32963126085832e-05
0.0160120591984503,9.009513363802787e-05
0.0124150464637487,2.1496598263096227e-05
0.0091588150103334,2.7233719396176017e-05
0.0024643123763729,5.420226943589913e-06
0.009705967989238,3.1022921664211946e-05
0.013837882461174,3.528920662519367e-05
0.0059273654394017,1.0127153914041543e-08
0.0119044352386994,4.6701365076983156e-05
0.011545462162952,6.559706505228433e-06
0.0128310748753356,3.495017566187223e-05
0.000552545718028,5.860587583260782e-06
0.0144464203842442,4.5420311054974166e-05
0.0155119130851283,8.527997182224653e-05
0.0044262113658343,8.159059263228506e-07
0.0005060431552574,6.931026903731096e-06
0.0023076418785479,3.888455275554655e-05
0.0181614165754768,5.8717657609841744e-05
0.0149141224005091,3.652902868583885e-05
0.0017798185178029,1.0281867773448617e-05
0.0160651980547741,5.093290943875743e-05
0.0146719497382548,4.2017320933598864e-05
0.0057075559181212,1.7250207598700638e-06
0.0058464539501434,4.027266933187285e-06
0.0100550208653074,4.4078781576065654e-05
0.0023740641109076,2.502102300713613e-06
0.0006852280651103,5.72114728896984e-06
0.0095351123535661,2.251594397258546e-05
0.0128573524998168,7.485307295651625e-05
0.0180752310642591,0.00010505764829498143
0.0064419720757423,1.4346286598596862e-06
0.008216256714098,6.4092893618142354e-06
0.0045174757378698,2.1045632792031886e-07
0.0116673252427636,1.8798939426331968e-06
0.0178200472250041,8.254329237414054e-05
0.0053369884890143,1.5086206191643163e-06
0.0038304727688061,4.1307789175620885e-07
0.0088587847264282,7.627399176210224e-10
0.0066348747072635,1.2433035903727163e-05
0.0151471701621177,7.07288421783792e-05
0.0179606349215739,0.00010274338162981598
0.014209865647644,7.672753583623413e-05
0.0015824017331857,1.2744222285401183e-08
0.016506651125143,9.466177681945644e-05
0.0031108620310848,2.075141274344096e-07
0.0137171841556961,4.663245433539188e-05
0.0195032440296541,7.242139814957482e-05
0.0058637399898478,1.7263441975657435e-06
0.005912025372753,8.091376498752427e-07
0.0011208524215394,2.14674074717361e-05
0.0047326930828585,3.088098250798484e-08
0.0136202210125751,1.6857484832081876e-05
0.0071843488990428,1.5078834590655068e-05
0.0104214852324687,1.7650706779102497e-05
0.0060943119177045,6.253291578792673e-09
0.0128568662894128,5.5187578628488126e-05
0.0180067373850938,9.869734153925384e-05
0.0027111298183924,1.9349926718693289e-07
0.0134541228629804,3.31616751364058e-05
0.0029554365756582,1.8833675190091554e-07
0.0055059036552944,2.5283185761574095e-07
0.0111207543621942,4.961454001882178e-05
0.0097831831475327,2.9544369001940176e-05
0.0129141374919772,8.162612963558258e-09
0.0035060479292538,2.299410520272613e-12
0.0182520182001875,6.303793250201612e-07
0.0123490786075834,3.324445049924397e-05
0.0097940894447996,1.6632175258083612e-05
0.0135708127179084,4.037523512227545e-05
0.0153307328393717,3.013516546295575e-05
0.0027562127551984,6.158730739016079e-09
0.0014240706601627,4.8744047855111735e-06
0.0170007203630676,8.584807717207888e-05
0.0034685344206277,1.6933811786073144e-06
0.0143855389626743,4.1647686096683023e-05
0.015267734991905,2.967688008163529e-05
0.0108263465014064,2.5863830546239584e-05
0.011420196500123,4.4184834096588757e-05
0.0026765706120724,1.016092706089315e-07
0.0150151825161664,2.6508343840504003e-05
0.0131469850185786,6.141188349324225e-05
0.0113922851278716,4.994007412092378e-05
0.0094516840434075,6.746808255976463e-06
0.0147308368880741,6.752597048505071e-05
0.0142330560729697,4.343606020908692e-05
0.014690304116953,0.00010011107609975468
0.0017585759900077,2.250831066560652e-06
0.0156251555444875,6.257733364483845e-05
0.0156196706208435,7.788960074691943e-05
0.0147404290129226,3.844876372646446e-05
0.0158644792070606,5.608840361821341e-05
0.001614063770483,4.639362273148698e-06
0.0188884609387991,4.945169598212775e-05
0.0035340484476776,3.539183267403009e-07
0.0165111144318762,8.379272311626465e-05
0.0100245874591278,6.648945764239437e-06
0.0035425277440687,2.3517397416646725e-07
0.008225601097097,4.3363856919280605e-06
0.0077246851736523,1.3856719254297171e-05
0.0013576796103316,8.304199208620257e-06
0.0006951499969544,5.742369032837701e-06
0.0011220437262623,1.6187652894380035e-05
0.0165058569327844,7.723585643076218e-05
0.0099598008955163,2.4884725188865302e-05
0.0184683630286079,9.10095885537063e-05
0.0152880373469975,0.00010349773659065302
0.0009671399174975,7.863000168744507e-06
0.0163168401312092,5.784002131545066e-05
0.0059563173279859,5.913701810478799e-06
0.0111439425286576,2.6662273435408172e-05
0.0004182944034518,1.0229099528883173e-05
0.0191615657391199,5.174433510724243e-05
0.0050511576471658,4.410077902112638e-08
0.0011337933819318,5.163615334314418e-06
0.0141171120412796,3.3801888496972214e-05
0.0061863277808869,7.528969780815392e-07
8.003331387899992e-05,1.025245249231673e-05
0.00791169680353,1.2333420972155503e-05
0.0095884847112371,1.0272425082397297e-05
0.0017242974324094,9.715740379849325e-07
0.0047505568124354,1.7266346221708103e-06
0.0004624080852257,3.475905204617855e-06
0.0020195829736587,7.667967926765913e-07
0.0158043741277074,3.709770624751972e-05
0.0187151767566457,0.00011438968307982533
0.0093247737695476,1.3200614611157328e-05
0.0108983202824713,4.774314219953532e-05
0.0108737249617993,6.535665112711342e-06
0.0096912646179341,1.1400198044205871e-05
0.0068658614344713,5.760338420982964e-06
0.0194870869048114,7.085755860829272e-05
0.0055792310991698,5.1675096393752525e-06
0.0192394052462101,3.605628285461273e-05
0.0170535356245575,5.7558784944766934e-05
0.0029578961174523,4.924875743079864e-07
0.0064804639250943,5.982390490756299e-06
0.009391767337584,2.6410294093908758e-05
0.0024729958994847,2.5810991807034105e-07
0.0052586363601182,1.1121068490182138e-06
0.0052994961177095,3.2910731395859975e-06
0.0074540243507318,3.917794432562994e-06
0.0088526758401711,9.226269512559395e-07
0.0013127384540554,1.2201717119207415e-06
0.001175971912048,7.707119530977663e-06
0.0150744787531288,5.605345754951885e-05
0.0104712423804781,1.8283581471929618e-05
0.0177978553444856,9.359875032615842e-05
0.0147187795335303,6.000751401980321e-05
0.013834963401061,4.2444040059462816e-05
0.0069496029579674,1.251638953910367e-07
0.0003679347214387,7.978877848649055e-06
0.0024665917513649,4.323993614525654e-07
0.0014186815931774,4.5220052196190935e-06
0.0055210946991646,5.242799183558027e-06
0.0095141554473823,3.0225567506808192e-05
0.0099160542975697,1.822449126148128e-05
0.016953422377847,4.5537318773541365e-06
0.0084757488209305,4.055301217755101e-06
0.0198222054091243,8.502824308235387e-05
0.0058602875200789,1.1366463079443828e-07
0.000809621954267,3.1376708125762404e-06
0.0158631271885088,4.911470629704239e-05
0.0177379650231503,5.480283973473224e-05
0.0155141954307377,1.978300449642962e-05
0.0019618097181431,8.082126603474659e-06
0.0166968755874729,2.5148538023475246e-05
0.0022412531694984,1.7184846355557423e-06
0.0009170385449078,7.175400690515732e-06
0.0018941287536661,2.3137396813348514e-06
0.0182752370981069,4.060821786937437e-05
0.0039017247523749,3.049543729571797e-07
0.0055020771742503,1.2481806121783595e-06
0.0127717836945993,2.6754695892894438e-05
0.0015830806769111,1.7332855548138516e-06
0.0003265861055409,5.177291282595602e-06
0.017365058340229,8.496108989364311e-05
0.0180148630166353,0.0001250711135713374
0.0095282535988055,1.2675682259760014e-05
0.0017180996529215,1.909915232600433e-06
0.0125739724816891,3.444576643509434e-05
0.0045932733156356,2.159939954859743e-07
0.0105825308301656,2.8471410955194122e-05
0.0131022342143498,2.8786807415129407e-05
0.0110437298484561,2.1045656245310747e-05
0.0111861525073198,2.7212868897374074e-05
0.0120811093270311,3.0065014427647754e-05
0.0086271013758521,7.98064559716471e-06
0.0194381411692923,7.56954009919024e-05
0.0083551732390561,9.72086380679506e-06
0.0018094838486644,7.055967316385682e-06
0.0096267563697014,1.589363516036055e-05
0.0056819214755937,6.112677454532716e-06
0.016340403092466,6.33939158844851e-05
0.0004924526289986,9.368213242009842e-06
0.0118433039303738,3.0707509496358964e-05
0.0157575402352156,9.284512432089181e-05
0.0060091485482144,2.2504918644762124e-08
0.0180906159275499,7.563192532100825e-07
0.009269715317263,2.1863506377251573e-05
0.0027119460043659,1.8423590404783612e-06
0.0147119239796017,5.0747393033265066e-05
0.0197367107221363,4.028766506309131e-05
0.0043812286072339,9.719828084786315e-06
0.0012243084844994,9.906304147160282e-06
0.0024580216834703,7.53118736645671e-08
0.0033797557796262,8.793898554199666e-07
0.0071947909989872,9.616816820888325e-06
0.008687312050818,1.3731699714533308e-05
0.0195527295960997,8.090931852848368e-05
0.0100381489377402,2.2652695202748656e-05
0.0074698797434475,1.013333147955989e-06
0.0075975563838051,7.04354668055298e-06
0.0132294304079862,3.3189107252457255e-06
0.0002462977547379,1.7827948599210755e-05
0.0010562288158417,1.4556508856805053e-05
0.0057597495063126,2.54390766252441e-07
0.008333874957576,1.638081304478319e-05
0.0189919608477458,7.597285996630614e-05
0.0108797241395098,2.1868643586693065e-05
0.0092134250907279,3.1106738487331836e-05
0.0013380177506267,2.722121590694555e-06
0.0042484637377415,2.238055738419165e-08
0.0012727780361477,3.6529590790416553e-06
0.0066734618994705,1.6805388698950334e-06
0.0048315609969308,5.136994099060466e-07
0.0188536338766609,5.155556872044877e-05
0.0049586836968742,3.1065896444507013e-06
0.0071629346723893,2.539969325807989e-06
0.0111540263872253,1.7531201810036863e-06
0.007247202399478,6.56871027025184e-09
0.0032863406564781,2.6301736683079786e-08
0.0030265060053967,7.569041011881604e-08
0.0087893142558644,1.5738873558346388e-05
0.0057816036308703,3.1974727141916783e-06
0.0126846138093031,1.8775083063437363e-05
0.0074202780243197,3.1760698052142142e-06
0.0036663329528053,5.361273474394524e-07
0.0048088307283418,5.641661707268807e-07
0.0092902653450139,5.311670745706097e-06
0.0031578317232884,3.723261928766525e-06
0.0073909650155185,1.6531044624543677e-06
0.013524557348944,1.0898852211724227e-05
0.0162663941502079,0.00010226651822282138
0.0173985765338918,9.750683588800516e-06
0.0016743507451206,1.1606628469747144e-05
0.01409656755375,6.028768101828993e-05
0.0170671024895641,2.6245581243435175e-05
0.0152890552068222,5.213574861906811e-06
0.0002387301633477,6.813991393956178e-06
0.0135926107546674,6.272875178846583e-05
0.0007506982046251,1.3491026664903148e-06
0.0099442764742758,1.3666442375130921e-05
0.0022656249598176,4.390778112930433e-07
0.0026441308423071,2.8622898671876655e-07
0.0115827504205457,4.532533024002643e-05
0.0159112940006769,8.279918187038799e-05
0.0118268290810487,8.51261737773166e-06
0.0049945320985993,3.1914141643702557e-06
0.0194373264195188,5.2606497870737795e-06
0.0140500720184223,5.748193579562723e-05
0.0145829434059523,4.795467849969794e-05
0.00283343860427,1.651326561539139e-07
0.002012383757957,2.3877100345157747e-06
0.0010878222862959,3.645228046901761e-06
0.0033303896462191,7.820004111291045e-07
0.0019943578486424,3.375422198981496e-06
0.0013853125239573,3.3584679446161914e-06
0.0162744371164532,5.7945777153994175e-05
0.0138677222214545,6.578872012642214e-05
0.0069641915246625,8.641999649473144e-06
0.0144127629624366,7.046223047893779e-05
0.0083410264824125,1.2699561085159056e-05
0.0160586770480314,8.874175519966349e-05
0.0197744627270197,0.00011131400460459384
0.0186939364163831,4.937346299608513e-06
0.0192675984933398,0.00011764047422801737
0.0019343080059786,4.758423391008567e-06
0.0152009791234808,0.00010479836178821298
0.0049179233527803,1.809407710441956e-07
0.0152536320885374,4.6182480602945325e-05
0.0064693743403442,2.320926356727861e-06
0.0171439807687853,5.0663946914711056e-05
0.0091539986116092,1.2280779007948632e-05
0.0157678064364086,8.606056631800173e-05
0.0142447478451336,3.935813673229734e-05
0.0053079148506499,8.649914259940876e-07
0.0021593531576626,1.6511345461028932e-06
0.0178407617545756,8.881898989295076e-08
0.0160774488728915,6.564601113642335e-05
0.0047426378589885,2.153552145923009e-06
0.009517265239017,9.865922937210951e-06
0.0018268769893006,2.2604323661664262e-08
0.0033785250394236,6.904513584036368e-08
0.0068257688270249,8.682488947135105e-06
0.0081809748143857,1.2195686044682817e-05
0.0065865562540761,6.0005262621887504e-06
0.0036533606802958,1.5137567367539315e-06
0.0110356444575574,5.3433533773163766e-05
0.0100135153620844,3.384027429689589e-05
0.0091532879997142,2.183520656161092e-05
0.0077247084772252,1.8566385854345672e-05
0.01604968085167,6.724778423987995e-05
0.0055690576011774,1.3118135417752183e-06
0.0153576917190155,8.947823583806573e-07
0.0095183347476112,9.979402750124148e-06
0.0141609636266631,0.00010065275798417202
0.0082983029303012,1.967713707005438e-05
0.0138888197304642,9.166662815177047e-05
0.0004086112089841,6.1314006322139e-06
0.0199073085216277,0.00014069905128305396
0.014159089215951,4.8611021367949896e-05
0.0098839242208084,3.2704603862625914e-07
0.0095314695023403,4.6202837805076985e-06
0.0156776016061735,5.0446197352847495e-05
0.0046110191888619,3.4102901510046753e-06
0.0192184030168113,5.299600845223149e-05
0.0157097277681284,9.758296161893287e-05
0.0149638706422433,3.097333517675797e-05
0.0088210217666976,5.703511594198899e-06
0.0022982009010888,2.68735365192991e-06
0.0144111329112409,2.6549939542146123e-05
0.0064794958189549,2.3211629675863267e-07
0.0197941212199319,7.39755892542998e-05
0.0042791072868707,5.056021225570964e-06
0.0084747200262772,1.0679453042128862e-05
0.0038165676237089,1.159689031529272e-08
0.0104865364123886,7.954163894579437e-06
0.0183112811396049,8.9295121832219e-09
0.0146192406879433,7.038543121411071e-05
0.0178673349254895,0.00011753115159224564
0.0181497147107351,0.00010206116488967011
0.0199152067988529,0.00011851637107579898
0.0001396794225541,1.2105076036345685e-05
0.0180866637665396,5.323317877533518e-05
0.0062137770635445,1.1640336108944545e-05
0.0172473759097653,9.393932507613942e-05
0.0129485473064098,1.9391474013544736e-05
0.0049067763098006,3.8996847068640595e-09
0.0034730995933302,1.7424159816401427e-06
0.0020042048400728,1.5397447256487046e-05
0.0058288389012961,1.4124696645453625e-06
0.0038845890170713,9.003483183692824e-09
0.0009097739780041,3.8708944187426255e-06
0.0001115664336782,6.013278003215802e-06
0.0003014777246565,5.9846258021519014e-06
0.0037428170836406,6.064755645161517e-07
0.009404487178641,3.7907396807887845e-06
0.0116814137379089,3.331628165496429e-05
0.0132952018050797,3.126429763461938e-05
0.0109743721831885,2.9859271246331677e-05
0.008687999483202,1.825361139844549e-05
0.0162532044162629,8.797708036195063e-05
0.0123333646420679,5.5401084860627525e-05
0.0043836653285069,3.2992573300580093e-07
0.0010169993396428,9.134760935686197e-06
0.0003905941758606,8.786384645477013e-06
0.0159117816225826,4.707414871404842e-05
0.0196977067707339,0.00015134147659396128
0.0141258700804127,2.4321600149899588e-05
0.0029511693233075,6.600848811382088e-06
0.0162716641919081,6.382425428623301e-05
0.0060397840411905,2.263582346979412e-06
0.0177793335994872,9.746430576398171e-05
0.0184127909378931,9.821962326601776e-05
0.0119074644001325,3.788960980371758e-05
0.0181527633167004,0.0001320691710914287
0.0106729571290566,2.0460875321098367e-05
0.009156102004251,4.351911703313102e-06
0.0081281696189082,1.1303154591577388e-05
0.0148494998744871,6.87557870918507e-05
0.0122777719055801,2.395931977553911e-05
0.005106521563333,1.8284670882137185e-06
0.0109369107496814,2.8802693161309134e-06
0.0085170899382301,4.918630925190139e-06
0.0018859842105712,4.409730276236307e-06
0.0169471025507981,9.008642921225172e-05
0.0165367555791484,6.109177776068313e-05
0.0063838041239031,1.715648108377129e-05
0.0174341420452913,0.0001091424582545312
0.0068485112602514,1.046692533851505e-05
0.0194280540645368,0.00016634017387577067
0.013609211229536,3.328104622072432e-05
0.0048344026114774,2.6381309443386592e-06
0.010845377440071,2.4682263749451412e-05
0.0131511776805365,4.218766677764563e-05
0.0138266327918124,1.6923540457110425e-05
0.0140859887751945,6.316073018908835e-05
0.0099804528550653,9.06935746685577e-06
0.0007282593387855,5.679466784432097e-06
0.0020022375562465,3.157236082805501e-06
0.0090689804797798,2.060944165298815e-05
0.0133134140432393,2.3117645835668975e-06
0.0147987357943648,6.855756350628614e-05
0.0166159010378128,6.526019952319204e-05
0.0167697693206818,6.652666171343983e-05
0.0122855834541226,3.2135110084322175e-05
0.0082401309153763,2.4683886278322123e-06
0.0134589651217442,1.7364637625917898e-06
0.0001187461823261,7.48598458580949e-06
0.0018499833290562,1.5466473848348084e-06
0.0030563098647972,8.28050356060283e-07
0.0073742931708586,1.7752386198693669e-06
0.002690807033788,1.0507934502822464e-07
0.0011596926725757,5.276258223102662e-06
0.0143406102551758,2.5917820015249066e-05
0.0115293959794254,3.1307867142181814e-05
0.0042763185313682,1.7016244094670294e-07
0.0030225732133576,4.610522953776403e-06
0.0178812903152905,1.9860988589207362e-05
0.0150072594536636,4.808331271090894e-06
0.0056857913641033,7.278635765674901e-07
0.0028376759949206,2.1625284288172833e-06
0.0098656172956192,2.141823528601979e-05
0.0009945408082732,1.7719202072026315e-05
0.000267904713855,1.228352289196887e-05
0.0012751637389397,3.187851727630746e-06
0.0059218550500341,3.196827641796064e-06
0.0171962258526903,0.00010017035873512423
0.0193014250410959,4.773879899877886e-05
0.0111105613435643,1.0935605423221712e-09
0.0038953922325612,3.0270751009864894e-06
0.0168130152798202,6.165162085708721e-05
0.0066598565841705,3.151999927622741e-06
0.0038630575903713,9.39714448468764e-08
0.0049399439415955,7.486677241570139e-07
0.0124622858044065,6.531493151543482e-05
0.0054100061583339,1.5760090371522265e-06
0.0048423423242622,3.314780081407759e-07
0.0193177779070151,7.279128691431094e-05
0.005611317068776,4.757517238860004e-07
0.0045886688640612,1.629560007521298e-08
0.0170702074301332,8.849092751471748e-05
0.0061616996920595,5.495012018452592e-06
0.0153571487799187,4.942364880937299e-05
0.0131828920662259,2.3350051809919922e-05
0.0020535089650931,3.549861402674292e-07
0.0171062562820101,7.961383818676479e-05
0.0030429978851621,1.419341625205483e-06
0.0192301373086573,8.669209503868444e-05
0.0112188926797934,1.683544268810783e-05
0.0013820858936743,3.891513415755125e-06
0.0098115793725388,1.595990627413454e-05
0.0039629216711613,4.6697488264121446e-07
0.0192515269553505,6.59455935984609e-05
0.0001406050760703,1.4162303119411049e-05
0.0118971406202132,2.8552216250127198e-05
0.0023586355688766,1.9389248853441645e-06
0.0106146964424797,9.463647739899311e-06
0.0067534085334435,2.2713099832990302e-07
0.0110136765519839,2.268584821678481e-05
0.0167510160434961,0.0001024758650476828
0.0178478672508881,4.4049213320257154e-05
0.0048837407024955,3.817110172128569e-06
0.0013397286894202,3.2457415975167826e-06
0.0005571451784311,6.71715260253465e-06
0.0105638918809483,1.4041617239362112e-05
0.0071491620568826,8.471537354924304e-06
0.0138420727736124,2.382380302014961e-05
0.007301056057808,1.1931476666469621e-05
0.0036305924590498,4.38134256681343e-11
0.0098334841987408,1.5490669645388808e-05
0.019712391493851,4.241552599578841e-05
0.0127299948567467,7.77446086866834e-05
0.0025181548732264,7.022668591978787e-07
0.0037888427042215,1.0682855349586159e-07
0.0013995234858023,1.8481075360533516e-06
0.0059927191004116,3.249315139234428e-06
0.0077304783216885,1.068236925556765e-05
0.0003108386298742,3.792650546611658e-06
0.0178337488929926,6.56603758792697e-05
0.0046053014628328,1.3947062546996327e-06
0.0169930406541968,5.724832660961689e-06
0.0190491511230429,0.00013197898425291362
0.0107346801198888,2.35395514201654e-05
0.0046248107006269,5.203414230397201e-08
0.0058915078515016,5.447100484749271e-06
0.0085934422150043,1.6456859176545928e-05
0.0026537501931267,3.18469088543753e-07
0.0073824431958,5.147143586293647e-05
0.0034085876453867,8.292259366581055e-06
0.0182211436693781,8.029332125487536e-05
0.0062470298844169,6.986767805057616e-09
0.0186920510479582,7.423233348161867e-05
0.0016620369419904,1.0539660085375675e-06
0.0067492004992961,4.491050802326277e-06
0.0082363312061207,1.7065332723488525e-05
0.0115738459434957,2.5172655397402086e-05
0.0190875276328122,6.709949802946659e-06
0.0049838179390774,1.59716065535088e-06
0.003976557330993,5.4951912652648024e-08
0.0082646393160312,5.2164969462127595e-08
0.0032343667139446,6.381601331740607e-10
0.0164477218951633,6.435518849930237e-05
0.0177840956023649,7.01124154629386e-05
0.0003089995460117,3.050566970656322e-06
0.0156307592208456,4.744522697117055e-05
0.0195432736917854,6.765555573584997e-05
0.0104001812708416,1.4519103882862793e-05
0.0180054401037577,0.00010260626634669909
0.0171801627634104,0.00010081343598209423
0.0060141160720936,2.778807774232187e-06
0.0140577408490393,7.94861912100203e-05
0.0199721012110763,0.00013527126201877488
0.0194869770708881,2.6299051181578815e-05
0.0092937357205681,9.228188277811016e-06
0.0054069254375947,8.114613560233907e-07
0.0151928343983989,3.885555924197093e-05
0.0174154021670631,3.7561308119869186e-05
0.0163485849104619,1.5185870052064748e-06
0.0171104674004631,6.937316911046341e-05
0.0029680103155496,8.763053867200928e-07
0.0191744596778547,3.534256174514416e-05
0.0087301649830331,1.8059887898511128e-05
0.0194104421545652,9.542120193961071e-07
0.0090755805406009,2.6450882020855788e-06
0.0184863602571582,0.00015656445338062234
0.0120544009900881,5.259740439947568e-05
0.0070579947747975,1.027138258646702e-05
0.002643423962704,1.57036895564254e-07
0.0138280228053335,5.1727499471756226e-05
0.0018724820820796,1.8694824922772234e-06
0.0184279786102839,7.33931883560578e-05
0.0037677086224333,9.049186643603585e-07
0.0194219301543602,0.0001734395387752021
0.0056238530138545,1.862887413703833e-06
0.0104710795053377,3.397598606612389e-05
0.010116063706564,1.12263352564002e-05
0.0191714532813523,2.926272872132953e-05
0.0094980597484607,9.074400176348086e-06
0.0023587775597935,7.011412415115255e-07
0.0075530535310641,6.962699359029209e-08
0.0085884477186434,2.184820160862074e-06
0.0196362676334987,0.00011618065129329394
0.0054372750718477,1.991755379641451e-06
0.0074022673121475,1.2443505741083702e-05
0.0145070755721959,6.651398553970379e-05
0.0118318724726774,3.9550619002067905e-05
0.0019018006905805,1.945573460137982e-06
0.0154862221422603,7.091890367569199e-05
0.004329346086036,2.008388659622139e-06
0.0011751088378784,4.571671133018275e-06
0.01197992014889,4.551624364119936e-05
0.0184530241140683,3.901683323573916e-06
0.0168125474376531,4.3176447761195974e-05
0.0058829760258297,2.698562603688237e-09
0.0159700985435698,6.39658830887052e-05
0.0093815386178394,2.0601977014448967e-06
0.0053372404095356,8.123916292366689e-07
0.0050941304302708,2.742807186512895e-07
0.0088091456552229,1.6858350327795304e-05
0.0044992305717751,9.132213837244759e-07
0.0147655727693961,2.1065672561544386e-05
0.0108913855679476,1.1412997108471889e-05
0.0051449905384648,8.205885928605431e-07
0.0191193922418081,1.584096816231022e-05
0.0005366833344759,5.603795728421436e-06
0.0086677436011511,1.475499080052813e-05
0.0178697220812673,0.00013904871380806549
0.011655703002576,2.634561927878466e-05
0.0041448967874901,1.1834711571211414e-06
0.005465917958196,7.48549260096167e-06
0.0063901244615041,8.702444552096073e-07
0.0175747061056951,5.6534887841853115e-05
0.0193022561011086,0.00012821169990471346
0.0163207493400562,4.050149407271477e-05
0.0069975501225805,5.894928858907823e-06
0.0069873127266742,3.1227304077095485e-06
0.0031435317101715,3.886618957143766e-07
0.0101728539791226,3.1421995608684616e-05
0.0116892933736355,2.378045374773756e-05
0.0004910892138014,5.728221082630754e-06
0.0133024226953627,3.7287001015857134e-05
0.006479184649946,4.5399096348950525e-06
0.0095092602992764,1.660321187867045e-05
0.0160187766215558,0.00011905584300926888
0.0039313137996177,1.7948313090547683e-07
0.0128319607240039,2.9640233147874512e-05
0.0128295723572929,3.383145670385049e-05
0.0086486565993058,4.338247261612391e-06
0.0183207074073875,4.71857864637689e-05
0.0005702801444355,1.2618833808709557e-05
0.0197559574550956,1.2957433429415129e-05
0.0016237907577111,7.406580377455195e-06
0.0055564334376498,1.585673045413295e-07
0.0129458862054491,4.57112342831341e-05
0.0164593949141821,8.463777119932201e-05
0.0070995748540886,4.444239984450019e-06
0.0172917935498575,0.0001322176350940765
0.0046814554218357,3.861039433286213e-06
0.0170319921208776,6.61708996388766e-05
0.0007516295715179,8.119077385723785e-06
0.0012617578055786,4.7222189646548726e-06
0.0020620092470091,2.674427698148293e-07
0.0135601262043438,5.999623059409161e-05
0.0034679631953359,1.2855308837384702e-07
0.000842248462811,8.848417859938502e-06
0.0120816075314697,3.374038086797711e-05
0.0075629338223597,5.324814558988996e-06
0.0133363479984751,5.3329844981323684e-05
0.0124780564290026,2.9994924655723625e-06
0.0187506338067847,4.846143242531592e-05
0.0125316258565544,3.4453754416904446e-05
0.00531034941706,2.182499829636436e-06
0.0027367378482155,1.3767253989960835e-06
0.00629646694691,3.1358493453768584e-06
0.0170394727045276,6.01243051108899e-05
0.008502502192879,1.7297175949657117e-09
0.009182099030238,2.6693310501869008e-05
0.0191807328825139,1.1702822553859033e-05
0.0159022550930169,5.5203567916668455e-06
0.0148344037264824,3.9542306979990414e-05
0.0021422454499262,5.588411418362905e-06
0.0058764970973258,1.0307847478645688e-05
0.0126281499911016,5.823724890365247e-05
0.0011215534358451,4.503131106086568e-06
0.0086387663826936,1.0850520085509054e-05
0.000253222777918,1.1771257188024681e-05
0.009663435507348,2.0660887900714428e-05
0.0018102550658843,3.4777412326128e-08
0.0050773180204291,3.466616329977218e-06
0.0050353552421907,5.344532504416019e-07
0.0122698593222911,3.455180026904843e-05
0.0094162362142747,2.7187255490307054e-05
0.0193783896039513,0.00015827969828353602
0.0181245621088334,7.274770720671192e-05
0.0187174380476636,9.238783442441282e-05
0.0023551756476877,2.0224231261779944e-06
0.0021893780321263,2.320921203589328e-06
0.0153054955543017,5.112436015776884e-05
0.0081439535053571,2.3242711418844315e-05
0.0132810547523709,4.067620144530391e-07
0.0102485976088773,2.9250071377251372e-05
0.012151191866121,3.6296528123712086e-05
0.0021167290871397,9.618379640379923e-07
0.0175274763131712,3.822995760389809e-05
0.0163855650463495,3.9667648716773304e-05
0.0075451519161922,1.6164539952543678e-06
0.0115528010725682,3.466735226729707e-05
0.0033048856462984,1.7392085385732023e-08
0.0056876690121884,7.471685313729501e-06
0.0154855500533941,4.87990611339963e-05
0.0159016592146219,2.3201257906658246e-07
0.0010358962501923,3.8462037245863154e-06
0.0186641789190424,1.2576328641514597e-06
0.0035176616053088,2.6170059098432783e-06
0.0027173417377718,9.801700792050892e-08
0.0062185798460424,4.3828306344193915e-07
0.0162754912508471,9.602163354373636e-05
0.0113166501667709,4.2223250190730226e-05
0.012006441263757,1.0400815783538058e-05
0.0141513686791523,2.8177096667648747e-05
0.0016205066241271,7.354537031628516e-06
0.005691054956334,1.2224502416537701e-05
0.0013262265282436,2.04279311699189e-06
0.0128700497845354,3.0047872685169817e-05
0.0155062459408912,8.828419683013642e-05
0.0125651931169701,3.336616328023499e-05
0.0165776041273179,4.443982603084877e-05
0.014144353594498,5.639137754474656e-05
0.0152216770956622,4.660556248722792e-05
0.0003954295836681,2.4964283575954055e-06
0.0115943644790506,2.1608714121008313e-05
0.0097376713292772,3.2704723840614005e-05
0.0105909788010638,2.0407980479984424e-05
0.0052291809601235,2.4743095921437946e-07
0.0072360141574675,1.2529188334621703e-05
0.0079905267174817,1.7060688144109942e-06
0.0138282855894472,9.535282932208636e-06
0.0152004945329403,4.391560650864617e-05
0.0008659882221122,3.1738373777159956e-06
0.0158094536327034,0.0001346956360165592
0.0175619314053249,0.00012976069766294473
0.019256643000924,6.220831264930702e-05
0.0050682373668613,2.9640092101089484e-06
0.0100925721441142,2.1525125570515918e-05
0.018301402213279,6.868149275969928e-05
0.0173880968177138,8.751546791209018e-05
0.0144790093972669,5.932904513369733e-05
0.0003170031889475,4.372506954162829e-06
0.0011770197269634,9.550183374122976e-06
0.0146137244686365,2.640494607346965e-05
0.0196193973287252,9.3745616960893e-05
0.0195299744698357,3.396855457598644e-09
0.0171432825228147,8.066160842057266e-05
0.0106735008984596,2.2929380822527745e-05
0.0117280617013444,5.049379278600486e-05
0.0195223336093613,0.00010116261148697625
0.0158727436845119,8.007468624305765e-05
0.0071289459009852,2.706555334942976e-06
0.0054843376168253,4.930323313941269e-06
0.0055079330194881,2.7972227688329918e-06
0.0154513136940565,8.800429150435506e-05
0.0016127056944152,1.8150990536069008e-05
0.0028076241069912,7.480452624812989e-06
0.0147873955995967,4.2989278101120696e-05
0.0083611746674242,2.8312475808777175e-06
0.0023747858451587,4.838305997614033e-07
0.0143435330169482,8.32798035220157e-05
0.0043132740035585,1.6084579958480486e-08
0.0104842812819313,1.680171373542438e-05
0.0151428322767702,7.936373844489846e-06
0.0023357177046521,1.8700824022084017e-06
0.0039803005421855,3.1165824037163033e-06
0.0117169567303105,5.054634752817968e-05
0.0040713532927211,1.7098441924787107e-07
0.0137331807623858,2.3648606598744753e-05
0.0022551022496105,9.046236270197356e-07
0.0076549549688378,1.3708356290733694e-06
0.0011232074039809,3.998291523384272e-06
0.0090588393995696,8.239616983826017e-06
0.0093207134851797,2.9303900404986004e-05
0.0146967369265651,9.645426655983365e-05
0.009833692239758,3.401808290661969e-05
0.0074011808305666,1.4331547947635572e-08
0.0031845979155965,3.1315794487684293e-07
0.0124872328320193,2.5489901237223104e-05
0.0030038174663915,8.824597667380014e-06
0.0077428055120954,4.429680534072115e-06
0.0156017500048587,3.1619775809269864e-05
0.0148441195609586,4.917808184048311e-06
0.0021302519698072,3.910877939208339e-06
0.0081919409528034,9.016965409011429e-06
0.0183000721677087,0.00013822818214856685
0.004068445435649,4.069730911583919e-06
0.0024829341545909,1.5553187579203578e-07
0.0040126828757347,1.1134016944053715e-08
0.0046535782097814,1.0218979945222827e-06
0.0135580882163516,6.010585380676993e-05
0.0028573380508574,7.50855884134734e-07
0.0004934608280173,5.349697070306672e-06
0.001679181799436,4.828049985568835e-06
0.0043620401301524,5.185573401668528e-07
0.0130843409782075,5.418286876594773e-05
0.0176148545640509,9.58320944784391e-05
0.0032863199416929,1.871322490486832e-07
0.0099187504843065,1.627083968510736e-05
0.0094468520966731,6.049090705656975e-06
0.0095101888582752,6.559389899320429e-06
0.00303844633554,1.7389015199414427e-06
0.0145302401787213,2.2215734651181174e-05
0.003052325490231,1.274948974044327e-06
0.0155833767048902,5.792091767722495e-05
0.0166975543289831,4.152948269082977e-05
0.0087260633598322,1.7878600702938486e-05
0.006437508373142,8.470223668796771e-06
0.007587539120801,1.2536842842901322e-05
0.0087888190240307,1.7368960742487075e-05
0.0065842733020161,3.4593456477210344e-06
0.0133193357702398,3.450211351072082e-05
0.0130064679652652,3.0126613753828108e-05
0.0182989733982137,1.678844501161178e-05
0.0009033822707748,6.11955695471877e-06
0.0085828523020584,1.9242332885293004e-07
0.0131080983137273,1.8693631658206506e-05
0.0042040865226748,7.986584289563397e-07
0.0032459426074891,7.206163922060965e-06
0.0154207970743467,7.406965838084219e-05
0.0043542637873458,1.0076827702872346e-08
0.0001533428392768,1.3585837464930187e-05
0.0129957297497435,4.2367560301209654e-05
0.0091951744851566,4.58032716735816e-06
0.0107201476344334,1.1914317889542216e-05
0.0022257842069301,8.367449728635066e-08
0.0181945203277039,7.18133043840593e-05
0.0057773354690908,1.596312061031502e-06
0.0152948245224108,6.513069871001885e-05
0.018870565281551,0.0001091046172194526
0.0092371717123321,1.1896703120871753e-05
0.0066650665761175,2.089643744350171e-06
0.0185984743455061,0.00012438049093582547
0.0066585097211088,7.654277787031413e-06
0.0018270624624387,1.4311732979221194e-06
0.0027421782187936,2.854009382306939e-08
0.0137272069155751,4.51725594946641e-05
0.0025488398187845,5.934039285451557e-06
0.0063983657010388,3.7449113791969498e-06
0.0014612600875565,2.651164104737881e-06
0.0096282684615824,4.047742974806869e-06
0.0138754067320155,2.794569760569815e-05
0.0119367909960514,1.6596425368748896e-05
0.0142573080002841,1.604955935829031e-05
0.0119674642726539,2.3395958279028e-05
0.0073363075728919,1.0787213789927019e-05
0.0177917676851952,0.00012320431103506765
0.0147914519992628,3.335914077605806e-05
0.0127197861298147,5.405304705638196e-05
0.0034983360963449,4.1788360960543845e-07
0.0178096176747725,0.00014572794636184277
0.0004473869199223,4.531390381791645e-06
0.0013088737381401,2.1960725086238654e-06
0.0175328788802856,1.1583844270298455e-05
0.0013642894431623,1.2776169995823769e-06
0.0014529872884325,5.413578448734427e-07
0.0094990063059413,1.1361758442471631e-05
0.0117002421643398,1.129336688572519e-05
0.0187537229605777,0.00010202229026755699
0.0062873549203752,1.8965867239529277e-06
0.0012344522313031,3.272653858594612e-06
0.0094444331308725,7.540936996187375e-06
0.0034844526211658,2.7139538802875905e-07
0.0051745405411638,2.0994740046021618e-06
0.0057668220352682,7.987886110456329e-06
0.0124553656353242,4.7113238404370255e-05
0.0086892779515588,1.6741968768681775e-05
0.0151968860725593,2.880735622500396e-05
0.0064108696011428,4.298329194161285e-06
0.0006210952151575,7.394960720597678e-06
0.0184673663914479,4.0538078005464905e-05
0.0159702583339636,6.184612299531737e-05
0.0077219984420061,1.4330006846410791e-05
0.0033728304451783,1.9726352942886376e-08
0.0160952018535274,5.7756397801504906e-05
0.0191545488769854,9.186997308682516e-05
0.0168957230569857,8.803412570714245e-05
0.0072701766570304,1.1982897308034563e-05
0.0004456693728817,9.466740136870116e-06
0.0147824926045451,4.3829575322434445e-05
0.0109518526545335,4.468671166810406e-05
0.0067171282361513,1.8406216405308854e-05
0.0144660608223793,3.350417682476688e-05
0.0171694442271009,7.523836938666137e-05
0.0087627808795375,1.0880630133733567e-05
0.0093883281729913,1.4899511393903995e-05
0.0177411496966579,0.00011261445898197431
0.0027214956836764,1.6211169049406298e-06
0.0034150314840679,1.6471206465471528e-06
0.004709580178664,9.1166460141061e-08
0.0098825549408948,4.820453560018505e-07
0.0022246720926147,2.925860078582017e-06
0.0045172591060212,6.738838721566101e-07
0.0143678781798986,5.031713572868293e-05
0.0031703713419452,3.907683881291365e-08
0.0107359382255737,1.8617942444577922e-05
0.0186179773861317,0.00014647828521345034
0.0146946002183015,1.0645608698517821e-05
0.0082263650502997,1.618256845096901e-05
0.0016462119079376,2.2067087108197996e-06
0.0144139814525514,6.537889796191356e-05
0.0029450341149229,1.8904790564082923e-08
0.0161787319736003,5.8834948901199064e-05
0.0063661715113468,4.071085975791059e-06
0.0107020909282299,1.5681740225775435e-05
0.0179389331559177,4.7326519851328184e-05
0.0171192333299861,4.173869523362358e-05
0.0053514993699706,3.8408105753614417e-07
0.017553530249639,9.398030520830327e-05
0.0190945932369497,4.038229733460928e-05
0.0149391993791484,5.261997552506305e-05
0.0001420101622661,5.040537700558886e-06
0.0071957552288817,1.4210751342901065e-06
0.0018705764484889,1.465415891409103e-05
0.0110231942111468,3.198451984557933e-05
0.0025056978998968,1.6986828903065528e-06
0.0022775113141823,1.7841937426073402e-06
0.0057380155863361,2.866188812721289e-06
0.0128486147599966,5.028085816705768e-05
0.0186492916793517,5.0551995316949056e-05
0.0048727944133258,9.451213855406622e-09
0.0066420880180964,4.033519518849171e-06
0.0166501736324194,6.880246265743383e-06
0.002973716664291,2.0063077588486226e-08
0.012335893373799,3.15554164012154e-05
0.0119977754692484,2.854457637436418e-05
0.0165867524051496,0.00014544664122122713
0.0027750963104695,1.3150188684229003e-07
0.0154120309075372,2.560505664040952e-05
0.0154834247783654,4.368847178590324e-05
0.0175406550919472,8.05597549143976e-05
0.0076292693184928,9.88931161406094e-08
0.0137929087944622,6.802951141852464e-05
0.0151462761989684,0.00011131116601179833
0.0167908206016434,0.00010668513463542932
0.0084793046767714,9.974851637395413e-06
0.0028050651851988,6.667478137170704e-06
0.0165049727914155,6.0023132964517466e-05
0.0172652957721828,8.024911641621285e-05
0.0136708551411113,1.9483548297062094e-05
0.0165547321034888,7.52170746149123e-05
0.0128139963646314,2.7055163668156797e-05
0.0016827559860857,3.303745525015234e-06
0.0018077369576487,1.0080911427557603e-06
0.0028827371139626,1.8197604766864706e-06
0.0118567272030102,4.526377091968759e-05
0.0016919861229265,2.841292149682068e-06
0.0024312419344723,4.72031022227868e-08
0.0070542840497774,2.081805189326618e-06
0.0092863691515171,4.14662033992773e-05
0.0102383186613831,1.4152214543582902e-05
0.0152809209485759,6.827497948882875e-05
0.0159016789908832,0.00010728306082148063
0.0071893742974718,1.274818387118022e-05
0.0046194330612071,2.6279691489924525e-07
0.0181337787751484,5.998341318972884e-05
0.0084475029928837,8.764996451704555e-06
0.016664462086282,3.5311060735608086e-05
0.0091814407965792,9.692912732922833e-06
0.0155466152044734,2.0581836461394014e-05
0.0024065369284328,3.3285664140519842e-06
0.0012298920964736,5.774203394939805e-06
0.018094889286792,7.221713429690688e-05
0.0100543417284092,1.380182598772498e-05
0.0187753835118571,1.1082742829444992e-05
0.018957927648052,0.0001559886059583174
0.0086636185315851,9.61821214715921e-06
0.0133699429852586,5.4103907471995166e-05
0.0148837649934267,4.627636573472151e-05
0.0193900908425877,0.00011410907045762488
0.0018696125389522,2.9021434883645968e-06
0.0049362838701916,4.510308451250191e-07
0.0163543750276691,5.901144673858134e-05
0.0158819244679144,6.245402203517789e-05
0.0122082262951581,5.640092632582792e-05
0.0058233186101321,8.706843444012915e-06
0.0106735927072992,3.807074857240679e-05
0.0093729916397686,4.620206471981179e-06
0.0197464328399049,0.000129013159190529
0.0183231483854834,5.372528468179967e-05
0.0194725648216999,0.00010027354917107665
0.018852025829069,8.909346433213441e-05
0.0024606432003385,2.4511314103023146e-08
0.0013776022811856,1.619358983456724e-06
0.0103874873319907,2.5813399016888295e-05
0.0152552589700981,5.9382810576425264e-05
0.0119869697688572,4.261198930215259e-05
0.0157110369623939,1.7809775492944073e-05
0.0166249927849423,9.938132928162996e-05
0.0062244936926529,6.6208082570792865e-06
0.0089471657701856,7.441991102827493e-06
0.0184921255286171,3.22199046321956e-05
0.006946793916827,5.3225273851404076e-06
0.0088766463433085,2.811979936752137e-05
0.0067891021929269,2.278140936453275e-06
0.0001434042184887,1.1674117020694838e-05
0.0179408323535254,3.981912236806555e-05
0.0116760506524139,1.582196816037246e-05
0.0147190500230777,3.266759204350447e-05
0.010153329936457,3.844050178684685e-06
0.0162890211485342,6.111311069404776e-05
0.0138207817538515,5.5324650639133256e-05
0.0092267266352977,1.597967375767183e-05
0.0090243024665843,3.453866695115972e-05
0.0017603197815687,4.099091197739455e-07
0.0196544118171422,8.037577613844356e-05
0.0046656420029276,6.610514468630646e-07
0.0058526073842869,6.022970300147569e-06
0.0162058687263166,1.1978428122740816e-05
0.0180869026695334,4.188675721331206e-05
0.0083303365549387,7.704751145950264e-07
0.0063878410862278,3.5894716810442674e-06
0.0157826554666753,3.589946871757459e-05
0.0119481204945907,4.290741377348522e-05
0.0032777509118293,7.5823066551945435e-06
0.0048712979770899,1.043868708303618e-06
0.0141093212633814,2.9844246928655656e-06
0.015387673681597,2.2948993740184458e-05
0.0175137728554886,0.00011054061949753207
0.0087267996134534,3.1103577348782924e-06
0.0050257433127173,6.8633811284506905e-06
0.006276608791663,5.638057465798401e-06
0.0157640885643443,3.5746200799699133e-05
0.0138505084076896,4.498464538495766e-05
0.0099912698097548,3.2865514255382914e-06
0.0091064863701145,1.0485990573959764e-05
0.0001678106558441,1.7107247109586507e-05
0.0172961143750786,1.995817179211734e-05
0.0060734143664132,1.8824817182411576e-06
0.0042440922166685,1.1985192755787272e-06
0.0004404941634518,2.5080513147454076e-06
0.0034436989601027,1.1529155654331872e-07
0.0131373844437934,8.048703288478225e-05
0.0175103245204798,6.892498491101691e-05
0.0069847683322612,2.530928796073927e-06
0.019867090237017,0.00012237496610946583
0.0140803914687851,2.418060452005963e-05
0.0041611629650626,1.5459153894876026e-07
0.0108132118306682,2.163061910898126e-05
0.0189953513927748,2.1971533892564392e-05
0.0170265713324456,2.5627904595846387e-05
0.0178724681095329,8.765884215051488e-05
0.0095410466349511,1.6067110703702014e-05
0.0137087927350939,4.377272787609787e-05
0.0159828111166451,4.471117604895912e-05
0.0088478456350678,3.4034811670411002e-06
0.0141668876407692,7.278411502138195e-05
0.0090129808546548,1.7496514714929075e-05
0.0179191810850253,5.179826049265407e-05
0.0019304255243654,1.2200339833570882e-06
0.000448591595631,9.992585076097305e-06
0.0122984739408728,4.316395230275044e-05
0.0110931395368737,1.0185897249103356e-05
0.0035582373879095,3.355036421707335e-08
0.0105659380924895,2.3069870569660186e-05
0.015773250615674,8.593925734425828e-05
0.0170513523693409,9.612874038514357e-05
0.0165753676996425,7.041316200575323e-05
0.0195939416723683,0.00012491834031058672
0.0180446546495338,8.98610752115187e-05
0.0161729939086811,1.4089323733899723e-06
0.0054022219972297,1.1131971026840012e-06
0.0047154885367477,7.812765169411706e-07
0.019826118605657,7.85643529509971e-06
0.0182677191592938,8.433284148913424e-05
0.0059715002175185,6.377477857783153e-06
0.018695945571193,0.0001066345778843825
0.0168866529213681,2.9924891358374152e-05
0.0040497354164637,3.303216048507598e-07
0.0096349624955321,2.6575106202445467e-05
0.0075397627541046,4.0423674314105075e-06
0.012655189641685,4.398401858160576e-05
0.0022998003889678,6.9481311351760935e-06
0.0199899357774477,4.295117947303278e-06
0.0152836823302504,8.955395769258138e-05
0.0020271768220725,1.926683119718942e-06
0.010365952063107,3.993169943243368e-05
0.0192805981701892,6.042474785730317e-06
0.0043072865730573,2.709713660992662e-06
0.0034336561941697,4.3147824123594284e-08
0.0096617356817207,2.7913898702182238e-05
0.0080378003497892,7.485096077840823e-06
0.0006849557547033,1.1303863402234523e-05
0.0180411720948092,0.00010922025191759734
0.0145152886489465,5.9277558146963227e-05
0.0179465910424846,9.822493376919262e-05
0.0199710735380843,0.00014647955733798255
0.0184622866694661,3.442077194154168e-05
0.00821546812497,1.6814205195695004e-06
0.0176869959614403,1.31228135789598e-05
0.0119974314485266,1.1645117810168933e-05
0.0042518060464307,4.2497747684266807e-07
0.0033431735601327,1.2664028890708506e-07
0.0128206322501976,2.509258393236123e-05
0.0050277901271284,1.200118971813832e-06
0.0106506065221189,3.050397732415591e-05
0.0075128196799464,5.156980035455242e-06
0.012453086571008,4.563035047690749e-05
0.0062595300910715,5.94169029437366e-06
0.000163192881103,5.76820086787673e-06
0.0195968653856463,7.186152706401595e-05
0.0157801945197463,8.842287152426183e-05
0.0112208651068603,3.025366903946859e-05
0.0152276495421354,5.630888450651371e-05
0.016917030842506,8.363239747752458e-05
0.0022059501528066,2.2197363352099447e-07
0.0025856504838323,3.0947332490070977e-06
0.0181772097578238,6.731700760209386e-05
0.0125113830941054,4.969853359946884e-05
0.0034210944638997,4.8989138376535176e-08
0.0016228607229012,1.614732465656956e-05
0.0165610888483536,8.198729109979649e-05
0.0159669739365752,1.7420964786204536e-05
0.0052858747117301,3.7295848573402297e-06
0.0153187162824045,1.059256352244735e-07
0.0030432470121287,3.4627419315618965e-07
0.0108929316911224,1.0196980956264696e-05
0.0126802450298206,2.4125709122235673e-05
0.0085472304750807,1.3390898292573818e-05
0.0030861110199191,1.2764375424563555e-06
0.0149730130415624,4.1046432472774165e-05
0.0096082820763697,2.424747811485464e-05
0.0140619705448955,4.2515515509223954e-05
0.0017426582147544,4.143376863836307e-06
0.0110806025377184,4.1071037616195654e-05
0.0136569379255507,8.554162891753071e-05
0.0058340674275487,1.0680751367889273e-06
0.0022689729356045,2.733066026675516e-08
0.0119044410391517,3.46433060913974e-05
0.0065006881516088,4.80440743834099e-06
0.0195549347213592,0.00011774554999810975
0.0111544426268891,1.4203368265463301e-05
0.0062668552814571,6.799304041420376e-07
0.0074810095852245,3.295984777695675e-06
0.0018028148897243,3.0319614576934745e-06
0.006634163491908,4.709140702361612e-06
0.0162756384872392,2.9857865156968942e-05
0.0097736404801976,3.206767148818039e-05
0.0049679122431017,3.2848375502993655e-06
0.0070331730240282,1.2727320882700499e-05
0.0147970745422872,9.601057572080797e-05
0.0011733348307228,2.986184193216898e-06
0.0055443791717289,7.004059315911708e-07
0.0136784747316192,5.064924117996289e-05
8.871533549764443e-05,3.915058121486676e-06
0.0028667094650155,2.0303517547024205e-06
0.0172756152731435,2.5662191142525425e-05
0.0111173751091154,6.553726110863642e-07
0.0102841039983986,5.9404138239454235e-05
0.0131654519652047,2.6032814269447825e-05
0.0033271693402089,2.0143764124612566e-06
0.0094741876523894,1.679471491242496e-05
0.0006003027674058,4.2860278048825065e-06
0.0133199665572017,2.4309923222157672e-05
0.0074290536118468,1.7639128386856092e-06
0.0158886604055866,7.091295560416385e-05
0.0011065040342609,3.1531071266466577e-06
0.0066182549815644,1.0183822925087397e-05
0.0089857263097971,2.0645120251098328e-05
0.0010056663113855,5.621771970494252e-06
0.0165039034005851,5.504861923754827e-05
0.0076981823769078,9.41380107675845e-06
0.0033524550863073,1.304221927191567e-07
0.0146167474829447,1.0176531885441983e-05
0.0110783836073967,3.2781600956138765e-05
0.0159069144754077,8.5145942972378e-05
0.0049438260837137,6.504043673964551e-08
0.0041985661351201,2.4468392002449843e-06
0.0081176377515495,1.5554856196902792e-05
0.0117084435002962,2.6193865133428304e-05
0.0191508698875152,5.7281092222446635e-05
0.0008874181105983,1.0062529313745715e-05
0.003003790020035,2.3008061452216821e-07
0.006985343025776,6.040374808236633e-06
0.0123681601046665,2.9311426809471413e-05
0.001565397691297,8.663082615376965e-07
0.0068208076972793,1.2970273182565273e-06
0.0104566855265086,3.7973913920413695e-06
0.0106111556996592,1.3410957597359202e-05
0.0033058464129228,1.1271799521228319e-08
0.0148129507080829,9.415135908190218e-05
0.0114296956534325,5.702502037995085e-05
0.0110690231244587,1.4919357953378356e-05
0.0109410024732518,2.3601898411253005e-05
0.0154475855165605,4.6041120769826324e-05
0.0168806444590666,4.77914714197047e-05
0.0186514676229843,0.00011613168966343953
0.0154713840516638,5.001655561836786e-05
0.0045920196537039,1.3478561512395044e-07
0.0046886919679385,1.4280009299714746e-06
0.0090695297229063,2.569835448166502e-05
0.0069031692119222,7.936797058451736e-06
0.0078099924719145,8.888008432526555e-06
0.0027923355155192,1.7911375965776298e-06
0.0023109019302858,1.1198185104339356e-08
0.0022767932690936,1.7161529801861576e-07
0.0076896484737898,1.420486076178466e-05
0.0081080854253284,6.907737152179066e-06
0.0023453860187796,1.8054221930363062e-06
0.0010407381009214,4.700262156272952e-06
0.0158405424377916,4.901300237914277e-05
0.0165138656263913,6.555807067837403e-05
0.002985581672769,3.578471387466261e-06
0.0069937192496544,1.1496697826099056e-05
0.0119453118778955,3.318260044591949e-05
0.0084940104861054,9.00504572102434e-06
0.0058019456987331,2.1479771905894503e-06
0.0168513849111365,0.00010986747173637137
0.0003839301057837,7.61418298855073e-06
0.0036122683271407,2.3913761789302534e-06
0.0107226435061901,1.0376505238248008e-05
0.0154822969287443,6.096983191312961e-05
0.0102633651505944,6.280021558958762e-06
0.0025243102328372,1.0864332377076765e-07
0.0021041765038042,1.0719414159581525e-05
0.0048242226575304,1.1830652635789329e-06
0.0191625295959785,8.379453650717464e-05
0.0087116934786167,2.822364535211097e-05
0.0049086992774313,3.645973861001923e-07
0.0123039457115142,1.9616062219622717e-05
0.0081974806042389,8.222906610180885e-06
0.0129516026452607,8.359102529291219e-06
0.0109729383509024,3.96418479035507e-05
0.0087702950837848,8.02375756364259e-06
0.0054896407042457,7.338259094240319e-07
0.017619854875029,6.26356166623699e-05
0.0032486023626662,7.01066992431522e-07
0.0062129737648372,6.862054069652087e-08
0.0064711971618932,4.8539735186906015e-06
0.0178459498837899,0.00011863719233990562
0.0022332624755662,4.5808781445990057e-07
0.0100250714088693,2.7046785059403426e-05
0.0171137748806673,7.084756534080037e-05
0.0091918704478616,7.087255567458713e-06
0.0133189461051966,2.7034682781581886e-05
0.0133595499466504,3.3833574697935287e-06
0.0125376596347718,4.230253937404983e-05
0.0041773402609032,3.7994102468198594e-07
0.005572037505233,8.554540176333949e-06
0.0018730710864256,2.4825868732266934e-06
0.0031481548407271,4.300199084796987e-06
0.0034130846223395,9.301318462764758e-08
0.0197321092791099,0.00013474075412283652
0.001335953924447,6.9099034027124055e-06
0.0129138363926474,5.0873960297092244e-05
0.0095172026707725,7.78335098602624e-06
0.0170537648146203,2.2880273144616894e-05
0.0103172571783302,2.3190119192703792e-05
0.0189975423277732,9.293427877692593e-05
0.0024224990772079,8.229705533850598e-06
0.0154172578058085,5.6296554860704676e-05
0.0117205417772012,2.1487028611440826e-05
0.0078437061003437,1.1171654087324692e-05
0.0125353708700176,4.7449115387716125e-05
0.0145495996181759,2.237837863086972e-05
0.0103200740787904,1.8194318754376002e-05
0.0112562466460674,2.369419709124217e-05
0.0060276670511649,4.795872087745409e-07
0.0131501431893163,9.005998317644255e-06
0.0189701567427211,0.00013224320395583287
0.0041304819376965,9.195355145267983e-07
0.007297343955378,9.981749454342105e-06
0.0169801855213503,9.544239552455675e-05
0.0103794962169437,2.547320750744726e-05
0.0174161454722538,3.963022637101539e-05
0.001354501875594,6.516089151423074e-06
0.0155383045958875,9.9982823026552e-05
0.0057853407011971,6.38349429957017e-06
0.0010255575436617,8.257802927944495e-06
0.0184353197273906,0.00010686946573998165
0.0077735252915289,7.356171052657884e-06
0.0084094061687429,9.474426758665872e-06
0.0090647809189659,1.0110767615568112e-05
0.000145660330671,6.501601187682628e-06
0.0139951027863456,2.907577593946414e-05
0.0159437751603229,6.966747613270577e-05
0.014674465540812,2.5798574661576655e-05
0.0183244164659434,0.0001699197395676474
0.0017136585858661,3.6717963056134924e-07
0.0186471836682917,6.406531969255267e-05
0.0046417807429155,2.90140434953661e-06
0.0044332047194247,9.805470009526118e-09
0.0086029213847239,3.8999735139789675e-06
0.008282128353675,2.3647768646240668e-07
0.0059373299468083,1.4737630140463273e-06
0.0121518585418553,4.667341313923555e-05
0.0023716077153353,3.676828141184036e-07
0.0162336794219858,3.66646356568439e-05
0.0148494824844945,7.252421556349597e-05
0.0180722498289645,4.869339444622143e-05
0.0172413864589401,7.763394310793373e-05
0.0088746626103034,1.8097971605836733e-05
0.0076515821729407,1.0738993553976699e-05
0.0055836952857803,3.5571380936075414e-09
0.0179668191903007,3.302082601507131e-05
0.0144990889387669,4.78924683307906e-05
0.0109289045113638,4.085980860551272e-05
0.0161077172449639,6.600126929879077e-05
0.0079131936639692,1.0138974143307249e-05
0.0168069757502672,4.442095302947554e-05
0.0048374485248389,1.8683885031759242e-06
0.0093880880251961,1.0260555568935827e-05
0.0123567699474378,4.512879772210099e-06
0.0122728442755214,3.3098873409943884e-05
0.0115558949685012,1.7904191000249088e-05
0.0187168960084035,3.834381300479635e-05
0.003972884806969,3.947619100466431e-06
0.0091379762204302,5.376938019356064e-06
0.0035936028482963,2.9153863039495744e-08
0.0017817189732507,1.3680428774859414e-06
0.0042385566760715,7.653487395727743e-07
0.0004505585031033,3.202270241720592e-06
0.0084122561032374,6.6700299849159315e-06
0.0054380217051776,2.8917964549568733e-06
0.0188350987919298,7.140764558995781e-05
0.0168323157761843,8.067785282841321e-05
0.0076928909150495,1.3718067212208516e-05
0.0038415748661291,4.105593165629815e-08
0.0063767275992035,4.842621475866753e-07
0.004755213771641,6.784391429189906e-07
0.0003878046449859,7.07267796470738e-06
0.006245476839978,6.327373836385977e-07
0.0009958619206695,3.2066512537824033e-06
0.0002959928184638,1.236601137246014e-05
0.0009202415751177,3.151485975536688e-06
0.013940013809319,6.015463694713261e-05
0.0019238509732458,1.1705436084074418e-05
0.0179799812840743,6.990651580974681e-05
0.0025304604684025,1.5649968972124828e-06
0.0142552784899584,4.37472171316697e-06
0.0175544847583142,0.00011685252333900095
0.0135688409245046,5.740339563565196e-05
0.0045177984672848,5.85604218844074e-06
0.0122759684847875,4.2562024699946966e-05
0.000414053587894,7.827283418638034e-06
0.0021305877982036,7.959499070759843e-07
0.0192421674842603,7.134869099444722e-05
0.0195999898670649,9.333945775274949e-05
0.0132609299688238,6.663514105568646e-05
0.016281531182336,6.25768838659605e-05
0.0182620773266279,5.3033075209239897e-05
0.0159649726466509,7.033039932436714e-05
0.0032698205082377,1.6670242560520998e-07
0.0189986382240416,8.334012629500566e-05
0.01028204788267,5.807269488090801e-05
0.0167209064311543,5.870348554630074e-05
0.0098275109957517,1.285097727663964e-05
0.0018834439131738,4.3313082076119484e-06
0.0031605530790299,8.755351210338207e-08
0.0144260662895369,4.084709203442014e-05
0.0007501784648224,3.017873418595333e-06
0.0169544085755812,2.8099990597581597e-05
0.0171549333226414,7.920607387091383e-05
0.0036615778847707,9.679464793895172e-07
0.0172259435233513,0.00011941866744921475
0.0084612249416795,3.0005252714901284e-07
0.008317915398018,4.188304013231963e-07
0.0084354676464029,2.0769720760695483e-06
0.0029995848168206,2.244034477228695e-07
0.0052593775788741,8.19689647642621e-08
0.0066112039617643,1.1170766353857856e-05
0.0040016448497086,1.6359610642147871e-06
0.0019570760581244,1.4255752806621526e-05
0.0020543996515158,2.03498982514606e-06
0.0020017620767289,1.1086159004791511e-05
0.0162547711866802,4.9332796211383766e-05
0.0018009179375605,4.615839271647597e-06
0.0029705915867988,2.6856083992196274e-07
0.0122702033502711,1.2609047453605912e-05
0.0140618209086762,6.798339520453443e-06
0.0040255322610283,2.2497056178100827e-07
0.0037290336742764,1.6763539103527783e-06
0.0027057045756576,4.92715838322523e-07
0.0041502162990861,3.314522696795902e-06
0.0156277549524219,0.00010526479061391842
0.0158769733086984,5.777355409850254e-05
0.0118336881119418,4.2255230493223555e-05
0.007295758444308,8.743027832505099e-06
0.0183999047284689,6.79529359116876e-05
0.0006312395518447,6.979036094104965e-06
0.0075035134473804,2.2899464211914405e-06
0.0016933945238654,2.543005381509044e-06
0.0049298245077366,2.46401354826589e-06
0.0161921042547467,7.190592827175731e-05
0.0112370608713845,2.7963864667108556e-05
0.006809153150789,4.177141220869767e-06
0.0139224782254738,6.495755087962402e-05
0.0190191058522507,7.746674234060704e-05
0.0074120340972892,1.596254154452908e-05
0.0108660898159895,2.5417742945317288e-05
0.0072182491595745,8.886347903460746e-06
0.0131335955317948,3.0102467152364854e-05
0.0159269995778054,7.077763837060554e-05
0.0086248580888398,1.0481282562802438e-06
0.0194294360220156,3.511908784257073e-05
0.01117134816986,1.9087131959592404e-06
0.0024352987205165,3.75543702318228e-06
0.0038415346838829,1.269604616572112e-06
0.006151646407734,1.311827193047635e-06
0.0123688039524433,4.0325285898690435e-05
0.0125004858982189,4.857252027660329e-05
0.0032224099106099,9.031608351605994e-08
0.013599339514535,3.8947853632621456e-05
0.0057512551105574,5.71999418383253e-07
0.0015136872254012,5.703371321436434e-06
0.0032781157743219,3.65722433564073e-06
0.0046760694391183,3.1599349753123548e-06
0.0107329919814216,2.15708480882897e-05
0.0015376751529513,1.303532769828438e-06
0.0023986051449593,1.3822449209670753e-06
0.0060703189011626,5.49778005180374e-06
0.0005024719336085,6.796598001344651e-06
0.005380494452153,1.5097619859296294e-07
0.0002632728126405,5.568894556891364e-06
0.018055507987788,9.062376671350386e-05
0.0115179715752757,2.2714802826648578e-05
0.0158542025744789,7.385234042062505e-05
0.0145691141265936,3.723359209899673e-05
0.0043838955432573,7.113630681730952e-07
0.0087146026860792,2.3110974137059774e-06
0.0070608951292106,7.4408291639921915e-06
0.0007167364985271,2.1886047954830635e-05
0.0110747738412891,1.1342162465994258e-05
0.0012455862060188,6.091395467125886e-07
0.006104687368824,3.9860546818936673e-07
0.0123459062884008,2.2789457362666774e-05
0.0038403774578068,1.297730917307355e-07
0.0053953495950181,1.0098068952150004e-06
0.0120136969112052,1.9237713885204777e-06
0.011559128429961,4.015931837544306e-05
0.0100525867063412,4.04820661301128e-05
0.0082451905740883,1.0740407689783073e-05
0.0114797049014479,2.362767109119037e-05
0.0010678500753816,6.3355400189450176e-06
0.0188588271999332,5.121817180025945e-06
0.0120338463020327,4.5799545143138096e-05
0.017135651481789,9.133626796757816e-05
0.0055789321240212,1.7965665863593184e-06
0.0054164810458481,2.3453250436404536e-06
0.0001341769018766,8.739410656435815e-06
0.0049740102903212,7.959700319317175e-07
0.0137629457662774,1.5623050861925653e-05
0.0178308321431957,0.00012793009275104754
0.0031151379423443,5.203346877465015e-11
0.0047635819331763,3.5624309210706445e-07
0.0123297631333158,6.736086762176433e-05
0.0129811680134223,3.964977824074131e-05
0.015019567768449,6.28653143989176e-05
0.0173812134003068,8.17847338149144e-05
0.0097895910427571,1.585977237017536e-05
0.0119295283475607,1.9662798911576203e-05
0.0183352929347707,4.798979680476892e-05
0.0023362851018061,6.036625373831457e-07
0.0004466446059803,1.963769380034696e-05
0.0162130294105947,3.208077025189438e-05
0.0046559422582862,8.822691594676164e-07
0.0104016661342848,2.3726398317100446e-07
0.011052458876495,2.2330353457605755e-05
0.0112382519088417,1.5537604283296494e-05
0.0055375066818214,6.821550948794518e-06
0.0013344317228293,9.20210151082264e-07
0.0194041568724655,9.690252585322098e-05
0.0142733901307774,1.0269952532239675e-09
0.0017502542615197,4.712621497131864e-06
0.0014094420764607,5.383728081929927e-06
0.0152635291508062,4.893211714991363e-05
0.0071338534177432,1.0830442093021773e-06
0.0182520579739012,0.00014607332833554358
0.0190483050085191,0.00013890326779131983
0.0196321069644966,6.0213333026431194e-05
0.00992730278043,1.2211415632342381e-05
0.0147866370466921,4.754591516262298e-05
0.0190684826932415,0.0001036577461670089
0.0175617933345224,0.00012772767632421387
0.0104828482457781,1.8472549714128105e-05
0.0156805020438168,9.606358534340437e-05
0.0107403891724712,5.54809268950423e-05
0.0009807601497488,8.801968909480447e-06
0.0093203646921143,1.9769236786834254e-05
0.0142647385325964,8.244459218109368e-05
0.0003491332895247,8.15405420947001e-06
0.0081669650968576,2.030068386454493e-05
0.0127716143678576,7.908050814980649e-05
0.0183986347330446,8.078153408283582e-05
0.009037205739584,3.3033655264014094e-06
0.0018946459192068,4.44841105620413e-06
0.0168724262494483,2.8352595187053454e-05
0.0199347832933229,3.1292208855209235e-05
0.0172594125689318,1.942453912263953e-06
0.011134389478351,1.9481610028018315e-06
0.0114529018726834,4.008233646206908e-05
0.0140199053479462,4.787111837282327e-05
0.0185453173018033,7.074071211732147e-05
0.0092263512079627,2.1648038392251177e-05
0.0019183930978082,3.566608243913009e-09
0.0074690281889447,4.427424067926005e-06
0.0005924060457079,1.004738417216135e-05
0.0196064376560363,0.0001087465130522882
0.0140550640653589,7.195016143468649e-05
0.0194621946755476,9.282539929992238e-05
0.0035383492453502,6.612676151357173e-09
0.0020289150460914,4.615838695542891e-07
0.0031957810930198,8.966287581447207e-07
0.0186493706164632,8.582147106786237e-05
0.0131203022063501,2.3812046926776984e-05
0.0040982873169413,6.632696119229896e-09
0.0028981860553497,5.641388770773458e-07
0.0097512245172792,1.9317144765862717e-05
0.0181869381378783,8.021669818705898e-05
0.0167922843212868,0.000109685911381471
0.0178346103300881,7.432121966559895e-05
0.0098460061425606,3.009452477346313e-05
0.0067498856894001,1.5736276071016022e-06
0.0032857721116489,7.0475366198173e-06
0.0179877921089595,5.210473735907234e-06
0.0085197831093774,1.4698665502718768e-05
0.0077775552723406,5.937773232703999e-06
0.003815004526343,2.621476611365596e-06
0.0131560320082472,5.23388806940757e-05
0.0076511154987672,7.435052946459024e-07
0.0023512107008622,1.5730465494962836e-07
0.0002570672908247,6.79630654318423e-06
0.0180192094089271,1.2324886036236057e-05
0.0153246835236078,4.8871796324817156e-05
0.0029729375862246,7.626821971840798e-08
0.0139190692385678,8.012087159934734e-05
0.0174566571098524,9.178682788284782e-06
0.0081212394150084,9.181840824843501e-06
0.0128227318115101,1.458441541751125e-05
0.0006143274473233,6.303335437495249e-06
0.0164958965335152,0.00012429422934951933
0.0096508558049404,2.1507151772235366e-05
0.0118117884377167,8.719583443596981e-07
0.007863427901439,2.080347725810276e-06
0.0055246868332663,7.461619115707196e-07
0.0074212777434182,3.221103031756904e-06
0.0036292918759556,5.764850612161461e-08
0.0037631448672416,2.9554245327513056e-07
0.0055070030400183,3.6588417063108275e-06
0.0176047074839263,0.00011206838028116326
0.0152406053673699,4.7322132444480844e-05
0.0084442788532466,1.3088171629430929e-05
0.0187485848104084,6.526389762401376e-05
0.017815007377022,7.897057408541238e-05
0.0138380517660899,3.3203333141054165e-05
0.0142071287627438,2.4503692381995307e-05
0.005851954234159,1.2221249516339424e-06
0.0124361104562181,2.6415851428738244e-05
0.0147552545292111,6.512302696403346e-05
0.0024107048574435,1.061954989674221e-05
0.001569360992723,3.8644132378118343e-07
0.0158498474380734,6.584593500841538e-05
0.0196927576792098,0.0001103393266678692
0.0167696175373757,0.0001054746348470918
0.0140502565994394,6.151137838513376e-05
0.0020636732706116,2.6926796199020367e-06
0.0182633958555091,4.540798092155731e-05
0.0148652837661196,5.343811751775938e-05
0.0130004440814458,7.469044513821937e-05
0.0049720215865376,1.1567286878318211e-06
0.0170348175279355,8.753297656396071e-05
0.0186181700585086,3.969118431867474e-06
0.0198420194574478,1.365960033460383e-06
0.0121190018247317,5.248824517026468e-05
0.0169136278563871,6.591422543538978e-05
0.0189294276678274,4.2095850846716375e-05
0.0028849985525603,1.8392133430556203e-06
0.0197635294245624,0.00012691528023087945
0.0162719236891776,9.000335167703039e-05
0.0025323544998298,3.5483980724111965e-08
0.0122537316714102,1.778721239758538e-05
0.0109097226539034,1.2425362842051376e-05
0.0139829704603545,6.669834086761425e-05
0.0176044055287544,0.00010951822913348488
0.0099395812774062,1.480107027301341e-05
0.0194205699561543,0.00010439078082624383
0.0075769434431112,8.94862875206718e-06
0.0157921258847747,4.32810670120971e-05
0.005934185068039,2.400417038653096e-06
0.0133399846701609,4.2494908491071465e-05
0.0171165344622989,7.39587384922319e-05
0.0180246927938607,3.454250963955506e-05
0.0074425268648113,1.4293109317288084e-09
0.0185320799298927,6.103527712462373e-05
0.0172233312797412,2.6015517988573056e-05
0.0120448797302298,1.2049801730747084e-05
0.0196233396743314,5.906497109539049e-06
0.006005098698974,1.999097580658357e-06
0.0167220876483741,8.164305643054796e-05
0.0183000817225855,7.57141515982697e-05
0.0197734387334994,3.881869781817058e-05
0.0183917102828296,0.00016374348326519503
0.0130843012289789,3.184476660345952e-05
0.0154115437297106,5.802373430253617e-05
0.0196416913022013,3.723375427593702e-05
0.0047478336825609,3.035530117401762e-08
0.0107158619174251,2.043537245797833e-05
0.0144904590567484,3.4815474979897635e-05
0.009036833390562,2.1214160392352063e-05
0.0075617488489872,1.3018376033672014e-06
0.0170678942467455,6.53056650766022e-05
0.0146865296694881,1.8845517310608477e-05
0.0003497389028662,1.4148898655606278e-05
0.0112091879885853,1.8365788593519188e-05
0.0002750067647771,9.514337480397168e-06
0.0061178564042602,6.267997913245757e-07
0.0163417998709877,5.811145059644998e-05
0.0144807492568241,1.895585800547573e-05
0.0117481368740843,3.800279342440232e-05
0.0138104316730033,4.143341601417402e-05
0.0096810288023354,3.964799261099315e-05
0.0163104709585563,2.811824275030642e-05
0.0033775187283197,1.7800487878143026e-07
0.0029326977113215,2.8634648643051447e-06
0.0007986746028466,7.940651419911838e-06
0.0176476203854924,7.726525376893867e-05
0.0073376619675421,1.0141993517411793e-05
0.0096301966174923,7.249405898051579e-06
0.0197421382129582,0.00012225947631569305
0.018854562169964,0.00010872733942111774
0.0053993801780498,5.595498983462231e-06
0.0086752489344196,2.65816471960743e-05
0.0108169844681016,1.9141302625491773e-05
0.0073662104261788,9.752271020598424e-06
0.0008504848566484,6.158927359908144e-06
0.0179847012115958,8.772380452897334e-05
0.0093442759404772,1.1820340306503704e-05
0.0093995568485449,2.0044297612908726e-05
0.0025290243427535,1.4347683621469042e-07
0.0175386974141043,7.204573846898352e-05
0.0189068348762717,1.4859485789697654e-05
0.0186019644581815,9.85197612940232e-05
0.0075352248283537,4.473485379503143e-06
0.0154176684113686,4.239812243141415e-05
0.0126232854741569,4.5149720052582166e-05
0.0184177852603993,9.727363851284226e-05
0.0139678756154012,3.2233742240693103e-05
0.0050459592116134,4.440061942710828e-06
0.0164530634135927,7.53633433570351e-05
0.0155078589831508,9.839033261548686e-05
0.0006128670534368,7.374755063260463e-06
0.0043898675249473,2.2289718307636917e-07
0.0160090505988784,1.4069586049163927e-05
0.002415131695404,9.125809503869067e-12
0.0162490296132511,5.9024886498282953e-05
0.0153616906197235,7.370593726028177e-05
0.0094214128239855,1.1208791344344172e-05
0.0132027787536357,2.7393781431482642e-05
0.0143555839738017,7.387898710101632e-05
0.0164519232015027,9.410100955833086e-05
0.0162742061022946,1.3356921948800694e-07
0.0157823175474934,6.753826586833275e-05
0.0193068789639937,0.000142652619549475
0.0078234595000774,1.3988381990143009e-05
0.0098091046376217,2.091710391913827e-05
0.0041701357542173,4.7285924753719834e-08
0.0010516783495017,1.891711623077773e-06
0.0041910882057113,5.211893250770396e-07
0.0164762688231154,7.486107941171982e-05
0.0152668118390833,6.175499420985785e-05
0.0102553138261138,6.131577365370951e-06
0.0049464584776515,1.0319819065482696e-06
0.0144601209211094,6.995200922840546e-05
0.0114558287526331,2.2300398276438244e-05
0.0066090170919543,7.456130038305463e-06
0.0064791567720914,2.6257695274049216e-07
0.0150809257684644,4.460447665487982e-05
0.0039801388724376,2.1162844319395606e-06
0.0006114678957372,3.282522755496663e-06
0.0028147086345425,2.5316710889713804e-07
0.0064887518442147,1.4840338611977485e-06
0.0131115292991397,6.684603534022638e-05
0.0197922777978374,6.410930456037376e-06
0.0032003549922609,9.463725376814825e-08
0.008162846359734,2.916152219911251e-06
0.0171381152993682,5.211390659587018e-05
0.0070882269359943,1.323847108954455e-05
0.0056795065426852,3.897963390193406e-06
0.0007275620394089,4.5951287046494526e-06
0.0113835977956694,1.6599843867574847e-06
0.0003760803842051,9.95731065423019e-06
0.0027175091395152,1.602884827523397e-06
1.6700791327304288e-05,9.883833394842083e-06
0.0065064677869676,5.629711914548001e-07
0.0084739205013246,1.2326227107715141e-05
0.0163947862350202,1.2753721375894491e-05
0.013933532864435,2.418250763082157e-05
0.0195084257453541,5.318642973505623e-05
0.018105634617928,0.000137564367867689
0.0016445201197475,3.3055661997294445e-06
0.0067090510683136,8.972755767765729e-06
0.015628838327281,1.8756685992638634e-05
0.0037543627455205,3.173512559261691e-07
0.013074376817014,3.1363916858761043e-05
0.0073299469058321,1.2042841878969493e-05
0.0168891340900211,8.62579149303354e-05
0.0148588512848049,6.591037618620247e-05
0.0178164019892854,9.139903352580398e-05
0.0198745501041927,8.141490214334374e-05
0.0105813073335649,3.3073856460266165e-05
0.0132239670283807,8.735159257108523e-06
0.0192049873354536,1.100078545803353e-06
0.0017239080306892,3.107967083057428e-06
0.0061244429140223,9.780459353801244e-06
0.0167907600394869,0.00013871256605966375
0.0150230642334973,7.941548172836115e-05
0.0107998353279823,2.921982749844437e-05
0.0061790135465539,6.776265052634345e-06
0.0040826654546903,3.7402021220595017e-07
0.0151576350314678,7.56145734045132e-05
0.0127646415342159,4.96194852171118e-05
0.0132352258487451,1.353862088990749e-05
0.0114770402174387,4.500977750829892e-05
0.0062583895766748,7.19067786113156e-07
0.0035610585417413,4.759225082133775e-07
0.0155964201917503,3.748945791825847e-05
0.0197622092189649,2.456453091647291e-05
0.0035852665491867,1.6665255767813912e-08
0.0058224140796298,6.809300796583364e-07
0.0093167103684295,2.993176257962608e-06
0.0179661808116005,2.0059107156517685e-08
0.0016795149853068,6.887404349113479e-06
0.0129147485887638,4.8510626958105706e-05
0.0187899299330122,2.5714435072669665e-05
0.0037096766299422,1.065431488874093e-09
0.010927298217083,2.447189968118291e-05
0.0165268987093558,3.264153299592184e-05
0.0103706188509518,4.759617346488165e-05
0.019460038222672,1.000019528172466e-05
0.0129422598790224,5.924523422577165e-05
0.0160371690846486,4.7355924411650915e-05
0.0119006664455506,2.0400672271147904e-05
0.0134147519577344,2.6696640080417647e-05
0.0094758530071349,2.291642633178192e-05
0.0023500852761076,2.3573865318458603e-06
0.0178402914239916,7.386840702796707e-05
0.0029170824893283,2.6697273929990244e-06
0.0162697339566532,1.3912134454753485e-05
0.0070272657465809,5.794484236500041e-06
0.0158863386355594,3.883686258526687e-05
0.0059561615604782,1.404273570210795e-05
0.0022319448535287,5.10691150320832e-06
0.0129438662807488,2.6212630496926867e-05
0.0081854467009033,9.485133054542878e-06
0.0060800177220592,8.726334279853844e-07
0.0187716469300085,0.00015856234259572745
0.0168165902282556,6.750821800310143e-05
0.0157302763278589,7.098561898879426e-05
0.0141785875412047,5.441198122314675e-05
0.0015368490802339,4.139375464315873e-06
0.0047441519336075,5.932437589808609e-07
0.0174760052444217,8.751395115062789e-05
0.0107688396034983,1.155163421502982e-05
0.0191656046205449,5.2966318841471665e-05
0.0052413502066373,2.879116431104845e-07
0.0102555452724331,3.983962742180902e-05
0.0155250731785207,4.620465585045751e-05
0.0095993755071345,1.4795336852485204e-05
0.0136255374828103,2.4794446910401275e-05
0.0081130156282145,8.175895813686565e-06
0.0083039039237564,1.1241123316324462e-05
0.0020375663721949,2.457394448935579e-07
0.0066136244234762,3.169030657629091e-06
0.0196529748468276,4.494865934809141e-05
0.0142988593824382,3.655308317105948e-05
0.0120906942073134,4.0439810127229796e-05
0.0199174350930771,0.0001642121736391513
0.0015778794041474,6.67087278552161e-08
0.0165024419516715,0.00010900794150128909
0.0148237436926198,4.848808058700603e-05
0.0165443908000568,8.312583047692334e-05
0.0104014586781434,9.73035403633775e-06
0.0044792041235506,4.6326299344457965e-08
0.0044791830010698,7.739572045686245e-07
0.0026107278567426,3.0553968842511628e-06
0.0111022227928549,4.6614459287021485e-05
0.0145625127504201,3.959475426716596e-05
0.0061233117424943,7.2115426026440615e-06
0.0033896889218015,2.3466580719846097e-06
0.0049498675491721,3.360204985454445e-06
0.0170175517429612,0.00010646058411594709
0.0125922176899695,4.167683444709101e-05
0.0090410369490746,8.546595129474238e-06
0.0029554498075141,3.790930859578572e-06
0.0134234029185608,6.75181870011033e-05
0.0031369685798837,7.176430023354893e-07
0.0195873663803126,0.00013235812084668637
0.0178097771946691,0.0001042338711935728
0.008030552482776,1.5016263796312653e-05
0.0038456920199603,4.158960504186266e-07
0.0035470012048791,9.778040182083106e-08
0.0013377743571878,4.647814537188181e-07
0.0126990394708285,1.0657614654810517e-05
0.0080749221874537,1.229468647551177e-05
0.0007317028767093,8.524634575686221e-06
0.0130047317834003,4.9434164242521176e-05
0.0061202219980721,1.0923193387948205e-05
0.0031504946981909,3.673862496867268e-06
0.008981049171557,1.6773898199852237e-05
0.010665553028937,3.3446470261708654e-05
0.004355314610677,1.0818861500713707e-06
0.0124368413271534,6.555046973203722e-05
0.0168314958814069,7.284259434202775e-05
0.0141897901594152,5.3025064990518e-05
0.0097082214328735,1.2081522670593273e-05
0.0126494464752241,4.18443446936289e-05
0.0127620594443378,5.398556374481749e-05
0.0023723364749339,2.6672993946272573e-08
0.0150182710626362,1.928046727332324e-05
0.005091824216228,1.5512526873580329e-06
0.0056925962726424,3.603218837844876e-06
0.003224726502004,4.6013749533279544e-07
0.0167318914329183,1.5896243069650425e-05
0.0152577288983296,6.55109339026735e-05
0.0111704003336604,4.0134007671805376e-05
0.0154153015470289,8.275440296994488e-05
0.0126171469503,1.0540152583244173e-05
0.0082809187970434,1.561730779208067e-05
0.0128876019865305,3.875532005531049e-05
0.0164176928153849,3.766796865776538e-05
0.0006144980249022,8.583344535342541e-06
0.0096230379192097,1.0475669991171174e-05
0.0054548339212791,5.664932130825712e-06
0.0188763916120266,6.73700908907545e-05
0.0008460436641479,9.572754334769808e-06
0.0158030948703317,0.00010122787046291325
0.0175694365757974,4.09789827251712e-05
0.0179493456545836,0.00010469140928338947
0.0078720281037234,6.3009875620063645e-06
0.0158197710812799,0.00010597227496452231
0.0026160037206508,1.1489095508726603e-07
0.0117037098461001,2.1067645043392394e-05
0.0045481000824618,4.194210627125973e-06
0.0173408245642693,0.0001040406933214997
0.0053171538566764,2.4649735242878618e-08
0.0037610455151533,4.675987941878057e-10
0.004109097085766,1.4792861834538908e-07
0.0102395417609005,1.7192487363040015e-05
0.0044113644478615,1.8096374918521804e-07
0.0085854806079688,2.086787014773508e-05
0.0063566342435895,5.487490923738109e-06
0.0109761659791372,2.0838927842533476e-05
0.0048655036383275,1.8811541950595324e-07
0.0049488838804057,2.9288767211052364e-06
0.0086929441762812,1.1739462280947421e-05
0.0022206594259169,1.2299761166276142e-05
0.0171904132288834,0.00011941590200102343
0.001935111838468,4.245938341433978e-06
0.0117951646942138,2.598495920591406e-05
0.0152822733938701,2.30303124647304e-05
0.0007399255803913,9.816620237567429e-06
0.0196563175252641,4.009540347252513e-05
0.0005173380567158,1.2370930036719484e-05
0.0146025111590372,7.780156047647463e-05
0.0147997841533987,3.817037958063383e-05
0.0125137715092151,7.056609470675627e-05
0.0140748159982132,5.27286633318963e-05
0.0111275355124894,2.2213699522952996e-05
0.0012222950925564,3.383642222685583e-06
0.0091474717380637,3.052054701404648e-06
0.0045858890445488,6.478195180535951e-07
0.0177829958561001,4.7066787680673426e-05
0.0059278536700911,9.702657593067702e-07
0.0133766697028731,6.325498647478585e-05
0.0163711230299962,3.745636687943331e-05
8.860125146726849e-05,1.578848386277055e-05
0.0101238105431247,2.592912726722109e-05
0.011740494694256,2.8560599381991306e-05
0.0140824053648452,4.62340182954964e-05
0.0188516668847913,0.00010008935141169355
0.0099424072448258,2.6974989244787192e-06
0.0121615122582681,6.291738794484604e-05
0.0188513897348702,4.7540815947688554e-05
0.0165803362905728,5.968176838061153e-05
0.0033602893072915,4.6973050485900554e-06
0.0083147372553209,7.6280818505042665e-06
0.0047634780599016,2.682691658985885e-06
0.0091032318461739,1.0867187603246034e-05
0.0111938486425539,1.94082526209658e-05
0.0080738537338593,2.0272150848806192e-05
0.0190147890279108,8.609124905691805e-05
0.013141199634206,5.530481637364417e-05
0.0134755015150794,1.2702784520490761e-05
0.009316091924277,1.8101788143538282e-05
0.0069051850466803,1.9315132347621077e-06
0.0044258058672861,3.0786545970158677e-06
0.0022383692490254,3.689300995771592e-06
0.0073645190055388,6.4344130737717555e-06
0.0050502384676071,3.5217214373925556e-06
0.0175485714810714,6.269475922289958e-05
0.007651553949263,2.167883906389778e-07
0.0112428001076676,1.3342801963837691e-05
0.0196890844728908,0.00010612451106873398
0.0068550906951364,6.9615435809219796e-06
0.0091044658192259,1.7944673358696665e-05
0.0067653049844721,7.895989502119266e-06
0.003019987338733,2.0951686148902915e-06
0.0008252190209342,8.122263107459583e-06
0.0065106056423601,4.270615089038142e-06
0.0150879793430782,9.822851622196572e-05
0.016136549617414,0.00010861961622414337
0.0046782315484329,1.3527171426201572e-06
0.0022543747510242,4.333436843723443e-06
0.0095450510732075,2.1884061266710813e-05
0.0046800466144316,1.1260015740454646e-06
0.00064156744897,1.4965393914154475e-06
0.0161195115968002,0.0001259204508599693
0.0163463833388724,6.116950734845181e-05
0.010306899180052,2.6118501370815066e-05
0.003293195100262,5.373988172057638e-07
0.0197501549330313,9.474619551780907e-05
0.0031142678096074,5.917571954461404e-09
0.0091847513803778,1.0433339851311421e-05
0.012399192325963,2.2461337527268763e-05
0.0166619352624976,5.675412360919322e-05
0.005160489596292,5.267514582796911e-06
0.0190350490897699,9.421936616950913e-05
0.0048800530230354,1.1007224232749474e-05
0.0028865556527051,5.2534920761368304e-08
0.0003248200339829,7.298412254272981e-06
0.0062080855835668,1.443860175960439e-07
0.0125930971768956,6.5394071071154e-05
0.0001025463062219,4.915380621506298e-06
0.004803731644821,4.003398689922331e-08
0.0068300807827442,2.56260085128348e-06
0.0091943361815011,1.4579293240085165e-05
0.0095650835710055,1.2727078332123125e-05
0.0146280742939985,0.00010203925119780034
0.0168653882104527,3.7218028612942956e-05
0.0113270157011185,6.699516426321465e-06
0.0174745225887038,5.858999368895636e-05
0.0139087477294014,5.3434526323680884e-05
0.0072104453361989,7.156598369025072e-06
0.0058290869116181,4.48230109270633e-06
0.0139489272451071,2.700232681044282e-05
0.0129645407513122,1.8907543292932978e-05
0.0198431006956086,1.769443595059231e-07
0.0029196697434199,5.317587133307405e-07
0.005529227445946,9.302478411505984e-06
0.0121715132641755,1.1883772390322126e-05
0.0075511106863719,2.184523769148832e-06
0.0144262410196682,5.638767539781944e-05
0.0068167808991076,4.8163466211993776e-06
0.0022777201168334,1.3428684259971175e-06
0.0165378924004319,1.3584909750809405e-05
0.0149082431027114,1.7308797180929876e-07
0.0130516020444124,8.241203659122886e-06
0.0017949673241072,7.16108708452597e-07
0.0129728719560127,5.072397744984818e-05
0.0144777975563309,7.750991152907479e-05
0.0066046077095567,1.7302142153117856e-07
0.006417484861533,2.3663292195446946e-06
0.002371239027609,1.511975708829976e-09
0.0008629105317863,2.3874782832074537e-06
0.004498328104725,4.389476116281667e-07
0.0040368104672759,4.745716912165445e-07
0.013356458786925,5.1993647175659703e-05
0.0151235883345002,4.752992225044277e-05
0.0016120436481403,2.226389889357419e-06
0.0057711074021357,5.72616130047495e-06
0.0120942326591298,2.5061722480214407e-05
0.0067398847859211,7.112949799384119e-06
0.009349075579794,3.008610668126956e-06
0.0190532245892468,3.216075056021362e-05
0.0102919886466495,2.9581260962038915e-05
0.001474972021866,4.641451259276433e-06
0.0115719347647782,2.8789260701606433e-05
0.0080408385979043,2.5283248418913476e-07
0.0113684749839164,8.803288360292547e-06
0.0001834421901223,3.8117263365861037e-06
0.0033629826688953,2.748800081185824e-07
0.0197823143928986,0.00012412318168007503
0.0123531538460783,2.7567080296696682e-05
0.0197423270188343,0.00013370980759292323
0.0037543387652359,6.111404117026715e-08
0.0154693557778558,7.936798899452194e-05
0.0126575710748095,1.93467042670737e-05
0.0007176069368303,6.67737749570617e-06
0.0110990907468196,2.712701366436391e-05
0.0049162216923859,1.7400475549895015e-06
0.0152712783524506,9.144347384305605e-05
0.0110408348620781,2.522299775389957e-05
0.0117631360605347,4.575586598945516e-05
0.0088471151068067,2.4020198551517927e-06
0.0073958147953307,4.164944477029764e-08
0.006167108275284,1.2448452755871658e-05
0.0146324028355624,5.8534611857694385e-05
0.0033716367055635,7.75253227035221e-08
0.0187691745520487,1.8303862086972602e-06
0.0053438214426056,1.9961267927217925e-08
0.0127560073366868,5.588546849447728e-05
0.0148768769728476,4.860281070791657e-05
0.0014190158579736,4.9545485041024464e-06
0.0080824711435408,1.3500239066221874e-05
0.0106567722766573,1.2402702291773497e-05
0.016195811560486,6.662942588436257e-05
0.0049209091536432,3.0337787064975193e-06
0.0045210132420559,1.839205915218687e-08
0.0129955512852584,7.963143313638159e-05
0.0059159241187871,1.213180248133212e-06
0.0129326788643593,3.188868381601817e-05
0.0069665010568912,9.724777513925781e-06
0.0126416957768301,3.568841256152809e-05
0.0108074888263165,2.428939332588712e-05
0.0018922989742242,5.354033645647221e-07
0.0133505080824537,6.731494508814251e-05
0.0124397533793222,3.675878666283976e-05
0.0126268784057852,4.946155896865107e-05
0.0063444985235419,3.1923647816254226e-06
0.0165602764526976,7.47554198002573e-05
0.0116287294546393,4.339487292999988e-05
0.0035093132075938,2.240782101234969e-06
0.0140610449819764,4.250344629926253e-05
0.0097979860023358,2.1301369949656716e-05
0.0072939198782327,2.2952962672500334e-09
0.0139039478550161,4.972138472879319e-05
0.0070772743377738,6.815086728452411e-06
0.0097148195649622,1.3777342931270585e-05
0.0050376246465762,4.1456265966444295e-06
0.0063741914353236,1.2811058994977841e-05
0.0023817588144717,4.009950090851772e-06
0.0024039977533366,1.4297495199431544e-07
0.002844877554683,4.676532286997748e-07
0.0131206159910746,5.2172797936999605e-05
0.0131289970856176,3.4599938515131345e-05
0.0182074776247231,0.00011248421248208571
0.0198440249405822,0.00013375737514575206
0.0131150250667388,1.2667043061383412e-05
0.0019575220839843,2.6739965295427614e-07
0.0129269288659775,4.0264211188385945e-05
0.0093582089341138,1.4854571143206941e-05
0.0098142140567158,3.643842804492781e-05
0.0099020636018913,2.843881975199197e-05
0.0077709152036283,1.3374182459846988e-05
0.0183719671795952,3.7275138329824935e-05
0.0109741869511254,3.5543497960940835e-05
0.0103022411207574,1.7421905141252482e-05
0.011535300198442,1.945610424165755e-05
0.0131375221014943,5.016786792014609e-05
0.0149405125919746,4.155394705806639e-05
0.0013067225051175,2.5521597326569583e-06
0.0116195959140642,2.187323222493799e-05
0.0045623817264419,2.1082173143127475e-07
0.0157472498147746,2.5251617835640212e-05
0.0092629468909868,2.8053557650060742e-05
0.0194575460944806,1.0246008010608205e-06
0.0031746206467648,2.3576095015419993e-08
0.0197075811334211,8.256937411752085e-05
0.0096810313153807,1.145046434807205e-06
0.0116187943581802,4.082604423154694e-05
0.012851285113845,4.510347046636211e-05
0.0150420790963159,2.3335345913568933e-05
0.0090014678698455,8.884218690127295e-06
0.0008138738673967,5.505117778982076e-06
0.0144275179742013,1.9595825702678212e-05
0.0186122108866125,5.2747454146743034e-05
0.0064430954581802,5.299462946634703e-06
0.0034257266789609,2.155143094997884e-07
0.002791565935676,1.237781353945674e-06
0.0158133693069449,8.255598479289839e-05
0.0113260182198634,8.281953906152424e-06
0.0146835948466829,5.4729258895073e-05
0.0186258528116601,0.00013555649125881702
0.0078295195133096,1.2600497107648344e-05
0.0081788162652767,1.053209149659815e-05
0.011649939366071,3.262000581974302e-05
0.0137123430552242,3.5400055086226237e-05
0.001620523325942,4.501253441770203e-06
0.0109286921463966,2.9696266326317948e-05
0.0095047788007566,1.989256971245779e-07
0.0062509402605388,3.238038183199366e-07
0.0119130035148109,5.3874316073130035e-06
0.0022613651322055,1.243958328253534e-06
0.0063077766027903,1.2021591458784327e-05
0.0043306613438415,7.375482088317978e-07
0.001894720942748,1.2113462467925615e-06
0.0049998419581476,5.785343829791167e-07
0.0196097087784559,0.00016287348891439962
0.0172409534082749,7.713178589465016e-05
0.0163070188233423,9.327287323454099e-05
0.0180714601777115,5.592385836870093e-05
0.0116527191546396,3.0998386921612355e-05
0.0177228638259826,0.00010068155164433763
0.0164331207761503,6.323464602975733e-05
0.0008363616410453,7.049096624778594e-06
0.0126519704201193,1.8637480810116007e-05
0.0122376767975552,3.280712725019084e-05
0.0142959448728591,3.501765143834118e-05
0.00247396761048,1.3588020155332905e-06
0.0171627557678187,2.9821611456945248e-05
0.0054063105745616,3.2747617669674204e-06
0.0120275256967602,3.5435894921477e-05
0.0096741063251843,8.963785327063825e-06
0.0192843682834155,4.574199631670142e-05
0.0156974417007223,3.270510954649265e-05
0.0051908212349205,5.516941566449042e-06
0.0124977877455933,4.814895059123879e-05
0.0125410079735892,1.5794473055115484e-05
0.0021323100420074,1.9112437814433484e-07
0.0010649506788292,6.4048560457700495e-06
0.0130104501142255,3.57900329575834e-05
0.008901997009229,2.5567770519955888e-05
0.0121071778674087,3.760569248680062e-06
0.0175132352734835,9.013365415765028e-05
0.0079571597808183,1.4146317246771848e-05
0.0012755657695831,1.8060235209153611e-06
0.0113529742750611,2.654824240851009e-05
0.0004547318812252,1.7718671738915013e-06
0.0169278814442768,1.9557452531804743e-05
0.0117317709399299,4.235192250387285e-05
0.0178206746965338,7.881155582836984e-05
0.0143001814783431,5.517517259126857e-05
0.0132412298281503,3.891121798604508e-05
0.0153638266580925,2.3219847539938926e-05
0.0180721402714288,0.00010220856007700263
0.0014484679211235,4.80457241939059e-06
0.0134055671358653,2.410935984291455e-05
0.010326107453474,2.226041621781939e-05
0.0023234964580636,2.178364979387471e-06
0.0059505431280176,1.2327195270368807e-06
0.0181411553960635,9.965637772627317e-05
0.0049095439925247,2.9399630966386965e-10
0.015556475419303,3.2649279909071675e-05
0.0011951561641495,2.0634358197099703e-06
0.0050879900312024,2.4015869874894515e-07
0.0176128671611266,9.132717945388379e-05
0.017533772886927,3.8410383742270795e-05
0.0007551398660994,6.917241671336047e-06
0.0096905178021974,2.2343164309024928e-07
0.0032417135203285,1.6864645027232835e-07
0.011990067507046,1.2656995153071419e-05
0.0197694148479379,0.00015937068485577356
0.0047039482157451,2.640507631675681e-06
0.0195465173490673,7.191854304661181e-05
0.0171774285107418,5.864820960043176e-05
0.0024120314758768,8.944242272922593e-08
0.0154025738063727,1.803270717886123e-05
0.0053478328051271,5.207551503691772e-07
0.0159501114896052,1.1727180652081208e-05
0.0196149542936846,5.368406978512515e-06
0.0011299216775702,4.259646060155673e-06
0.00907492112996,9.108301749742204e-06
0.0158425354935128,3.305970972356392e-05
0.0198749861975525,4.420443974485884e-05
0.0177263602941024,0.00010964317303200842
0.0010710129430125,1.4043404611710465e-05
0.0118662507490714,4.901292795908172e-05
0.0125092991541133,3.1568125718338903e-05
0.0054982801565948,5.636434387432486e-06
0.0038153681288917,4.86956633436323e-06
0.0177587471369309,4.8025761007723114e-05
0.006289419485149,4.725103873362616e-06
0.0157589617554656,5.379932941671966e-05
0.0195289208803862,1.4200237985303947e-05
0.0190533814643094,1.267457172585884e-05
0.01973532630521,7.704353189667017e-05
0.0065115815052092,1.317450263843186e-06
0.0095144990373361,1.608373275357952e-05
0.0186187486215604,7.921772319935289e-05
0.0013812249494154,5.479212276805483e-06
0.004723175195014,2.0009731227265603e-07
0.0162779420327852,2.740540193085695e-06
0.0120478269194161,5.0596359654748117e-05
0.0006334103959627,1.4806560907627591e-05
0.0194960511727319,3.327368870084205e-05
0.0149464856651512,4.394702710325177e-05
0.0034061588087375,2.115073783259204e-08
0.0150391369602066,4.037458003018639e-05
0.0157527872387847,3.5854152686643574e-05
0.0045029875561931,1.7645615443542018e-08
0.017917246976029,5.017668788176883e-05
0.0009903154153494,1.5303436166790333e-06
0.0013336669246416,7.88164769901462e-06
0.0003572774474079,8.752488466381438e-06
0.0019424802756155,1.4333286937300793e-07
0.0127494937109328,2.44199171273126e-05
0.0119135573535278,3.6876500190176805e-06
0.0130016553922606,1.0932855009331523e-05
0.014156142998542,5.544223894044016e-05
0.0113637031235456,4.7998222327619744e-05
0.0023266144091748,2.1257045730546702e-07
0.0047927853861331,3.1330321867989977e-06
0.0154016147260093,9.561509098272495e-05
0.0162424765086773,1.4345856051388155e-05
0.013907967733671,5.0737893617667066e-05
0.0017025878146718,5.224897363689096e-06
0.0037661016309448,6.189366624483749e-07
0.0179640812247199,5.7089323638659805e-05
0.0164756834767866,8.88329464893253e-05
0.0167623696102259,2.0986610750409267e-05
0.0194731933360845,5.855794575306666e-05
0.0081304807639743,1.5088046074981692e-05
0.0189449501917937,4.0012839417156494e-05
0.0014784677236042,1.9162428182813323e-06
0.0052631270132732,3.3806216457282225e-06
0.019176760926827,0.00011771832603842151
0.0169584075792807,7.458078706080652e-05
0.014400501968649,6.621335361292179e-05
0.0143645015217514,5.4276360376199355e-05
0.0035947401648801,1.5838979667134826e-08
0.0096537434925735,2.3103648184351357e-06
0.0169339114650297,4.718404887736817e-05
0.0152803004797206,4.372679312526525e-05
0.0070546495909545,9.25561801078343e-06
0.0156829628338596,8.444600524225681e-05
0.0199046208044001,0.00013447241406640975
0.0010996890376637,8.70003578856866e-06
0.0165208843826853,3.4156980686536764e-06
0.0119338762870732,3.476915626090603e-05
0.0180238067883743,0.00014338826449577973
0.0113030074371515,2.7876949307555744e-05
0.0026384362837817,8.524997199305802e-07
0.0079010216072929,9.051817984390748e-06
0.0034172829233707,3.7013172025216815e-07
0.0051592063103471,3.575895013558962e-07
0.0016762083360671,4.6053141993383026e-06
0.0119261885360648,3.6733025534354994e-05
0.0078574209640088,1.585121090800754e-05
0.0086189339430643,1.84652874077481e-05
0.0144930082659085,5.6510075370799994e-05
0.0095589639288452,3.32244045017731e-05
0.0186300999573093,5.91118507153127e-05
0.0192404852995719,5.017756306757244e-05
0.0009685062553387,1.6005676624200008e-06
0.0063323841573073,8.780447674472803e-06
0.006301445265093,5.114581066628303e-06
0.0185761533158048,2.324825913404419e-05
0.0052014047798316,1.0181906763193932e-06
0.0098350373411977,1.0955859530297225e-05
0.0039929449883145,2.6762029840618615e-06
0.0006985071173854,3.618859610134427e-05
0.013589749289092,2.552499535518124e-05
0.01973408730138,2.7452437442858904e-06
0.0053381450916961,1.1439104667909463e-06
0.0023765683492899,9.978949938271967e-08
0.009984464057165,1.9841302410497843e-05
0.0167956208581974,8.155075503188771e-05
0.0181784865072278,7.221086353561677e-05
0.0065366029346483,1.439511780297625e-05
0.0033985531615349,5.079425040703566e-08
0.0161368925315382,4.069806129654936e-05
0.0049025377096779,2.0048021508514634e-08
0.0168415397385638,5.479330756015335e-05
0.0073753603637703,1.7204670758054705e-06
0.0009439215760922,3.336876221829319e-06
0.0024298893147374,1.1379431995269146e-05
0.0084535590489581,1.9593912379674663e-05
0.0015765684597382,8.091322711222261e-06
0.0183260422151314,9.151627997826652e-05
0.0131068797839688,5.597959484091637e-05
0.007564367336057,8.103924813908053e-06
0.0192791169893649,0.00012907444517600225
0.007299080722267,6.102701057697404e-06
0.0163867920925228,2.97319676294364e-05
0.0105300565272633,2.934435457023289e-05
0.01677676706131,4.3843287632485646e-05
0.0046308922676583,8.274986366013278e-07
0.0174294514262009,8.758698025874773e-05
0.013493270707198,2.784572147531504e-05
0.013939498705221,7.056173904353328e-06
0.0197490870067805,1.0960672781777225e-07
0.0107442683011488,9.98246938263032e-06
0.0020179948698849,1.2686520579396874e-06
0.0022435911975389,2.620400420280845e-07
0.0189933641946883,0.00010892675235791634
0.0165859800562354,6.224915324237271e-05
0.0163213326657743,5.862774300936001e-05
0.0099562006829534,3.413821772504651e-05
0.0027946183958518,1.3727969779869422e-06
0.0163849806654963,5.9606483701497684e-05
0.0078461744908012,2.0569395210214177e-05
0.0010021619515887,4.087207636025844e-06
0.0193817871908903,0.00015450877018919528
0.0108996386971591,1.9753285526128113e-05
0.0011977234913184,8.255838498028333e-06
0.0191564109004922,0.00017471023438589048
0.005414194607049,1.1593971772779658e-06
0.0111269800041503,3.562544617709222e-05
0.0057281157241228,6.941689936093655e-06
0.0185930300773392,4.2505546445982824e-05
0.0189035905474276,2.575243036750385e-05
0.0031357826498486,3.692221673825793e-06
0.0006182062128287,8.461916166704835e-06
0.0096317911771867,2.7701446378513154e-05
0.0077603037538104,3.524560146960908e-06
0.0052908716651551,4.101528404438131e-06
0.0025285502526482,7.524450164207498e-06
0.0044041508431718,1.0970199798038199e-06
0.0051047987535748,4.911295227919787e-07
0.0121568228126849,3.366224799297566e-05
0.0070730025767071,6.99066116840586e-06
0.0156121871854662,5.899058476695351e-05
0.016159827235594,0.00011548455717690842
0.0097277826848547,2.4768276954528542e-05
0.0142033672331404,3.725999101229409e-05
0.0124332452938792,1.8311086096652978e-05
0.0099544410059403,1.155396823717305e-05
0.0174645811574681,1.4948450063565939e-05
0.0058859110893501,9.39740124410131e-07
0.0072400162691413,1.0880150591477282e-05
0.0015550853032354,3.5420633703746967e-06
0.000499323412205,3.979195004485857e-06
0.0133844170710765,5.23643603434905e-05
0.0026952582329585,4.3496607885930703e-07
0.0014239581637547,2.9120099939055955e-06
0.0036314861144164,1.9933870853088164e-08
0.0024325466321862,7.07663392204536e-08
0.0128203939139295,1.6204840949398685e-05
0.019062994970696,8.864060667213827e-05
0.0102605232455538,1.327672181205479e-05
0.015902635858101,0.00011536151462291393
0.0068851174746697,1.2662682408909018e-05
0.0115917941236942,3.324938529952336e-05
0.0006581048355951,4.2925636396302875e-06
0.0136463973470786,5.8059650710658e-05
0.0052506254867726,3.5060988537307033e-06
0.0047883004523546,1.9100329861278236e-06
0.0185063132854235,0.00012940850443806734
0.0175766977162425,8.007936512451948e-05
0.00340203594325,9.862296220254999e-08
0.0149356638167136,5.012489393352611e-05
0.0159352532069655,5.0047236621341326e-05
0.008071773651675,4.798600337074603e-06
0.0030409399685807,6.094726109200881e-07
0.0032691195129379,7.995238183748774e-08
0.0191497124095561,4.9541403949038294e-05
0.0052201505584524,3.5916399929953597e-06
0.0028861681104836,1.062491072020465e-06
0.0049894195492049,6.222082267283136e-07
0.0152284361385037,8.770205827106028e-05
0.014134250737495,3.5242439497627086e-05
0.0147579513870995,5.522849724709567e-05
0.0116830227665853,2.7210438604231207e-05
0.0156185637293344,9.38291830935038e-05
0.0021208493609705,3.8697950324673384e-08
0.0050756147183239,3.066762187255166e-06
0.0003880231373094,8.777088713639386e-06
5.3781438982920536e-05,4.088271779102848e-06
0.0180041229767074,9.277654703384625e-05
0.0196047996548769,5.502023692584747e-05
0.019097093829156,3.2418660215248615e-05
0.0048578069581214,8.728530021079779e-07
0.0182152775643277,0.00010485865054789464
0.0006131059097178,1.0448621815938528e-05
0.0120595457217705,3.0296411125568786e-05
0.0078439071677971,9.139228106257693e-06
0.0133876193432482,4.423356418425115e-05
0.0043176306827094,3.300239420236065e-06
0.0034217692292193,3.840969504252457e-06
0.0100952256805192,3.046984650654775e-05
0.0173052014486495,0.00010687592104558505
0.0131733736790783,1.938680291786388e-05
0.0069052054009581,2.8130736799621973e-08
0.0080059485189095,6.645653484402079e-06
0.0122235458060593,1.7917171209559992e-05
0.0103538551310224,2.0460536945216714e-05
0.0095894785126813,1.159679509620853e-05
0.0011744340535471,4.1921576744039355e-06
0.0127805505524604,5.438948084956558e-05
0.0163927965978944,3.180469874460812e-05
0.0120486008694067,4.8716795370841786e-05
0.0090127539530915,7.518818285215975e-06
0.0168209934274576,8.24377476694397e-05
0.0152802311131795,3.1918679090953353e-05
0.0047425396796422,8.100855641006671e-06
0.0175417648105233,1.1274071871757329e-05
0.0130058245009476,6.34579031209425e-05
0.0073992717796965,5.895362965370841e-07
0.0122303401546899,1.5529346530395358e-05
0.014344938429255,7.923457182149132e-05
0.0187257219784826,4.8314063458198994e-05
0.0108706877474557,2.8083696308120404e-05
0.0083119077759182,4.721637583352306e-06
0.0118640303372793,2.0093827786166215e-05
0.0064957951640602,2.6133892820827023e-06
0.0148073092547435,3.8594706877963665e-05
0.0055457093750571,3.1584783392710296e-06
0.0124924121477597,5.927518326492861e-05
0.006701026504809,6.728177119361471e-06
0.0129151811899706,2.6945375502590073e-06
0.0160660760610425,2.7640788941098577e-05
0.0017023211203427,4.128543252253871e-06
0.0149340435911101,4.785303209256065e-05
0.0008891121361924,7.216114879749455e-06
0.0076971209215087,5.460289358282823e-06
0.0180875362842428,3.3259385781302284e-05
0.0097944164944074,1.4571931926434788e-05
0.0026638173756034,3.120184800255563e-06
0.0133719444795487,3.731717006155685e-05
0.0084934094974354,1.9289426061915686e-05
0.0190457883329521,0.00018834562512268119
0.0158333306142763,2.3923985798748846e-05
0.0065712723331019,2.315763653210561e-06
0.0108537685996338,1.4366639955662985e-05
0.0155721671383333,4.8429181944467054e-05
0.0037087625924892,3.7166229082504594e-06
0.0062089397244965,5.143639890141548e-07
0.0133124097006247,6.334146929551287e-05
0.0149532429777867,4.3320869142849426e-05
0.0061846083662007,8.33205237957866e-06
0.0098494443641074,1.2977462301355996e-05
0.0026835011572085,2.720478295717484e-06
0.0097860238424323,1.026304868102845e-05
0.004805694595398,1.7455608801236478e-06
0.0091119831792847,9.399984835937244e-06
0.0005058093361959,5.8629689503144845e-06
0.0188851951847151,0.00013855521130460427
0.0082273434050135,2.8282261490312193e-08
0.0114309553294655,1.4719567045907543e-05
0.0058943122833298,4.89759866516513e-06
0.0120863327495819,2.426904303626174e-05
0.0109902675856805,3.1691148253413654e-05
0.0029203309069957,1.0311055409596484e-07
0.0090802129178387,1.104936951691281e-05
0.0198285699649165,0.0001161354034544595
0.003610233893553,2.3547922756412626e-07
0.0136457457257779,4.003808732526858e-05
0.0151037579078163,3.4829166352610765e-05
0.0056809606795534,1.837798230979011e-06
0.0168229307745003,5.173404148118887e-07
0.0115419260747083,3.8762550198165605e-05
0.0194423118480932,6.748733599111279e-06
0.0001781325840941,7.817041595609459e-06
0.0006362428096992,9.60292115680592e-06
0.0197013116060519,3.2533946045771136e-06
0.015008846344551,7.943189333990599e-05
0.0099799064031679,3.0063682030770355e-05
0.0119922249934115,1.5517911111983345e-05
0.0183072424357687,8.332920015750365e-05
0.0101105624914313,3.340695271413723e-05
0.0024145392239866,2.211978317646029e-07
0.0125500996425447,9.244090150428404e-06
0.0187082262456383,5.3020918785327575e-05
0.0133628643455984,9.874034088340783e-06
0.0051104042698205,5.183224720036787e-07
0.0118630431543644,6.382179621415114e-06
0.0052579444028399,3.661881745255379e-06
0.0135784320629277,5.915789964522472e-05
0.0178650048382782,8.717110771250391e-05
0.0058480960959092,2.4844827915180365e-06
0.0001826241227182,2.666991214616244e-05
0.0140019354691583,3.0799094934327836e-05
0.0025233355721694,6.823085431181465e-09
0.0152567752552321,0.00011808210064764025
0.0087169009480895,1.1982142148730707e-05
0.016507475011012,7.157655592129943e-05
0.0117521125028076,4.145692643912631e-05
0.016038856578075,1.7648461364960204e-05
0.0021584649274318,3.7492058915032e-06
0.0071031154037247,8.989924478166948e-07
0.0180306163129348,0.00010137651689061115
0.0047267664455776,5.407745425253913e-06
0.0122460871390389,2.881927407616791e-06
0.007272617883567,2.0781804271245402e-06
0.0086623706069774,1.3546500715878718e-05
0.0138202153860197,4.3162996991561416e-05
0.0139156282820545,8.503975287045211e-05
0.0066907061586275,9.042037069059704e-06
0.015185280025382,5.658099921080174e-05
0.0130738268727308,6.095610985176446e-05
0.0198838302369499,0.00011419254693030471
0.013583135704424,1.7643428613929627e-05
0.0007375982316013,8.949915122439739e-06
0.0031212880169542,2.8672635247830386e-07
0.006115494546187,4.8648800682084225e-06
0.001744440683281,1.4899855617200711e-06
0.0058472470862815,6.494102079349188e-06
0.0174858997799321,9.234383029263465e-05
0.0160954997592263,9.929973070369055e-05
0.0077213531814725,1.4312385766250318e-05
0.0003965454923746,6.250410765260618e-06
0.0099366082262675,5.325904129133258e-06
2.8486807316374654e-07,1.6855559000600034e-05
0.004400928828244,5.214062600337781e-06
0.0170946841204697,1.7913431966018874e-07
0.0089263559833736,8.72580248566437e-07
0.0190614095083486,4.575719481170368e-07
0.0191129896417277,1.7001646645170497e-05
0.0003673237280415,2.054622863857311e-06
0.0163019171726464,9.341032666217023e-05
0.0069393721081883,2.4467350533013152e-06
0.0094894511012414,3.220713324997158e-05
0.0039401039909866,3.6631990440566227e-07
0.007764222886921,2.3813439681727488e-06
0.0152216625353797,3.3504534357146994e-05
0.0087993168680392,2.61286220009829e-05
0.0174357829806268,9.644051612635263e-05
0.0148061859085544,8.888370075803557e-05
0.0064614841409745,1.153442088699404e-06
0.0127836925868691,5.373555111996515e-06
0.0124687118310998,4.270177080937747e-05
0.0071065842365923,2.872251002066907e-06
0.0046388577134099,3.5929499507821857e-07
0.0055654383201139,7.69867947629844e-06
0.0107193692930353,2.5621039259493095e-05
0.0162559751311302,4.962576544711744e-06
0.01893542032224,1.1638135342893445e-05
0.0195359354410859,0.0001479859711647779
0.0118115892403772,5.603373437995392e-05
0.0176714554831894,3.7188593599338246e-05
0.0156530505702218,4.7535993192277015e-05
0.0016242653469568,4.5619709663150194e-07
0.0166134566394446,5.0055701831420096e-05
0.0147681069239655,5.496786804844322e-05
0.0043000331370766,3.511027614423811e-07
0.0082860048998128,2.267043909166453e-10
0.0024513175746422,9.388520493667216e-09
0.0158914573994777,5.145719795585853e-05
0.0069388876494958,6.1714506562790184e-06
0.005884719553454,2.282362879208722e-06
0.0152927519892909,4.64333454746225e-05
0.0156027657711373,6.756543560832961e-05
0.0003147696589579,5.410668834432173e-06
0.0028441546790141,2.0348902200304996e-07
0.007600656315526,5.954472758830849e-06
0.0001478997398841,1.1020472276467221e-05
0.0048017092484775,6.198869105825759e-07
0.003070117662646,3.1075476439729814e-08
0.0105324472969127,8.307441831353336e-06
0.0014511336608368,1.4592375004279234e-06
0.005307839603938,2.1176762281020283e-06
0.0137187689714771,5.975052746526921e-05
0.0137745963896113,2.901844498308888e-05
0.0115502948408463,1.032469776188012e-06
0.0146835602460878,2.928059159842076e-05
0.0012395364598276,1.735279304611585e-06
0.0154046394198289,5.4888926454504795e-05
0.0028984438340592,7.403721644833884e-07
0.0054410962375681,2.9535209335312466e-09
0.0112282796204932,3.980168625367341e-05
0.0023735535143497,2.7194868180202032e-06
0.0063846501111469,9.313998013800332e-06
0.016862493588827,4.9595505348651226e-05
0.0026495946470926,1.5257581752863942e-06
0.0038313331886609,3.320314282380804e-06
0.0018788254824752,9.819473662172626e-07
0.0073474547941331,2.3658223226623817e-07
0.0068124441522985,4.507509886084123e-06
0.0091083729640645,8.993670139564803e-06
0.0155797412939825,1.1848168470018752e-05
0.0162621137505418,5.359950631807973e-05
0.003027580592387,1.332847613123909e-07
0.0099028472602663,1.5733785975331348e-05
0.0058426393114706,1.9945836960497154e-06
0.0179520331153719,9.79464971999339e-05
0.0187944348139158,8.907553430372649e-05
0.0183485691334587,1.759860275544488e-07
2.8985983199505407e-05,2.8136203946212816e-05
0.0113847931386675,2.3533068094202755e-05
0.0188215655461451,5.724787191438326e-05
0.0173278796477248,1.089485079974724e-05
0.0048327479509361,1.0687791271242344e-06
0.0076037312794387,1.7408169131254568e-05
0.0166284011455685,6.687668531544056e-05
0.0138184646760012,4.935330293096423e-05
0.014317615943993,1.4306119888650719e-05
0.0109757622363938,1.1265023384059672e-05
0.0183529319751821,7.869478862249764e-05
0.0158662427468798,4.14547702708162e-05
0.0103881173811602,3.470678907914925e-05
0.0062056979857732,4.11376660498049e-07
0.0191387862341817,2.4419684512631038e-06
0.0135169288777267,3.366738976342091e-05
0.0050417056032982,6.0996894473133875e-06
0.0008471130179599,8.400772607448924e-06
0.0002827482460806,3.3453413526204354e-05
0.0181098585153755,2.3531486521275512e-05
0.0175744222120119,5.3550091094969594e-05
0.0078823950424351,1.4028290467584267e-05
0.006439634562726,3.342847290027264e-06
0.0190199597925037,0.00013037847987714405
0.0131240433396154,3.6468456432624786e-05
0.009738026448211,9.487699249246642e-06
0.0147456816136787,5.1829317837483574e-05
0.002637295496421,1.7173440007738506e-09
0.0062783760076613,2.656410398265184e-06
0.0144447957938198,4.408268251799871e-05
0.0116643432992675,2.2060504589257996e-05
0.0039122861733186,3.2350458412286156e-08
0.0045099527337258,1.0933312432425508e-09
0.0045746775927034,4.932199978250624e-07
0.0101860378126573,2.9109523953873295e-05
0.012541578262958,4.254944640356344e-05
0.0159353345571319,8.285683718698466e-06
0.0026225896942649,4.300997442103934e-07
0.0019233528221946,1.3565161263998154e-05
0.002803013684537,2.7284143864523115e-10
0.0134722662705699,2.2099947782783194e-05
0.0180249195436469,2.3812317476355516e-05
0.0108762295694467,8.654526307276163e-06
0.0028712153446285,7.69491674933263e-06
0.0114693096463733,5.413680101769302e-05
0.0001805081539845,7.159049516882831e-06
0.0112270540514203,2.1739338231282683e-05
0.0048275761443999,2.1291450934070663e-06
0.00982696250299,8.429191474211017e-06
0.0121549362770506,2.9374317960094808e-05
0.0070942922748032,1.7676094523412405e-11
0.0189803276696515,0.00010720565941208214
0.00367794181375,4.0193738095969705e-08
0.0088934137302151,2.107413351919481e-06
0.0096080128374379,1.2565370739366882e-05
0.0162607146581983,9.506554436553244e-05
0.0059378842817566,3.893758364086797e-06
0.0038469507300233,2.5018974109413125e-07
0.0126960059510233,2.5114291545109557e-05
0.0029397036023854,4.936797429265684e-07
0.0090021588451306,1.1333711706276263e-05
0.0036780451618734,3.360303212442078e-06
0.0120584283438753,6.242807760190661e-05
0.0086975727182256,2.0033189469447414e-05
0.0025778560537311,4.80234745817148e-06
0.0103941440109689,3.8439374935666245e-06
0.0135872738796024,1.3860378303660727e-05
4.994587529742578e-05,5.969409413332599e-06
0.0121819519427478,2.2970529978378747e-05
0.0109994367261178,6.605324927559656e-06
0.0141897522126024,6.837088993869671e-05
0.0105350910851085,2.1227695691046283e-05
0.0108492094032758,4.43878575130817e-05
0.0007087042320334,6.197065891958041e-06
0.0021559895599124,5.267541781432478e-08
0.0187913325711388,8.310770883266153e-05
0.0151737003590197,4.666597484630221e-05
0.0054582439007095,6.799725082017589e-06
0.0026685734945275,1.542834188876115e-07
0.0032061807326189,1.4904381884389463e-07
0.0149214023538066,0.00011721557102584447
0.0036777987016589,2.0575331689221835e-07
0.0198545349125756,0.0001240860219145501
0.0127151616429619,6.110671231512306e-05
0.0077757545233378,9.94112636063771e-06
0.007229339527835,6.297025155690052e-06
0.0137842714101113,5.641979227600944e-05
0.0146654166949039,4.075830358561024e-05
0.016928905260505,1.7915525339591345e-05
0.0114550373340694,1.5051183434572208e-05
0.0082209768956024,3.816875732492295e-06
0.0007711907260774,7.68884688513363e-06
0.0197256590166829,6.887305620458255e-05
0.01136094648996,4.752668732604883e-05
0.0154668709991837,7.286125401381261e-05
0.0032115560224424,1.1734691974042978e-06
0.0116263128928491,2.3593980783121604e-05
0.0018349577969322,1.3708885307127606e-06
0.0172563619401528,7.667531793355621e-05
0.0093374304461536,9.083961567032581e-06
0.0011865835691467,4.9668512581361705e-06
0.0115297105591189,3.0283026307033518e-05
0.0119178003036194,2.8023654520528904e-05
0.0020075994910754,5.217976681115501e-07
0.0093727019481042,7.262707189783705e-07
0.0178926358883942,0.00013288332321602836
0.0071199352328164,1.1462654220117317e-05
0.0133195748772413,6.203164032444328e-05
0.0035660687768128,1.2688168585645712e-06
0.0013544690484306,1.506444960395653e-06
0.0005794429903883,7.941573402056663e-06
0.0039947107283422,4.111034984658091e-09
0.0022131191055829,3.7398217375729157e-07
0.0132652342516589,5.827852103539106e-05
0.0039026999179661,3.787247941537707e-07
0.0102570648424237,2.598228987029961e-05
0.012057778575416,2.668624157535519e-05
0.0156949117748999,2.2455514376413134e-05
0.0173763565737522,4.792800836188693e-05
0.018279148430568,6.314648884678129e-05
0.0017008253232359,3.558776884089567e-06
0.0054041765261138,3.7695573537753313e-06
0.0004860237260776,8.136172844486961e-06
0.0020802226653722,1.3231669517487487e-06
0.0009587533299922,8.895819456821272e-07
0.0103522968529319,1.6973772959666645e-05
0.0011340862877408,6.117597420951603e-06
0.0116106438551928,2.193102064800927e-05
0.0095596454938135,1.1513783689865469e-05
0.0071116016514749,1.055464208230738e-05
0.005627858511732,6.917845163296999e-07
0.014705076722774,4.634431883194688e-05
0.0003544557062284,7.050813049099892e-06
0.0130039548494887,2.177156337457161e-05
0.0065350354789356,1.207156745926171e-05
0.0001376216494561,7.17590348171765e-06
0.0103513721113977,1.8868500836502502e-05
0.0139514670447192,4.3025930586501326e-05
0.0112997293581148,3.4410196073706964e-05
0.0182017387204046,5.036596030178915e-05
0.00933944308436,1.577099620632012e-05
2.3019561484001195e-05,1.0482742181105775e-05
0.0066392526375265,7.578352625006211e-06
0.0013436988076038,2.714116583782634e-06
0.004283775655677,2.902141945840688e-06
0.0147905171358831,3.747407661126281e-05
0.0182513870263403,5.063264173988572e-05
0.0171147090195071,2.809810761191299e-05
0.0058233198131041,1.3521328318746417e-08
0.0181753520150014,0.00010565311991461686
0.004287586318523,3.9196971126289e-07
0.0038493954811577,3.5117549939639064e-07
0.0052795307441594,1.384492536403327e-06
0.0040005169064965,1.6656743571230722e-10
0.0061277625045618,2.1568533790755626e-06
0.0056621790960987,6.1568816594501915e-09
0.0108674825751921,3.3652200381194893e-06
0.0170961154697213,0.00011060495678702956
0.0164657877685672,0.00010645478866786692
0.0141441436721001,5.9304975533318283e-05
0.0147511814638555,6.583969123695392e-05
0.0096237906012715,4.414100824044626e-06
0.0079312623453077,1.0673770095654733e-05
0.0175558477649783,3.7437008626131203e-06
0.0093885043124435,2.195157510415421e-05
0.007382780523587,1.488984347898089e-05
0.0098072783853545,1.6972989277514118e-05
0.0182246759571796,2.4856324056210818e-05
0.0167879542234849,0.00010992507098052554
0.0158916490155024,6.175637467069227e-05
0.0046939930767089,1.6459337921071515e-06
0.0165449451490933,5.7540318565305504e-05
0.0133623085601954,4.8225536581253313e-05
0.012026647619823,2.6006539921135895e-05
0.0103132618607535,7.216674814548057e-08
0.0089127615139451,5.518314067116806e-06
0.0017114290644199,3.8350090460244436e-08
0.0127270054932265,3.064690781772784e-05
0.0146395474081393,4.921904448429635e-05
0.0060312443975276,9.54419308034999e-06
0.0091774255906546,1.0774525955851915e-05
0.0113586069313006,1.4713304025023247e-05
0.0013314297213837,2.465975719929157e-06
0.0020713965630495,1.3355073067952898e-06
0.0014013193840477,9.767907272743746e-06
0.0166488887348472,0.00013333145214929117
0.0141826514475711,6.729978805760738e-05
0.0032383553175866,3.147991575357845e-07
0.0054481434514134,6.400335693801676e-07
0.017969657974899,4.6368432584599544e-05
0.0176609550816186,5.1102366381523576e-05
0.003980893602988,6.026251599188437e-06
0.0080821659951961,1.0292805021787093e-05
0.0064942983674669,1.9013514743299454e-08
0.0192124507341508,0.00012540089722112884
0.019401924723542,4.848732409110036e-06
0.0013441515752757,1.2870790684542031e-05
0.0198731946372989,3.0683970086834996e-05
0.0104875163681283,2.6534286428620084e-05
0.0004746470546187,4.9276381694175355e-06
0.0043969391945376,7.022147847966302e-06
0.0012865918680876,2.315206876132465e-06
0.0155317553872247,7.20829192214799e-05
0.0033798672825538,1.7800351067199833e-07
0.0073364382342107,3.6671161309752016e-06
0.0111157369133747,2.1945282399660426e-05
0.0134329700620519,3.2769054752249234e-05
0.0099193641801332,4.6953834523385016e-05
0.0161831531216516,5.423364748414145e-05
0.0183721508826475,7.076648501371633e-05
0.0176168658688717,0.0001182543092131369
0.0160763394068999,4.3330954634655275e-05
0.0052702800959807,1.3389526096034374e-06
0.0133060923393254,5.3640419949764316e-05
0.0198320466838098,3.129481906203081e-06
0.0043114683093887,7.333317904613954e-07
0.0107856618486562,3.9500403924834116e-05
0.0110031385619739,1.9269830634368024e-05
0.0175094134006735,5.3537896901757046e-05
0.0178865747553631,8.042049263659031e-05
0.01256601933068,4.191503892373688e-05
0.0186773531948741,8.826056260794931e-05
0.0081972227931255,1.9657875959575266e-05
0.0010017163292601,4.882891282340482e-06
0.0089181947816684,8.535434299094761e-06
0.0157973034769473,5.0304343127261e-05
0.008419214327193,8.600398266784136e-06
0.0088764791339756,2.0786972741778e-05
0.0037847645254204,2.0866660811833216e-06
0.0067181911543404,7.493172425460881e-06
0.0194416496223943,3.1066334371484524e-05
0.011015746666792,1.800196516698156e-05
0.0035163822019313,8.883930992989848e-07
0.0093188794160912,8.682193182700493e-06
0.001842433700775,8.098852180001307e-08
0.0054923816079132,6.453006681741534e-08
0.0178959664186662,5.7899915249387274e-05
0.013617573125079,7.290729819376123e-05
0.0079631461953646,1.1764798827748327e-05
0.0179359157134355,7.4879112959995e-05
0.0154492323572314,6.0373145431702054e-05
0.0108175032668388,1.14763220620977e-05
0.0035502493948944,2.6932464520203566e-08
0.0001511296985287,6.566586661401046e-06
0.014872298204794,4.83126616857103e-05
0.0079637152790407,1.2576895844358988e-06
0.012583753726167,3.976105216002741e-05
0.0037954657875978,1.1895253269869163e-07
0.0016647552664559,5.445942039883567e-06
0.0029326805514116,4.863218251059397e-06
0.0094262422333857,2.0340701885624206e-06
0.0117136784533543,1.1201109711167929e-05
0.0032855487938159,1.0186361494545018e-06
0.0179475669022657,9.801761897686605e-05
0.0198931703216181,2.0215337054404686e-05
0.0075961469780122,1.3101243281079335e-05
0.0070458899425149,3.4894786092108393e-07
0.0114729509487351,3.695856912756279e-05
0.0046598150361362,7.580362508923023e-07
0.0130683254860626,2.843946317099391e-06
0.0019122915245389,1.3416186059884811e-07
0.0157888126809791,6.6274515471154855e-06
0.0013141395929119,1.3538774430942465e-06
0.0116874890561689,5.9597068970377504e-05
0.0171700832948994,6.0860520925520266e-05
0.015488403210392,4.616274331373936e-05
0.0031362312065396,4.53858826940117e-07
0.0169647320027351,0.00010434172617369947
0.0192214927669718,9.58807791866103e-05
0.0177672008406881,6.662593492651283e-05
0.0196459240266204,0.00012992463702553165
0.0121407240880298,5.712284341794716e-05
0.0070181690552749,1.5797994034876057e-05
0.0056760004557032,7.648080745892805e-06
0.0143484748386833,5.671201747183414e-05
0.005470655063761,4.53904040731357e-07
0.001509464439786,1.1376725194272052e-05
0.0102401703702532,4.38649754107998e-05
0.0167538294254404,6.652898113265071e-05
0.0037532436680922,6.0678081782626035e-06
0.0078695942387294,7.304000540495531e-06
0.001965181998383,7.202197017864981e-07
0.0135070062113643,3.837857174210404e-06
0.0016845211368284,1.0552428749037312e-06
0.0023454172538945,1.1868082011333497e-06
0.0144503700832248,3.151400676710386e-05
0.0076282688914002,1.6381754917942378e-07
0.0177711251049763,0.0001370744291982991
0.0096817426883443,2.3846951840773116e-05
0.0100516068634716,3.236195483011719e-05
0.0052318587444855,1.5381568578191167e-09
0.0040705735130059,1.899770733720064e-07
0.0017506756202048,3.2460019838548435e-06
0.0130361200738735,6.645957579738526e-05
0.0005500919258657,1.4579008712904494e-06
0.0030096865034214,1.4009227105998792e-07
0.0046741972768695,7.1123845196825046e-06
0.0132013196236861,4.097663942260586e-06
0.0082409548612719,4.303575329143479e-06
0.0058899456445599,1.950755993697629e-06
0.0089421449410713,1.840009361352602e-05
0.0123047029094375,4.649512400508602e-05
0.0134250572699548,4.224819149940754e-05
0.0081200346786205,9.316701174351296e-06
0.0164229327305696,9.116779531564963e-05
0.0194477885261076,1.6227649103603908e-05
0.0179368881031347,9.443121398484951e-05
0.0158733165589111,3.639617260873463e-05
0.0107228226800452,3.385650161026127e-05
0.0178509247797938,5.4980276325685903e-05
0.0094415833897028,2.842799007146862e-05
0.0146605869023573,4.1951390590617784e-05
0.0028779559534008,7.1047114823143024e-06
5.7296797020662815e-05,2.251621444791843e-05
0.0065563611632478,6.823278912360151e-06
0.0124573402162477,2.418155698667897e-05
0.0188626439491963,7.415879845526915e-05
0.0075104528385023,1.7491525391763524e-05
0.0043744049981204,2.557537976256942e-06
0.001159939979648,3.413804841965255e-06
0.0180585906655846,0.0001248493356173426
0.0185015243274568,0.00013428764137115684
0.0103305078119178,3.834160130098586e-05
0.0100673569862233,8.109210496348501e-06
0.0106093743601242,2.2934399523012574e-05
0.0164780650452926,5.237817313014707e-05
0.0198597726549166,0.00010132865554854296
0.0093049594570041,9.396497031420554e-06
0.0169585131754719,9.930904117369714e-05
0.0166189765093312,0.00010923858243268811
0.0078303931694869,5.531815831250994e-06
0.0127870874214087,4.834360897348409e-05
0.0054349300623768,2.252285997020363e-06
0.0164328698841779,9.094902933920537e-05
0.0094115543335459,7.154308607062139e-08
0.008467824489415,1.8484309532286746e-05
0.0016009785843209,4.339600466306743e-06
0.016756335245629,6.789310827794895e-05
0.0180475934027686,9.256433578651778e-05
0.0073532801451394,9.439951110101917e-06
0.0132738202378998,4.048021046699523e-05
0.0127763506655069,6.78912373684587e-05
0.0032011793682458,4.3975292116912755e-10
0.0023352484238751,3.789732951630173e-06
0.0184672773851608,0.00011752355522832106
0.0125544659047799,2.454397652820464e-05
0.0059514928055116,3.6939352694618047e-06
0.0064410958133071,1.388566423080269e-06
0.0152988967929244,4.57641527827866e-05
0.0188712797580122,3.013021985761605e-05
0.0034571566913007,6.952443496464773e-08
0.0075941054605343,9.782704470379369e-06
0.007261089884306,8.339944264517515e-06
0.0034048324123567,1.1764282811657745e-07
0.0147206345889154,2.9881285279942003e-06
0.0043341454887402,2.3556202536305995e-08
0.011479595224791,2.5129517733987344e-05
0.0090204739739675,2.218677750522247e-05
0.0029694675516773,3.94293182966253e-06
0.004446705500918,1.6617383061610996e-07
0.0134556176490541,4.817688142672683e-07
0.0110597540337417,2.649819338219126e-06
0.0076311130934955,1.4166411731127307e-05
0.0161503368709044,6.301275437321441e-05
0.0024367349060903,4.610759311969849e-07
0.0165044715821246,0.00010951749655520146
0.0198244762630828,9.805273508787471e-05
0.0052323079899154,3.7688232291595457e-07
0.0199174409276067,0.00013046213159870326
0.0199113705577468,0.00013024168651964418
0.0188601734128573,2.058795979373664e-06
0.0074102579922723,7.189047461908962e-06
0.0170066768477442,9.175131365156022e-05
0.0007824355539793,2.496819708318461e-05
0.0128192007863442,3.488516298394145e-05
0.0167517108445932,7.987487772196419e-05
0.0199195682758813,0.00014497783734671642
0.0072103078473757,6.917667178935438e-06
0.0110709033394758,5.114285050987203e-05
0.0122251252831567,2.830764042904738e-05
0.0076752839193977,4.155084132880754e-06
0.0175452305944067,7.708582730804821e-05
0.0149283868393093,0.00011164412885980857
0.0053233035700114,4.0841875323126854e-09
0.0066604419184527,4.145175406191139e-06
0.0004704603216875,6.668432325555607e-06
0.0113520678391416,2.0553818618131787e-06
0.0059621619530444,2.5248200504134415e-06
0.0181367783506844,7.950386419745314e-05
0.0036008099029437,6.410770604813688e-08
0.0070264773154914,8.260926501331955e-07
0.0017016460166379,5.028672428635825e-06
0.0081417839051061,6.920191884661188e-06
0.0021375429444296,1.1854757561133165e-07
0.010638652732862,3.091498619528221e-05
0.0082454379419332,1.1892199753066509e-05
0.0119184734580764,4.436721058281144e-05
0.0084638332974224,1.1313584448826823e-05
0.0038488920356214,4.3122351415241305e-07
0.0115836821988947,3.083239792788191e-05
0.0013479992485946,5.845536602724973e-06
0.0057229053353765,5.823208712223403e-09
0.012051376080809,1.722914042087959e-05
0.0076763366394124,9.665975821616343e-06
0.0100059445807759,6.480408891593775e-06
0.0005975276028668,6.436012767578173e-06
0.0128704257575215,4.443815812006672e-06
0.0098349701491146,1.5763475277477593e-05
0.0195074526684992,0.00012196006426684871
0.0142612293046028,0.00010096014267530615
0.0072108796681566,2.922028105057922e-06
0.002889980915937,7.016330130323968e-07
0.0033430150041424,5.764501806274343e-08
0.0102486666255389,3.381853912345589e-05
0.005206496475866,2.6785185692188698e-08
0.0022959783601772,1.2448254653242479e-06
0.0078526418421574,7.190546008723585e-06
0.0147827875269075,1.990954559743813e-05
0.0028764059352406,1.6322254511059995e-07
0.0051275560062923,2.7448096581555716e-07
0.0126356403864484,2.800534111569059e-05
0.000296012341896,2.8357170037006887e-06
0.0037392743846832,5.71712572659587e-07
0.0011971772185862,3.5251749008129227e-06
0.000715743099778,4.463252772975432e-06
0.0073597013237137,1.642591261389673e-05
0.015200501542482,3.899850772044042e-05
0.0006863871325904,7.096351218722515e-06
0.0094673578844203,1.2164878053352787e-05
0.0095861587171179,8.439582596797792e-06
0.0133637800540613,5.6432935321105497e-05
0.0003297701737122,5.520754441920236e-06
0.0049755076156971,3.18516071759314e-07
0.0097058911172693,1.1745745825985389e-08
0.0091701796206754,2.8762380754017003e-05
0.0096392362030349,1.5886044096469514e-05
0.0195066347321268,7.867927217332292e-05
0.0186669498617034,0.0001037750606848371
0.0159559245180542,5.795459250364626e-05
0.0113919660263613,4.4588208371986014e-05
0.0117273482532048,2.4832496158602232e-05
0.0019173221731657,4.48274407519988e-06
0.0034631739113381,8.362184690834376e-08
0.0023997811085251,2.433047681488633e-06
0.0148651499345489,3.967596322128801e-05
0.0056584562025386,4.6763524346125326e-06
0.0119383671956258,5.234687007845375e-05
0.0197190191550155,0.00010352565072941702
0.0106945219444497,3.080369790321701e-05
0.0059280161570398,8.215407097646844e-06
0.0082571952219387,2.0020765574627716e-06
0.0060800138434543,6.349618531702408e-06
0.0075133272678157,9.851974163254291e-06
0.014602441656163,5.2437695841307866e-05
0.0075397295604795,6.739949533084776e-06
0.0137186820698256,5.336022960640212e-06
0.0114837613667453,2.056353219178191e-05
0.0074603099974802,1.3384900972129642e-05
0.0001275881711284,1.4203167657435062e-05
0.0104943146800333,2.880199208958915e-05
0.0187655706913976,2.5197016606425348e-05
0.0002370217289818,7.397066813524987e-06
0.0049235031414473,1.1094512903946528e-08
0.0171156214831047,7.119714257592306e-05
0.0143931824955846,9.487871530749192e-05
0.0190321019286505,7.954729030128831e-05
0.0045620154891952,2.369344262840365e-06
0.0040084003340563,3.3046743430968893e-07
0.0110536969289667,7.953486070469414e-06
0.0011907482785611,2.007835175316248e-06
0.0041276160513413,2.2739019793146677e-06
0.0017268579450609,4.712710873910295e-06
0.0083196560357759,1.4540638591753565e-05
0.0015898856087145,5.228441693399475e-06
0.0173674836169452,7.939696069765497e-05
0.0035864801493231,1.1932607839429984e-06
0.0041518608954091,2.348284639127052e-06
0.0002966762331156,7.329332498414967e-06
0.0089101319143331,1.3508795143312848e-05
0.0049245614017988,7.252217950029433e-06
0.0090110929428411,2.1781904176894635e-05
0.0091053975871999,4.334953721696839e-06
0.0088173073058836,9.350214199201345e-06
0.0121048547631372,2.8861743696844522e-05
0.0133491139159765,7.049752445240723e-05
0.0175011275548506,5.6520402278423464e-05
0.0110717108418706,2.5898862764528895e-05
0.0164214182300027,9.951728941252684e-05
0.0174940928715692,6.862883638710115e-05
0.0163287214971079,5.10971479992334e-05
0.0044217126995633,3.6700400462905825e-06
0.0169563157924731,8.197400486737922e-05
0.0193581855821527,4.303470131185042e-05
0.0150618793076788,9.80947178230719e-05
0.004689801038736,7.255525149636001e-08
0.0023041409291467,1.7917096137638606e-06
0.0095434932031502,8.387112560555731e-06
0.012571656778279,1.1461759920897499e-05
0.0113349194141551,1.1417108691103128e-05
0.0142950486908385,4.285415407745466e-05
0.0140635020732063,7.61259492764256e-05
0.0058089865146129,1.981523350899186e-06
0.0190964977606135,0.00013775644863507421
0.0143008267182483,3.041922735256222e-05
0.0135201429968735,4.850864591219663e-05
0.0152354990839065,4.2194043593026144e-05
0.0093355658796206,1.059902628311354e-05
0.0054943003274447,3.723651180267682e-06
0.0042931215848577,2.2471889255705413e-06
0.0058527301257878,1.001456247995118e-07
0.0111248073624788,4.319480972639902e-05
0.0068450468663665,2.0561535030851256e-07
0.0073637535454088,1.2020763910120124e-05
0.0077680337020297,1.1882605858495164e-05
0.00972881393795,1.416901548309051e-05
0.0145804092817022,6.269764413897012e-05
0.0009565429560748,1.5979681461711138e-05
0.0005587763001551,9.483342157322254e-06
0.0085359517513416,2.812294215742261e-06
0.0049945546719173,5.768447041352534e-06
0.0117707615877512,2.621250106112679e-05
0.0148109930013806,8.685356997686175e-05
0.0083022427288079,1.1360395391434537e-05
0.0034256504956276,2.9049183081127823e-07
0.0115835261520357,4.035112144292938e-05
0.0089060550932955,1.3130341748490021e-05
0.0069132960878605,1.8655508471353062e-05
0.0018553714149006,1.2370770422018716e-07
0.0179066180885499,9.137483126888772e-05
0.0168894835428933,2.10263809035907e-05
0.0136293100371365,4.3686439856362096e-05
0.0006327859849993,6.610578525873051e-06
0.0155343630308886,6.5311032165994715e-09
0.0153563997950646,3.941884518657998e-05
0.0033972901579055,1.5587966990987427e-06
0.001408630425288,1.5240714581307776e-06
0.0052434749239609,8.063365448933962e-07
0.0110962866484329,8.639647216208295e-06
0.018639472005428,0.00011973751666068411
0.0086338991050436,2.462314826793701e-05
0.0171187126806716,5.701224615488881e-05
0.0142202836866099,5.2595274606921336e-05
0.0021514502807265,8.69836154229167e-10
0.0045175702966378,1.4272029214141773e-07
0.018262465461294,8.603978428643127e-05
0.0069133929888034,8.130900275905752e-06
0.0020445560738455,2.8532588078669493e-06
0.0014824253848766,2.2154046526534753e-06
0.0150722180693064,8.209316021883645e-05
0.0165423093887985,6.772919404724023e-05
0.0153135175111545,4.336416681571879e-05
0.0082476432721302,5.264655097156556e-06
0.0017399253317125,6.973106463065964e-06
0.0058312620417721,2.184996155119441e-06
0.0129515757731078,3.638946677660144e-05
0.0003282291366644,6.675226073408939e-06
0.0063198148273473,5.493168864886868e-06
0.0124893698969329,5.875147163562611e-05
0.0068002244102743,5.864246518966203e-06
0.0084710026099082,1.4284504582845458e-05
0.0134846785387502,7.921396368432246e-05
0.0012953240293564,2.1907349937070906e-06
0.005293880785589,4.989121742322404e-06
0.0196116014087193,2.1335962713759462e-05
0.0066881799750974,6.73578710610625e-06
0.0193224239516092,7.235384673113199e-06
0.0003745127699,1.1753929790844777e-05
0.0182850365279952,4.9058713136470595e-05
0.0103068682809523,2.7454426932944196e-05
0.0140320614731302,3.298875631113951e-05
0.0168190001170637,7.314955611348886e-05
0.0033771469502339,9.456124047291148e-08
0.017600681057829,8.469996383177014e-05
0.0031067411541351,1.3841371188721833e-07
0.0114387518486375,3.0440393844150553e-05
0.0196831033768491,9.126368235575425e-05
0.0169169569408596,9.324785337079936e-05
0.01310624509921,3.2882097982232396e-05
0.0089414628031107,7.116322747270647e-06
0.0078635283352534,1.1383843594259966e-05
0.0046370142512122,8.086648413923312e-07
0.0002669443697723,1.5715227406163088e-05
0.0025863501211497,3.595378685790635e-07
0.0019717609814571,8.17294320099228e-06
0.007845827099293,1.8093538645172923e-05
0.0153949623977328,6.330560596526399e-05
0.0180150615703249,0.0001143368580304003
0.0077186719377857,1.898348558625453e-05
0.0013237611503913,5.73361125118e-06
0.0057525036858054,1.1009259364344004e-06
0.0044001707487752,1.154359675014767e-06
0.0030832075473167,7.779264707788972e-06
0.0074016698404444,1.0849033500022652e-05
0.0057484547123386,8.245627781948293e-06
0.0069467162214843,3.862908283635234e-08
0.0112379150827689,1.3819800767338834e-05
0.0012066600622455,7.770609474027062e-06
0.0146014105472935,3.382639490383464e-05
0.00901667148784,8.830216075872306e-06
0.0107939861743409,5.247388824775304e-05
0.0070891935336493,5.719929414264275e-06
0.0162801305276462,8.636199154372912e-05
0.0063223309985924,8.731505575674018e-06
0.0042559990357509,1.5924845130639682e-06
0.0106257995884317,4.556973118134909e-05
0.0178507694831662,1.688620494403274e-05
0.0046832291170638,5.549929605312438e-06
0.0032062307875782,1.0869727825206435e-07
0.0102394252424226,3.68412568167262e-05
0.0199089104365006,0.00013306228113453076
0.0051122863477852,4.723158915632667e-06
0.0178810078353091,8.80641700197787e-05
0.0036110910790861,5.269833156189022e-07
0.0093448905791483,1.580764926664191e-05
0.0158107826870955,3.3054457231438233e-06
0.0027101940316384,1.8673378444960634e-08
0.0158981627213459,3.1602053590707725e-05
0.0166254822979033,1.5181272846829392e-05
0.0054121199062662,6.058976636367573e-07
0.0163705992571319,4.673586198607929e-05
0.0148681128489341,7.649584124623828e-05
0.000765367905268,4.6058537042105334e-06
0.0134030588112533,5.453045946335115e-05
0.0058680228492051,1.8750982287112944e-06
0.0083623877144303,7.217715238831697e-06
0.0069018596147055,5.396509631825631e-07
0.0125550301430603,1.0659379140894741e-05
0.0157657957785822,5.954367560521443e-05
0.0160900338977579,5.446798351154251e-05
0.0041868723766316,3.2562978739969754e-09
0.0026586965797645,9.21958738710248e-08
0.0163818041517886,8.265346460038958e-06
0.0025348420348772,1.249786162767546e-07
0.0013557045557478,1.0479432176304747e-06
0.0089618992885759,2.796144513025914e-05
0.0072857885167125,2.6952666644698816e-07
0.0065991358496232,1.8695703321834642e-06
0.0164676598410801,7.365094429576612e-05
0.0183867027422331,9.316090002864126e-05
0.0039391490789287,4.21745511481607e-08
0.0017683443928215,1.1198770587261447e-06
0.0137954770038487,4.0134722903666716e-05
0.0139317853520156,6.184611277358487e-05
0.0082557034241089,5.255549509566297e-06
0.0154137459498268,7.748098590377162e-05
0.0070852815757,4.059153100554002e-06
0.0079337176201646,1.4743928669343832e-05
0.0107395941127341,2.108186614988293e-05
0.0005063067001146,1.247916375026709e-05
0.0124267395964343,2.9590600953546227e-05
0.0069808274251061,3.20768689030219e-06
0.0194027837687615,5.509098652784111e-05
0.0158420918667324,2.677400145146543e-10
0.0143271466910645,3.593059418668681e-05
0.0062644280472195,3.8638450259370864e-06
0.0016971506256095,1.9333241961901876e-06
0.006270439054828,4.2252845071870645e-06
0.0021691600198387,7.592893513400544e-06
0.0197960857466592,4.083555129215265e-05
0.0080806308195249,1.5201986057202803e-05
0.0060526195413017,1.826648341900505e-06
0.0072100798257595,5.458086565643537e-07
0.0195664076987204,8.877129054023612e-05
0.0077993227318986,3.2916818703941734e-06
0.0021714520751849,2.9947868396967776e-10
0.0055876429231282,1.5410688818198515e-06
0.011124065046948,1.8377140857565263e-05
0.0103537150503514,3.669459008822504e-05
0.0132011782211373,3.299521197203308e-05
0.0077792163785376,1.6443673889768502e-08
0.0033905322731736,9.434332045767605e-07
0.0133391093096224,2.9132946587879205e-05
0.0008222654409933,2.7707042317214355e-06
0.0035652942347787,2.3682065378236234e-06
0.0191486392197916,9.069081788044745e-05
0.0183060529964103,8.385482531094043e-05
0.0154910178083702,4.796769371212697e-05
0.007441250003067,1.881798801042984e-05
0.0193033660733003,2.119974158040239e-05
0.0190535665647444,0.00010893736304741371
0.0133525490366035,3.074377106715742e-05
0.0017810616916335,5.877588432758245e-06
0.0023128027805158,2.6056066772062945e-06
0.0157141207842341,5.0522298050454395e-05
0.006445932118549,4.3360210364395535e-06
0.0169130221526847,5.912227308419672e-05
0.0157457075407346,6.720407769132904e-05
0.0128073357831566,2.9885294141352408e-05
0.0151729016038377,6.857327200413477e-05
0.0132749711216877,4.726544144026019e-05
0.0055146501644991,2.0919176519962145e-06
0.0079774868265587,1.2108541087790789e-05
0.0128454206247696,1.5934904131547164e-05
0.0048465263331958,1.3365728139024732e-06
0.0030150418664781,1.443998680929325e-06
0.0097380466165071,1.8260838180020838e-05
0.0012578367475439,9.901842092754154e-06
0.0156409499370129,4.864299762203608e-05
0.0187927478170362,7.035390221496884e-05
0.006560381416726,8.469654743018267e-07
0.000392298247895,6.060440171059407e-06
0.0159701031027787,4.676409090080835e-05
0.0025313213266248,2.4383420595625288e-06
0.0102057150749653,1.0989011809839032e-05
0.0061246340230039,3.6248768741458974e-07
0.0144522470913633,5.431322666688408e-05
0.0059274661284875,2.009404620790621e-06
0.0097779915523867,1.8320321154575794e-05
0.0076115410239876,1.0596045445220976e-05
0.0160860086381646,0.00011113552039683481
0.0143041012000953,4.245677515483661e-05
0.0120170107215521,2.1509147200700705e-05
0.00343095667343,2.018667461052286e-06
0.0174370045748859,0.0001046631848810993
0.0050559760955975,2.1382513604415562e-06
0.0121168015032924,3.7849107584947213e-05
0.0160164554989784,9.700684463272484e-05
0.0132285939647689,5.724941502701098e-05
0.0107251449209835,1.791642851781541e-05
0.0123100028667152,5.305021486491122e-07
0.0079617799028031,2.2111675675789287e-06
0.004734287547668,5.389324668225952e-06
0.009132826731487,1.1325928433689449e-05
0.0041133457710183,1.3015403144936917e-06
0.0184155834399353,5.188967326197822e-05
0.0111732429747831,3.4545780488365413e-05
0.0117831414759854,1.1339217189810027e-05
0.019633172049243,4.4217332929494764e-05
0.0057438139546304,7.792856870690124e-06
0.009122922858441,1.052263481142358e-05
0.0103872576845373,9.89550968160966e-06
0.0089748317980368,1.3499537284626985e-05
0.0026508776254067,1.2126764670507565e-06
0.0037765209331932,9.961311259729724e-07
0.0116137644486829,2.2815488740365874e-05
0.0115949083625748,1.3062437291436658e-05
0.0028867489619531,1.457358803569718e-07
0.0184358065898768,9.539058140852257e-05
0.0151056081692101,3.739190392785174e-05
0.016303703518825,0.00013398634369805708
0.0136931986132717,4.8399780136903125e-05
0.0064079711283886,9.427437250483549e-08
0.0107069517306379,2.264420781155845e-05
0.0122604208090968,5.59613830256783e-05
0.0142268321551631,4.9540395457742484e-05
0.0105713366285708,1.642872401905463e-05
0.0162024079047385,6.924918240250342e-05
0.0064917299498632,6.069830197289509e-06
0.017167827916681,5.407483007364085e-05
0.0050270897939,5.946174191770712e-08
0.0051937949203894,2.2601449427301013e-06
0.0135604655399331,2.24253447889511e-05
0.0039058633520146,5.3031835004727375e-08
0.0027718389265255,6.000844423373845e-07
0.0043004631970491,2.532645274551456e-07
0.0183375830138848,3.017289546460485e-05
0.0027345128807974,1.1953324035872277e-09
0.0199110631015018,0.00013895392694767797
0.0170729839740875,7.226954572277285e-05
0.0165986635079307,9.238378221360832e-05
0.0087320695740842,3.1268985290958786e-05
0.0189040765360555,0.0001188356791762782
0.0054606909596362,5.455583646733111e-06
0.0145723477240261,5.366327081401659e-05
0.0129854684733183,5.02551003310359e-05
0.0194390615491603,9.316238620240652e-05
0.0152390008604035,8.447195546098447e-05
0.0050773805270995,5.591166630961635e-07
0.0137259195706764,0.00010014881409746962
0.0082962857263918,5.177711419361452e-06
0.0164248911634078,9.985125527858259e-05
0.0090257753445233,8.304394389403216e-06
0.0180784993564724,6.265084201901036e-05
0.0049702266210678,1.0505905058017793e-06
0.0001418092880851,1.1207083954637484e-05
0.0145324524523929,6.923358211684365e-05
0.0068224632853385,3.16367293924422e-06
0.0086431595778106,1.3847180714193517e-06
0.0078687295842003,3.3481344436435013e-07
0.0133862420247011,3.429024153958941e-05
0.0060417524456473,9.832639079843796e-07
0.0068087281990261,1.2041219010327223e-05
0.0035869016955744,1.2598299408881877e-06
0.0161893881645625,6.862602785920275e-05
0.0098200662123124,1.3348920073835269e-05
0.0008962421478048,9.404047806459717e-06
0.0168381962147552,4.8958204154909965e-05
0.0083280412133214,1.32400413651321e-05
0.0050375758732986,9.797349200976953e-07
0.0162860014387305,4.568900244053295e-05
0.00739449904871,4.3493311773565314e-08
0.0064357398543769,7.801135838292365e-06
0.0165271812729018,4.7409371985606265e-05
0.0136383497100664,6.55995406009081e-05
0.008758779074143,3.416963982450968e-05
0.0169610674809146,8.926460335185973e-05
0.0198953215036968,4.611402637866362e-05
0.0137153292265305,5.333808828239103e-05
0.0116362612838195,3.185386934132575e-05
0.0070140373915262,2.293103072019196e-05
0.0045532279658733,5.1448824196438326e-08
0.0183838267309683,9.72538598170189e-05
0.0040116747767425,1.79741363140601e-06
0.0151474764014099,4.9701450537954076e-05
0.013750278903804,6.7813294309165e-05
0.0164087060597408,0.00012303266362677462
0.0150971547575338,9.189554493851448e-05
0.0056659290521391,4.413420984208242e-06
0.0025254164458462,1.2264075600839373e-06
0.0056415408805604,2.6158362546245814e-06
0.0061674266695769,5.737079160239237e-06
0.0139136940594156,3.976195136581202e-05
0.0019948125942479,1.7787676535903471e-06
0.0099700179405909,1.3814575498923305e-05
0.0045729780421332,9.679427544795138e-07
0.0062802769972536,5.948993671296335e-06
0.0044529378989541,2.728438015830386e-07
0.0192296608518921,3.4800129207265387e-06
0.0064601866256789,7.651689510815113e-06
0.0169846205526432,8.163237059273309e-05
0.0080781543875304,1.9009718763473904e-05
0.0071277741013726,8.212293709155132e-06
0.0069944642668398,3.593526460245171e-06
0.0166483878763273,9.201557236984384e-05
0.0007836503412896,5.1813491527354815e-06
0.018691486679319,0.00016275212339555119
0.0104942764542358,9.337889596141733e-06
0.0104858975037886,1.2438486563389489e-05
0.0111242401167121,1.6111442301885346e-05
0.0045914568631722,3.0479323224132486e-07
0.0009459223479526,5.776780413977282e-06
0.0101485461127427,7.06505631425398e-06
0.0152257970721943,4.3142903754183294e-05
0.0125934382527662,6.653199682621461e-05
0.0109217930821692,1.2072215342479179e-05
0.0020252112815282,1.8672163966975922e-05
0.0150778200982068,6.508051241257813e-05
0.0064364895466631,3.3563246806422866e-06
0.0003486549807754,8.681920044906655e-06
0.0168524824233467,0.00015590707553247437
0.0101134031572451,3.603114839854606e-05
0.0020457703314994,2.0504647402815433e-06
0.0045744681185959,1.652089759088091e-06
0.0059980064175896,4.245621190328307e-06
0.0173183908592266,5.861885928132588e-05
0.0132883177316577,5.224126602021636e-05
0.0083019388648629,1.4464773521606572e-05
0.019844742074262,8.987742903346191e-05
0.0137663652026847,6.390963388637254e-05
0.0151392466526769,8.662332885718777e-05
0.0191265835441786,0.00013376409996516682
0.0063479472915102,9.590594630680615e-06
0.0193444848629295,1.04885608096823e-06
0.0093039226124634,2.3283982182394508e-05
0.0047512336016254,1.6515911024053304e-07
0.0011731150012846,7.086662359343221e-06
0.0067164659898157,9.08728304390936e-06
0.000380144763444,7.183391323499154e-06
0.0188694352125736,6.179034719296424e-05
0.0151928671647588,4.029237450986236e-05
0.0141565817031191,3.738043054978705e-05
0.0115118977341767,2.6830787976412512e-05
0.0147269235131425,5.4861710931640864e-05
0.0110845796516258,1.8090019584098372e-05
0.0102087953109678,1.3092428207987268e-05
0.0161104031238488,6.206566541525212e-05
0.0037897605335149,5.133013605455105e-08
0.0033969897785225,6.522384976957717e-08
0.0107019471140516,1.9629004802486206e-05
0.0059047805320964,7.68436925632171e-07
0.0198073978834277,5.725727827541483e-05
0.0178191115913085,9.58857058648985e-07
0.0162754410441134,0.00011423609406509281
0.0082468063750687,6.89693935967445e-06
0.0013458357794429,1.4116024660953736e-06
0.0183807690715815,0.0001152743104183546
0.0047046489518699,1.8221520866392868e-06
0.0146628602761647,3.166001717726568e-05
0.0049918032060147,2.1610571641884644e-06
0.0086220661209458,7.935828935920669e-06
0.01498658553994,4.6168607750008165e-05
0.0182794614465409,5.837594332376791e-05
0.0003427265091169,1.0214041519947354e-05
0.0014618869080628,1.3145954750502975e-06
0.0171949301544229,0.0001068572645387878
0.0178231931939926,2.8472325467758367e-05
0.0047715012684167,2.640664382329084e-06
0.0196536683998945,6.226989499575113e-05
0.0133171744529375,2.9239719418800248e-05
0.0038412719445303,1.7847038121589499e-06
0.0173664998621179,8.158881905190962e-05
0.0092304634134523,4.904055015526903e-06
0.0047937787757361,2.102770420963758e-06
0.0146735522922707,4.079114906399994e-05
0.0055765567438276,3.754900292919666e-06
8.35876720299611e-06,5.269944457110813e-06
0.0182775665363914,5.488675994129546e-05
0.0162759330118386,6.379825457726071e-05
0.0162019574766235,3.8501542454025356e-07
0.0184103405001561,6.203001143417373e-05
0.0198155013981364,5.265777987404515e-05
0.0160944462253023,4.592663969178218e-05
0.0099657572310246,4.884404775599937e-05
0.0055758972505801,1.9847131393565965e-08
0.0168369800488983,7.233725008044128e-05
0.015420133888334,9.652380392053492e-05
0.013338471969377,6.137822868516596e-05
0.0076631164929807,1.810308701252505e-05
0.0077498203587919,1.5605623708943593e-05
0.0109591355664066,3.0700263535416845e-05
0.006847826797264,5.359122431121731e-06
0.010170957419929,5.384393791053841e-06
0.0096536250359061,2.153343657507e-05
0.008744302024425,1.4894480321978938e-05
0.0016958568172202,1.6886375777085027e-06
0.0157653725997303,3.978545357338066e-05
0.0059925009401366,1.5087204492724274e-06
0.0128003367480931,9.1915597491139e-06
0.002206873398548,2.2171081165222143e-07
0.0161641899719843,4.2092583497508296e-05
0.0039573058806249,1.8998836967571786e-06
0.00294266341874,1.9535451550501757e-06
0.0123273763119764,7.271844879552992e-05
0.0164492466153808,6.34724501886494e-05
0.0054821499531575,4.341874975312738e-06
0.0156970996560214,8.510508556383205e-05
0.0160624968415594,6.786633973631299e-05
0.0117039255366041,3.137833628541381e-05
0.0116942538260104,1.9275680275624444e-05
0.0186252238071954,3.778805687833235e-05
0.0080018952585371,9.824359656239048e-06
0.0067536385824615,5.277031067830948e-08
0.0098776254792382,2.6861168859569355e-08
0.0136243924117297,6.099136952138711e-05
0.0051703364016485,1.8234345954266987e-07
0.0129867027291584,5.8275528650546265e-05
0.0141860217559673,3.1082693646519914e-05
0.0055259606503869,1.021336042031892e-06
0.0039793167331435,5.966476160183669e-07
0.0038777452452158,5.706199140198306e-07
0.0126631178222765,4.11658887937184e-05
0.0045312204976493,3.08809986874934e-06
0.0038522552888998,5.703235865358317e-07
0.0008587865608958,6.780061756081564e-06
0.0002882157394638,1.4336526376271072e-05
0.0078702075056552,2.5414728874277154e-06
0.0069979601696997,8.113996984008737e-06
0.0062637701058494,2.9852938539643844e-06
0.0158272949276676,2.775345873102068e-05
0.0009910887020304,3.86392909659465e-06
0.0087216416871373,2.8561398382547657e-05
0.0081326737056963,1.0896492353614076e-08
0.0104474417635596,1.4539335482260086e-05
0.0041419895279287,6.514575624740925e-07
0.0101109566222428,2.2001786078752328e-05
0.0004753990001485,8.169135969041022e-06
0.0022910024496511,5.145557847385208e-06
0.0098410001561937,8.956288413999848e-06
0.0166070862377476,6.067870615995487e-05
0.0149076157694387,6.61596084317255e-05
0.019895411089508,8.92791041784193e-05
0.0072493963518039,2.2870478241028084e-05
0.0030004152363723,4.0782886415271345e-07
0.0031628804366546,3.7686879058421235e-07
0.0184782566639168,3.893310244768978e-05
0.0197047885609845,0.0001475015601995246
0.0070955758913386,6.506941526203822e-06
0.0031533211589728,2.968900206028905e-07
0.0093877086060353,1.7763524919981877e-05
0.0150677482440325,9.51668841559466e-05
0.017802345688539,5.172810501847802e-05
0.0052620015613483,4.953414533619234e-07
0.0122141676672095,3.82509300832806e-05
0.0109662216141443,4.0559559653002146e-05
0.0177279516278541,0.00011149017393640227
2.403093901097053e-05,1.1214449622837527e-05
0.0045875380596032,1.7969454153300794e-06
0.0011192958758188,5.905038444793562e-07
0.0045703419808959,3.855058652107402e-07
0.0176715947829628,2.9202537556848013e-05
0.0169704927625061,6.750649764460372e-05
0.0046386864058674,2.404899982403793e-06
0.0023554517348805,5.589071997528495e-09
0.0199944341274138,0.000143796922966209
0.0038976317280436,5.555003447849013e-08
0.0125992571521689,8.592251863677272e-06
0.0151224740277791,1.3527295344680094e-06
0.0040302363474271,4.6464000914319493e-07
0.0011082210053066,5.084273992018382e-06
0.015185040641878,2.8663745442668737e-05
0.0143955629764585,6.154222678398698e-05
0.0004616510026706,6.8483351465911735e-06
0.0032958632826776,3.8521279322256945e-06
0.0034669636285241,5.50328047698357e-06
0.0068456669597132,7.195326514364239e-06
0.0198806093617931,5.686756118901508e-05
0.0095201802717667,2.1981785001592255e-05
0.001032424552283,2.510552176136022e-06
0.0192039714682872,0.00010526187140763376
0.0017534814824557,2.313486415606724e-06
0.0115064229478854,4.539300299377388e-05
0.0110067908293455,4.448008814738654e-05
0.0194360114110783,0.00015403852852285933
0.0065267538801691,1.2124888796262439e-06
0.0126207228047921,3.274565616227307e-05
0.0044388812552025,2.2425490785361153e-07
0.0018903222084093,2.4006394094452897e-07
0.0143203104671379,3.973350985496705e-05
0.0107090102135834,4.406241258849143e-05
0.016815549031847,1.8022256769164597e-05
0.0141331096118045,2.182918604607388e-05
0.0168228130843045,6.127173735617284e-05
0.0195512777639384,6.36905508524399e-05
0.0179419481307448,4.9786791683248865e-05
0.0193380184634486,9.033992938584719e-05
0.0194606661267144,0.00014353312158531354
0.016906864338145,6.121340677636368e-05
0.0150261160177977,7.33445803353174e-05
0.0125563558302661,3.684080770462059e-05
0.0050707135440066,9.120717264527727e-07
0.003223882766675,1.404677633280375e-07
0.0169196121732905,9.729255944480028e-05
0.0060333766978195,7.15384145463394e-06
0.0166985786233335,0.00012152233178135625
0.0192251843857361,0.00010096428230446419
0.0135977279741533,6.127300920260886e-05
0.0065562121040418,3.939561806340932e-06
0.0138947044984528,5.848657462189821e-05
0.0134623672384431,6.820237462254695e-05
0.0158058633471439,5.4923112636358834e-05
0.0024626122350788,8.044771477351601e-07
0.0081763577089261,6.241870709216439e-06
0.0159377320300885,7.759105215488128e-05
0.0125572745775892,1.525862833272281e-05
0.0096929898540787,1.436850607543118e-05
0.0176370008567706,7.37980076348491e-05
0.0130579792280472,3.2070861001853116e-05
0.0162704218678611,7.928022509541956e-05
0.0018133880732178,1.0704293641998354e-05
0.0003827292070559,1.4156478549471423e-06
0.0190688843709493,6.752492227693965e-05
0.0105975717145747,2.8347802453487625e-05
0.0147557716758013,7.967081873780664e-05
0.0140384151232479,5.3464448421364895e-05
0.0072826703509383,5.062056733659083e-07
0.0097728911704025,2.1057632548838977e-05
0.0032447540891102,1.9436468527636434e-06
0.0014984049838559,3.0738702027594536e-06
0.0024090003060621,2.1229770456713424e-07
0.0145457015657208,6.580171025594423e-05
0.0101132676340785,3.1114131187983024e-05
0.0090923088559848,1.438819178626498e-05
0.004014072715511,7.317816619839611e-07
0.0013117313899628,5.6992381456191914e-06
0.0116085954206529,4.315324374579047e-06
0.0154888176108198,3.865412712720882e-05
0.0183063997475488,8.078487295294095e-05
0.0195032741269192,7.210363371911464e-05
0.0099536320669849,1.7095164414889934e-05
0.0130948462504498,2.142543545595928e-05
0.0191711613723607,8.334968839228792e-05
0.0090615737346214,9.25978290914545e-06
0.0078391970280508,6.434137363611392e-06
0.015705895995791,5.373822340469647e-05
0.0141645135340171,3.4019972769424705e-05
0.0054904042649055,2.9205812460001783e-06
0.0058335662748995,8.308368862777681e-06
0.0144900657078705,7.131225029531559e-05
0.0128194597150944,2.7179762245956284e-05
0.0184009161780325,7.556064907085247e-05
0.0162104436143772,6.0576983451789213e-05
0.0128092505575699,4.516029634766618e-05
0.0052278818699121,3.278947631447708e-06
0.0056916844588857,8.294119440071537e-06
0.0045066440511578,1.067246811458577e-09
0.0003948145493217,6.5148252701795585e-06
0.0120044155070009,6.983752394076424e-05
0.0198901058922636,0.00011160565113664134
0.0027724994153955,7.7418875633884e-07
0.0171617628253254,1.59770546558483e-05
0.0028281210019835,1.1539330546780102e-07
0.0054239845047816,1.8875209156708337e-06
0.0122105658476774,2.8346510875409074e-05
0.014219408340516,5.7267820156544884e-05
0.0119170065292296,3.06108510913711e-05
0.0123842718784607,3.6176921120206755e-05
0.0005734618427093,3.1940968133517857e-06
0.0050495152645843,1.9488006808760608e-08
0.0034350633449258,1.5833122617114596e-07
0.002875199524456,1.2600048299299838e-06
0.0134536142157957,5.643922089699885e-05
0.0195679612523368,0.0001381851543922761
0.00017755333203,1.0367516183979272e-05
0.0101845389732537,2.2889329949901982e-05
0.0061387448522365,5.896165179809915e-06
0.0186937014795333,0.0001269775785164222
0.0064481982341688,2.041302617748718e-06
0.0149939138590613,5.101343623840204e-05
0.0196853321452546,4.909823802484828e-05
0.0190558412508516,2.996598109679225e-05
0.0052921925673521,3.7967985371522447e-06
0.0037537996719026,4.819338536835399e-07
0.0184229997009009,3.5009477517677055e-05
0.004631986017545,1.8252661304866357e-09
0.0147319651405203,5.3570953978987796e-05
0.0002586410861214,8.219370935307488e-06
0.0049505181744564,2.430638719792065e-07
0.0098172717742809,4.213856264099673e-05
0.0052700784788394,2.1158452570268077e-07
0.0187184507678453,4.886126034153802e-05
0.0072212672007927,8.882659161836309e-06
0.0065137567896782,3.1441444205709784e-06
0.0128845821578746,3.746691512043761e-05
0.0141302467063186,1.1825969882336264e-05
0.0025324623150472,1.1129078243807049e-07
0.0059618948119688,5.255503635407499e-06
0.0034561798468053,4.537754224262264e-07
0.0063911537490574,4.342926438786932e-06
0.0017217809146014,2.9471451650495416e-06
0.0088467771807097,6.040689332852699e-06
0.0049546269391986,7.352496774962616e-08
0.0044998999120901,1.596767554402418e-06
0.0067707823382511,5.3589570335998045e-06
0.0194740792680026,0.00016318788506728297
0.0101448939921826,2.9739310673528418e-05
0.0126274307116073,2.525877166276743e-05
0.0152779365940986,3.960159355185954e-05
0.0134144608304976,9.995935333749883e-06
0.0040808157658692,1.1649656596885636e-06
0.0095581656712657,1.4054240861146482e-05
0.0045807559082228,5.620240805789439e-06
0.0055151224896749,7.327067909219065e-07
0.0054423706743302,1.3577550921070759e-06
0.009663497981662,5.828669393891638e-06
0.0194281939876654,7.722361273343737e-05
0.0137352835378684,2.0292721525320764e-05
0.0093813485241387,8.155960013312968e-06
0.0126351318810655,1.2759947532878756e-05
0.0006335783614203,6.87274309434581e-06
0.0008367091745748,5.928480166447222e-06
0.0196097057169189,0.00012736809828885673
0.0031407187779667,1.2571773989823333e-07
0.0044899026350419,8.079295085728381e-07
0.0003141417950895,1.0170349989025617e-05
0.0187498714763839,6.811288338640191e-06
0.0091671782439097,3.7802426974600494e-05
0.0058749049994145,6.044866510550904e-06
0.0145586741705339,7.611766103251364e-05
0.0141173252740705,4.801086019994654e-05
0.0008604275543622,3.4452748849046763e-06
0.0107178785821218,2.72644275928125e-05
0.010917969895194,1.7507848166508487e-05
0.0119826728056571,2.9840088980360324e-05
0.0052426249907591,4.778424348538227e-06
0.0138392995717014,7.222035293216594e-05
0.019449425530904,7.08439420477633e-06
0.011411624986937,3.8437184776581004e-05
0.0140586841683322,6.646293678057385e-05
0.0030838466709159,6.837204508743372e-06
0.0156450722792358,4.450453652733256e-05
0.0009910883945006,2.2544724388778446e-06
0.0052986366087041,6.533767479059244e-06
0.0197148068015736,4.23295181863136e-05
0.0014524998962754,2.3856977879381538e-06
0.0100520657666196,2.37462426660566e-05
0.0040568022823341,1.0724648230873463e-06
0.0009803060911664,2.7268462104897574e-06
0.0153367846788427,3.079036509081608e-05
0.0038409563654014,3.9628727009579986e-07
0.0059452796297721,7.286648306664948e-06
0.009595609888134,3.861805227632672e-05
0.0118620834871444,1.5215245624942881e-05
0.0007234823217472,6.6211344620068735e-06
0.0048809811979344,8.102942529439591e-07
0.0070828895929576,1.1651868277510828e-05
0.009092332264696,7.801077988464711e-06
0.0031233091885029,2.3565483683459227e-06
0.0037817260679594,1.1854620282270747e-06
0.0052847550842395,6.663040772437443e-06
0.0041689924353889,1.1431600813844382e-08
0.0177481379054949,2.888264284098339e-05
0.0046649443083621,2.99473364416224e-07
0.0008193039173248,6.474025485052882e-06
0.017442591411562,3.072338278518684e-05
0.0089769045987011,1.9559570564296967e-05
0.0138741215912484,5.770081804438452e-05
0.01140496519694,5.2072914582814125e-06
0.0194849027690573,9.821134072745992e-05
0.0076995844678433,1.2136013060433472e-05
0.0036020085416134,2.9121603740858943e-07
0.0001040461545796,7.181477547908961e-06
0.006356147827119,6.06166247476595e-06
0.0086562653268466,1.751410096063969e-05
0.0180578378476768,3.218779392612024e-05
0.001511184680824,6.241528974976666e-06
0.0035029951365938,2.2442338108603895e-06
0.0001691639666929,1.3515731261868196e-05
0.0175761014349859,8.899610087362143e-05
0.0170114497875761,0.00012906486720498542
0.00489123517461,5.418108051858214e-07
0.0151171584259446,1.2331416143112846e-05
0.010785410825764,4.882372064710363e-05
0.0196780488930258,0.00011298526828392977
0.0189414190493807,0.00010000947362325686
0.0117117066025549,1.3790863502032514e-05
0.0155893976238233,8.590883241545741e-05
0.0009187183748152,4.3424900405561125e-06
0.0166185380194234,7.92022185535508e-05
0.0103877050437562,2.4232521266519374e-05
0.0015868089277775,1.8080978835208742e-06
0.0057609929532203,1.797428838334989e-06
0.0041839538239407,6.894640118781064e-07
0.0009062140449614,8.614416751243174e-06
0.0039682448600877,7.687270294080063e-07
0.0038910248071966,3.9549727952338895e-07
0.0066076238782889,2.518992735465378e-06
0.0030628433284565,1.8737594871358057e-07
0.0178795925308694,9.930994936033077e-05
0.0120989309097782,2.8030744636873214e-05
0.0068518378193664,7.455716375538424e-09
0.0090964444759486,3.8544008352348895e-06
0.0146253688473158,3.876585495803823e-05
0.0121942543886763,3.9003529386313905e-05
0.0117333177237732,1.1181403677664777e-05
0.0113028932177309,9.529167479261524e-06
0.0003738220236761,3.218798826838372e-06
0.0054600562868437,1.4243353883611176e-06
0.0035925762631317,2.3068532766276252e-07
0.0094912561765025,2.0708894228268408e-05
0.0134073404855862,6.512950286561806e-05
0.0010293610201599,1.531526278284159e-05
0.0129611814147263,6.788949552999196e-05
0.0123085929920357,2.9767765252420193e-05
0.0097050641407074,3.674454796247539e-05
0.0133630745369301,3.159132476058552e-05
0.0076539690468434,8.153292039166541e-06
0.0001310878086038,5.93192370825065e-06
0.0063284461714429,6.414303543291798e-06
0.0159657399294419,7.725494927529853e-05
0.0100867126131938,1.8927011461288204e-05
0.0110618231779636,3.5919090334681398e-06
0.0109131752579336,2.4635178121705103e-05
0.004889160363463,1.3986178308457382e-07
0.0027373991950846,7.286396764375896e-07
0.0125943378655517,1.381672563274439e-05
0.0196277593960518,0.00011703120194583728
0.0105197943022582,2.543840223727932e-05
0.0096841344820453,2.8879282022627002e-05
0.013366003504945,3.806753158534662e-05
0.0050973451713236,4.428557793437504e-06
0.0099710346403331,8.80927105314151e-06
0.0043313952022007,2.1270765435211278e-06
0.017420649339729,0.0001011954593082856
0.0092748024314933,5.864367937066548e-06
0.0091750890206929,2.5044002689225286e-07
0.0006844538304168,1.692299755029561e-06
0.0058062319812536,1.973382703261684e-10
0.0043836204935247,5.161471191020976e-07
0.0077016545486189,4.5384851987438615e-06
0.0052126744790571,1.7390593689710256e-06
0.0029375712628802,2.2001273517657737e-10
0.0012018144748248,1.060390606518263e-06
0.0120643015714281,3.0073265298078626e-05
0.0168359432832207,0.00010713922601942608
0.0152995763278054,4.694163422721487e-05
0.0079438703759785,1.891022916944986e-06
0.0165384717007416,5.29026725367253e-05
0.0180144846900893,0.00011521862425680244
0.0077679073150957,2.22332376088224e-06
0.0160256581924485,0.0001006518337998615
0.0002009806260668,4.894504768159443e-06
0.0071937013402154,7.899910693814175e-06
0.0075339332274186,5.425444878444167e-06
0.0199708237521596,0.00012783116744007677
0.0187864724924377,6.494746420172559e-05
0.0028158608116782,1.8493403469312296e-07
0.0024861010710188,2.832657692712646e-06
0.0124047785676293,1.5855164159927405e-05
0.0055212186522945,1.772010709632969e-07
0.0038384018720185,7.035999256465033e-06
0.0029091430090699,1.464471612475355e-06
0.0008001451189926,4.659530314989993e-06
0.0096675674476123,3.4760921170570737e-05
0.0057059955289446,3.8127390372822953e-07
0.0043695053621429,7.465192488156041e-08
0.0112633890138408,3.4466887122562454e-05
0.0118916235556687,1.727159788355793e-07
1.5488739177524912e-05,6.625918956768844e-06
0.0014446889938216,1.3980982193693887e-06
0.017026692673972,3.149915330496631e-05
0.007600272873099,5.353920519629677e-06
0.0109656676920001,2.5651325831912174e-05
0.0179343989235402,2.7038747914752755e-05
0.0001657563432149,7.386024027748382e-06
0.0015156739363562,4.969941635174117e-07
0.0104013497180692,4.650011606340767e-07
0.0142059056299839,6.462326371505404e-07
0.0096790314850455,1.251881046856309e-05
0.0025701409808629,2.0242717706803874e-06
0.0197962891586631,8.583224588309237e-05
0.0153645895339532,1.4299880894597725e-05
0.0136734277960128,4.629646825184701e-05
0.01215578738612,2.5829463243547766e-05
0.0077432294575728,6.287550793080559e-07
0.0126505218493358,4.713291519633521e-05
0.0141351408464628,1.5453681246353953e-06
0.013863346910092,4.638927487762531e-05
0.0122938809887757,2.465749131765634e-05
0.0111165141205471,1.919631683954618e-05
0.0008887818911589,2.6571832401106965e-06
0.0146132543557356,3.951758125261491e-05
0.0148650415392804,8.962969603512689e-05
0.0037906964378158,5.044286861693859e-07
0.0100185857376493,2.052305642583463e-05
0.0192466215874812,0.00010956473534053786
0.0107023707348823,1.4079256459606666e-05
0.0100021197358134,1.2712390552329429e-05
0.0173780222281676,0.00014048785654114762
0.0106690985026809,2.5467657359662406e-05
0.0006399782286217,6.1170353245266875e-06
0.0101271117799737,2.8179148884201594e-05
0.0126114894312867,7.270221873873749e-05
0.0145124232663787,4.6854165801588044e-05
0.0086542947715812,7.345841131144159e-06
0.0069111649095944,8.752618262898152e-06
0.008891809559266,7.696344519713765e-06
0.0117505259862123,1.8517894044665007e-05
0.0088265656981963,3.8823709429830695e-05
0.0182808183890208,5.461821458676833e-05
0.0091977093171599,2.2008034941180554e-05
0.0117780645766325,2.398461645646489e-05
0.0110100785617487,3.246463481432378e-05
0.00391738152259,3.898697895272102e-08
0.0004568058125801,7.70801010658223e-06
0.0005945025008308,1.3180107820688893e-06
0.008808769822934,2.0691701311525505e-08
0.0197870247267622,0.00010965472131913778
0.0104271463125908,1.7095261065152587e-05
0.0074280598071988,7.452291369160159e-06
0.0113369923577412,4.341550979202204e-05
0.0034930688799644,1.2822283256833963e-06
0.0092209240255028,1.0603394346950664e-05
0.0033303628966497,1.3247478946127408e-06
0.0161964872816809,5.3763309773269925e-06
0.0174597399535772,8.560639170587107e-05
0.0133034242732716,4.5379004924844644e-05
0.0148606163093639,2.9563956242392864e-05
0.0028242170253342,4.548668351913569e-08
0.0052098455652467,2.2159978946555745e-06
0.0101441064806475,4.15771257347514e-05
0.0184049708660464,9.485215480077625e-05
0.011471780532454,2.2459626478596667e-05
0.0061347117858576,3.06811902866856e-08
0.0195404049349648,4.192627297379083e-05
0.0089523960134203,7.0978552309787625e-06
0.0108913993326515,1.538587971164657e-05
0.0152212569987327,7.420710409315925e-05
0.0106141006988558,8.57824471729265e-06
0.0103678240016304,9.128203500627292e-06
0.0054671817946894,4.4816365607686807e-07
0.010792488530469,2.96698049911487e-05
0.0077133602439654,1.0670249151889377e-06
0.0193570783928661,3.057616584037917e-05
0.002396269371395,4.248519358762097e-06
0.0004730541975583,7.5604699590664945e-06
0.0139800603202425,2.4771737964156177e-05
0.0077049391834127,1.1421917016052509e-05
0.017381561940472,3.651417041264681e-05
0.0172094598390813,7.104458641190411e-05
0.0019002920586061,9.160758193936247e-06
0.0098858297306805,3.173992447516722e-05
0.0189996743371246,0.0001014755845189378
0.0131688123275273,2.0888019298050283e-05
0.0036445069685085,2.437648820552066e-06
0.0104519841336103,3.878284429158645e-05
0.012373402912756,4.503944395014494e-05
0.0030158781420007,4.360193503642213e-06
0.0047286619993139,1.0236306173812004e-06
0.006265742904039,3.588332681960748e-08
0.0020844463640378,3.491903830534947e-11
0.0123555864903261,2.452755689800363e-05
0.0037481329810995,1.5930910663583407e-06
0.0066391173768203,2.8613540671406902e-06
0.0055671658265229,9.543690982425296e-09
0.018425021135445,7.180131426292142e-05
0.0022779433154091,3.6147120646959274e-06
0.0022764855618,4.058080181793973e-06
0.0007882644269838,1.7740873140358922e-06
0.0018931824277726,8.981718663261702e-07
0.0195766905260533,0.00012274045892600788
0.0087047769194485,8.871706493135741e-06
0.0188191215336628,6.254196625201145e-05
0.013956916295225,4.895567245484123e-05
0.0013596074719651,4.269503751508662e-06
0.0062282532025971,7.96766240647588e-06
0.0138639712338846,2.1665275727507534e-05
0.0028897567114731,3.965291745913836e-08
0.0183368874596713,8.073206091476368e-05
0.0152894571598223,4.9095264594587116e-05
0.0095788880496439,1.634543505564349e-05
0.0081929406043086,1.5953688657000692e-05
0.0050529151994035,1.3428446516641373e-06
0.0004387042519792,1.060089628129976e-05
0.0040471925029566,3.1069237752250806e-09
0.0187862779281294,9.26012284235698e-05
0.0119132347773928,4.016030748875841e-05
0.0158515169905377,6.39995555674839e-05
0.0174305050777206,5.8002386157977486e-05
0.0176816974903929,3.387136688912195e-05
0.0102336665085839,3.0163881280474607e-05
0.0148461317739386,4.332095766516686e-05
0.0197803411995977,0.00017484117755212826
0.0054313683858947,1.9361806268740605e-06
0.0005135549814153,1.5374753970696959e-06
0.0024003533668308,1.8056180630914727e-06
0.0078791501938854,1.540190355842024e-05
0.0153120648527438,6.202355466240308e-05
0.0117765211363866,5.2462205927200334e-05
0.0011767593019728,2.1276253421683635e-06
0.0042955485877183,4.431561718509669e-07
0.0012796615554673,7.618725141037298e-07
1.2927238904074656e-05,1.0237622783599404e-05
0.0035678408252978,5.447293932825067e-07
0.0063539613985383,7.430674316111385e-06
0.0017119150185844,8.885877202596145e-06
0.0034922665147453,1.3883451732941903e-07
0.0155594829682502,7.887108549718635e-05
0.0052654417028923,7.452529628170416e-09
0.0050326231116816,2.237254372403219e-06
0.0110147486123517,2.3855154447167127e-05
0.0151772824006281,3.867640680064093e-05
0.0117391323600003,3.3927486927675503e-05
0.0022169414657745,5.073973451736325e-06
0.008117633913923,4.548027374490945e-06
0.0148213527553311,2.0867021263505424e-05
0.0025468583318905,6.507831614314796e-07
0.005815819828085,5.3867663366337895e-06
0.0069759404794438,8.312265619338872e-06
0.0063171977696418,3.1561536718116075e-07
0.0163848152461178,8.664586000455202e-05
0.0122486370686444,5.427335987851347e-05
0.0004420342543394,3.459529119177651e-06
0.0064835294048894,4.714699669013459e-06
0.008405682345814,1.040349716915724e-06
0.003454550672921,2.1734242533766857e-06
0.0111880734477391,1.2964819624551186e-06
0.0003592978257393,6.121380494827231e-06
0.0169405872498488,8.724137449284061e-05
0.0040364578006932,2.912171329196812e-07
0.0057019789835686,5.444290047314436e-06
0.0034958118831498,2.928302856034974e-06
0.0061462133085793,1.0988023393465734e-05
0.0144471308577103,4.860005290509373e-05
0.0179143811987326,0.00011125827218831739
0.0190143489828413,0.00011312397534414442
0.0107012748252063,3.568179616031516e-05
0.0078423596259398,1.63619165134186e-05
0.0113355419569431,3.104310569516942e-06
0.0171857010102275,0.00012029277723248662
0.000480430477063,5.938556515711488e-06
0.0022739991799812,5.774484497084744e-07
0.0144012503031988,2.602890234624161e-05
0.0092606831524671,1.9779234448295664e-06
0.0056803031527478,1.5638432280137525e-06
0.0025640179432272,3.2365271809745425e-06
0.013467038543245,6.741954083689991e-05
0.0126864570789961,3.417337338645515e-05
0.0112122492505322,3.780151392677157e-05
0.0144853501387202,8.35980386974361e-05
0.003589807545582,1.585450742924504e-07
0.000178607304304,5.413703060357543e-06
0.0157060327993255,7.353929279888095e-05
0.001477406873643,1.8429444945535932e-06
0.0111571793258634,9.710225373258562e-06
0.0032690584109532,1.8263714672045383e-06
0.0110176112625847,2.145838243088251e-05
0.0008815718145005,3.9174967997606814e-06
0.0143499276270245,4.530228951433936e-05
0.0198098716669911,3.5671887558715e-05
0.0113805109676733,1.8570443444200488e-05
0.0164993802943614,6.074351680516668e-05
0.0026428871803829,2.4626301628902566e-07
0.0159029041999152,2.5549820935783086e-06
0.0094008592064586,6.672522074915162e-06
0.0004381084928075,2.4810605659247226e-06
0.0125643483283563,3.308062205224103e-05
0.0029470333741303,1.519537724717073e-06
0.0184311449474358,4.745353190586258e-05
0.0115943246104864,1.1861100162625673e-05
0.0154457310195176,7.844903190697257e-05
0.0023334452668812,9.264321871608921e-07
0.0094914723870471,2.3065152201779443e-06
0.0113003635975869,9.62641940135936e-06
0.0112819908496276,1.1446326412396226e-05
0.0172722675141991,9.17263870377331e-05
0.0144472768755681,6.070439561186962e-05
0.0079015937491726,1.0287146867177365e-05
0.0191479229815971,0.00012058986310108514
0.0043310514637779,1.2137828669355776e-06
0.0138461619636956,3.525987996159556e-05
0.0056400948356061,2.143151983209955e-06
0.006009611912119,2.3273960532833265e-06
0.0188868367438373,8.059516027362504e-05
0.0096688558813832,2.1753496082715144e-06
0.0105916256955678,1.817629050970057e-05
0.0111304269173997,1.0390917008303739e-05
0.0164054391726229,9.676130781532303e-05
0.006804516055974,1.7497340459035412e-06
0.0055067281192978,1.7861248262216808e-06
0.0055746634498165,2.803168667409642e-10
0.0011535686305828,7.766570360831638e-06
0.004851428896323,1.7280448792496472e-06
0.0063244892651248,3.655843297482825e-07
0.0165196371332617,0.00014797782204716115
0.0166677786758571,8.862751757114855e-05
0.0125688376911876,5.5706113632228835e-05
0.0130807375826512,5.117624509970929e-05
0.0191425912334635,4.557604779203639e-06
0.0096987818716677,2.680902280974964e-05
0.0123861340384874,5.435904412148221e-05
0.0014320599651577,8.595666929913487e-07
0.0021290153479258,1.552578348771093e-06
0.0158991578885098,6.341821891869966e-05
0.0038026774259254,4.4297933333152883e-07
0.0051741004215665,1.0872260563016649e-06
0.0044344594445487,3.113712648957435e-07
0.0142907933569489,4.062394795148235e-05
0.0081234696087428,1.969477447465642e-06
0.0075924547692373,1.0152217821859198e-05
0.0168825976959723,0.00010440524556045176
0.0103855782660569,1.7801053310792942e-05
0.0123168026480552,5.542556436696302e-06
0.0108165028717454,1.1871310244742762e-05
0.0120732835433652,4.6678690913404935e-05
0.0174121001606431,9.914160501523983e-05
0.0044992261573937,3.6576733933764368e-06
0.0140635340957301,4.133367637869567e-05
0.0162624201517253,5.764428676659712e-05
0.0142850670234406,4.589639840035384e-05
0.0028702241485964,2.215552075237223e-06
0.0035308459945189,2.4969315370046964e-08
0.0050188441501156,4.4496798872073144e-07
0.0022304698469703,4.480294378777807e-06
0.0115538513374317,4.719335647464121e-05
0.0021536007791858,1.933398344441049e-06
0.002122248685222,2.5620639505386993e-06
0.0075450767561661,8.601326530409578e-06
0.0199359472570705,0.00014342054485095036
0.0050721352786994,1.9518710615742585e-06
0.003524196103081,1.3741523734222193e-06
0.0191308991193067,0.0001260414942258671
0.0059253628372036,3.703163503779325e-06
0.0040189555280763,2.3262132524117673e-06
0.0038745600874295,5.232637005405556e-07
0.0138222944618266,5.0738059793648285e-05
0.0124738836913992,2.5917645672437434e-05
0.0081564006763123,1.4170909419424088e-05
0.0131879182130609,6.890457514311375e-05
0.0148277586325681,6.926282454367164e-05
0.0185717982725804,4.164650456767846e-05
0.0093112994112963,1.8245898526922133e-05
0.008902540425715,1.479016824311752e-05
0.0060526390973033,9.775036793153467e-06
0.0017562254851627,5.151782984670422e-06
0.0172058272487709,0.00010761146388722372
0.0094907237258824,2.9092358638236007e-05
0.0148759860108533,2.877602510162457e-05
0.0144875379652502,8.129000514592294e-05
0.0129066837991034,5.139466873429915e-05
0.0081437373127012,1.288312495883144e-06
0.006427052677837,1.6802590546484208e-06
0.001510224678264,7.38545350519089e-07
0.0186618413622292,0.00015472720421016731
0.0124824552969407,5.207275032755003e-05
0.0023218228651042,4.47637803369069e-06
0.0049856012349807,1.8343804639960376e-06
0.0078541192254955,7.355512117178654e-09
0.0023157175559629,2.4557236994852037e-07
0.0166622294049167,4.2961345815690676e-05
0.0130930707596624,8.841708432650225e-05
0.0146002465401215,1.0285537883497056e-05
0.0001045154981809,4.4944144979288e-06
0.0059351590018588,6.228675298745102e-06
0.0052713207235203,3.4570009855161283e-06
0.014949904841863,3.553759689708933e-05
0.0114778492267656,2.9685228085914672e-05
0.0008448992137036,3.4160669677260075e-06
0.0170535107666113,2.3263293985098797e-06
0.00529041505484,3.370813131557577e-07
0.0178937193299016,2.09532473260108e-05
0.0116009734118347,8.780093810356299e-06
0.0024656265909585,1.4424858437713245e-06
0.0166463157774563,8.023629865865089e-05
0.0108674064372622,3.867949305517151e-05
0.0060963935301011,7.121006081584219e-06
0.0055581677695229,2.7748299553853533e-10
0.0055437782594544,1.2587445114362083e-06
0.0174161193122028,2.6562586624751143e-05
0.0080644801901407,2.5639853770449734e-06
0.0120432441445472,4.9840972046957544e-05
0.0049697702062283,7.22065583486691e-07
0.0080208249943319,1.0449398325816947e-05
0.0184303318638668,9.227482789044217e-05
0.0144489703825726,5.7799218368470706e-05
0.0088477655985411,1.3270007709793628e-06
0.0132336274497202,7.744583908953168e-05
0.0117104058609771,5.21649195942725e-05
0.0193867777320502,6.74482516876297e-05
0.0011228831625654,8.941026373444759e-06
0.0082218733996025,1.2494937726615436e-05
0.0110825048356688,3.435305819766321e-05
0.0028122027310758,5.251537932227562e-07
0.0142670631418396,4.375035487979851e-05
0.0023450575193873,7.065696624851516e-07
0.0147822463010344,5.4098853907215705e-05
0.0198379520530644,0.00016370731057056072
0.0028997057813469,3.858063707065745e-07
0.0166865443637149,8.70352126123416e-05
0.0029049351537945,5.904909039074707e-06
0.0004354931035228,4.963609707725473e-06
0.0131952415433333,4.526643177742938e-05
0.0155882327634777,9.106551180292857e-05
0.0077115953278704,8.328571490638154e-06
0.0081422513471411,1.1542271958838368e-05
0.0155206033495037,1.6742892897140223e-06
0.0109339131261643,2.0487127850963075e-05
0.0197619915181437,0.00020585440409918884
0.0039013985888697,1.62404026355899e-08
0.0046662106392947,1.0792958756413457e-07
0.0060591964040456,4.995898898682368e-06
0.0191069372564171,1.9687441633575064e-05
0.0141797806878956,8.163785070965069e-05
0.0149288472817729,7.70156907380354e-05
0.0031079296644731,4.3686970633416166e-07
0.0180467957659771,6.012898328495935e-05
0.0101808605886103,2.835391511624477e-05
0.0106768279051131,1.9786837756845575e-05
0.0168409988533119,9.148897165695322e-05
0.0020631238389816,5.238470923898764e-07
0.007105648954505,1.503572708434553e-06
0.0060502670033276,1.9611480118323635e-06
0.0081654074404338,1.374255494041911e-06
0.0133192193311927,1.932573145540164e-05
0.0081968633581254,5.745378447015233e-06
0.0085202134806388,1.0659151685773413e-05
0.0027819484726704,5.7984434334300185e-08
0.011225904748823,2.706871092777521e-05
0.0134522511084788,4.2988289111136956e-05
0.0163764544265326,4.416685115325476e-05
0.0137503811409873,2.9476315952757213e-05
0.000557159510908,5.995875936213747e-06
0.0132700638344677,3.8036159014989754e-05
0.0011216952827533,3.5026858084363674e-06
0.0150190851573084,5.443615814052214e-05
0.0188553109769725,2.318470139795212e-05
0.0030148192099636,3.916255106185488e-07
0.0144988074717243,4.357844142677252e-05
0.0183249168674984,0.00011007841820070035
0.0038872412693051,8.088577638783415e-07
0.0157870598212002,3.790237606902988e-05
0.0189726131094046,0.0001021678015347713
0.0100233901769302,1.0304258423802282e-05
0.0187519161400757,3.256280214772139e-05
0.0102095218447089,1.0173145997202832e-09
0.0194250246538529,9.392568701253435e-05
0.0043296115238737,1.9180013374503625e-06
0.0078714933884424,4.635844211025626e-06
0.0015357295620719,4.495548275933612e-06
0.0036762306414143,2.54353837593352e-06
0.0035302301187687,2.7282781981004883e-06
0.0176769463089384,0.00012440534342672408
0.0012996238437568,1.676026404944815e-05
0.0001606116513472,9.299807308156759e-06
0.0019797648170729,1.6308768450461134e-06
0.0047553557489692,1.7897407196319992e-06
0.0096477184717812,2.4619650061496937e-05
0.0055643411690242,5.274818969010437e-07
0.0179107184060456,0.00010098821969484809
0.001493947466305,6.073023027547758e-06
0.0161702943461856,5.5747454267503056e-05
0.0114567117156536,1.451372047612563e-05
0.0032172512398352,3.0278139479106645e-06
0.000338438667599,5.176674254678308e-06
0.0131939126908904,2.5103257439781193e-05
0.0160938028436177,6.690664227545935e-05
0.013336124033298,5.426631015316604e-05
0.0051824224565495,2.885368134071674e-06
0.0144773362412065,4.277276815173773e-05
0.0027157396406835,1.9031499207795598e-07
0.0022227454623423,5.281878516356836e-06
0.0101676174429376,2.6102367474107494e-05
0.0084924856835743,9.680017491062944e-06
0.0103657297006283,1.9977690967581602e-05
0.0142442100938037,7.654513804175783e-05
0.0033484894334114,1.394172699512029e-07
0.0184961614772387,0.00013014636181525583
0.0071080615555779,1.3511813024290832e-06
0.0028525036449303,4.3767074274696614e-07
0.000723571650981,6.620674753786328e-06
0.0080397607892798,5.4415929687900094e-06
0.0123285923042852,1.093332084179372e-05
0.0118977676281605,3.214930737319745e-05
0.0043843927903674,1.1585190969425571e-06
0.0156092059370566,6.051164714435165e-05
0.0015984790264123,1.2301806064584776e-06
0.016083967488732,5.744855812995472e-05
0.0196576280670409,0.00011638935597066423
0.0020380285110516,1.0466509656206827e-07
0.0068406704074527,1.1602258695007306e-06
0.0084003314975458,1.4952840019260645e-05
0.0078243655696149,3.897695284517613e-06
0.0161477742932634,9.991176516910912e-05
0.0114086830494692,5.5516114691031596e-05
0.0168050323559302,5.860811420067963e-05
0.0118041502274581,5.081261378122097e-05
0.0173255615191786,6.393667732301749e-05
0.0178252226939356,9.452132436356547e-05
0.0132578766270866,4.065345037027539e-05
0.0019194374525118,4.253424403701734e-07
0.0080067435543381,7.971533720913252e-06
0.0172304294317883,1.7200717297741574e-05
0.0127567665691561,6.0962975427978654e-05
0.0164440126541218,8.520811760496132e-05
0.0098760816836068,1.2635000894048883e-05
0.017408063881554,0.0001284110033314133
0.013182806428775,5.5737354891535144e-05
0.0001475482451453,7.42762906396293e-06
0.0151308424357374,4.026509381106655e-05
0.0150495081909923,9.340292959235772e-05
0.0140404338744474,5.017639271608344e-05
0.0167129363941368,9.624234044698507e-05
0.0167366313129011,0.0001253281670845682
0.0076620874452212,6.088898931361346e-08
0.0093692940568722,8.34550179265161e-06
0.0157559330211562,7.325358731672421e-05
0.0028507806128709,9.127067432682801e-07
0.0184349427272878,5.484526433237507e-05
0.0035624880266727,2.1379057728477445e-06
0.0114086411750504,3.0849446410599556e-05
0.0102717630666585,2.0401221753606876e-07
0.0196914036020125,0.00014616286358363817
0.0126815204858073,2.3544928130334087e-05
0.0110258828823005,4.3563879395854974e-05
0.019539008025157,0.00012615556344848535
0.0062061563708174,6.496176115352103e-07
0.0171039405046338,7.531967376775231e-05
0.00586082380223,4.613416702112068e-06
0.0116069256929804,4.706648126738617e-06
0.009051858822387,1.808749806052329e-06
0.0038227832615517,1.2406617170751696e-08
0.0193088962422619,5.5209490895043046e-05
0.0047404150900695,2.428899113780461e-07
0.0143951963700142,4.7939744980678156e-05
0.0105139887341737,3.5736710228809505e-05
0.0164200019317008,2.4736775596869754e-05
0.0187008059675889,9.27964208407421e-05
0.0058793711108376,4.0164942641476136e-07
0.0141489990398605,6.540351420712113e-05
0.0144378227141864,9.769488110342299e-05
0.0056442663773089,1.3003551314472429e-08
0.017140257466771,4.250539206588434e-05
0.0106592296573213,2.7317758170928128e-05
0.0188268199678528,0.00010868529504303449
0.0139691391771978,3.615786462455956e-05
0.0043449092652483,7.953912791800594e-07
0.0171064903630166,9.311204025260512e-05
0.0110318747167707,5.199371581393365e-05
0.0044033825930144,3.2926341702140487e-07
0.003829096295796,3.8708963601654905e-08
0.0096888279089043,3.4566137777632735e-05
0.0163899924192233,1.0524417477792246e-05
0.0188066483772069,0.0001019895988077448
0.0171343041922635,0.00013583996017991996
0.015817489976276,3.893964050301383e-05
0.0060271150832467,4.1738832352504255e-06
0.0169085386911103,8.012023608774501e-05
0.0075990782794935,6.99012676152724e-06
0.0034826813566725,5.014119173198532e-07
0.0078298780526117,7.54053130972254e-06
0.0075726922830234,1.4182659304894598e-05
0.0021937263959049,2.98092303180501e-08
0.0131730858848799,2.438597000158286e-05
0.0171203648563993,9.207442661526648e-05
0.0133947721587778,3.732110181810893e-05
0.0198743583068902,5.1223655557116574e-05
0.0078345061326779,1.9168117000974417e-05
0.0006201134668565,1.2200522286737383e-05
0.011056908372527,3.852147268110032e-05
0.0147667489218377,5.815524066228496e-05
0.0075119726956016,9.33570531456068e-06
0.0046891274387616,6.827992092867221e-07
0.019078320184752,4.7618415106298324e-05
0.0198821966764056,0.00012102467136839999
0.0170333628043612,0.00010209095069056682
0.002985779493292,2.562231841052139e-07
0.0152219030359282,4.1209744589438024e-05
0.0170249214999376,7.24111973796269e-05
0.0017022807889387,7.293457924522594e-06
0.0048478162197387,1.390967714809846e-06
0.0082737398020788,2.3856634634737476e-05
0.0014734557938583,1.036439520132276e-05
0.0089816217721452,6.754943537291994e-06
0.0199732365879738,0.00010139487129517463
0.0117777979744354,5.665152402779487e-05
0.0162638300903558,8.523615338031752e-05
0.0014625105854497,1.5831070890884338e-06
0.0082949683964078,7.781223168477079e-07
0.0048639725909099,3.1493278136664145e-07
0.0150114172214608,6.691360959386824e-05
0.0047366862515728,1.8559758556170992e-06
0.0136434158180776,2.8337853415443796e-05
0.0196019727701861,0.00014029865471039746
0.0116336863694215,3.990435392193001e-05
0.0181535073673,7.355087867045474e-05
0.0028532249785504,2.7401974363103233e-07
0.0005899568348774,1.890718318666122e-05
0.0012055238311297,1.3209657687655173e-06
0.0147580333431759,3.486273576959974e-05
0.0111254679554434,9.009333059824704e-06
0.01057715276985,5.375368355156259e-06
0.0132334033770603,4.4909906852350984e-05
0.0150844443939863,6.31016359485849e-05
0.0005857750364875,1.4906585023376162e-05
0.0199866737578414,0.00012044130375516099
0.0193146467005322,0.00010331975267305187
0.0005316176746164,4.600073774256843e-06
0.0100870580938048,2.4058522596295105e-05
0.0175175360187686,9.004195009880059e-05
0.0034347317290673,1.179614266638136e-07
0.0192500823527778,0.0001136067055717358
0.0031502613113282,2.527746262007773e-07
0.0005132931022949,5.183494213772512e-06
0.0159220640773174,4.7429116536610205e-05
0.001815584629029,5.760192270808803e-07
0.0030917428970823,1.7702608379744044e-07
0.0075668939929292,6.073130601499661e-06
0.0140903346815312,3.277768012231074e-05
0.0041577194037474,7.397581897844417e-07
0.0038903543826078,3.707274128757101e-08
0.0084649499416768,7.019264605399907e-06
0.0111475261438149,1.9469254285956928e-05
0.0008913995950315,1.1597352173028449e-05
0.0090389220325661,2.871227530264578e-05
0.0129349966442103,3.460518257929155e-05
0.0108431272222522,3.958354248962141e-06
0.0078337036398524,2.1493248531821394e-08
0.0001485974242515,3.200837515388267e-06
0.0010019714687416,6.917567865770366e-06
0.007559221658378,1.0344478592023862e-05
0.0110880861299336,1.0180410708885001e-05
0.0112687819124867,5.639688405200627e-05
0.000417041740696,7.566598756977251e-06
0.0173651364269377,8.08487747001005e-05
0.0009979832991902,4.984187113992337e-06
0.0106317528365046,2.4916856158733315e-05
0.0065756076307329,9.069828823961702e-06
0.0190545696006687,2.293670403567027e-05
0.0049634422252715,2.1048740684490246e-07
0.0022040278131233,4.923456640695897e-07
0.0036985229287055,1.8560650780038784e-07
0.0008219925053015,5.401274772995359e-06
0.0019995189944964,4.80171546199005e-07
0.0045723214747192,2.2138266982876187e-07
0.0019034373105006,2.140351947358713e-07
0.004651891930713,1.4221940826555027e-06
0.0042782989868542,2.3302595815832493e-06
0.0073639705262926,1.2285933112587054e-06
0.0122676986780455,1.29751158931569e-05
0.0095091912694932,1.26693265707554e-05
0.0178007805411844,0.00011390342813026881
0.0144542669229494,6.782380752663362e-05
0.0056680258494338,1.732011736118648e-07
0.0179651583318805,6.546316242616451e-05
0.0029050439065931,1.497540580378233e-07
0.0144345793676365,7.654723948517001e-05
0.0022219612383807,6.304709349839981e-09
0.0071591331287147,2.5364887022347834e-07
0.0125890473630136,4.5189555889130665e-06
0.0107090054006078,1.5307106811307968e-05
0.0059474886731513,3.5601434411022834e-06
0.008002359694026,2.7087112879399478e-06
0.010138893011403,4.875819969345545e-07
0.0107658284873423,2.5583831966239576e-05
0.016466950761569,1.4777010301364899e-05
0.0163230594137263,7.543352638185003e-06
0.014275504321738,3.3885113234696615e-05
0.0059905274551769,6.6587283869910105e-06
0.0151475201817835,7.22836629108996e-05
0.0118858167296669,4.140060020734736e-05
0.0016073997240575,5.971627782533644e-06
0.0012640974493175,3.0680520554659513e-06
0.0127135812099366,5.930895973220489e-05
0.0089277333989992,1.2262936709073065e-05
0.0129214906521003,3.5369443353419555e-05
0.0110443610237414,2.094112497860409e-05
0.005771024798907,1.1624956777771195e-06
0.0165965458126014,0.00012758192642206939
0.0101594388628903,8.195094992144039e-06
0.0183708411935616,9.057007325662084e-05
0.0142487253186746,7.449175164238828e-05
0.0041915992099901,5.119972234268931e-08
0.0047253065869165,8.715527865953385e-07
0.0137148963022635,4.814169826822855e-05
0.0192285772014563,7.655927868818468e-06
0.0004925869635222,1.109861697170187e-05
0.0032711545513634,1.918288512222409e-06
0.0100333760882228,7.84172083769025e-06
0.0128025578008158,8.159380807543249e-05
0.0199611070434898,0.00013748516028717794
0.0134885737200467,6.984050479440716e-05
0.0181361833965367,6.337658650626178e-05
0.0015914894876392,5.378175179925582e-06
0.0032005062941038,1.221892321397909e-06
0.0013613830116953,5.681053284665139e-07
0.0057346154680746,1.922691300130708e-09
0.0171777387747351,6.491724031131042e-05
0.0043108076405862,1.0764554516051667e-07
0.017794503023905,4.567343263688448e-05
0.0062084790471756,4.5976092056131105e-06
0.0020239048441199,1.7131169309884866e-06
0.0077249474018974,1.719738707506326e-05
0.0021897840343912,4.778985665800684e-10
0.0144110629268692,8.791445205000448e-05
0.0127348076038588,4.5641576459848395e-05
0.0071485958534436,2.193274728595156e-05
0.0006371804953075,1.308799827618632e-05
0.001492352647118,4.339064866481388e-06
0.0150037432457923,5.224561623302215e-05
0.0173687914658218,0.00016038079686148324
0.0178606952971841,7.771308124840112e-05
0.0079713084676195,1.0573119863648582e-05
0.0091269301858372,1.000008766074454e-05
0.0091450073202899,2.0798629597860463e-05
0.0189923641820722,0.0001395281257255227
0.009396924286112,4.622923310559787e-06
0.0105534779573044,4.622882950493861e-05
0.0188367878017225,3.8664015606269906e-05
0.0161345037731127,8.23679051419004e-05
0.0043475463908838,4.5146334767121767e-07
0.0027455854312121,5.51788386678443e-07
0.0012307934370217,1.992966253941781e-05
0.0198958290240044,0.0001287853376895868
0.01921643493403,0.00012419656184344604
0.0166157018465351,7.169377921191455e-05
0.0017930885095036,1.1704993990198812e-05
0.0022276407234527,5.052211468896705e-07
0.0116309716837051,3.284701755947495e-05
0.017413819962233,5.7982463858600376e-05
0.0033610872532555,5.568968249801702e-09
0.0099246985559407,4.6247289903614494e-05
0.0139013658797558,2.370200102896174e-05
0.0115522062152062,3.3848869775188015e-05
0.0191209206002618,0.00012565462711809346
0.0193559469792264,0.00010462614783297709
0.003879138175607,3.1129789382899567e-08
0.0194663841971395,0.00010549148197547214
0.0118029039027074,7.125446796764232e-05
0.0114559646434742,1.1703729058044144e-05
0.0026485806762462,3.5738799125221424e-07
0.0013775406713952,5.704955029592336e-06
0.0030418191246106,1.1436633263519927e-06
0.0128310739617674,7.430723353510984e-06
0.0155858918898116,4.1100982531393156e-05
0.016135035931668,9.05795727711132e-05
0.0009103605643456,8.165998324162979e-06
0.0152818192714083,5.037743987364725e-05
0.0106660279590269,1.4315627200056012e-05
0.0014319413156258,4.4056685848937015e-06
0.0157581977828938,5.407937991147712e-05
0.0172259752143467,3.738542084886668e-05
0.0108228950895768,5.636888229359574e-05
0.0119139265843343,1.8889199808844822e-05
0.0016174409770238,2.422874399193646e-06
0.0023016963184748,4.137059491868108e-06
0.0128471911239836,7.609960871091057e-05
0.0198382707157161,0.00012914404988229565
0.0082715153943547,1.80398055265401e-05
0.0136661323847717,4.194974494011488e-05
0.0059515459653119,1.156924544882294e-07
0.0019253891185634,4.833867076580482e-07
0.0186147148931948,0.0001642839633612279
0.0146166253507792,4.797226377232735e-05
0.0071065899016383,2.3536156055934135e-06
0.0189934864413414,2.5627361584719267e-06
0.0017011594121659,1.708681575306492e-06
0.015391087480937,4.3410520844550194e-05
0.0055094125907429,1.4864944963211178e-06
0.0183414370414069,8.494137519327942e-05
0.0141882576829831,6.0233900004603156e-05
0.0092194320776166,2.1779960798185782e-05
0.0162698099019168,3.405117927433116e-05
0.0047856316678554,9.726036461903142e-07
0.0191818068894189,1.6686988866219438e-05
0.0124720082940306,1.639508195468933e-05
0.0136445555648534,3.962392602441022e-05
0.0170438021146199,8.646810920912511e-05
0.0074682706560596,1.3439571566012714e-05
0.0174274888655187,9.877141393290237e-05
0.0183130358416448,6.08504941985269e-05
0.0024263268995167,3.3823838392056735e-06
0.007937947566266,1.1502473784256462e-05
0.0111349366938037,1.7692732491512337e-05
0.012230518743029,2.659465781067945e-05
0.0028457814562571,6.595916888707209e-08
0.0185366895206623,7.743055507077291e-05
0.0087693453013996,5.910765024952165e-07
0.0065757447526141,9.469286362767409e-06
0.005969384213952,9.99062716811723e-07
0.0107907251517509,3.205635834179455e-05
0.0181120766187738,0.00012497148472403728
0.0132081782603687,4.397217281192627e-05
0.0005325600313604,4.657250055758698e-06
0.0012041947226711,1.4344706318026512e-06
0.0069951670054048,8.207942959862587e-07
0.0080907359470903,9.030161529787321e-06
0.0013187648141066,6.537739244945292e-06
0.0197426868621618,0.00013236234451659986
0.0079645263623537,2.445275322682561e-05
0.018929979692182,0.00011662898088262139
0.0095651337291378,2.4176999714365876e-05
0.0170948589808668,0.00011019962319208961
0.0057627953208116,1.4020348377962257e-08
0.0170486449332353,8.716606842925769e-05
0.0175100630479857,2.570873413396089e-05
0.0036768513319247,1.1929448828678456e-07
0.0183522939495813,8.658671513685977e-05
0.0136313381976167,3.0380829912416354e-05
0.0183554039582047,0.00010907840663568801
0.0119240754527087,3.7539870742441245e-05
0.0105620600812601,1.2220565473763936e-05
0.0086281644904145,9.912022726813935e-06
0.0130127271681916,5.1552856160576785e-05
0.0067239344033578,1.0924453940450082e-05
0.0008839492099552,7.952425314157766e-06
0.0120483889231661,2.6982609589349966e-05
0.017349963750657,9.588334212424326e-05
0.0193611665183168,0.00012819992260143542
0.0119072388238491,1.5084581281163768e-05
0.0067914916119018,2.2166884003402838e-06
0.0183938407862233,3.383707690213892e-05
0.0079398697311308,2.2525318342269905e-05
0.0010422425675106,1.7810212388131015e-05
0.0040482657342714,1.5286598400860758e-06
0.0121532275023336,5.021805629956628e-05
0.0027045089336352,1.1020892846633766e-06
0.0155676146984747,7.66183483049808e-05
0.0119508417772676,2.560541451902115e-05
0.0162948798274825,5.468817655164601e-05
0.0095178312887412,5.881129122387583e-06
0.0190694041866755,9.243691016212799e-05
0.0168484988617326,6.994545522540805e-05
0.0123959721789192,6.775121342225857e-05
0.0001982438789876,2.0260290493626633e-05
0.0159184031251341,7.421059327889817e-05
0.0068791121997963,2.721985147615098e-06
0.0120673507097681,2.948854179410442e-05
0.0182658502319345,9.250691795323462e-05
0.0035459648770695,2.917702210390469e-07
0.0033470381972732,2.86398692125777e-07
0.008788947441509,8.809268482473626e-06
0.0139699620266468,4.606917489444142e-05
0.0158309081535669,3.551187504114188e-05
0.0077787260804725,5.645628070812037e-06
0.0088555396340877,7.970320789173298e-06
0.0199417043482717,0.00017076834838923108
0.0045665686920678,6.77753882925806e-08
0.0185847390339041,2.5257944168986354e-05
0.0117672820923175,2.628261103238076e-05
0.0193220044725185,2.826092332024215e-05
0.0077909478453245,1.2839561488041441e-05
0.0041393911091288,2.476842391168671e-09
0.0040828058497128,7.058184021887234e-08
8.116171083486945e-05,1.4024637128913084e-05
0.0083709421932148,1.9642165631718088e-05
0.0015463959971305,3.639065579531408e-07
0.0090796976909425,5.256271640227706e-06
0.0069134483963646,3.2380017541678764e-06
0.0163518082262642,0.00010236448442318878
0.0058436225076463,4.106651608659754e-06
0.0063415647366011,3.5949247344492796e-06
0.0189627324560796,9.457092798594413e-05
0.0170368047432497,8.091773381311337e-05
0.0090532384216909,1.0903309992052725e-05
0.0157969115067554,6.785832880343138e-05
0.0104414708032026,3.455465551119353e-05
0.0067957030601461,8.039155323332443e-06
0.0082486791557656,1.7075518156857314e-05
0.0167294423425004,5.8945022753529996e-05
0.0007636903345801,5.640801577431682e-06
0.0128365463536245,3.4782294497154026e-05
0.0156423373284386,6.743015970258587e-05
0.0032374498417997,4.918966821682067e-07
0.0050194315861556,5.889358523975431e-07
0.0085871984504581,5.6828193271402275e-06
0.0191264103518514,9.048688792759003e-05
0.0178326427042508,3.621937310094597e-05
0.0112749135046957,3.624720008611632e-05
0.0046372429283228,2.5713967960254307e-08
0.0065875593695687,6.239684987387564e-06
0.0118045257640317,3.089995172720908e-05
0.0134977655145217,3.056074617537458e-05
0.0170108169683173,8.885616029725989e-05
0.0058842722805898,1.3165521556370255e-06
0.0112763631288322,2.0234324735412724e-05
0.0064730003291676,3.264245133483417e-08
0.0004310016591834,8.158011946070308e-06
0.0165044355011862,2.9803538956654936e-05
0.0066532358427496,1.1543871394813988e-06
0.0006354712305967,4.99203762030098e-06
0.0070568721387056,5.321404107469085e-06
0.0059091306218027,7.554499465806417e-06
0.0089692726160292,8.481769707047672e-06
0.0182957653417339,3.5881583078088976e-05
0.0052418841246843,6.178650278151071e-07
0.0149346475554069,7.659878799435088e-05
0.0107078230543496,1.1732176625577744e-05
0.0138540444231829,3.609224860858858e-05
0.0070371437188891,3.5490697715261936e-06
0.0121284128169928,1.7614610943760586e-05
0.0103489547135206,3.6387724251945515e-05
0.0053099698506336,5.1827866705747894e-08
0.0086267759625621,1.659946776334669e-05
0.008885776557198,7.108995813368734e-07
0.0153540271693391,7.269608006783971e-05
0.019676275138684,8.01763386230259e-05
0.0029700330202677,1.9001113341000603e-06
0.0018435604290365,3.032263291037873e-06
0.003918973125542,2.242499652642581e-07
0.0001209048926196,7.940164261601505e-06
0.0194851549070093,0.0001195385413625265
0.0148782063012886,2.534396948335391e-06
0.01708904555649,6.319071995408353e-05
0.0051883503503808,7.266535578910511e-07
0.0099182816750157,2.5420844397511792e-05
0.0141544932661425,4.493758151754195e-05
0.0041561856677662,7.253022869625134e-09
0.0086062201998631,6.276479948205021e-06
0.0117633177645197,2.630031655224927e-05
0.0046851501593222,1.5201437610892988e-06
0.0048255942135648,3.5098676096755584e-10
0.0165033903527831,1.612941020182341e-05
0.0088192188958702,1.8718091990308677e-05
0.0146007537426517,6.936050988218557e-05
0.0064262651280565,3.096625169848289e-07
0.0043921335242659,5.709167784078772e-07
0.0053354404120287,3.164897645633451e-07
0.0001269676251489,6.583540061892652e-06
0.0144110757306439,4.9688592376949704e-06
0.0099801898887276,7.086296357917407e-06
0.0108813146635456,1.2106936308456104e-05
0.0139628153021343,7.971202381222121e-05
0.0049307725134487,1.5198794415354183e-06
0.0030170482794675,3.494289168804512e-09
0.0178676145725727,0.00013949083058736056
0.0195791497728882,6.30623086057616e-05
0.010838225797049,1.3704384092712576e-05
0.0116879279010997,7.1612247370179524e-06
0.019390222126791,0.0001242942177573215
0.0093570885379676,1.3021507109874984e-05
0.010299220892722,1.9355432852504453e-05
0.0046131876688762,3.414844309515579e-07
0.0076014009593783,4.589593029418973e-06
0.007105268491577,4.649978944768998e-06
0.0173310281964621,5.2656579795964446e-05
0.016166359034741,9.39372345236504e-06
0.0097061761599222,2.392254634818241e-05
0.0041214210254198,2.792446417139951e-07
0.005752475554816,2.3926960982136895e-06
0.0071601994449345,2.8642756394687945e-07
0.012922623396964,2.462438583279563e-05
0.0078804486661488,1.7262897372886416e-05
0.0112581364191217,3.080643165194219e-05
0.0022139893767407,3.346297770851439e-07
0.0033415615441005,2.3376996388220093e-06
0.0059984221281363,6.476567674464199e-06
0.0104143429084012,3.0608976398688663e-06
0.006410233144314,1.20168830810614e-05
0.0144174345764948,5.430905156584505e-05
0.0145143503634493,2.9519439145011584e-05
0.0024397000434151,4.444956920413477e-06
0.0052004746312135,7.175199000209179e-07
0.0143547520963028,5.6563415892788856e-05
0.0177756235828316,7.827215392839477e-05
0.0081410650732005,7.987866633203051e-06
0.0003515460473744,9.32312371034721e-06
0.0038707900917902,2.5776789593793724e-06
0.0070867401816572,3.709665353486185e-07
0.0196955124864456,7.358539461662961e-06
0.0066507554050384,1.2933732564945687e-06
0.0134072772890827,6.34630393552905e-05
0.0052839888649127,6.496934227584037e-07
0.0037602850542742,2.529957762298145e-06
0.0198229727160178,2.628618199702895e-05
0.0091990217470905,1.646715665233444e-05
0.005359829523941,8.659192726916073e-07
0.0126343993151069,6.024846223399099e-05
0.0158465245989527,6.468822708719761e-05
0.0162445719923675,7.33653136193759e-05
0.0038626967946076,4.738866530244573e-06
0.0174669348107924,7.841519123627302e-05
0.01106165008345,3.0418627114011273e-05
0.0164520283868363,0.00013134544672343577
0.0052857907670248,1.3245304102773418e-06
0.0084857965800931,2.135506319904724e-05
0.0169869898216933,0.0001264478807094369
0.0034379746453481,3.210967995407721e-08
0.0108926801717129,3.22834119414961e-05
0.0060330803431354,3.7541639568831895e-06
0.0177580205307202,5.9426363947968906e-05
0.0065151628632125,3.669921042535119e-09
0.0159802233959287,5.0055543456826234e-05
0.0067578859724999,1.0939234217955323e-05
0.0157814250277085,7.432304333772726e-05
0.0103367624875643,1.278513475548485e-05
0.0188665592901682,9.750474129847613e-05
0.0121802156178194,5.479092693993441e-05
0.0042012781379792,3.653466360502104e-07
0.0056706893974152,1.0219993396913885e-06
0.0103695352689454,3.05252096119991e-05
0.0189664770517317,4.042922273571804e-05
0.0187141625904883,8.329418061744967e-05
0.0121946809192181,5.1635673915897794e-05
0.0149633568505008,0.00010685806187389667
3.867562968040028e-05,6.1324282947797975e-06
0.0098288497929296,3.462100897368116e-05
0.0044623544297424,4.700166354167653e-07
0.002783445956124,4.2931303650641115e-06
0.0092212040489603,1.5971578676499053e-05
0.0168068257179413,7.381554970334997e-05
0.0146808834995519,6.518218439230996e-05
0.0093034961648492,2.4918332274913514e-05
0.003663528241067,1.530002786278488e-06
0.0147805119965598,5.0291753401679764e-05
0.0062904808350008,2.1721212087688296e-06
0.0174380853507006,9.347095543627766e-05
0.0043747541872093,3.6293780816004294e-07
0.0111143149297925,4.913144871753586e-06
0.0047601282443662,4.441526374843621e-06
0.0116831654112915,2.581750392701818e-05
0.0152378663994417,7.480725384646668e-05
0.0040596908219359,1.0522739882173346e-07
0.0066955096832823,1.3019937477094494e-05
0.0190060189274633,0.00017191944289955512
0.0197766408700712,1.658559655932611e-05
0.0119749844808846,5.109705446392763e-05
0.0028515311216947,2.12604289576376e-06
0.0031199425294935,1.3644708446740455e-06
0.0087701103526371,9.09900297517366e-06
0.0106474139122548,1.0454311371111366e-05
0.0108497252753832,4.6524336315909235e-05
0.0039812668905869,1.1403192610837864e-07
0.0086360368309525,5.817129232959048e-06
0.0068730231272934,9.06137833477749e-06
0.0143617441535062,3.760572439025181e-05
0.0146995245642135,3.878646709900703e-05
0.0088290510526947,1.5537914697963416e-05
0.0191054023725133,3.333487221453486e-05
0.0172889921210715,6.061063090320691e-05
0.0073363108713659,8.80639869635219e-06
0.0158311209431126,1.633476183464841e-05
0.0101602179569865,3.821526443297186e-05
0.0125797952267769,4.2535549764783514e-05
0.0082995971210294,6.418294943985582e-06
0.0135067142340114,2.140139513334728e-05
0.0117428552766588,4.371194429736899e-06
0.015969770942413,7.550358892732042e-05
0.0005229215456579,1.2644495771632458e-05
0.0024727209999494,1.1362428424189203e-06
0.0159483784878473,6.192547898990083e-05
0.0188357445058651,0.00010386179103437715
0.0101902511384872,2.0033633409235597e-05
0.0031030919440462,5.498868781043494e-07
0.013217057445055,3.0895736165640845e-05
0.0048923766038404,3.0435906272065866e-06
0.0120662850068084,2.2707826313950225e-05
0.0077572478007064,1.1196468636357777e-05
0.0062646634614125,2.307922212229286e-06
0.006382602369895,1.413454953731107e-08
0.0088603998843981,1.1520330854746953e-05
0.0091076476948449,1.1434644650197415e-06
0.0183518533253896,1.1738880336541936e-06
0.0153974607047189,9.334007269092264e-05
0.0175573236048576,9.278337962657986e-05
0.0039301916094886,4.5475144871447535e-08
0.0092722284612234,2.33307577451823e-05
0.0070405711448054,2.5352520066939824e-06
0.007755210180029,4.19491036643504e-07
0.003415879711692,2.898587534978542e-06
0.0169629129644844,1.1164257996660851e-05
0.0091868430030454,2.2433443386995532e-05
0.0178886245141538,9.658229224899115e-05
0.0144978806126327,3.895652196404108e-05
0.0169190970545943,4.399205124686922e-05
0.0062460022556999,1.0508273577738777e-06
0.0049993554212153,5.191739658475116e-07
0.0055807105200663,4.3501526034944323e-07
0.0150983817016484,2.7436938976604372e-05
0.0197078641238755,0.0001388379929267513
0.0101721320270148,2.8046998449354884e-05
0.0046501443757198,4.15638615889537e-06
0.0122106293866823,6.0056528670670056e-05
0.0070042085462151,1.9428720454642175e-07
0.006521371775246,6.285006376273089e-06
0.0005730392275919,6.952239672146229e-06
0.0151642744458312,3.188780564423614e-05
0.0068663363120231,1.1125126111985722e-05
0.0169458719433743,9.691981785796283e-06
0.0160020303075557,8.012881490841216e-05
0.0123044249381886,3.993483512049253e-05
0.0158117209641878,7.335096745029725e-05
0.0077553397853247,1.5514542648744747e-05
0.0103260688173829,1.5370748513475445e-05
0.0054029141058311,3.4156055635245877e-06
0.0068710208766803,1.1470123609420992e-05
0.0076393254644816,2.626800968826388e-06
0.0143551717940867,6.291050304414112e-05
0.0145134468138817,7.0613231164738e-05
0.0075588963987609,3.412897292977999e-06
0.0145780905475302,7.358382828225111e-05
0.0184210149725946,8.54688377386226e-05
0.0121817272976349,3.9279369787528196e-05
0.0185068791939093,0.00010405735852347192
0.0049345511505568,2.2175034156347167e-06
0.0166552260298743,9.904845179502163e-05
0.0042123442356391,3.0357453896105018e-06
0.0168553637341376,0.00013563216243880032
0.0156135812852463,5.684119214858699e-05
0.0084621181431183,7.5060361815741304e-06
0.0040969000211625,1.157886131432977e-06
0.0096036698215589,1.687012870862614e-05
0.0148016700893108,3.561541254102953e-05
0.0159830733065607,0.00011812254662628467
0.0170991578959549,8.913393930857371e-05
0.0162136764139736,6.552104019462715e-05
0.0174281846979238,8.47469824374852e-05
0.0064702056097963,4.586254215704582e-08
0.0125743266685404,4.898337970920704e-05
0.0096351316223265,1.8131511279663375e-06
0.0185999815644199,2.9634252606548575e-05
0.0188066754538099,5.2360183459354215e-05
0.0179190636915195,0.00011901681845731432
0.0057544617676157,2.4672549903694877e-06
0.00753404643222,1.3774711887118057e-05
0.0067773975739971,1.125520729738116e-06
0.0061931193191251,2.3763678607261386e-06
0.0176734086652477,0.000131205385344757
0.0092492526444695,2.716012431775127e-05
0.0135509605455559,5.264566281689563e-05
0.0145623864898654,5.350291654376276e-05
0.0149427253900685,1.4857517421761534e-05
0.0055992436691829,6.343165124748514e-06
0.0055039838604962,2.9147675640268e-06
0.0182191337008201,0.00018996099435406011
0.0194023475326451,0.00010341059570300953
0.0092265460125509,3.251852317442169e-05
0.0008615092154031,5.756240586004101e-06
0.0153437119548871,3.6047393651685646e-05
0.0034491469722454,5.444858211032693e-09
0.0047027027644046,1.2634969090679533e-08
0.0051240431143232,4.182265433476811e-06
0.0071668824290124,1.5196148427585055e-07
0.000437027179062,1.2189320770196525e-05
0.0059238350521909,1.2347841053022883e-07
0.0110488901603134,5.404051932714956e-06
0.0079362762337749,2.1046776374186456e-06
0.0152263240197631,6.5733097926011e-05
0.0191143211540152,0.0001612983953760622
0.0075642004883551,9.368980987912082e-06
0.0131223912476631,2.6717683175565963e-05
0.013061475391946,5.007617203244201e-05
0.0055552842714947,7.82881282317658e-06
0.0050520946126027,3.6055495214010968e-06
0.0094641056448034,9.012812583081529e-06
0.0143584871910935,3.6296290315482144e-05
0.0053392099653056,2.5382018813075497e-06
0.0160974340131953,7.947543656795268e-05
0.0029427636181822,3.0997329206465192e-06
0.0027141061234463,4.184159800988875e-08
0.0115435381032188,3.37480831390328e-05
0.0087055264935159,4.4794066512254375e-07
0.0019893719314602,6.780357380160623e-06
0.0035366063342022,1.9528577703189892e-07
0.008195015977432,1.6303277303268828e-05
0.0077373027355676,1.3005681226801777e-05
0.0173389886834226,0.00011701829928108013
0.0080152931975641,1.800378383640373e-05
0.0091158093169858,1.1768907869983372e-05
0.0071600012085792,6.100193588224945e-06
0.014062895464282,6.319813208808374e-05
0.0113902840594662,3.157386823495802e-05
0.0121642025978189,3.80272283920086e-05
0.0075044567925145,5.57997426683901e-06
0.0079447918036522,1.827892131281755e-05
0.011000681424476,4.778742520382042e-05
0.0066864651883772,1.0186222410438879e-05
0.0084751303706278,1.4504128842353996e-06
0.0092822345807228,1.6942311930028585e-05
0.0160566729277033,2.6468519908272146e-05
0.011679779670763,4.541716846007032e-05
0.0132409604948917,5.446119594704003e-05
0.0072704491715986,5.289030383233772e-06
0.0168148576574914,5.3226378373643894e-05
0.0134539830624769,7.110982667670651e-05
0.0061489605229132,6.65072904163608e-06
0.0019129964784856,2.4766831305466407e-06
0.0125596052614311,2.738681843462714e-05
0.0175770030386781,5.959388153722817e-06
0.0152922598599767,6.323681477553311e-05
0.0036319315597622,3.3404098370016486e-07
0.0054785414355161,5.667670546318398e-07
0.0186046571582531,0.00012958301120103604
0.0094438269656949,7.396151858842856e-06
0.0074090336922277,1.8980129978322278e-06
0.0060081133521062,7.682352516220733e-06
0.0089298116613203,5.323842806971519e-06
0.0176249088911364,1.9137466065801546e-05
0.0030801569418192,1.8757974377460186e-06
0.0148615880418371,3.832601349093207e-05
0.0134875273084739,2.208913857796498e-05
0.0188905396659733,7.20358190126315e-05
0.0049442863477073,5.385019090459298e-06
0.0100114727523732,3.952626388924401e-06
0.0099324906664757,4.3211777891348677e-05
0.0190127052210196,0.00012372408084011905
0.0176049994780112,6.749089463141197e-05
0.0067873457723998,9.321204176162769e-06
0.0108660891135258,1.2158289614373652e-05
0.0114755589390658,1.4910186330283411e-05
0.0046440208217457,6.429404842274347e-08
0.0098579757867861,2.4099147725355668e-05
0.01106506219708,8.243289626864277e-06
0.0155700595537354,5.248385303728643e-05
0.007264702652202,1.830679897188549e-05
0.0062198983549797,1.8591017302823743e-07
0.0116423730861103,6.720719362823727e-06
0.0049110908319318,3.857634137916501e-06
0.0111178346850113,9.566825476610462e-06
0.0018720681942458,6.868069516115448e-07
0.0093207955256711,6.4107584348863195e-06
0.0190756357728542,9.19496818469518e-05
0.0096259383212513,1.9741632285922743e-05
0.0084652424325217,1.9579700061619656e-05
0.0196381190265271,9.339406165672087e-05
0.0076107292262496,4.823795177593333e-07
0.0128268580746808,1.1880358381038258e-06
0.0131433171963587,3.7518856103160004e-05
0.004223984400148,1.5433619248178663e-06
0.0134583961179824,1.7227913158246978e-05
0.0080488366398729,1.8269952314778858e-06
0.0022070258482751,2.339554493721518e-06
0.0109633601340205,1.1418637521762432e-06
0.0153524389787854,3.8153943571619464e-05
0.0150445787047046,6.052148764977213e-05
0.0148563967708466,8.369714806189165e-05
0.0103558463880048,1.098429966783741e-05
0.0176170222059372,7.74086549472663e-05
0.0170812438314565,5.7332374759750806e-05
0.0075506199395321,2.345972444709982e-07
0.0072472634853685,5.559666352609808e-06
0.016115140920139,7.813561516259489e-05
0.015248757756057,7.548609368267456e-05
0.0159946745515994,4.700565651262387e-05
0.0166499202510358,1.5884170906945262e-05
0.0020589757490186,2.9207012024739397e-06
0.0110468194926386,4.8522782419071244e-05
0.0167756322774358,8.639811134717942e-05
0.0027540064127644,6.391094766318215e-07
0.0071256204510918,1.2026882688741445e-08
0.0192207994240097,0.00012022424282447303
0.0151500738846575,5.681443931358377e-05
0.0052858611568942,6.192360727992769e-06
0.0092302159231695,1.8118765923032553e-05
0.0106589104177036,2.240794427087557e-05
0.0165034756309614,7.740259921439363e-05
0.0173222916094864,5.733614162408546e-05
0.0094915579513018,4.1356971334904154e-05
0.0033548237133654,3.574351095545465e-07
0.0115430528461907,9.131379783887472e-06
0.0092922432124863,1.070506076578263e-07
0.0088596378927307,1.546590425754159e-05
0.0082114099351943,8.430482043383153e-06
0.0007139741144591,1.5648815814587624e-05
0.0059347849111517,2.3840937995830436e-08
0.009393081144871,1.7192725503767554e-05
0.0157570743949234,0.00012048671456079728
0.011608114113505,3.3380563389113264e-05
0.0008381327987337,3.71620465374685e-06
0.0055742929501533,5.3612622247322905e-06
0.0055637868866794,2.6770917879906874e-07
0.0148248679840528,4.791227746961433e-05
0.0020934825806572,1.7704686619010755e-06
0.0181475637415738,8.850629537029185e-05
0.0163672889147682,6.877413796338937e-05
0.0030568975761138,5.600750685988188e-06
0.0164933260754799,2.1654086664379845e-05
0.0022247292961933,1.655836495838637e-08
0.0176607006762518,7.636566354779621e-05
0.0034030948655241,4.577763441262662e-06
0.0176626450344741,1.9435889376168336e-05
0.0078122591410794,1.9405865686314907e-06
0.0148313957743705,4.248458796890269e-05
0.0006930562045206,3.7567019624566893e-06
0.0170342743377165,2.7058380031708343e-05
0.0180241164687124,8.241066592460537e-05
0.0163646420341975,5.7395981014580776e-05
0.0080061840931144,2.0554827558126163e-05
0.0086895640151313,7.246070894993e-06
0.0021817220122396,9.133916811665818e-06
0.017786942836136,8.954996530278598e-05
9.116922188384224e-05,6.41702204941558e-06
0.008075472671872,4.4467781911144804e-06
0.0102722868171099,3.616940754695206e-05
0.0191606363257862,0.00018177639879759388
0.0165784281042523,0.00010106993545860311
0.0134143153013541,2.595118467597357e-05
0.0176474555005715,7.830218694436929e-06
0.0129325217394243,4.466439197495474e-05
0.019592319512948,0.00012009217415295589
0.0101489157655471,4.441600018496316e-05
0.0195349563702594,2.6079691015326352e-05
0.0073022283090864,4.742575537752499e-06
0.0078952968187356,1.0050440122955827e-05
0.0106730668100443,2.253269851224822e-05
0.0044779175682751,2.9263399158025403e-06
0.0145824257840472,5.909666376558749e-05
0.017141188286184,7.796982877394372e-05
0.0027183823902352,1.635376202550671e-07
0.0016594707655828,1.1794475067854058e-06
0.0029522957235865,2.8793255558935167e-07
0.0045984070504734,1.1646689986781483e-07
0.0124729511423322,1.8484637848764412e-05
0.0130025572746965,2.40817423899421e-05
0.0164897326384974,4.170304430966685e-05
0.002030161833152,2.7121934737011247e-06
0.0088548416931403,3.0798977511488954e-05
0.0194289893482302,2.6556592500276044e-06
0.0169147959751112,0.00011657985285598764
0.0031722866827715,4.680221179465934e-06
0.0054890224313341,1.1864060673858782e-06
0.0188040627419977,9.272102371928063e-05
0.0160180161290538,3.097339497229546e-06
0.0003875490697163,8.201342542239428e-06
0.0060148426862167,5.048384472834682e-06
0.0078968782955136,1.2325492400840238e-05
0.0155214048258096,8.648128808640464e-05
0.0117004421528768,4.37651121076703e-05
0.0180614714302221,3.7460274503044566e-05
0.0176054751218831,9.031685823565441e-05
0.0044368470830067,2.962828132130677e-07
0.0023879384850288,8.509529715455503e-07
0.0161547465527781,2.60588286868496e-05
0.0068824610590613,6.671108549209049e-08
0.0138426596701096,3.432857177191606e-05
0.0037129305026172,1.2190102179452818e-07
0.0103208017771114,9.70968526939195e-06
0.0142899594498763,6.23812167877324e-05
0.0161016342959715,6.951504335834564e-05
0.0012922767940572,1.5773113359231147e-05
0.0129057271594065,3.176843387364381e-05
0.0082260420034115,2.266146593764844e-05
0.0116301580312371,3.436667488481906e-05
0.0022405954256108,1.9658650042568833e-06
0.0097751790612045,2.0302331704908562e-05
0.0055510644694642,5.164173977765066e-10
0.0031270482811193,2.4336224597332283e-06
0.0186257894321509,0.00015682257260393276
0.0199238778643919,5.962084982281176e-05
0.0071360823110513,6.698135414904079e-06
0.0148999602180398,3.415881570043716e-05
0.0034911871335849,4.487234557512826e-06
0.0124743026480292,2.8384830507131424e-05
0.0138524359224229,3.739977526825793e-05
0.0127751414829411,2.181845553404351e-05
0.0140252900083505,8.469890260059757e-05
0.0153995168258855,3.946897863803109e-05
0.0046578520836341,2.349565980439068e-07
0.0083685337403259,2.7466099646466948e-05
0.0063815589675866,3.4574868726689156e-06
0.0178435303996043,8.011276608549079e-05
0.0055162406803655,2.485271040577297e-06
0.0085768068710505,9.92830368817927e-06
0.0056192476235109,1.8993950348730853e-07
0.0003528022027762,1.0184175672441022e-05
0.0041579498777375,1.4407078982993516e-08
0.0146886172853952,4.5522042046013266e-05
0.0141626105827467,5.367233266576355e-05
0.0058951300332445,5.716037629981775e-06
0.0104020816920606,1.4694618265211595e-05
0.0174450881134707,8.145089008632022e-05
0.0033300497236102,5.860711990921046e-08
0.001803335170571,6.045348036621815e-06
0.0149219582472337,8.295675201887389e-05
0.0020457174727834,1.2870124815327243e-05
0.0055543789500691,3.105154832257968e-06
0.0010314579698685,4.385825030380947e-06
0.00886915793126,1.3651485260409902e-05
0.0017244481491119,8.932270404538486e-06
0.0145935929011089,6.301801660122391e-05
0.0042027544063572,1.252053911914268e-09
0.0155294181462014,1.80377782357059e-05
0.0132682667631067,3.83749136159173e-05
0.0197987830765377,4.377326194310661e-05
0.0140605351522839,5.547591641403624e-05
0.0081562471091649,4.032675789107707e-06
0.010497177585344,2.7862983938552788e-05
0.0149378855284445,4.665920268649904e-05
0.0155329810200799,6.463016819656512e-05
0.0162560488144601,8.754939263835955e-05
0.0136010208387094,6.021746802490591e-05
0.0120436228270765,2.4862650723179087e-05
0.0011963306640884,5.936623137123928e-06
0.0071776772949979,9.408226531358678e-06
0.011294040478865,1.5980528829070835e-05
0.000460948729614,6.033886793742388e-06
0.0091518690695981,4.897255361496593e-06
0.003842599785076,6.075866387082972e-07
0.0149261365695631,4.349964857081983e-05
0.0026409803513567,2.359269262314371e-08
0.0046732549208943,1.1225407921010879e-06
0.0105372175299034,4.4974695480953826e-05
0.0052366571119176,2.3397289114855627e-06
0.004539886342475,3.1061046473963536e-06
0.0141911025750849,3.8587788702124865e-05
0.0059899154503018,5.563924376765657e-06
0.0059182470431578,6.8610089534351435e-06
0.0002923860723855,1.1683795452087303e-05
0.0189654419399378,4.6167209608923e-05
0.0010296324076138,1.625623608770922e-05
0.0136342260015972,4.414732142205487e-05
0.000789584170918,2.77490382505589e-06
0.0150769288860609,5.283961753053994e-05
0.0009097257240592,8.213605670436248e-06
0.0142142416463353,4.469734590705837e-05
0.0148686329223115,9.297439371228601e-05
0.0001468116439178,1.8191423147808394e-05
0.0121168986494865,3.804329670696441e-05
0.0089521847571749,3.6624834679761384e-05
0.0059234854854642,5.151730625831627e-06
0.018095820775458,9.064501990522527e-05
0.0112783268688697,1.702744213863757e-05
0.0195624704675827,0.0001334648891614479
0.0167787439472368,0.00012487304317000819
0.0150858390067208,1.865424653518655e-05
0.0179555588486949,7.207478244381778e-06
0.0085705673917398,1.6032459014778232e-05
0.0033921229262358,5.828724674175025e-06
0.019984329274698,1.3093615269025031e-06
0.0128756473665978,1.831566631710032e-05
0.0047486499453518,1.058463867046947e-06
0.018619361685411,0.00011124008046962026
0.0145689738478515,6.098970530561485e-05
0.0044930663647514,2.470080468576581e-06
0.0148535387732823,7.323769480601428e-05
0.000749830949564,1.3350989397738783e-06
0.0078827241240287,6.672415586193415e-06
0.0103096002129823,2.0617249745566227e-05
0.0180916580872261,9.961939070547517e-05
0.0118801314520635,2.819669274217989e-05
0.0169407453508592,8.066347147166037e-05
0.011332441967953,2.4999411305562823e-05
0.0185371800296271,7.371466537919444e-05
0.0156679691554925,2.1469313946448886e-05
0.0024340856375214,7.66392185723947e-07
0.0104653581200303,5.596737985878936e-05
0.0066621444931098,1.1136811934667504e-05
0.0194747741110348,0.00017022835003156035
0.0191112565440198,3.6037063319045984e-05
0.0162739696392429,5.6774150645845396e-05
0.0006698754116838,3.975561746057492e-06
0.013896676450897,1.21116651415616e-05
0.0165014307554194,9.267298424135016e-05
0.0001004164121617,7.986422355407016e-06
0.0102625829577721,3.4673185325500895e-05
0.0039735587583474,6.247221979445016e-07
0.0055078479190027,6.293600314699604e-07
0.016387238879496,7.94271823616427e-05
0.0092352226942363,1.660043690276979e-05
0.0002443401182467,3.7598235685632175e-06
0.0148279607597318,1.5081270313467817e-05
0.0017332846899153,1.4266836126498747e-05
0.0140866425108937,4.676501550778015e-05
0.0011585216009835,6.10991072713022e-07
0.006807209958682,1.2202230872533225e-06
0.0121208024535902,1.8458229992562164e-05
0.0051642748847217,1.3288519874125043e-06
0.0145710157915631,3.838738923867114e-05
0.0152474150242836,6.750146835435129e-05
0.0106556491464736,2.49524090873874e-05
0.0184185276697628,5.285182258221148e-05
0.0104623027875171,1.492096237795351e-05
0.007852018883006,4.470789226130581e-06
0.0182385118902285,0.00013078353436380197
0.0067763860822098,1.3509386360548376e-05
0.0039075499202963,1.1537116883198465e-06
0.0191586161310839,2.423504476902311e-05
0.0058999726892764,8.93318638937572e-06
0.0086940085735942,4.690179665904942e-06
0.0170727476415029,7.535819933195928e-05
0.0001048859324145,5.553026319756416e-06
0.0138507992558984,3.413213845801035e-05
0.0114869142233704,3.0404800047206932e-05
0.0153119253941533,6.201180891165497e-05
0.0048333651146534,1.9777370487046444e-06
0.0142777442014316,5.957590118357194e-05
0.0067693132857295,7.457157356027703e-06
0.0172386774605719,6.749493031220167e-05
0.0112669656428815,4.637122820756865e-05
0.0118197044767218,5.902457666445871e-05
0.0177973496018304,7.752879359122638e-05
0.0180874408771967,9.206220130074249e-05
0.0028949454372845,2.525251566083387e-08
0.0138347854439394,3.8365554078463045e-05
0.0047589456147263,7.499701547302659e-07
0.0130628810006484,1.9528010022289175e-05
0.0077408862942364,5.262207934700482e-06
0.0102197922667809,2.7685570529983652e-05
0.0103730522640175,3.450824258966542e-05
0.0032971074949271,3.038083920231536e-07
0.0142408046737407,7.293011920438365e-05
0.0099958968299731,6.50180818729805e-06
0.0020685147929297,1.915177189108724e-05
0.0036338212113473,1.080261380114946e-05
0.0029184479318327,1.4518589048375214e-06
0.0100423003533957,3.395871877050811e-05
0.001918794109372,1.978520320333667e-06
0.0003917687343823,2.814722184705317e-06
0.0142791946641035,1.6327782857227525e-05
0.0012511145585584,6.820957188681901e-06
0.0147181316074998,6.570418993418053e-05
0.0032185847530582,6.502161752974605e-06
0.0165611776062227,8.590356361809825e-05
0.0181385702136624,7.744617130052045e-06
0.0041337167413608,5.023244878497388e-07
0.0026548698617487,6.79376387804137e-08
7.22671224082161e-05,1.0469827405827092e-05
0.0107204869291854,2.4495231977107935e-05
0.0004159247680671,6.563474777562878e-06
0.0135554332057015,5.1716637449607616e-05
0.0089433987194313,2.6211940673542e-05
0.0135248477422156,5.625575577730538e-05
0.0119508902628047,2.6908397681899896e-05
0.01758055761999,4.8135666061814e-05
0.0026765716828455,4.127174232642715e-08
0.0119320744712424,2.2542113119946958e-05
0.0191763289797385,4.47096776855865e-05
0.0163256068698267,3.78503836012159e-05
0.0161216582708739,0.00016094932292277952
0.0122159026966083,5.959523007417238e-07
0.0078921648436059,1.4540094017636144e-05
0.001894617454326,6.701881412838997e-06
0.0199891192866479,9.54828523705613e-05
0.0102604445242137,1.64755214853494e-05
0.0101142948566776,1.9767580650931524e-05
0.0036319090129981,1.9444957956727788e-07
0.0116523742093821,2.125343723280425e-05
0.007488874202839,2.7213074705361895e-06
0.0046121023509459,5.737103219967159e-07
0.0065723301945579,4.236183849551817e-07
0.0056754182651273,3.9426237968468225e-06
0.0175512411637838,5.691490631293211e-05
0.0055384548782281,1.549527513101206e-07
0.018477151183922,6.93922455742193e-05
6.37687841333956e-05,8.227177563556788e-06
2.528917463961333e-05,3.663905308178091e-06
0.0007418411030634,4.837677503878273e-06
0.0147854669563093,4.0216765931116704e-05
0.0002680022420504,5.005697573820906e-06
0.0027141214562321,9.360224881696895e-08
0.0181955203765347,8.045072647138441e-05
0.0114533696998036,3.883614661262801e-06
0.0101541030279518,6.770640905314483e-06
0.0134999697315779,3.445204140503156e-05
0.0153160315921273,9.890712363610458e-05
0.0097871016237224,6.753570705123863e-06
0.0107969209670854,1.9150715963482593e-05
0.0086332876450181,1.876497689154596e-05
0.0069249068575132,7.88761056080038e-06
0.0190560714298625,9.645581748595587e-05
0.0138268742637756,5.224425714622533e-05
0.0030206676024077,1.419051358599836e-08
0.0190670713273468,2.0907376865459946e-05
0.0129412077071224,3.712237960771526e-05
0.0059784573027786,5.04726988538047e-07
0.0154193426753301,3.359385909353167e-05
0.0028783613251235,4.583814542306949e-07
0.0152191399884406,5.435785589366125e-05
0.0005993902231767,4.82190513864035e-06
0.0194385419511484,6.621477440685861e-05
0.0099089795877117,2.4889287974018514e-05
0.0126664669679188,1.1726718473840393e-05
0.0197449491287325,6.705393856802667e-05
0.0180599200068929,6.284047418162914e-05
0.0042993868523023,3.820621497576976e-08
0.0118602303510637,1.778965304272265e-05
0.018737134383075,9.713066551715373e-05
0.0092654389718417,1.6863373163484313e-05
0.0076383694842414,1.0585342595238778e-05
0.0032055182498135,4.56632026427023e-11
0.0118670908908975,4.146147916549433e-05
0.0081990435986897,2.1473297130874652e-05
0.006325997452161,2.6916604051231406e-06
0.0187060069212454,0.00014731405922385797
0.0143510993507801,1.0793891130166811e-05
0.0164407262924057,8.32444790095761e-05
0.004141529999939,3.6098416681475795e-06
0.0044669775526162,2.8361661138172004e-07
0.0036554923150405,2.499777437768144e-07
0.0159159195877896,5.3557552216194744e-05
0.0177745297104576,8.680028284126345e-05
0.0109940342899839,1.9791293024452395e-06
0.0098407945271011,1.4335313057196308e-05
0.0136360181873847,6.0979610272121954e-05
0.0107029687107285,1.8091646635213945e-05
0.000218285932727,5.810147011891044e-06
0.0006560366319576,4.565099353513108e-06
0.0113093150972779,1.3920697188262944e-05
0.0108881831275471,1.568632095740324e-05
0.0049501529952199,7.89791254871005e-06
0.0095921728427733,4.465456061804107e-05
0.0018918669251796,2.876155300846579e-06
0.0157140146716313,5.7738667497840165e-05
0.0113948228729044,2.9635041122750015e-05
0.0157875813516101,4.90857608984046e-05
0.0094040533148875,1.83985103719624e-05
0.0126940179366282,3.780666767718302e-05
0.0039164233337451,6.094579163181895e-07
0.0174637098041097,8.76019490330747e-05
0.0005604833081591,4.0347491480342935e-06
0.0181231294707294,6.324074890720053e-05
0.017965881375562,8.247392750341327e-05
0.0100657050857364,2.073566116124687e-05
0.0081051134513505,3.1618348990669923e-06
0.0146331360088783,1.5151854234120114e-05
0.008017185065602,5.650656328613016e-06
0.0176464345791251,7.858863091248395e-05
0.0190119261290726,2.3480108840996504e-05
0.0040083903401608,1.127652699405558e-06
0.0004140411710214,2.3819988880834815e-06
0.0006112503371144,1.2587411558925325e-05
0.010499869512514,1.6876388085911567e-05
0.0009280122637981,1.1763436756300403e-05
0.0166510948058425,6.421207462287025e-05
0.0023885654603936,1.1719758106139512e-06
0.013522064185309,4.468729834568593e-05
0.0158130378663192,8.134012018582897e-05
0.0057227950761984,2.722241578884428e-06
0.0020450081707929,4.4781669625932096e-07
0.0044883087533213,8.70318622209916e-07
0.0010091765447247,3.784490903145813e-06
0.0116697760784223,4.8295373509568493e-05
0.013686634234642,4.8273576974137836e-05
0.0136106462201211,2.2131020631614342e-05
0.0105093598045462,3.767846651989195e-05
0.016116328779153,1.197966176869148e-07
0.0191871379190391,0.00011374325627111529
0.0036943235960065,3.4466166196867303e-06
0.0156089178215364,5.97297583957651e-05
0.0050489017877582,3.815765140914056e-06
0.0106806633860341,3.504379646981693e-05
0.011741152044871,3.715515118136772e-05
0.0164520056261956,9.70446473170351e-05
0.0088355801719282,1.8111615768395197e-05
0.0093191140082159,1.2004150450201753e-05
0.0126575055692721,1.694067224506324e-05
0.0190671826018178,0.0001473701635440122
0.0163209153854145,7.604951417647839e-05
0.0172485942126216,0.00011403633823071002
0.0098594245859234,9.251865420918643e-06
0.0139916868350228,4.814754093536091e-05
0.0148769780655406,6.134347135726321e-05
0.0045573205495395,2.193998382715619e-06
0.0101821417749215,4.100003441693114e-07
0.0045447420104708,6.65099950345848e-09
0.0198436706273572,6.468737118171534e-05
0.0070141638161265,2.1609453662072494e-06
0.0190520174598366,0.00012507778171576988
0.0079886106122621,9.21699358474998e-08
0.0065203935688801,8.670115806864446e-06
0.0143931627765789,7.598561892811168e-07
0.007665444688563,3.582818894415333e-06
0.0135600694559111,6.95160455521851e-05
0.0089672539129653,1.4723481639905167e-05
0.0178153916783088,0.0001087214289391605
0.0082119091851206,8.741077527114409e-06
0.0065032265149489,1.9441622848826256e-06
0.0182897443938623,0.00010381217321434365
0.0023835724050779,1.685412820245465e-08
0.0179084969688224,6.394120769095917e-05
0.0168468137123129,0.00012995573601386334
0.0108631953404279,1.1668452232667283e-05
0.0194370702882231,2.7162254123126854e-05
0.0064868295606693,1.7610967047090943e-05
0.0115007753371974,5.1146787383809596e-05
0.0045939795049733,2.2562508008761266e-06
0.0104209343182966,3.161279547868319e-05
0.014797903573569,6.904312053520828e-05
0.011514183215935,1.8401680186991724e-05
0.0019066832109867,1.7023977072603301e-06
0.0063924229453904,7.924674835002427e-07
0.0012349052561916,2.469602155257449e-06
0.0095715860076782,1.934730452046408e-05
0.0096455036661971,4.0950181912777465e-06
0.0034967779587405,7.444752896722306e-08
0.0104715954532873,2.103651300077736e-05
0.0179622864496201,1.5803227360758473e-05
0.0036891231009444,4.6901587989376527e-07
0.0030267080444296,4.405187496453709e-07
0.0032559049681831,1.799528531680003e-07
0.0157603451512783,5.857426175659397e-05
0.0081749090211189,2.9121691773507843e-05
0.0184815058432011,0.00012441841611294488
0.0197012192639442,0.00017028105668591783
0.0179523754582054,2.9302745612970117e-05
0.0034410223438825,1.5520125992544758e-06
0.0172135936712849,5.959599265898952e-05
0.0196139569134122,0.00012072836082605075
0.0004526043026325,2.9710856597945957e-06
0.0032229885099384,3.0741503682967513e-06
0.0164953982394201,8.008414944629052e-05
0.0172560099946265,9.666267568569559e-05
0.0182553349767073,8.98890685951714e-05
0.0068732715985699,5.911672449322992e-07
0.0158664083516312,6.772065272256821e-05
0.0024328400315971,5.570853775101645e-06
0.0096402272881882,1.128488599564498e-05
0.0126738851435209,6.436866196012199e-05
0.0132697149031671,3.41069883747851e-05
0.0179889287219312,3.021765744876225e-05
0.0095129471091523,8.024749727541363e-06
0.0138891750930704,3.5373473006078284e-05
0.000757824827569,1.3195144964634945e-05
0.0143279434642633,4.472035434813532e-05
0.0010193376738618,9.991459406803235e-06
0.0008367344152502,3.604778454356745e-06
0.0073141183446244,2.137354750161665e-06
0.0086702501499701,3.0203993140985136e-05
0.0049670274928971,2.4349652097431845e-07
0.0147488977817795,5.324526188506095e-05
0.0199562183704983,0.00021201785572558636
0.0102374480945303,2.7337879981508983e-05
0.0059246543206988,2.7537225817235805e-06
0.0150984183035321,6.562954622507254e-05
0.0167208478264541,6.074971506939842e-05
0.0067102874611381,8.025985095823982e-06
0.0085001829969728,5.9695105378106e-06
0.0159790422092253,3.1084511516232165e-05
0.0016213634073857,1.9983034161389262e-06
0.0050151838869431,2.648963532522873e-06
0.0120261760579363,3.229306926560303e-05
0.0157639193558749,7.787596960863507e-06
0.0024719553150132,7.952345392763411e-07
0.0118200962752819,5.464704010545654e-06
0.0062853056288346,7.631739384740574e-06
0.0191754459401175,0.00010220380419206484
0.0029719218189657,3.1283592051397487e-09
0.0173065006516459,5.6384119010336194e-05
0.0074586838116453,1.3257247423838284e-05
0.0176828005806688,9.980381652256673e-05
0.0005355612161766,1.0955951017398019e-05
0.00084151515321,1.5544160199163256e-06
0.0097413445004738,4.033359440544146e-05
0.019128033857445,0.00010670897545806074
0.0024623822398955,2.2003791404243924e-07
0.0172262184476804,7.664253268086241e-05
0.0063052584429042,2.4634746940131384e-06
0.0060708164843583,3.5617347359887403e-06
0.0060444882557529,8.756818005183757e-06
0.017608295885114,9.919562959458986e-05
0.018662482561842,1.0681102350186385e-06
0.0009209432896651,1.710297881808696e-06
0.0095909355688049,3.010414654728362e-05
0.0057962058917426,1.1459783532495715e-06
0.0079929534771517,1.2482744327177884e-05
0.0077962153778525,2.4559766970191276e-06
0.0145673701831595,6.58991493965216e-05
0.0193224922354869,3.534610252115607e-05
0.0036380407216899,1.2698087758210041e-06
0.0063568275862839,4.353454390608472e-06
0.0173253682242182,0.00012051618207700691
0.0114152622448918,5.7800952253882466e-05
0.0108827964029758,9.541125080549106e-06
0.0142575228217778,4.570656973165024e-05
0.0091721644200377,2.1850113505135293e-05
0.0049655708362992,5.859927034669056e-07
0.0148890938562101,6.55422978728681e-05
0.0155056203743102,7.26587315201077e-05
0.0043481696434339,2.3274832858669683e-06
0.0026731936642652,4.2186820869424474e-07
0.0176626798455419,0.00010047360301041019
0.0075821797152117,8.36843801787879e-06
0.0093590749337764,2.179891409358253e-05
0.0171391253696044,0.00010701826516133362
0.0124494136832565,7.454334264618514e-05
0.0097317711435027,3.045947481669919e-05
0.0164635262954844,0.00010178270606690191
0.0110329863063927,1.5879903394579086e-05
0.0112494120396369,4.323964787315273e-05
0.0047005274231864,3.1843466971569434e-06
0.0128023912950969,1.8776274444948068e-05
0.0068647181794751,1.1807051943502748e-05
0.0062643867799993,9.136482628334855e-06
0.0110700725796558,1.101877999522004e-05
0.003563863358682,1.3868305628867854e-06
0.0048947012638367,5.741732007545899e-07
0.0011372262612714,8.133183767900609e-06
0.0036296132690281,3.463180092717026e-07
0.0075273519731183,1.438738699923149e-05
0.0158192345882262,5.970130064999531e-05
0.0089647537460039,5.463771389258741e-06
0.0109068748110879,2.5660709746291745e-05
0.0024028996857916,7.049132611156095e-07
0.0026297100424712,6.854627245274376e-07
0.0051876182721595,2.1665420165757654e-06
0.000255488913471,7.050638876421719e-06
0.0105049198332354,2.8572352670905266e-05
0.0045510779383306,1.7541657061663002e-07
0.0068289954077704,2.218546545507575e-06
0.0032793606220826,8.193096301712182e-08
0.0113428882196232,6.544486597736464e-05
0.0024839421506381,1.0101379458141865e-05
0.0153930576401681,7.401470774837334e-05
0.005020039978833,2.873052508046162e-07
0.001358345747599,1.0862131239400335e-06
0.0153157460486369,1.9439473139223945e-05
0.0070913371642802,1.5777397063043315e-06
0.0130639003047786,2.4169769545906343e-05
0.0076983012323578,1.5020931878700477e-05
0.0111862561338166,2.364669543055521e-05
0.0135438024398609,8.57236069137416e-05
0.0143929065049443,1.5136017428084665e-05
0.0119367373725258,6.7690806171156e-06
0.0172973770506163,3.9462331035717016e-05
0.0114937607094763,1.793668802727677e-05
0.0174402148264711,0.00015111822306049247
0.0031143500503273,4.539215337862325e-06
0.0046445545769204,7.227940433940048e-07
0.0045371850680958,5.29571190624392e-06
0.0140103115679841,2.447564433468246e-05
0.0159151691186368,2.162875596470993e-05
0.0104950536915657,1.2574083542394089e-05
0.0016683209130665,5.0750657889525156e-06
0.013686880066859,4.220699060420022e-05
0.0158145635433822,5.5445366493387825e-05
0.0190778337182658,7.688492291790507e-05
0.0015632656102236,1.0350338769221666e-06
0.0119296145762558,3.279031231973432e-05
0.0152412539821596,5.212588360598314e-05
0.0169991903606295,0.00011850543536284527
0.0058020310152513,1.453587509964572e-06
0.0029694527948365,1.3926964895861876e-07
0.0128366227550629,3.7333888922202106e-05
0.0037797756203112,1.6702832814930133e-06
0.0037215109931232,4.46654256462401e-07
0.0046409757097449,3.5069297314814147e-07
0.0196449580498672,0.00014160949868978207
0.0133538710423291,7.299809321805342e-05
0.0161362719320866,7.758125071259289e-05
0.0023469858444925,1.4356747254256448e-06
0.0122523782006926,6.09995970275101e-06
0.0050873800736265,5.307932557384937e-06
0.0135159645961747,5.852054822748444e-05
0.0187392018741507,0.00010322077183279445
0.0036225563668692,3.292664504254821e-07
0.0098275378910494,3.0306524332483574e-05
0.006243061999278,1.2966555222509745e-05
0.0120376098337957,4.4470262130815534e-05
0.009825967576378,1.421842819160086e-05
0.0035032320374503,6.742363042302709e-07
0.0145606434861031,4.474700501864886e-05
0.0054165720862704,2.24428740520938e-07
0.0118023969266433,3.937827541423196e-05
0.0031725354956586,1.0255796319208242e-07
0.0179773486477446,0.00010594088409475405
0.017973964796526,2.584684115138637e-05
0.0010020417792912,4.739733011516586e-06
0.0146712118013526,7.728563295896857e-05
0.0138892521484916,5.1305356941224025e-05
0.0057029386198355,2.507922179376978e-06
0.0157334388754565,7.77390241282459e-05
0.0121771645141738,3.62490520705973e-05
0.017215658120094,3.865837588411739e-05
0.0136838782972302,2.792839886007728e-05
0.0081680463238585,1.9464538281762803e-05
0.0086399463034537,6.952241460105958e-09
0.0124463225717548,4.195908531957007e-05
0.0101176381219388,1.1063526868678072e-05
0.0130092848014786,3.523332884183513e-05
0.0058502223624767,2.2727738019612188e-07
0.0165715856120552,7.271470084488998e-05
0.0095520117408682,3.4354313120500946e-06
0.0147351905693582,6.545619283985788e-05
0.0037242911712975,7.2694609453347e-09
0.0056001931542492,8.307421664726536e-07
0.012802448634626,2.9609956845935696e-05
0.0136725088759651,3.149361893148756e-05
0.005253013139875,1.5745713876185505e-07
0.0029761930292957,1.1450452863189384e-07
0.0136891069404619,3.5802344150421764e-05
0.0150999991687354,1.986612202208097e-05
0.0194910686524063,0.00011416019382649567
0.0146576321354817,7.850909124945061e-05
0.0124659756973483,4.363566192114099e-06
0.0013694048746914,6.226741650387508e-06
0.0097574061543153,3.810281654963175e-05
0.0135172590229511,5.023014378804384e-05
0.019391583306012,8.411959514325552e-06
0.0023113655486205,6.661738840469379e-06
0.0080808209543103,1.1783418878516026e-05
0.0068296678829818,2.8942891721729535e-07
0.0113201105905841,2.5577858018968798e-05
0.0130004260490953,6.365264353512906e-05
0.0161163913743668,8.034466835701313e-05
0.0101137033750063,3.039663776569741e-06
0.0177410683970528,9.903918994766723e-05
0.0125819324052913,2.7029458717918923e-05
0.0098435273596019,2.857729364727961e-05
0.0035322809601724,3.308823074913468e-06
0.0163830200666154,9.288154124619793e-05
0.0199977931272666,0.0001488296291789991
0.0097636824869809,1.4440380881864128e-05
0.0079021684458675,1.5686823710706057e-05
0.0183832182375684,7.02304064005644e-05
0.0112498033809534,1.7604045656065537e-05
0.0138074520977018,2.3185632358425327e-05
0.0106024077930802,9.179607362534154e-06
0.0118021187639774,3.0419456069964554e-05
0.0091519169717305,1.2097115371352133e-05
0.0043949165749393,1.1673025848091476e-06
0.0172195888956588,9.294769335232152e-05
0.0161501890599216,2.1785160641482124e-05
0.0195788641551868,0.00012075524325173987
0.0041198644236707,2.8616389257369367e-08
0.0078434561910666,1.443436660352919e-05
0.0132704584932708,9.46360068769553e-06
0.0177115682987035,8.532006003889823e-05
0.0008695835770091,1.5587192898437287e-06
0.0179463155765526,0.00014129126080183514
0.0034982402691265,5.3586700734047175e-08
0.0083747895385947,1.313193435741459e-05
0.0034284925506646,2.2295884346371363e-10
0.0041031763729085,1.4731695613859325e-07
0.0110147477743989,1.6415209686869537e-05
0.0131076428514034,4.281160570194545e-05
0.0184642828349786,2.202131504936268e-05
0.0163891313075145,0.0001181638876714366
0.0172353775258288,1.80061325089651e-05
0.0071845307554885,1.7445026931135584e-06
0.0073587097680616,1.2389416399721632e-05
0.014350806898361,5.527867954659079e-05
0.0180364624856653,8.271167691620557e-05
0.0133402234534846,3.382513468032783e-05
0.0087499239341448,1.7874266076426122e-05
0.0011895386217666,1.207123248176756e-06
0.0171340033085964,6.584559291743366e-05
0.0017828686281183,2.2150006595777323e-06
0.0015585175376819,4.38015935505182e-06
0.0055474831325821,2.3195881746038746e-06
0.013469741668344,6.457782273429366e-05
0.0068618335241951,2.1872371086585566e-06
0.0098554148591739,1.7164721025750475e-05
0.0162021186708445,8.601693600841658e-05
0.0145671991116441,4.7092432163043e-05
0.0115999751814748,3.798317911854819e-05
0.0133183253016833,4.8835743503595824e-05
0.0146006214371684,3.357473967839866e-05
0.0025401845337699,3.789807386057611e-06
0.0008720081107949,6.21613240861927e-06
0.014403512511594,5.583858356574156e-05
0.0110725394661412,4.972176420170333e-05
0.0143852826358552,1.8367726816441891e-06
0.0199455344837463,9.207679997629489e-05
0.0196249205400513,2.1175339427495914e-09
0.0065014275634417,1.1244139841067877e-05
0.0011404760192851,1.0316127123260753e-05
0.012773426433669,2.449643511034192e-05
0.0039270796497601,4.402865815930182e-09
0.0072904200234889,1.4122108099457918e-05
0.0064897186895479,2.294704442918612e-06
0.0139647684412856,3.7542762831573795e-05
0.0158712426733953,2.955848545915147e-05
0.0063244741486342,6.24952432764229e-06
0.0136565454239039,3.5926160355107036e-05
0.0138200346986427,4.939019503963037e-05
0.0051865909871853,2.778087379810554e-07
0.0017965086203667,7.536365934965652e-06
0.0179689814456842,6.606111945397283e-05
0.0060482937448955,5.394978870121416e-06
0.0122372286876465,5.3087300003343336e-05
0.008118259803106,7.38792553114627e-06
0.0084522401692272,1.1917058510903171e-06
0.0173720432040975,3.84894320366087e-05
0.0177969999058177,0.00011430063333931663
0.0117336440416701,3.480425919896609e-05
0.0094494433202838,3.040986274336606e-06
0.0028470027953065,1.3043860034436137e-06
0.0103129870529787,2.0559897406773595e-05
0.0029996883312941,7.345452342800365e-11
0.0142356718606468,5.919572531873774e-05
0.0064534519126155,1.1951942022773556e-05
0.0128486507401885,4.7577374959624875e-05
0.0178150330040251,1.9072108333193422e-05
0.0062409238292764,4.657078879335487e-06
0.0127707874285698,2.142374984838662e-05
0.0082143891829743,2.3026116914375878e-05
0.0165482898585205,7.200743547829815e-05
0.0028967707174087,2.3808421809087554e-08
0.0006330473749088,1.3820635985461142e-05
0.0137078876498417,4.175498405389146e-05
0.0191708680916136,0.000136390559526901
0.0012819072225929,4.986259292848364e-06
0.0117281904359451,3.5758105296506085e-05
0.0113715551152706,1.850356226024619e-05
0.0106072643098478,4.108807893702799e-05
0.0069504901644884,8.431632445925454e-06
0.0035336650061171,5.4904294109266894e-08
0.011017469206799,7.275882783679276e-06
0.0018559061423349,9.041383753265835e-07
0.0062924740134072,5.0233149533585645e-06
0.0071256632500769,1.4714130887684293e-07
0.0184953540808801,9.82425240974592e-05
0.0189443812498871,4.013223759227534e-05
0.0070752538210189,2.355014996354545e-06
0.0168113293201544,9.577643987049951e-05
0.0082448403221528,6.164294385431911e-06
0.0054212524581897,6.510973344859939e-08
0.011664539194628,1.0810193615414725e-05
0.0076903659895558,1.6996392720811862e-10
0.0116841430064992,4.2293066178998055e-05
0.0191361153330598,1.3385198957481086e-06
0.0142319443162489,3.864097944680007e-05
0.0052099967631926,1.8099165285526484e-06
0.0073486415176572,1.1798934406742888e-05
0.0025022669769009,1.4717213135098813e-07
0.0168957863646725,0.00010010080807632355
0.0149494957551761,6.642559648194333e-05
0.0195064715462536,0.0001045732749521915
0.0075705917196791,1.1995404240492989e-05
0.0119971648267355,5.620443262728566e-06
0.0092842336499844,5.831577124243618e-06
0.0164330546701991,6.85771675160015e-05
0.0059119734721469,9.52003023712107e-09
0.0104503214480087,1.8758951580614848e-05
0.0084776756310036,2.0103938830657747e-05
0.0011878454555939,3.750876741343672e-06
0.0146224015238347,6.602872053955817e-05
0.0150294193484679,3.392601416367324e-05
0.0107161453463034,1.5835288855226962e-05
0.0197716107655259,0.00011155098990666855
0.0087510565895435,3.161728260909521e-05
0.0008701316764155,1.951339426309509e-06
0.0097038961992128,3.9439479679988086e-05
0.003698147038978,3.7866596050161444e-06
0.0176221544024154,0.00011556190135730805
0.0153234609518764,6.627468645136353e-05
0.016383580628467,0.00010437340702043275
0.0112340586921868,1.0423778687714371e-05
0.0146109976887864,6.48107640026862e-05
0.0110866823112975,4.1149001092071605e-05
0.0011470231351057,5.255118167728712e-06
0.0017682842739748,3.0771892480336144e-06
0.0119817422886542,3.013073077694444e-05
0.0099575056188541,1.7446797198022373e-05
0.0103249629798273,1.1379808166843841e-05
0.0194466006443709,7.83125487454127e-05
0.0021697210348521,1.6299940228794542e-06
0.014074492174662,8.958044309713457e-05
0.0128844792297167,0.00010287106720656216
0.0097903493814613,3.5324076786742585e-06
0.0165611752765524,0.00010496247834005703
0.0070594474433043,8.936978231813066e-06
0.0197825121563504,0.00013356070630849147
0.0143138611040436,5.272911275771122e-05
0.0085201731374226,1.8075809601075754e-05
0.0138967028346504,6.625574288961749e-05
0.0131151844061953,2.876779414477281e-05
0.0067310699853501,4.464599328356309e-06
0.0137904058086431,8.036925515195927e-05
0.011297460672052,4.240446129324772e-05
0.0057689948668636,5.150191845654971e-07
0.0028625480570389,1.643435432566857e-06
0.0066625179038281,1.1206051617636898e-05
0.0028714695298179,2.806617920743379e-07
0.000136057059499,5.681915618350561e-06
0.0063795381809349,3.2292923617113818e-06
0.0060393477982105,1.147123914900135e-05
0.0140984663932308,3.5171218349683216e-05
0.0016300760320312,1.921747378423105e-06
0.0175047048310847,1.694193399067557e-05
0.0050094857095795,6.313833430241219e-07
0.0038182093089671,1.4341499961485266e-06
0.0193706317368151,0.00011497915132580243
0.0110151435508479,3.6978609661585055e-05
0.0133288415676356,5.44323207497533e-05
0.0114006505927101,2.6828132771244582e-05
0.0130981754814075,2.928695758698039e-05
0.0032872071706131,1.5331684476299718e-07
0.0028177391343057,2.380755616745076e-06
0.0059610965455773,4.898262579678664e-06
0.0180333206148847,5.225413124718658e-05
0.002402206072096,3.698315289228491e-06
0.0035052351272642,5.20160790573107e-07
0.0167568880014788,0.00010713258492753947
0.0029348390188368,8.201261246484504e-07
0.012649095601656,3.161744514659563e-05
0.016599200289768,8.287791586391535e-05
0.0013884905997465,4.5847357540380015e-06
0.0001188833261959,1.0101668509446854e-05
0.0020005977504713,2.867440703090588e-06
0.0159742181991459,8.892626629297933e-05
0.0018664202074334,1.380972501957989e-05
0.0054489420390354,1.8390114443194236e-06
0.0162325839585564,4.657606586997947e-05
0.0042869950672262,6.62874897318906e-08
0.0136526201438069,3.561738583492257e-05
0.0163713406959556,2.7892282413628182e-05
0.0047528530268725,6.402728977747854e-07
0.0006077735486229,3.3743992548042835e-06
0.0123597461510598,3.922964098962946e-05
0.0031047557328568,1.2598091329523891e-06
0.0030190099333488,7.414036301351983e-07
0.0009062519774754,3.8062603649817778e-06
0.0082234768253536,3.0291290786617646e-06
0.003648652028289,1.5323899729761315e-05
0.0037717168991908,2.878460690873275e-07
0.0175081994752525,4.5889876178400145e-05
0.0118450024718164,4.7683485040331505e-05
0.0089646601799137,1.689953180343459e-05
0.0064742646201434,6.636173333848835e-07
0.010524908674177,2.0441629268198475e-05
0.0011040151727268,3.2697994921437477e-06
0.017137897346013,6.346193069393726e-05
0.0060520552948399,6.729180237733542e-07
0.0119274270567798,7.270839965732427e-07
0.0136043973266303,6.451429671187568e-05
0.0080297671914345,1.417956210519908e-05
0.0139286066068292,6.010835340994961e-05
0.0156851437137114,6.618953816495661e-05
0.016882847732574,0.00012213628937277415
0.0127122470700097,6.934288563344732e-06
0.0056977002450372,2.4895974462508616e-06
0.0086994275465694,1.261597095879929e-09
0.0134675313227653,3.127704061360725e-05
0.0144923096248873,5.047581501833374e-05
0.0127255656604236,5.061103330963254e-05
0.0125216750165702,1.4055678878981173e-05
0.0003701132621492,3.7446826825831784e-06
0.0075249300039454,6.779651283591527e-06
0.0028829494241502,1.0256658370487455e-08
0.0196844663129446,0.000130288295348888
0.0004399483876099,9.77191864496709e-06
0.0059755449017725,2.1480228479943997e-06
0.0174794457167149,4.253079581178835e-05
0.0153559938723031,1.8557853693195425e-05
0.0001485843822918,6.123343100835078e-06
0.0088425752315079,5.04911564115332e-06
0.0124905378742053,4.188617925947075e-05
0.0017489026294439,4.095717047748979e-06
0.0050120006457269,3.712190270130337e-06
0.011588104855737,4.0923573820117e-05
0.0127777022875003,8.17680385464586e-07
0.003502865911766,7.394669435350639e-08
0.013876942600313,5.443581824947227e-05
0.017006392980014,8.625612920490788e-05
0.0078866004825803,1.7784726880097628e-05
0.0159095668537331,3.0186308865330368e-06
0.0083492506658216,2.7793423213245864e-08
0.0115706500124364,2.074029936998528e-05
0.0185475930218421,0.00015054251688834512
0.0077815146766076,1.387957645099658e-05
0.012849575831833,9.491662504748778e-06
0.0078628352234239,2.4845752404410457e-05
0.0164824132639101,7.029756071631818e-06
0.0101528210768989,2.0037558028868534e-06
0.0075817198079309,4.87895672203157e-06
0.0113864071543647,2.352010826726007e-05
0.0138675117669013,4.2012972124617665e-05
0.0072484755167347,1.238158209237788e-05
0.0092445095269987,5.795099247325834e-06
0.0073178107896073,2.015821099913702e-06
0.01199248328368,6.931510276237365e-05
0.007352948412355,1.5064703673157442e-05
0.0101747621464682,1.8960582541191e-05
0.0031937172040982,8.320564985640514e-07
0.0023508722859414,4.580819949963715e-08
0.0052879311529907,3.5152658844296917e-06
0.0082992537347556,2.1980329338305026e-06
0.00782265153655,8.504837456772539e-06
0.0181068987522001,5.9571090648866014e-05
0.0172363588319126,3.6502109554669505e-05
0.0192479710518767,0.00013726777308243487
0.0165065448736099,7.576895084729902e-05
0.0106904024508391,3.803612662738328e-05
0.0105310036427634,1.5699646602529698e-05
0.0147515314264161,5.4929286278393734e-05
0.0182736646116791,6.590718383899183e-05
0.0055822426429196,6.807310674917357e-09
0.0165881116922349,7.962508156127549e-05
0.0053777878812101,3.872684414745972e-06
0.0001345355846396,5.533188767724018e-06
0.0163110491209126,2.678387911984075e-06
0.0133103867628628,1.2160781257158724e-05
0.0003346122873758,5.842700757462632e-06
0.0033408396231217,2.1030052255909697e-07
0.0190168111199608,0.00012533590185395623
0.0132902806725232,3.94347569962768e-05
0.0178503480325826,0.00013459221959278404
0.0021196084695994,3.4575061872999195e-07
0.0019870293093782,1.001694235846495e-06
0.0104779312718604,2.7816944044253855e-05
0.0161629306271621,6.804230280610953e-05
0.0072064703213859,1.0117624204077382e-07
0.0195348362649992,0.00010288801385577987
0.0093841408650745,1.522223132057153e-05
0.0161379147146555,7.628092404031992e-05
0.0091291493889511,4.897172628071463e-06
0.0064244455302388,1.6294746559968073e-06
0.0156523390687465,4.8299994126498975e-05
0.0159237034651409,8.149307574345186e-05
0.0039256314245758,2.7901143905483314e-07
0.0199356504406112,0.00010132886464648052
0.0119269094998118,3.339469960038034e-05
0.0046254239248926,2.9363392034688355e-06
0.0081640977363334,1.1233991050738722e-05
0.0143384943483008,3.5371510826625185e-05
0.0084082899661327,6.954132060420406e-06
0.019379589615342,5.5434889880956634e-05
0.0023658661928168,7.97474775393937e-06
0.0067909155147909,1.1646848905840959e-05
0.0125401891597303,2.198338623568444e-05
0.0109075243287103,2.1471832321008222e-05
0.0010499654236027,1.984182106437887e-06
0.0109474377234196,1.8840246359976337e-05
0.010089262348413,3.9625523286581805e-05
0.0061676178766467,1.2212268234444478e-06
0.0035184832616577,9.740287045207017e-07
0.0115149645345139,2.119267559260365e-05
0.0157752265830429,1.1046497970519426e-05
0.0008162204197512,1.304904708722931e-05
0.0001954233512584,8.06717776283102e-06
0.0068227154877342,3.6645159603040443e-06
0.0084280392343357,1.3707300204798848e-05
0.006355331787262,9.671326515225223e-06
0.016232256363754,9.901541641843992e-05
0.0095580230406046,3.18053191853248e-06
0.0087441806782277,7.510417034058968e-06
0.0093340972693257,3.7212894589511455e-06
0.0090092517317512,3.309012096357644e-05
0.0010326382262885,1.4983134421797883e-05
0.0154292289759561,4.975847764200769e-05
0.0120568512695036,2.5981810033803215e-05
0.0096200665017191,2.302662663525993e-05
0.0023589465026621,3.757895821876962e-06
0.0140414735324257,3.080733077202829e-05
0.0192632917282496,7.694360054373495e-05
0.0070898905991444,7.726736831191317e-06
0.0131658463066961,3.287036396806843e-05
0.0156121940684573,5.627231282277873e-05
0.010166908073675,5.760965822893769e-06
0.0108563370173616,3.576893272886239e-05
0.0147103584924835,7.702354450437556e-05
0.010258763463136,1.2386739589453146e-05
0.0043011942230415,2.450348448968999e-07
0.0179239398843627,3.273186495772156e-05
0.0141479691936288,2.511802697812081e-05
0.0036050054507459,6.748958677902131e-07
0.0029443619274394,9.750401939639269e-07
0.0124191323923972,3.705253142365823e-05
0.0051419152063876,2.496936624140652e-06
0.0101407403101226,2.7197841238436845e-05
0.0064049213497973,6.520159801767035e-06
0.0057206564203627,3.647721863156299e-08
0.0029227481034518,3.985715009304913e-06
0.0150778117308719,5.946467543787176e-05
0.0157199204865153,7.022135802031468e-05
0.0131398025949694,2.5390352981339927e-05
0.014599263138647,7.05435819683007e-05
0.0151081727293001,9.991692845283742e-05
0.0050458828342887,2.441668229608388e-09
0.0040448036084527,1.2835992489045034e-08
0.011048995316505,2.5165809758672917e-05
0.0082827270363449,4.718568453034124e-06
0.0114333697101753,3.244987825211273e-05
0.0051750123676853,2.8386177074372094e-06
0.0018453464405649,2.8522315219006894e-06
0.0198993221879319,0.00011005297215477356
0.0141615004471168,3.549214363716822e-05
0.0171476245650947,9.716795876517806e-05
0.011815102954441,3.2438567892945895e-05
0.0092941779313743,1.2703172807964903e-05
0.0031097843398097,3.613444743406809e-08
0.0108076692535268,3.8906032959694933e-05
0.0070695664715421,9.468359462029027e-06
0.0053181537798474,1.0281040410105521e-05
0.011178069632145,9.564110881213264e-06
0.0143276553015339,4.063476650872983e-05
0.0122428236191084,1.546883455839701e-05
0.0179074179990012,6.58771083711516e-08
0.007873296921454,2.2126984336191967e-05
0.0078636541575532,8.986889259163537e-06
0.0121938023466394,4.9815992136016066e-05
0.0120184204668838,1.5661212452737946e-05
0.0136954682198694,2.8672240408145562e-05
0.0075030042966252,2.0413835679614294e-07
0.0082906692974588,1.969675876200401e-05
0.0150073411198311,3.724518208616894e-05
0.0159869847904893,1.0468565879102636e-06
0.0107730092144467,6.163229690555421e-05
0.0086323763133107,9.28856913373647e-06
0.0136579965388775,1.9751118119732072e-05
0.00685623207709,4.7044810277259165e-07
0.0182600016478098,7.41379597061874e-05
0.0087279362539024,1.3169577553181428e-05
0.0115428129629876,6.232793090259972e-05
0.0092791684833596,9.812010878076482e-06
0.0076080851563131,1.1830840824629837e-05
0.0155909699687759,9.207805719668505e-06
0.0087278569170705,2.421923314400247e-07
0.0108135454414731,2.1766429902466105e-05
0.0191975490106814,7.724796818318673e-05
0.0076176074851887,6.166763552399961e-06
0.0053398450908612,9.865746485380154e-08
0.0045081980661252,3.8250868861875196e-07
0.0175175224001908,2.8957092433748705e-05
0.0036040323560044,2.6859481798345955e-06
0.0191409023727056,8.79406760438072e-05
0.0116431408345216,3.934193929064473e-05
0.0159202764372274,1.3142755696415018e-05
0.0018085353639314,9.367741046865946e-06
0.0175061913549615,0.0001236013245254222
0.009183033635861,1.7373021418092859e-06
0.0199033021274318,0.00011295503380026226
0.0188690151502205,0.00015292061289689843
0.0079134172307723,1.0691223061527506e-06
0.0009629855619754,3.230226013146217e-06
0.0099262071343237,4.116015613945974e-06
0.000543718661867,6.750542941937465e-06
0.0086624470067735,1.9990610955930283e-05
0.0027607764604172,3.5575014370678926e-07
0.0002412271446425,7.320259752350971e-06
0.0156591207502404,4.673279028505481e-05
0.0093282004460564,3.958063175131858e-05
0.001694046569225,3.313842530551465e-06
0.0076750769579033,6.260479775839283e-06
0.0022906653125301,5.798138166700726e-07
0.0126127934161406,2.0598181249913632e-05
4.641410330088247e-05,2.8524113825466014e-05
0.0134315418685712,4.0750027413868214e-05
0.012158940759139,6.226587465402865e-05
0.0067165801564151,5.492802285396545e-06
0.0035227769048704,5.763772976830543e-07
0.001886077975832,9.684026131955794e-07
0.0073915436823997,5.1782629624907905e-06
0.0038088980947599,4.7546171113794144e-08
0.0154818731671788,3.75933216595518e-06
0.0158890831942576,7.09974534258544e-05
0.0007334072077537,4.6423648627048005e-06
0.0063073492569359,3.994229922919492e-06
0.0003212497717759,4.2923856226867814e-06
0.0139124681456317,5.0369678735886334e-05
0.0179169109907024,3.5048024129463575e-06
0.0140871263201386,5.776658769508595e-05
0.0192973736716328,9.535535765461076e-05
0.0010072543707028,1.2844633147030218e-05
0.0178899081504798,4.429407982139027e-05
0.006229496437321,1.615739898133435e-07
0.0091350118794396,1.3322684652723704e-05
0.0188322693537273,0.00010160072350596638
0.0137286310242898,5.6970870380603106e-05
0.0049535663426718,4.680924369660885e-06
0.0085124250709064,1.2365717873354456e-05
0.0181074916652052,6.981268880982926e-05
0.0081938615937769,1.2658094796242163e-05
0.0087562749382797,7.01375576743085e-08
0.0076449089335009,9.450962443430834e-06
0.0034084071723847,3.946497540934657e-08
0.0130912726803141,1.7771479452606e-05
0.0175152680231912,8.224355542828269e-05
0.0169096938596974,8.449709616309086e-05
0.0188716737310991,9.995798563463755e-05
0.0158347520495182,5.812418146355829e-05
0.0160534692619936,8.713765971858573e-05
0.0113505384189408,2.251828970722252e-05
0.0149164626408216,4.025430873952257e-05
0.0095980356264105,3.5813090716983515e-06
0.0053704456049363,2.6674385607203094e-06
0.0051537887240897,2.3843131684931354e-07
0.016261552477983,5.829336995123238e-05
0.0090837496783769,3.643167477410115e-05
0.0157007537411099,5.275188725779989e-05
0.0141583764345219,5.448142995154516e-05
0.0001928245607824,1.0369703231660026e-05
0.0192559316662778,8.026199873072065e-05
0.0044738638071111,1.4113564973031954e-06
0.0161043031247411,1.5257237950764798e-05
0.0032564277220197,2.6154277923523217e-10
0.0040987601980688,1.120757508908966e-06
0.0075860799500574,1.4262325591536195e-05
0.0033790788043735,9.249963146037205e-07
0.0033819836351725,6.226881490079818e-07
0.0011773507849732,3.1431714078466433e-06
0.0062925398934424,1.541225012865115e-05
0.0110704542809771,2.7763554443753582e-05
0.0168868228824778,4.947401178223054e-05
0.0116395687387497,1.5358882625741277e-05
0.0169401859009519,0.00010303071654314255
0.0084746655298029,2.2471244980645872e-05
0.0155230439933257,8.695619058657281e-05
0.0141702498399694,3.306306144982624e-05
0.0034792436430133,1.1225001945119604e-06
0.0025259333094848,4.5802428051694e-06
0.0179104394760573,8.131129286198826e-05
0.0181841016813768,8.661744673743241e-05
0.0005772172950455,4.113640503420677e-06
0.006287114795815,1.0090029210508754e-05
0.0033938412898168,1.5719620926487966e-07
0.0035341973327724,4.025232682279792e-07
0.0104061956098621,3.144544204722003e-05
0.0122378410548953,2.713042216632723e-05
0.019982536371741,0.00011342890008409615
0.0165413725996445,8.072824679863631e-05
0.0190530381736863,0.00010080524762471419
0.0132176605039607,1.2072389260080194e-05
0.0010402119561027,1.4880214186991702e-06
0.0015008404679888,6.128300520508003e-06
0.0181724590720337,0.00014194952669244714
0.0175788290073405,7.487374229272372e-06
0.0093005946780014,4.5822710120229305e-06
0.000561151265317,5.197446876966471e-06
0.0191003016350738,5.56729273429551e-05
0.0021940619559686,5.2856939607948685e-08
0.0036476998758267,1.2003822960904901e-06
0.0041605876005991,1.8723701279819267e-07
0.0054090572073204,1.1100849216562796e-08
0.0118076413702524,2.1535851860913785e-05
0.0137071366116567,6.719291045526956e-05
0.0147045450582203,3.8589940344748204e-07
0.0148128124521053,6.10836129861132e-05
0.0012570307792098,1.0803993098132991e-05
0.0071749746859735,5.507947947639267e-07
0.0107125362215206,1.3704548520483469e-05
0.007897053404149,7.639570508736091e-06
0.0196413307841275,0.00013120560479092282
0.002733152580344,1.8661056109445056e-08
0.006243362269002,1.649685015206317e-06
0.0043942349478136,1.7597648778149677e-06
0.0087508293159022,5.628354143599736e-07
0.004518303642271,1.386149530724713e-06
0.01101223901101,3.039306555558981e-05
0.0073543291252854,7.806465211499692e-06
0.0009675857130306,4.599329276428432e-06
0.0056384214682656,1.598836399037461e-06
0.0079513567953512,1.4083683542717573e-06
0.0009476057049203,3.3944975940760435e-06
0.0150575755896914,4.411363382401934e-05
0.0132260039468759,2.803013774374405e-05
0.001365940958567,2.8662920626520678e-06
0.0097594769067915,6.91137549240438e-06
0.0155457251619812,0.00011984490500317341
0.0026758982759345,4.279747919977361e-11
0.0142081303067383,6.125861226307661e-05
0.0030303588739533,1.4031124958395688e-06
0.0135153600167067,2.8315975474160532e-05
0.0034988043474118,2.176421290836995e-07
0.0091300791515413,4.282747900233779e-06
0.0040146259495933,1.4451988957371373e-06
0.0130966108805405,2.281520165597726e-05
0.0033431920580277,1.0079123438851457e-06
0.0091979463821259,1.6497418683545795e-05
0.0189415753813372,0.0001413962391494973
0.0117576711852377,1.866675045923755e-05
0.0065598529481988,4.522245774425799e-06
0.0049737392319793,1.8679907896632273e-06
0.0082809640108978,4.479147797971473e-06
0.0154629050289756,8.640919833260395e-05
0.0174367209680733,3.7874528910922496e-05
0.0103586053278827,1.8895668705419754e-05
0.0022340689767117,7.101043897431394e-07
0.0045681064261546,2.916853420159696e-07
0.0137071749115751,3.55715872646303e-05
0.006918075262399,1.999478468938641e-06
0.0106702698092035,2.0588077488853445e-05
0.01198060016153,5.500802579437498e-05
0.0137653140006759,6.316776309811588e-05
0.0170815228948465,0.00010939168064374537
0.0005273741407361,1.7194442023078792e-05
0.0175525355429345,8.403877639496794e-05
0.0107344886260676,1.4473462916130472e-05
0.0180424720195068,0.00011309733217624138
0.0037647078877471,1.7360819292303673e-06
0.0041674902368805,2.2796364687258195e-07
0.0089206207256207,7.4990485768558986e-06
0.0115033530594588,2.5279246641882464e-06
0.0021492366119819,1.2078588204909568e-06
0.0178838016861792,3.2935004090134e-05
0.0176830662679697,8.436799188379924e-05
0.0030038118923062,6.453309498777918e-06
0.0015441137808108,3.1742612307126004e-06
0.0176297150622338,4.531330940608758e-05
0.0062536617850998,3.112349777336132e-07
0.0124898129591178,6.429264174046227e-05
0.0129698528385595,1.6011484506642604e-05
0.0093483085949359,2.7735787858882624e-05
0.0140569989078432,8.236864280996085e-05
0.0023557894729552,3.7228910569963802e-06
0.0065061620754768,4.944379583016583e-07
0.0187135973998337,0.0002083995005416853
0.0108867297747885,2.438750905944312e-05
0.0135114946267727,5.029627734073478e-05
0.0195015378940521,5.9219954108499386e-06
0.0061838643386787,8.941488020033918e-07
0.0068852281461362,1.0750139245896327e-06
0.0105538058107278,4.52195773215539e-05
0.0056297078348853,3.6364344614956e-06
0.0141478650627517,3.611168307855743e-05
0.0123532174957899,5.289652222982586e-05
0.0149689534725298,4.544895111409091e-05
0.004094032864979,1.3422359783382272e-09
0.0101344569029294,7.570811759665133e-06
0.0195621808412459,0.0001102442419906785
0.0041059952192614,1.961644482018511e-06
0.0114200716962814,5.826347706647996e-06
0.0137009738764162,2.9301266585256253e-05
0.0044854777833711,3.514874322894406e-08
0.0060629482905103,1.3823020113192074e-06
0.0010146013311835,1.900244809373031e-05
0.016660405344429,2.7464421531524506e-05
0.0057258421772366,1.0513914087715966e-06
0.0194689354084005,0.00017286744801836866
0.0019339796096968,3.879350977094965e-06
0.0055011558506455,3.137955626136897e-06
0.0084703995419467,1.034739213667592e-05
0.0090480167995835,2.4611741601878152e-05
0.0114805962433828,3.1721641694232876e-05
0.0081005366951634,8.566406158077093e-06
0.0172942587332616,0.00011352926875981299
0.0021212584802301,4.92194396393368e-06
0.0008872658162649,7.118940365084586e-06
0.0173907939854187,0.00015829270325982164
0.0119444740683702,2.013713331883363e-05
0.0060154943185592,2.3035359116627033e-06
0.0189660022917657,3.247527212782678e-07
0.0026907972006934,8.240530036417931e-06
0.0133020969465123,3.0409274223211216e-05
0.0115838851213701,3.756606574849906e-05
0.0099827929859613,3.473609117574935e-05
0.013551003538018,2.3477527713632418e-05
0.0010581900368233,8.311962449024771e-06
0.0181427477205712,0.00014260045739873653
0.015769941681829,8.645436212154593e-05
0.0165779912678809,5.600169395845911e-05
0.001262315445845,2.529119222517302e-06
0.0143127737133182,3.0920955611000895e-05
0.0191617910360323,0.00010848955640701687
0.0010963013806233,1.4406610387786248e-05
0.0038300452496021,2.2866044316275063e-07
0.0142877058810315,6.212128208308425e-05
0.0191502795434453,0.00012488181570519057
0.0074496001657695,6.9652382492679775e-06
0.0056847443258523,8.092265764063729e-06
0.000991885943939,4.026653739473366e-06
0.0170430091134032,0.00011598715764678385
0.0165860679985738,1.628786085899691e-05
0.0065963313553008,8.871605598949503e-06
0.0085512475359084,1.5952800643275527e-05
0.0081857778178674,2.6007128726675365e-06
0.0071234662429188,6.513128629490382e-07
0.0047864360707368,1.28830560524035e-06
0.0022903281625868,9.257584567659741e-07
0.0077311510974063,7.06421115744648e-07
0.0178521867504481,5.104505269220626e-05
0.0004470519530203,6.718078070318765e-06
0.0157449490480064,5.431231596249624e-05
0.0089056269086334,6.759309124723115e-06
0.0121771119489998,2.1891676208567647e-05
0.0155093396501714,2.1296885122184437e-05
0.0097669463103866,4.194179003966501e-05
0.0003210900674445,2.8412597516169826e-06
0.0157353905619818,6.206658003214304e-05
0.0179263781345029,8.096237867420481e-05
0.0158256025603734,2.959241281895681e-05
0.0119899051446954,5.097336942540916e-05
0.0067585918995352,3.2706190438660575e-06
0.0177825270683086,9.130103141477811e-05
0.0197934236502312,0.00011890475051339324
0.0061259173570875,2.919548115505126e-09
0.0017822982158761,7.206024912519198e-06
0.0051264101564514,1.3497483830463766e-06
0.0158017990299735,7.454110097215492e-05
0.0169982356808707,7.459325568755691e-05
0.0069673826781624,3.638142892288248e-06
0.0125451127025653,1.5852157761769794e-05
0.008773293906118,7.357913439085452e-06
0.0049774731364272,2.4286993148789817e-06
0.0191502254106323,3.215892146036131e-05
0.0042863722668855,1.030709279322619e-07
0.0032442127372268,2.3328589209904695e-08
0.0058208014657232,2.507377513682959e-07
0.0195404323946363,0.00014973404491257366
0.0027255897227125,2.5326031097005783e-06
0.013578120704202,8.71036874600738e-06
0.0134500642615443,6.14126477694569e-05
0.0037966975929323,5.378649660758607e-07
0.0033489751241742,7.307851780499381e-07
0.0076648397907706,9.26829451522774e-06
0.0074234424868231,1.2277750526678432e-05
0.0114063281575962,1.1111664868422232e-05
0.0135168048424029,9.103444444076354e-06
0.0141371940700515,3.729902260812431e-07
0.0179875412315956,4.72313413237384e-05
0.0054857224039546,3.4352940766057985e-07
0.0022351063283849,1.1087427332298716e-06
0.0068054531752599,1.2027390975178992e-05
0.0114477204406825,2.3267670996434074e-05
0.0143797473647245,7.01587278191054e-05
0.0023875896908945,3.350476860529402e-06
0.0018904524514442,1.903812223371479e-05
0.0011327258501092,7.196894316954334e-07
0.0197902524055447,2.745129005782529e-06
0.005420571380517,1.7647073357949483e-06
0.0008195705051909,2.2718180222513595e-06
0.0059851574714554,3.891989557634841e-06
0.0018515739118242,3.0146947020716372e-05
0.0031660073618868,1.2905288022853597e-07
0.0130156965231335,4.858492745445645e-05
0.0019809120643826,3.787226924009123e-06
0.0015709668604046,3.294754159451462e-06
0.0030505997021567,2.5925988743204956e-07
0.0171913275238633,0.00011663019686456024
0.0039239633535338,3.517202799494864e-07
0.011830816122986,5.439026964209162e-05
0.0110087729715107,2.7161571350667664e-05
0.0047210319378157,1.614417455222915e-06
0.016110153058945,4.097958195104248e-05
0.0189182630284952,0.00013367842870812426
0.0052564522858974,6.934521357257279e-07
0.0092726691908249,3.994345453074093e-06
0.0056033225545557,6.781670026525454e-06
0.0193848330785111,0.00016078017278252317
0.0025852353859164,3.2715876882566575e-07
0.0098658277935128,2.1226369921655756e-05
0.0114792398460649,1.959052810076823e-05
0.0008312591955045,1.1746920784449895e-05
0.0091284082473833,2.4178067483679914e-05
0.0074658801560135,7.939758372433722e-06
0.0155222560307537,0.00011721158266193861
0.0044905783428296,9.242148079012844e-10
0.0085810667287166,4.611104353599911e-08
0.0152925716952298,3.1995509681984634e-05
0.0121633133458206,2.995887482387056e-05
0.0167688388686229,6.393305231183368e-05
0.0173291698994426,9.046881184730987e-05
0.0127363340633501,3.041885549696253e-05
0.0068454346411404,2.6787763210564644e-08
0.001501614859886,8.961865658478723e-06
0.0161115245889941,8.390484402218934e-05
0.0040299055845411,2.781377290766424e-07
0.0047795968064038,2.2628606611376022e-07
0.0175274057265484,7.673357334401971e-05
0.0190432338496208,8.496066466478526e-05
0.0010410825123795,1.1351977501748285e-05
0.0056181515219976,3.985570418865279e-06
0.009876795193802,2.7044955929216684e-07
0.0096684013247002,1.033555676111392e-05
0.0137033984304624,4.617799701229079e-05
0.0188154311448439,5.178784716237624e-05
0.0128516811730596,2.7625056849804172e-05
0.0013135281287369,6.551456037680367e-06
0.0078934599799377,8.66332906260352e-06
0.0068062269108382,5.902085511978173e-07
0.0098373184836176,2.5891647698592036e-05
0.0109243286561005,2.8767809637629608e-05
0.0141615419686531,4.207575227555163e-05
0.0046033750884193,2.2550492763685817e-07
0.0166031613831743,5.8104050071164125e-05
0.0191031944038437,4.483507874037524e-07
0.0192906690290943,8.13457484055125e-05
0.0071544158375685,7.209583658903138e-06
0.0098979054355461,2.5589213903279795e-05
0.0105888798331823,2.39915096781937e-05
0.0111234556836194,4.8946567440401174e-05
0.0124083480101603,4.2527786950505175e-05
0.0161424008909663,5.129196327923975e-05
0.0152085058934297,7.274271973066569e-06
0.0081122792907895,1.279504265255493e-05
0.015129521120299,6.489918806617353e-05
0.0110309558244671,4.136301330226327e-05
0.0146820633911565,4.490647855080653e-05
0.0158974587833849,0.00010208393737021121
0.0015858349082553,1.1629701382408436e-05
0.0156520806789219,4.77195264702605e-05
0.0197849539710317,2.0190257918906652e-05
0.0022554907291862,6.075988612285218e-07
0.0153633208526947,0.0001258665488674648
0.0072069644509482,2.0975663110285966e-06
0.0035382992413854,5.5111164725393744e-08
0.0149620468850467,7.372261395663524e-05
0.003196455173075,1.397972332537928e-07
0.0068897723195512,1.3157186562378209e-06
0.0118498151963212,2.108800983583666e-05
0.0144134998564555,0.00010932230005048287
0.0187504735433278,5.346451928077594e-05
0.0136127196862661,3.560134912056109e-05
0.0184534246625849,0.00011845942553977236
0.0161791355328292,2.086640146534875e-05
0.0116367211913106,5.1785546749458316e-05
0.0124674582661286,2.567631110975509e-05
0.0008234835195294,5.33486063439174e-06
0.0160627672313692,5.9417887218154396e-05
0.0032353517269274,4.021007250839332e-08
0.0168546934795717,9.482654789017885e-05
0.0062622849193847,1.5880578045832568e-05
0.0128714570088687,1.4450914966634137e-05
0.0197661739248232,1.6223090597349203e-05
0.0053429496642643,2.2822089916742157e-08
0.0140791352466628,4.6151139623449784e-05
0.0152661662401726,8.13171166820046e-05
0.0191974644890668,7.358664045752456e-05
0.0109324606175325,1.9384473175079826e-05
0.0039499660014983,1.019906669980728e-07
0.015643914590036,9.112412339548933e-05
0.0061315511698042,3.349337680670439e-06
0.0057975965807189,2.7224352070921507e-06
0.006870960423195,9.813215364437366e-08
0.0047877436812091,4.838526489549211e-07
0.0040375732520234,4.358879164844295e-07
0.0148463127243469,7.320771552270565e-05
0.0120323710356133,5.346654670098417e-05
0.0057484863750644,3.898147108592067e-07
0.0174289056695597,9.213356342548299e-05
0.0098598988283203,2.0766208770012983e-05
0.0038656107415305,2.121996207198713e-06
0.0083260959395501,7.822776899472274e-06
0.011851524935698,1.3158503110281612e-05
0.0199667849118221,0.00012591046569677915
0.0041924898906886,1.2490022623628483e-05
0.0193762267904074,0.00012034221359157072
0.0160227511921626,4.873344320764341e-05
0.0066496006237266,4.373697450027324e-06
0.0169211543359892,7.558189046138595e-05
0.0017869756406149,7.867009869104912e-06
0.0096406731610799,4.941037948433052e-09
0.0162023797206278,2.4825121716975038e-05
0.0078569986036279,1.2675172384744916e-05
0.018510926007518,9.779944140575437e-05
0.0094018708123017,6.705184495463739e-06
0.0103928218349544,1.9482241379374995e-05
0.0195441248801965,8.935730448706247e-05
0.0169541108293952,8.44848178031151e-05
0.0137922329807921,2.59051848459765e-05
0.002479425013641,5.063722158283163e-07
0.0181309579309876,1.7401853752336766e-05
0.0192513384030582,0.00016408153220679982
0.0009174505612233,1.8890881249706377e-05
0.0130720038796399,8.494224598981053e-05
0.0185700253680191,6.317228648976156e-05
0.0141495098888799,7.346429816357892e-05
0.0004766885361533,4.120570776318393e-06
0.0014477509616788,2.243088864106248e-06
0.0104117217148014,2.5924975659128573e-05
0.0196994938397953,0.00010287068404065868
0.0018480431623657,2.7357723395088185e-06
0.0018125026231502,6.352344493232342e-06
0.0098733393582603,2.0903071522188223e-05
0.0136534890796253,3.155345578876163e-05
0.0189426181113267,2.2560836178996515e-06
0.0030485841983266,1.9710723166332285e-08
0.0112255757415429,6.6809421557743545e-06
0.0085001115089411,5.713700055448607e-08
0.0064126731628588,1.810531055287897e-08
0.0028820885035319,1.2217358443628512e-06
0.0162858438810904,4.370846746463437e-05
0.0080495737925068,2.4046534481935434e-06
0.0156300479749938,3.109743428423566e-06
0.008381351570051,4.882018499671884e-06
0.0080303080605496,1.0241348822521465e-05
0.0023129870481012,2.7771844372078107e-06
0.0125974704346435,6.405042488221955e-05
0.016278422343232,4.532508991168335e-05
0.0192464283781459,0.0001609331742853611
0.0042806410547828,4.3372125244533565e-06
0.0193224064368184,7.963636135617775e-05
0.0193578440015254,4.497338458936138e-05
0.0187561866811765,0.0001536255016694863
0.0077444530088804,3.953334041930792e-06
0.0050566619878409,7.422443843116087e-08
0.0199142528856833,5.741985480858049e-05
0.0115093676788876,1.1095445776270565e-05
0.0032548236496823,2.420918337923867e-08
0.0126949609682251,6.013083412395756e-05
0.0003455020212988,7.0772241119905064e-06
0.0032250259622896,8.023365906266824e-08
0.0143184735632442,8.505161945074873e-05
0.0103054822001715,3.697982646954171e-05
0.0116033561460911,9.097633195025949e-07
0.0032864641708004,4.150526586842298e-08
0.009187099307683,9.542759757374456e-06
0.003855068843603,4.655346224232689e-06
0.0141557899548768,1.557234552509911e-05
0.0087742409508259,1.603003013292603e-05
0.0019867881862168,5.6754366319025775e-06
0.015583545963049,3.8218311316734265e-05
0.0173107479327481,8.466985891553266e-05
0.0028472564573753,8.886300155510112e-08
0.0193607621440058,9.946776666154793e-05
0.0155155489027885,1.553089559221818e-05
0.0132187379808031,2.5975172552585516e-05
0.0104520504088233,2.0526154609240754e-05
0.0033843217526767,6.593348505600202e-07
0.017083605652729,8.523094818639321e-05
0.0157120829189884,5.047105906467184e-05
0.0017434749792272,4.835569152884234e-06
0.0149636905811659,7.262079496324923e-05
0.0042906257571561,9.880099935711836e-07
0.0062413909837573,1.0014978533562262e-05
0.0182842332711646,9.29953445737679e-05
0.0031512497561753,3.57124142702003e-07
0.0102157567335272,8.974432684780958e-06
0.0184079791241191,0.00012019757857869684
0.0061378151598802,8.78649174634587e-06
0.0165464565622626,0.0001043071895541126
0.0091788165750953,2.049860321847089e-05
0.0023055869350785,9.469870806594556e-06
0.0143764618544675,4.2966361061633894e-05
0.0104405063831053,3.592681765431082e-05
0.0060704547515611,1.3793504612866906e-06
0.0042249170749088,1.591770032037719e-06
0.0100724364374801,4.073505002936755e-05
0.0189651858085968,0.00011530069375000934
0.0194976589966732,5.4094460763655096e-05
0.0034350195537578,1.2981423233124623e-07
0.0151262855857894,6.423993023823599e-05
0.0019448563865293,7.388887583921191e-07
0.0022616113450804,4.967569184108155e-07
0.0144336204765168,8.467529933099452e-05
0.0159841025678151,4.253669379967981e-05
0.0032205364477596,1.7362062002558502e-06
0.006609025886092,7.823804057132773e-08
0.0067951793636334,7.748779165038614e-06
0.0125738133496035,3.402951960787974e-05
0.0047047199457432,4.589806298703098e-06
0.0046510685563489,5.885892063162213e-07
0.0084452840231833,8.194680449074597e-06
0.0071990141868774,1.6626344884532516e-05
0.0161806093616448,7.227367950492e-05
0.0104464187655813,2.5184205545847976e-05
0.0009806036844764,2.9825649675355083e-06
0.019496521373495,8.84208936351806e-05
0.0072987930398363,5.522056006851012e-06
0.0092515267493858,4.018825719856364e-06
0.00782891008165,1.076432705852533e-05
0.0128299736288748,3.1040338020569184e-05
0.0001166308657148,1.0764251405628145e-05
0.0082817999983917,1.0333839190495027e-05
0.0022643450617081,1.8747563260745768e-06
0.0175952876575187,2.910002730666943e-05
0.0048876277732939,8.934432365190535e-09
0.0012988348078482,2.6374035655502793e-05
0.0162387958606241,0.00012123974318948225
0.00551314068006,2.2814591707349133e-07
0.0141326095402815,5.703599130504059e-05
0.0193281979954406,2.9492875212358744e-05
0.0007178582949479,8.061514033169797e-06
0.0114314074316095,4.598942545459711e-05
0.0149089027395233,4.782067319772637e-05
0.0016767895025272,3.2424930827024876e-06
0.0053980169720642,1.0502627010602918e-06
3.2572489692084265e-05,1.0845080244956186e-05
0.0169575047707868,0.00010596965279697162
0.003690102833674,1.2558016319858675e-08
0.009989940893914,6.7964219133173045e-06
0.0143906232331017,2.6857331636647435e-05
0.0098294647036648,2.2379147231835207e-05
0.0008690778428048,5.058954731655722e-06
0.001734669117165,1.034514971506848e-06
0.0107526753241476,3.911245016153851e-05
0.0083306137943041,2.263045868866453e-05
0.0166784034659486,6.824658531360669e-05
0.0091350006413831,1.656646192226756e-05
0.0134863458007333,5.037830635816923e-05
0.015230904617974,6.216332672914081e-05
0.0177300842105862,7.695319574144516e-06
0.0144514439007497,9.30135277570204e-05
0.0195378553228932,5.7971963024455e-05
0.0025444024824468,3.554595506463491e-06
0.0045656575709457,8.743210200029177e-07
0.0073645603340945,8.552474089169688e-06
0.0154279332443736,1.2503734785365565e-06
0.0019650650338249,1.9179962077554988e-06
0.0185209413358986,3.9089535524755066e-05
0.0034124531848011,2.874993529577946e-06
0.0162589502022044,9.649861241345459e-06
0.0115720811470612,4.5409186377171615e-05
0.0012009427590132,6.190657826512902e-06
0.002092967387515,1.8080214740350956e-06
0.0194286814861252,0.00014429473563849193
0.0152990422647557,8.151231536562775e-05
0.0168858436855443,2.7860501317046043e-05
0.0054865426138294,3.258003966724704e-08
0.0151463839365436,3.195267516773176e-05
0.0046589232773302,2.519334511992938e-06
0.0072048210753136,1.8856932797591486e-09
0.0079758976032104,3.280928388111014e-06
0.0030481978592155,2.054539159326124e-07
0.0134417006181024,6.496850237987013e-05
0.0137628566327055,5.9351160712074624e-05
0.0107091490986247,3.098240666255468e-05
0.0172691139039384,0.00010172028209789225
0.0098468098275953,1.4943066047538067e-05
0.0145023842073049,1.3173280531950033e-05
0.0059921411589427,9.845224740088508e-06
0.0120917092429503,3.823865963507645e-05
0.0022274360738626,3.5127280921544386e-07
0.0049707958283146,2.186942322301342e-06
0.0086470664219689,1.9248637197395684e-05
0.0061198600715062,4.47452417431417e-06
0.0062188306628054,4.6671727504067256e-07
0.0083578037143343,1.618055058926284e-05
0.0037887593863814,1.2967199052371116e-10
0.006651919201171,4.779156813048775e-06
0.0051946769531346,3.5091956583246503e-06
0.0167967650043203,8.099561929170802e-05
0.0137495460649454,7.632496322133624e-05
0.0085166084546733,3.7006415751391564e-06
0.0093756164762482,2.4094650367589112e-05
0.0181360963130283,0.00014802467934613882
0.0146697263528375,4.650552134825276e-05
0.0139309097483502,2.8719689624253777e-05
0.0122648872937883,5.81408884028132e-05
0.0137285525773558,1.646764944094157e-05
0.013163104771253,3.0682581000647057e-05
0.013535460031194,3.333876680554085e-05
0.0086202887439327,1.2199028044268772e-05
0.0121735303930619,3.129623774245197e-05
0.0029537591489003,4.0810945001611775e-07
0.0116300257805621,3.234260289803125e-05
0.0052129541712457,8.270568152931794e-07
0.0031737218340135,1.739313058561051e-06
0.0024340938393648,8.397380230819625e-06
0.0045266932380397,1.546705721155802e-08
0.0005399009104373,1.57964868803665e-05
0.0122654259825858,5.904162599546242e-05
0.0137004599735119,3.286899763852996e-05
0.0166479424472147,6.19667923781799e-05
0.0006145548544005,6.358625625741702e-06
0.0073614659898357,7.362233052152426e-06
0.0124421105319164,6.762939209469035e-05
0.0146123620962199,5.997325962619205e-05
0.0123552028852169,1.9439308756672564e-05
0.0021370722707137,5.304297429358779e-08
0.0081206280664747,1.708605832978576e-05
0.006244322377593,6.218187208434604e-06
0.0008814510891838,1.3379698249965478e-06
0.0071833021390275,2.7649597019769234e-06
0.0051663446327159,1.044138835395087e-06
0.0124755698360897,2.8727228248760832e-05
0.015686327020668,7.505225605561954e-05
0.0196375875553732,1.2692254519988813e-05
0.011091612129331,3.880298797125672e-05
0.0151881858605776,0.00011056729345352605
0.0030589794442669,4.08598242778642e-07
0.0136753301232136,3.510221604330208e-05
0.0126802924589959,3.899695604941091e-05
0.0176444851871961,0.00010270010908905969
0.0085474456966845,2.563460630305915e-05
0.0049530011327631,2.5609136781609606e-06
0.0058794231418424,3.8301981405878e-06
0.012072959367008,1.4366400750642702e-05
0.0037600545675892,3.7105514158157984e-08
0.0162052120724563,6.805971741937801e-05
0.0027251596450755,8.152876805049309e-06
0.0054247056335881,7.911074793296708e-07
0.0008955927687232,3.3454966524128796e-06
0.0134905632123781,1.7794077002254067e-05
0.0038077750791962,2.4822358033793586e-06
0.0162880737819134,4.18124972519406e-05
0.0198855121656421,6.981717068173567e-05
0.000459453971676,3.415187175877534e-06
0.0138911047107032,6.912622883399432e-05
0.0083682897400329,4.232616011930361e-06
0.0097730136680196,1.8899804295255576e-05
0.002771171984481,2.5689628938872855e-06
0.011646350420966,3.068405557366331e-05
0.0092333736117933,4.373214902409904e-06
0.0048820457132096,3.2926472754411265e-07
0.0194339653715866,0.00018159378084993115
0.0029110658676114,8.901737479543296e-10
0.006464999138738,1.0280140553836626e-05
0.002036820105878,2.5119453468945235e-06
0.0119994282565293,2.6438933831368786e-05
0.0129638374113674,5.6554600967821644e-05
0.0075919570160233,1.0823684354125751e-05
0.0066452589010612,4.6324390530246317e-07
0.0100286129971659,6.818411941987513e-06
0.0011211878461969,1.8114457973399261e-06
0.0088130367792602,9.563588482097174e-06
0.0070655807518317,1.6079066277246013e-05
0.0092537604684594,1.093045300986839e-05
0.0131090860851394,3.187359501239797e-05
0.0188345788732144,7.569269337482412e-05
0.008418644996257,1.8787580215274095e-06
0.001842874482269,3.202223913803111e-06
0.0186527911474891,4.412615834699094e-05
0.002420025670046,2.2883358611308155e-06
0.0067752375944313,5.039715888824303e-06
0.0124024795278654,2.1617710642353933e-05
0.0199103987060319,0.00010670135340390317
0.0089158421890043,9.322369289375699e-06
0.008866871009648,4.220712609209419e-06
0.0102554022606536,2.4766554678059803e-05
0.0003000021966589,3.658202570963176e-06
0.0183609879066841,2.4208011748943262e-05
0.0175053414438917,0.00010842317234173599
0.0040433130017207,5.238296737278008e-09
0.0132252564048475,3.58661035895356e-05
0.0092704152007266,2.090541446765433e-05
0.0197045633939999,2.3620881620183806e-05
0.0143398680133028,3.385938842578074e-05
0.0051199775553552,8.115301162911055e-07
0.0001155942445605,1.2821846188051815e-05
0.0015297545652268,8.567980491034407e-07
0.009512150367101,3.903397716314277e-06
0.0134322786465868,1.0694877241988887e-05
0.0193140447536898,0.00012971237597905999
0.0103963884149258,3.2570236682403035e-05
0.017642675673749,9.281680969512891e-05
0.0111095281537008,8.381162198610083e-06
0.0175189476137,0.00012597189441042247
0.0077395380221609,1.9291701726832917e-05
0.0078309936122703,6.507879333386413e-07
0.0120709628470466,5.2647427489236514e-05
0.013182549970888,3.8649407950731697e-05
0.0068480984864682,1.1053486527599012e-05
0.0174028999502523,6.223767709456552e-05
0.0081269169692245,9.454872067299968e-06
0.0022794517326591,3.1007519543647942e-06
0.0070030615064514,7.138767209043407e-06
0.017206015544971,0.00010776161555998122
0.0132998818946118,4.1705971441073967e-05
0.0191821929584084,0.00012085000058901089
0.0005665849788413,3.5148055119558733e-06
0.008226227778838,1.2421064733270848e-05
0.0071841731021313,7.840529494805883e-06
0.0094888751734562,1.300949415739656e-05
0.0093243931084461,8.784901800434196e-06
0.0145829739842048,4.17770466170298e-05
0.0060817964939045,6.679664533974133e-07
0.0040076880848904,9.200208265235257e-14
0.0132966461797924,3.191823075263781e-05
0.0107668424318952,1.8466145277221587e-05
0.0027967575725361,8.43136978334141e-06
0.0061091287749222,6.722306069715565e-11
0.0095914536577532,9.389816763299912e-06
0.0074258599844011,1.2825828762967521e-05
0.0161525557395887,2.009835838827951e-05
0.0148566722676956,5.0878937648102014e-05
0.0049411806302755,6.624450835887629e-07
0.0101991803140733,3.4451509521049903e-05
0.0057872287856776,1.4480979974419354e-06
0.0063021976295434,2.8823060351364887e-06
0.0018986406188254,3.28806317006466e-06
0.013082056327254,2.805214226958449e-05
0.0032668205544421,1.8303229265595126e-05
0.0162272217466812,8.403789098907825e-05
0.0015528855975457,1.919732806253868e-06
0.0197542974923103,3.1129972796585263e-06
0.0102845493961004,2.4746286106339907e-05
0.0057123353915274,2.0184264027882544e-07
0.0194299724281975,3.0853060743110754e-05
0.0105030889421356,3.128053281555978e-05
0.0029537212629934,8.450417683439305e-07
0.0038770379607411,1.819770586953729e-08
0.019582208744568,0.0001187897722102026
0.0126524335220637,2.7767497808163693e-05
0.005656188206131,1.5067774020651696e-07
0.01918452465375,0.00015141069520567966
0.009169990550548,1.45125024226855e-05
0.0162779273845268,0.00010186964935527869
0.0035805818110494,3.0552202178728893e-07
0.0178179092422725,6.430655195696014e-05
0.0120450668793902,4.711773328447473e-05
0.0001909368266755,8.807204774582398e-06
0.0150312081803895,5.54362626603661e-05
0.0099481497471875,1.5294443541008696e-05
0.0144546815429216,3.725855485857396e-05
0.0063130873878295,9.606108943942564e-06
0.0183964422633754,5.551630099086926e-06
0.0064242273302309,4.773969357646882e-06
0.0119686057782672,3.877200610563874e-05
0.0149747517614821,8.95501561270879e-05
0.015427240888608,7.834432899927809e-05
0.0134704320207879,6.270979758371153e-05
0.019894582178072,0.00011119685650506835
0.0136236439833122,3.1715910286718664e-06
0.0037872688299119,4.3970993217115024e-07
0.0117223993813078,1.2795495260213091e-05
0.0062882495594946,6.546031120430349e-06
0.0031620501294862,6.167586699640262e-09
0.0107043090872948,3.471479192295552e-05
0.000436306353788,8.704895838956373e-06
0.0051183860868093,9.056666264817695e-07
0.0095659583302637,1.410946177520456e-05
0.0038555055342255,3.617766989608477e-06
0.0143640582753525,3.140982605396345e-05
0.0074617708569915,5.914852014157008e-06
0.0102206214688201,2.1355975958455065e-05
0.0187869364605992,9.375975567209752e-05
0.008663601000619,1.8820799098700465e-05
0.0162681961853426,9.74126687570836e-05
0.0006691171098704,4.66497996417032e-06
0.0186278395026494,9.017990616470494e-05
0.0112751016951055,5.255376364495028e-05
0.0134105484230092,4.3732890438263096e-05
0.0083228864853592,1.3899335572054187e-06
0.004172569263486,5.401622005076354e-07
0.0076885832496388,1.8173619677134754e-05
0.0164879108084409,7.761408087235273e-05
0.0125856210788826,4.562059782315816e-05
0.0141339828726405,3.907288668392347e-05
0.0178735267962471,4.1458198295774896e-05
0.016560677265046,2.974735443104999e-05
0.0147067766149654,7.241278847119088e-05
0.0081969858237014,8.03798774043912e-06
0.0009955121447348,1.064121044566942e-06
0.0087387878863621,2.4113100139455208e-06
0.0129867937342439,3.541075423229444e-05
0.0007001835250746,6.1945740176920836e-06
0.0072581607885062,4.57484905364075e-06
0.0066573585752858,3.8907960430504757e-07
0.011393676099548,3.3317595486746747e-06
0.0152228119776511,3.9618760432704475e-05
0.0079758663361125,1.557355865838134e-05
0.0090569666148719,7.028844300206423e-06
0.0074048012573336,3.0670345708994934e-06
0.0175513820500268,0.00010446958906548859
0.0081698032575562,1.012044007914512e-06
0.0036253847757923,6.349995590750251e-06
0.0048879295678332,8.170453050472417e-08
0.0103324169041616,2.1118865238720833e-05
0.0104343162469612,1.57795269695248e-05
0.0096746384245181,2.836798188496957e-05
3.4074819054410455e-05,4.1365861036232795e-06
0.0199706387626495,0.0001385310326419177
0.0021721509940706,8.313080539217412e-07
0.0100464602728235,3.168056498135874e-05
0.0123762678951162,6.70433346358017e-06
0.0126692330497077,3.17058713114692e-05
0.0160715696084511,9.141623624347965e-05
0.0120806784494467,3.9633297506577985e-05
0.0020584415843693,4.351696095146269e-06
0.011872679034047,3.154773045197266e-05
0.0111127019898667,6.14389558705698e-05
0.0075950308126914,2.2194947959234882e-06
0.0116848191595986,2.7308747295292504e-05
0.0125535814548508,2.0199733452565634e-05
0.0182050640253134,0.00014905278425522334
0.0039414320521677,4.124208009643951e-08
0.0178615076135852,0.0001193816398102006
0.0008905676103025,4.506022498970633e-06
0.0004286887467472,9.452192192755915e-06
0.0092778325812459,1.223085061430247e-05
0.0119922646163217,3.401564879794986e-05
0.0154865601635067,3.995570372463348e-05
0.0105195147195483,1.4424367747774498e-06
0.0178333580918926,6.811448662715179e-05
0.0106963014185135,1.647464657249389e-05
0.013061034796939,6.829974389107486e-05
0.004221384645879,1.1897010806101207e-07
0.0170968187095232,0.00010286470216093386
0.001324219933577,9.69293700359178e-06
0.0133083780129073,3.983081850902415e-05
0.0133506102563186,7.841841859459304e-05
0.0062614238828438,1.2253685723289841e-05
0.0066187719234273,9.216149199855745e-08
0.0186850090129539,7.867036879434519e-05
0.0177585754241147,9.737473766514451e-05
0.0120087629931158,1.8929036417225177e-05
0.0018744559780363,9.22453321515521e-06
0.0017927922919896,2.1690998890748816e-07
0.0026342321539762,1.4998301747772608e-09
0.0197442348815396,8.427831349428108e-05
0.018011186573036,9.654643548583966e-05
0.0002369675044626,1.6039398930115874e-05
0.0136214432662026,2.1261207524249106e-05
0.0056836398870989,6.294023099067604e-06
0.004535468379965,9.446713692122219e-07
0.004908848224188,4.983843235946789e-06
0.0177651172328504,4.8354136156160075e-05
0.0170998654345962,7.381434947375345e-05
0.0159196737736958,5.9645095082555635e-05
0.0178171787900894,9.269949177885187e-05
0.0042912604099327,1.0266412121593641e-07
0.0198686978205786,0.00010134461831174429
0.0013316933710027,7.3315454510607135e-06
0.0122099878155762,3.630195036523967e-05
0.0089798304153063,8.437938782544594e-07
0.008535294449408,1.5638343431248482e-05
0.0130123605167361,2.4890211658625567e-05
0.0178305419097242,5.0018484986189475e-05
0.0148455336220909,4.2618744665893026e-05
0.017196866411876,8.637598118681704e-05
0.0018059635551008,1.687384108721873e-06
0.0153182655407357,9.279245318290989e-05
0.0188524991196046,0.00010966415740894391
0.0189071449151999,8.136419734241762e-05
0.0191974579817404,8.213858345089839e-05
0.0141520664547591,6.617611572826955e-06
0.0175908992991363,9.943418708226875e-05
0.0041020178653692,4.3230856321202115e-06
0.01579294995711,6.280166807638223e-05
0.015927467396938,7.206290043158304e-05
0.002276469160986,5.535392132816568e-06
0.0127062747423049,3.492454375109568e-05
0.0066541941086189,2.3119856303780777e-07
0.0144315301619008,4.4222944550271756e-05
0.0086629756465483,1.0065260523541902e-05
0.0030914802776631,4.1239422289776385e-06
0.0140444913257282,1.8258265708822478e-05
0.0155161945986897,8.02566155060608e-05
0.0172634495473292,0.0001252296648853927
0.008627726737769,1.8318543798739667e-05
0.0181465367133263,9.63280902036497e-05
0.0129828930691358,6.612046138297733e-05
0.0006779122542255,5.266017371719905e-06
0.0195539896564751,0.00011346138606423077
0.0051674298342282,6.933888537765745e-07
0.0018725414964574,3.791203647401054e-07
0.0060810784997204,1.3074632345709512e-08
0.0148201854662318,4.337749769360061e-05
0.0005005193966656,1.697969292885588e-06
0.0107341759922715,2.4775290971604452e-05
0.0023934850973895,2.6309220286379536e-07
0.0154767096386056,5.211489162412833e-05
0.0044127664970966,2.753630041694024e-06
0.0145304369600025,6.614828146088489e-05
0.0095615246032702,1.3816497541579913e-05
0.0001152333475788,9.5176738350239e-06
0.0125544527954532,2.089268868869782e-05
0.0056009845425986,2.6250608733978317e-07
0.0192441032250536,1.7792399903907926e-05
0.0045191978487244,3.114804006645341e-06
0.0154701506486064,1.1653445041565486e-05
0.0049757112605544,9.573412025768742e-08
0.0030907799800687,8.226538472647362e-08
0.009096609300441,1.794669041097007e-05
0.0163970801556197,0.00010759116521594339
0.0072960667982769,1.0350953380437082e-05
0.017566352254168,8.039095826594226e-05
0.0012722770252131,1.1719784935161626e-06
0.0007505810168824,8.693405121275842e-06
0.0131132591629285,4.269358481938641e-05
0.0181725651641031,5.671458054744302e-05
0.0161556020055052,4.5085571710748454e-07
0.0052862570548599,6.675006600722495e-06
0.0084344322913709,1.4362438965159243e-05
0.0124334578572056,6.249038846195765e-05
0.0161138129758249,3.802649156973179e-05
0.0184272466279201,6.850096405626659e-05
0.0088296147936329,2.449022650357337e-05
0.0058049330337634,5.583117205008982e-08
0.0059843919755205,1.327526959408562e-09
0.0002251091103776,8.895608702701403e-06
0.0011141316390195,4.208083518610493e-06
0.012930632067344,9.417433705843276e-06
0.0140288712006391,5.147848222101896e-05
0.0138282425401299,9.491503986643928e-06
0.0034316856066174,5.437510371848597e-06
0.0028784360592898,3.2711042080120236e-06
0.006962531322839,4.079181394834764e-06
0.0091816726960204,9.333885494632079e-06
0.0072500141623235,6.838695338659718e-06
0.0061552804594827,8.554107638442982e-06
0.002907105090562,2.112123254461777e-07
0.0152476484000181,5.8251677473968026e-05
0.0151293565753298,3.787389097019515e-05
0.0171972259791383,0.00010848596400119354
0.003576262009481,4.28046131165615e-08
0.0143257583879958,0.00010028197389553282
0.0161376120648972,8.110993404369463e-05
0.0115651279423157,2.5369370681108303e-05
0.0156142676510037,8.025101951867138e-05
0.0148937747586851,3.625787321953033e-05
0.0018896929781551,6.627612865566017e-06
0.0034883495238517,4.999375212494628e-08
0.0043005448449991,1.2898992580726254e-08
0.002059692661149,3.170451311671073e-08
0.0079008431474928,2.571770973443471e-07
3.838340002687568e-05,2.048523782325896e-05
0.0014674188863618,9.615915503831238e-06
0.0026168167792403,3.1453741110162776e-06
0.0060491686400406,8.030058439655307e-06
0.0161060703548329,5.836938404943692e-05
0.0046800270830394,5.628687922398829e-07
0.0025230679891363,9.306746014859732e-06
0.0128695664720555,2.33554273547156e-05
0.0064374669805852,1.2146771807289842e-05
0.0110041563639432,2.1966698742979922e-05
0.0119549697974073,4.0023299260911014e-05
0.0042554763998718,1.3909160058907615e-06
0.0179478476495228,6.452070421360648e-05
0.013089510536741,2.5354384079329333e-05
0.0062818303347006,1.2396968797244345e-05
0.0124132985625139,4.163024599987072e-05
0.0057250847103376,1.124186014550884e-06
0.0072743614832214,1.5873174264937094e-05
0.0180460818529061,0.00010243810682710816
0.0115620225242817,6.635623494408482e-06
0.0176853976134594,1.3618333167918517e-06
0.0169762362742354,8.10917321206105e-05
0.0115440418291615,4.085907834080823e-05
0.0159069387579734,6.249483114883554e-05
0.0142467736763894,1.977845856482435e-05
0.011591966258855,3.3864894158751476e-05
0.006949409609339,4.175640398705497e-06
0.0068842238269863,6.684615511450507e-06
0.0055466734912508,6.493691069151595e-09
0.012769662773393,3.4117270165810146e-05
0.0078949446648074,1.4009527072695631e-05
0.0060711119297154,3.989101887429198e-05
0.0174888600009885,6.163424357249655e-05
0.0150613341731673,4.839100602457444e-05
0.0112388720455174,2.068173010895555e-05
0.0060372274100576,8.23225402003229e-06
0.0165461009752545,9.733702439984629e-05
0.0078052083695448,9.761661294188092e-06
0.0145400638640796,4.333085282453617e-05
0.0119250882550014,2.6545307722626908e-05
0.0139072347137378,1.539312426493901e-05
0.0064223597495549,2.878647156200565e-06
0.0008161229929992,8.827344039188674e-06
0.0150755909578257,7.775461314230107e-05
0.0041290632969461,1.6789426549828567e-08
0.0030668899094153,4.1366496025676163e-07
0.0198908566087398,0.00010937710129937365
0.014710096818551,4.587149556435921e-05
0.0109827899531717,3.438741198206895e-05
0.0195423058756837,0.00015941185181483382
0.0057990068168936,9.842027093112073e-06
0.0109408992332616,1.0152590928452244e-05
0.0143144814269672,2.5012493175948512e-05
0.0194698251781912,9.670186862393964e-05
0.0124273892702846,3.8968949110006154e-05
0.0022276917427151,7.167798564789867e-07
0.0183821923940328,0.00010479355171846708
0.0031558980582704,9.51602272774543e-07
0.0101626627323038,4.1894911708353374e-05
0.0061416079742475,5.747737489686404e-07
0.0167224621907889,6.920242676193832e-05
0.0153476727562177,2.3167333470508236e-05
0.0003757522637101,4.717780569852988e-06
0.0053154463983516,1.2413845077600792e-06
0.0111296335074174,9.853042675685502e-06
0.0147107936547962,1.731385812815585e-06
0.0104987528186566,4.53000552996155e-05
0.0108952579222941,3.0618588794864865e-05
0.0074468393927596,1.3052629697255029e-05
0.016134779104861,1.3690046244656405e-07
0.0105158325901774,1.5303713037271567e-05
0.0171463692152153,8.37722064896069e-05
0.0080901227304104,1.1669947229336076e-05
0.0139275505227329,7.403386190961855e-05
0.0034233704164861,9.38138591703541e-06
0.0111799847792067,2.343260822994206e-05
0.0172989138676533,8.132801207522234e-05
0.0037546922440105,1.9044428862448603e-06
3.899645985778744e-05,4.186458415816999e-06
0.0181707366821037,2.6750299152602138e-05
0.0105634899637362,1.949571465489574e-05
0.018020146793665,8.262700126834253e-05
0.0101939295737573,1.600181231753081e-05
0.0110172057065377,3.509326274476014e-05
0.013264042286991,3.6548287150773824e-05
0.0141601394338096,3.405109866359981e-05
0.0084860511232888,1.742108756934587e-05
0.0058834566104371,8.72499128874483e-06
0.0176776248999917,0.00011124126560671089
0.0197594162089375,0.00011647922151687478
0.0037220898446007,6.21485328921102e-07
0.0119008740272601,2.090197956259817e-05
0.0130407099053698,5.038398610924308e-05
0.0068999416702356,7.1355770955469e-06
0.0074546183205625,3.0567699105234914e-06
0.0175774444319056,8.211984123998222e-05
0.0166787578503531,6.546860301026107e-05
0.0080616349970448,1.4691455311393528e-05
0.0182607233883166,0.0001182066583103949
0.0199713729000161,0.0001374404542542497
0.0034523963145924,1.1695395445857944e-07
0.0171631879425562,0.00013260386075897388
0.0192214127759812,0.00012075312486932224
0.0142615135976056,3.162825099316317e-05
0.0144351932029053,1.9916930205908178e-05
0.0001122787313806,1.3937230076736892e-05
0.0136680200725997,3.415211376356324e-05
0.0191993753155692,0.00010251551755869497
0.0172561950905193,9.617734625014705e-05
0.0131863007939287,4.490561905077353e-05
0.0178032565013686,9.142736981204172e-05
0.0074913149402723,4.608797218500956e-07
0.0159751580872628,7.532889811622555e-05
0.0170678557041018,8.438078437945572e-05
0.0186699527756184,5.615986735477884e-05
0.0019732146711016,2.5491291324346017e-06
0.0008975381911529,4.50512558248104e-06
0.0136905202321421,3.581925902633482e-05
0.01618154695537,6.5943356112135e-05
0.0143161673680137,6.813532154770694e-05
0.0181763434501893,2.970997367366054e-06
0.0048296016885054,3.3433097382933624e-06
0.0030563067657299,6.864184189273697e-07
0.0129739737973054,5.8109516534352924e-05
0.0157713397459061,4.5268253724499094e-05
0.0036541511527706,9.836057893387106e-08
0.0124929333652033,5.47484990530219e-05
0.0146479152973381,1.6137694224971236e-05
0.0033951714783287,3.1464015831816267e-06
0.0121360478488336,1.7512912473234955e-05
0.0007752925037225,3.54090011852061e-06
0.0009146954134331,5.1421219779361195e-06
0.0184469636200819,7.110290083429974e-05
0.0168942859920026,0.00010083528404680496
0.014737389686484,5.781720227202297e-05
0.0157792212879633,0.00011710429179071578
0.0084338588143883,1.0448872614145324e-05
0.011308182615566,3.1112309789501577e-05
0.00335786519967,5.692358043768668e-07
0.0136897426206936,5.4135591591757016e-05
0.0159249507429673,4.2709302697482524e-05
0.0136337075269234,5.443141831497568e-05
0.0143924744743346,7.544540378995879e-05
0.0136902663727976,6.0177785926599974e-05
0.0052711949867576,4.557778523611367e-06
0.0085913616676534,1.4816421791931531e-05
0.0020312941829818,1.3759673871994934e-06
0.0045545755440712,2.0551988095681153e-08
0.0187088573240631,0.00011105390457068072
0.004478166580749,2.1105748125210425e-08
0.0195369717164041,6.466447557641658e-05
0.0132427636840415,1.6112394516097194e-05
0.0091003792849475,1.8218560504058343e-06
0.0095783510448238,2.517431578822741e-05
0.0063712744450918,2.3681190369085835e-08
0.0184886663892848,4.5396363903012e-05
0.0191115979214523,7.830169590286769e-05
0.0191538891619462,4.620079076366705e-05
0.0116123835742581,3.502672941130367e-06
0.0046625185126612,3.039068038009523e-07
0.0183973832611404,9.828051589527627e-05
0.0064313413022124,4.023042317012248e-06
0.011572820604273,4.466672635287197e-05
0.0123527968292429,3.35957804710294e-05
0.0132926861131474,6.156012785962075e-05
0.0081103770908672,4.1950148429648145e-06
0.0003903455436624,9.810242331778755e-06
0.0122477064438178,3.384644978185699e-05
0.0153501263887682,2.1242294142347267e-05
0.0024372160369911,1.6369523377058145e-06
0.0162894580505153,5.0537361566213765e-05
0.0172416394403164,6.139211680675695e-05
0.0098352397553305,7.841802898392799e-06
0.0015363832774957,1.7626722896974707e-06
0.003384702567813,7.931455347631816e-07
0.0181342007175749,3.620860627446024e-05
0.0018505611743359,4.508689843698315e-06
0.003712655809744,2.6999584115072465e-07
0.0191948581046998,6.360259928550351e-05
0.0039814541581165,9.909415785283057e-08
0.0039436134861902,8.854258823678058e-08
0.0017462213058748,7.840824278692866e-06
0.0043022774487497,3.957730073123201e-06
0.0063307803557941,6.522933973067536e-06
0.0073736263824699,8.713383993781274e-06
0.0093445764225891,7.467899646517245e-06
0.0084839227092684,4.967698342461517e-06
0.0174960443505845,0.00010425169863743415
0.000554665132205,1.053263556910067e-05
0.0110414514392652,6.943786994041076e-06
0.0025991515017763,2.520141997614952e-06
0.0082767176466058,5.917690208920196e-06
0.0017125794998008,4.567422761306161e-06
0.0040655163424343,5.920759281945458e-07
1.653243685239003e-05,9.135174193833679e-06
0.0129414200396275,5.030681371584539e-05
0.0023250060686176,8.919278406948536e-06
0.0093738106194697,2.708806779672532e-05
0.0140536436059495,2.9163018264284394e-05
0.0085900697376824,6.60100712036974e-06
0.0035856039785041,4.39863532102147e-06
0.0083066629274321,1.2165828388460678e-05
0.0164692595658269,8.963895405832907e-05
0.0198013581500174,8.813655800250187e-05
0.0124234452879142,2.03722966517287e-05
0.0118998400266127,9.892945895089785e-07
0.0091452981486974,1.7014039113306916e-05
0.0166938900262009,5.75268308714025e-05
0.0033608885418908,5.184605152445543e-08
0.0092038297854651,2.199280521394698e-05
0.0022958202624692,3.1789348751295996e-06
0.0128969495163526,6.39577548163469e-05
0.01559400116134,5.68163106005506e-05
0.0187578597631589,0.00014247246795359445
0.0165871217528765,7.238636394775393e-05
0.0199125541693522,8.494721494131321e-05
0.0022307737722188,8.634555976585569e-08
0.0071050565539539,1.8328669920777193e-06
0.002653900681888,2.0823578081448879e-07
0.0120000118932995,1.4245929587851237e-06
0.0096794181914181,2.3098870819618134e-05
0.0087339619498618,1.9239206703808716e-05
0.0033007870458665,9.433670083153392e-07
0.0153604812656682,5.431400251813749e-05
0.0057106020356946,1.886915083735222e-06
0.0101823002958214,2.0591132460419565e-07
0.0080231556328725,1.8981015520733956e-05
0.0195618010157721,6.381338462200127e-05
0.0151722155794976,3.070984396540083e-05
0.0111640516999241,3.419212263540032e-05
0.0151837641084157,3.908724414009822e-05
0.000871127071357,1.1950533121783408e-05
0.0176635817161885,7.113186753907018e-05
0.0185569934067572,8.359336676541627e-05
0.0059715902671674,5.751001791280152e-06
0.000686781792384,8.794769065918819e-06
0.0065699455606172,1.9174196107977225e-07
0.0166829503302829,0.00013151683496984265
0.0181377510077224,8.657086150877206e-05
0.0106606013788562,5.890601378210768e-07
0.0092849744995796,3.815992332167881e-06
0.0034501050853993,1.3880164492452168e-06
0.0076593167051943,1.996172757335914e-05
0.0056993311136811,6.637505839826243e-06
0.0187904122545274,6.951104988698151e-05
0.0121781932629968,1.404724633147261e-05
0.0166445696178294,3.62247566970741e-05
0.0032623800109599,1.0521687169990453e-08
0.0129345218708331,4.199057606001685e-05
0.0017861480122739,6.331293098792858e-07
0.0068833950000009,1.935942588555343e-07
0.0145296995165751,8.84431501613493e-05
0.003676766319237,3.9329848013456775e-07
0.0060473740218786,8.233617357741838e-06
0.0170627327080491,1.4842290102299408e-06
0.0083307374613871,2.5114192596704217e-05
0.0017399221010154,7.076769926120992e-06
0.0065817913435495,3.815234139902119e-07
0.017050339513921,1.527822678138486e-05
0.0004981733214308,3.5675783235553552e-06
0.0116505093802687,3.949981819971016e-05
0.0199564202284088,0.00010366157065511239
0.0072053533382994,8.703456009370465e-08
0.016145937839453,6.377004588795822e-05
1.872209201563501e-05,8.547483030759728e-06
0.018344771816817,5.846615496226515e-05
0.0142575672063359,6.269428240686524e-07
0.0106430274519238,1.4957035455742449e-05
0.0129665140934249,2.4490768511007867e-05
0.0064430803311196,3.1226741719582553e-06
0.0026854436850319,3.891704129087108e-09
0.0089409062366785,3.3412106092738284e-05
0.0065303645557739,1.1757771693292161e-05
0.0158339722433818,1.9820723912058892e-05
0.0061240394375435,8.903287094240887e-06
0.0022633751363743,1.086174965207574e-06
0.0099506623690582,1.5461235628080242e-05
0.0166866184651648,7.48829215879201e-05
0.0108341259029728,3.103067546327679e-05
0.0180697562671852,8.536866091969275e-05
0.0029386103704359,5.027012816065695e-06
0.0008576436662549,4.670362949800261e-06
0.0169293246035379,0.00010249356857550526
0.0169285305327669,6.992452553742536e-05
0.0172800980643555,7.890192107917553e-05
0.0065869283411314,1.2218200605652079e-05
0.0005435208285421,6.197935698246237e-06
0.0125614153327983,2.4043366738346072e-05
0.0119606695743486,3.897350774899207e-05
0.0091171814127463,1.1229332998099766e-05
0.0125633581382912,1.8069501256208872e-05
0.0048671507511208,3.496332500687267e-07
0.0060865172503239,7.007083689528502e-06
0.0090511054599532,4.620742669944537e-05
0.0152860649977196,4.360168816081376e-05
0.0079699080255375,1.82570447925675e-05
0.0002937586999409,4.051762961302625e-06
0.0088313606538249,2.9783752669644146e-05
0.0164828402841372,9.115519953800669e-05
0.0081932367121757,3.1501280792742943e-06
0.0096876733397877,1.4658955960698985e-05
0.0197389938570044,6.704183737498859e-05
0.0132872658799531,4.945150737651973e-05
0.0162210227608529,2.9075769647111974e-05
0.0058570337510025,3.508786698889461e-07
0.012957976360365,7.899092303080854e-06
0.0196779611174735,9.339267775615929e-05
0.0094599600157593,1.0611140791796394e-05
0.0192682370088685,8.695964500735238e-05
0.0140194311082442,5.9830434211910705e-05
0.0122922215263422,2.8943406419171528e-05
0.0077800734333533,1.0333000356847814e-06
0.0128183195025235,1.9263017684492534e-05
0.0139994838731595,3.293902889359403e-05
0.0145356420567627,0.00010229025510779449
0.0080687328068318,1.2474996099113083e-05
0.0154185179273206,4.82202397702554e-05
0.0063545919932496,9.57181593820679e-06
0.0065431914269529,1.0948745103291694e-05
0.0015067537700122,1.1517776965620685e-06
0.0034341027007611,4.233904122027626e-06
0.0124004970396125,3.792531312669977e-05
0.0143269767474469,1.4547516415820906e-06
0.0034815414335092,5.2706500509404286e-06
0.0095820420034614,1.426016972135806e-07
0.0037741499308136,3.4066350346581856e-06
0.0128428810836425,2.2018586515515017e-05
0.0124185958609861,2.27678980061725e-05
0.0167420933240721,5.028228825626539e-05
0.0029493645268148,8.184736224948558e-07
0.0025271458002605,1.4694824757952864e-07
0.0008013106138893,3.6339929725574296e-06
0.0112879232993073,4.605768155461107e-05
0.0182765021126133,0.00010543130121858159
0.0082749011891773,2.5637238954415202e-06
0.019744198687183,0.00012465184807437148
0.018748689545635,8.023950454433143e-05
0.0109215141764588,2.239505658979527e-05
0.005566257140538,3.209004624564649e-07
0.0080954139930091,5.778760357084228e-06
0.0124152266341833,2.143317411169671e-05
0.0121527597452284,7.606684543697076e-06
0.0078020132950875,1.0191483689217406e-05
0.0132495636921144,4.992117612866276e-05
0.0145225788589363,3.77012756445899e-05
0.0124499578235368,2.5026748236127527e-05
0.0126974546231939,3.393379826503109e-05
0.005348281304068,9.428178470312844e-06
0.0036816118887552,6.438382892499795e-08
0.0103131557588889,1.3918355649418876e-05
0.0154395493480067,5.858249645764676e-05
0.0045252898849289,5.829435316455748e-06
0.0137989123679506,7.261128228480496e-06
0.0017852241423218,2.19283194393615e-07
0.0067663931943564,6.347180293913841e-06
0.0051485534537386,1.2028448956974055e-06
0.0120627120890922,4.1112900873685304e-05
0.0195069365751018,0.00013066398956498008
0.0189217306740228,8.58093647615367e-05
0.0008782562466265,1.375958005383371e-05
0.0103659982319847,1.7481767834594372e-05
0.0174180581884214,8.128448226113801e-05
0.0075119582754896,9.396372223132812e-06
0.0038507248333887,1.3442420075548613e-07
0.0056018647297129,8.10832445193119e-06
0.0107596121916686,2.7930482568139537e-05
0.014552636816541,5.303759337565837e-05
0.0022219234578035,1.0436381019039956e-09
0.013784944412796,7.950684646748642e-06
0.0101119927116912,8.596236093019194e-06
0.0031695066882277,6.870798564974244e-07
0.0061649452519786,3.210373557748054e-06
0.0191157092288495,9.375250666750107e-05
0.013846608652475,1.014728119993909e-05
0.0153080533114391,5.830337600935934e-05
0.0159197180871646,7.745740991272636e-05
0.0131923751513102,7.180691989704609e-05
0.0078604561794238,2.071071105853822e-05
0.017937571733564,4.566994398886149e-05
0.0078644209097046,1.2825723418277608e-05
0.000221199613236,5.90310816391035e-06
0.0125975280605339,1.5469046964654534e-05
0.0087165351843809,2.876953866441955e-06
0.0019274974228098,5.389080624572522e-08
0.003124860533764,9.067068148789941e-08
0.0126920259967665,1.9381258093961235e-05
0.0197387926420335,0.0001463566155895712
0.0061922150504973,5.843885662558266e-07
0.0013855524190761,1.1927906769876157e-06
0.0116059948266716,1.4004565506074272e-05
0.0125086077208298,5.00965631227265e-05
0.0095255392314915,9.982014037783357e-06
0.0177189989644165,5.582843692656293e-05
0.0086311350816092,1.5659757506792787e-06
0.0128283481837022,5.804061832791318e-05
0.0004882174767735,1.0615910420201087e-05
0.0069741422650746,1.0268907165711749e-05
0.0021291505160387,5.571999670603661e-06
0.0083148434770765,1.4722742833839537e-05
0.0180887201560853,7.605554186232838e-06
0.0162697080375533,4.6840067538052894e-05
0.0004574242439506,1.641719520449765e-05
0.0008968178708199,3.843160571469687e-06
0.0066214540993546,2.380620712278734e-06
0.0188637275401159,0.00016178169022431594
0.0157250863650799,2.9714367940889982e-05
0.011345989806346,2.2094226114932007e-05
0.0089959056285388,1.3745668853010298e-05
0.0131675693685544,3.95293798603012e-05
0.0071529341679395,7.3522732841552975e-06
0.0190339284093368,5.231601140106591e-05
0.0135528769660991,3.47154390959369e-05
0.0091115120512314,1.4511034973984709e-05
0.0180690299339181,5.22621052301915e-06
0.0092796465037026,1.444938441417667e-05
0.0131781148420297,3.015857036931103e-05
0.0002738221454745,4.386047465739583e-06
0.0019716817387519,1.3259026900598866e-06
0.007155802061791,3.9442596102499386e-06
0.0032812852258142,9.227602693119972e-07
0.0077990644080224,2.1135356582782338e-05
0.0179090838953522,1.6857893635528116e-05
0.004385869836709,8.693467512486644e-07
0.0114994253797512,1.6464969218936286e-05
0.0098350283494394,1.3359596278353886e-05
0.0032831029607176,1.507676264270767e-11
0.0086024519386166,1.9099941660704244e-05
0.0079005080867217,1.9702120767605767e-05
0.002661193407447,7.518619084665369e-08
0.0061832111614619,7.754110578582872e-07
0.0041396132075643,3.721558196221548e-09
0.0196981392641296,0.00014836368851602746
0.0097416228726079,1.3983183650669394e-05
0.0039435828295804,1.046000853586314e-06
0.0185029517546966,7.536887111659489e-05
0.0155160308380992,7.241801291680475e-05
0.0087094694416436,1.0202104324370513e-05
0.0078934075719768,2.2090100860889597e-05
0.0115268720729851,2.5296775606412035e-05
0.0005799963160739,1.8217792359126847e-05
0.0186328773316197,0.00011469370200338463
0.0178793669721259,0.00011103816303589735
0.0179538690935532,9.396662852754769e-05
0.0018936607502928,1.2115392112136912e-06
0.0027280997012579,5.149120626727222e-10
0.0148563394055746,2.2372495994280724e-05
0.0051816448267046,1.265567826732739e-06
0.0045034955275043,5.969784648526954e-09
0.0048411638039736,6.351552900645651e-07
0.0169809416943227,9.722947039842986e-05
0.0014376676285489,1.086095224637138e-05
0.0166868947303598,7.577386659168962e-05
0.0116670219167303,8.874754510105282e-06
0.0147549529819493,3.1912217063472504e-05
0.0150418380139237,5.6613015980592e-05
0.0036408528080866,6.0560835471054e-07
0.0124226424858073,3.177354456307155e-05
0.0174472601400495,5.056726387651102e-06
0.0129703051590894,1.58068329055253e-05
0.0044862317091849,1.2373249059897023e-06
0.016882339348231,4.853866799104299e-05
0.0126465912216828,1.5142515516997993e-05
0.0181112117088364,7.795188123305873e-05
0.0185862656872142,9.954264089527257e-05
0.0089763462730098,8.771207693975485e-06
0.0130435099067043,2.1262373708569133e-05
0.004212421762882,3.473747904172936e-07
0.0067399843145792,8.078545204982395e-06
0.0063305577786015,3.334732065892157e-06
0.0143281292984614,3.879867589502673e-05
0.0148852172049224,9.636088672991555e-05
0.0158726805137016,0.00010014544508917034
0.0004237606111318,6.4536583214335416e-06
0.0067470306857409,4.39813722018951e-06
0.0032159247239164,3.0402976821382135e-07
0.0090180866222498,1.3210440680112714e-05
0.009439285394646,2.824713834838625e-05
0.0175622925182586,7.479034775959637e-05
0.0144264394735678,4.375809277196481e-05
0.0067612119919174,5.204577736947874e-06
0.0051720615639315,4.1922483664007065e-06
0.0021594705054948,2.290505917656075e-06
0.0190533123256516,8.301723785765113e-05
0.0120785817953491,4.783926857792827e-05
0.0176618744137451,8.56561397865166e-05
0.0055217523101944,4.4295807001342825e-06
0.008691383599906,1.287112042197415e-05
0.0060214530974355,3.8109748191751705e-06
0.0022375752445655,4.160794689668731e-06
0.0072218078365822,4.80116371403499e-06
0.0060122700617026,2.0463409669452164e-09
0.0109639545197729,5.784927407446411e-06
0.0065420696724997,2.898777940371631e-07
0.0085112668709965,7.5277873964346e-07
0.0112909174123099,3.820635606104818e-05
0.0186070353506688,8.323950009621044e-06
0.0096540117370008,2.34556324367917e-05
0.0119184954010231,2.4644653185215324e-05
0.0119441865282744,1.7352077389675186e-05
0.0065100653287809,1.712425606694676e-05
0.0074404893330614,3.0048515601958063e-06
0.0194639860177479,0.0001234669756475845
0.0064621523071229,5.258452100784232e-06
0.0070818973690188,8.84163071793225e-06
0.0083416626503554,1.7181439670921223e-05
0.0141011060595444,5.688032414075247e-05
0.0043158405642582,1.6406114458567443e-06
0.0197817280681462,5.1641782079769614e-05
0.00335457476115,6.600047996340001e-10
0.0065958153380017,1.729438129874847e-07
0.0069693872438129,2.0634357742503517e-05
0.0190142712041911,3.280375428555826e-05
0.0160191105652367,5.519175669026301e-05
0.012318555063586,1.9963267955504968e-05
0.0105683235555845,3.213604164511439e-05
0.0114802794806561,6.242793609870009e-05
0.0083644978750887,1.6388964228313845e-05
0.015921715689316,8.76108914167881e-05
0.0195643182094557,5.111916628694369e-05
0.0082579732775513,2.5730935748279503e-06
0.0086148612131775,1.914057050347532e-05
0.0070235178331449,1.5932377216861927e-07
0.0113564085287493,4.6662477125272385e-05
0.0158442006331524,6.71013700907958e-05
0.0063413992248102,1.4602247435875024e-10
0.0195556140435937,0.00016151842892245355
0.0134800547035575,3.566936547314492e-05
0.0150045028867657,3.2189575114902824e-05
0.017735614437144,4.976448935453813e-05
0.0034341067114903,1.9035480209542086e-07
0.0050927846239929,4.2840356575576516e-07
0.0145249031646722,6.493527995290897e-05
0.0154441069660696,9.68671556578483e-05
0.017479589310219,6.39626559378603e-05
0.0151068356148748,6.213176249505327e-05
0.0066162859769312,2.557153342537881e-06
0.0018223720563446,6.7016953104373755e-06
0.013994756929151,4.61274670183597e-05
0.0040810766583311,3.5955082056632403e-09
0.0101202330168318,1.4939335910474985e-05
0.0079243737157403,1.1562908838199235e-05
0.0134735820203585,2.93175104589245e-05
0.0143965743678394,0.00011210127882901564
0.0141822095689772,6.423957337004466e-05
8.862713717768812e-05,3.648635276349128e-06
0.0053447699158909,5.567178346181836e-06
0.0192289584951246,0.00013160125530253076
0.0128255071074217,2.5466107415079022e-05
0.0077422325868801,4.3953130530818334e-06
0.0154604075771113,4.975317970222812e-05
0.0194860786739164,1.685612072289068e-07
0.0193924695358375,1.249309817888574e-06
0.0059000173418094,7.873436471687513e-06
0.019522224165,0.00016640352577822822
0.0034046757621773,2.7193157596226106e-08
0.0163001455700368,9.589258610333647e-05
0.0110359340460537,2.467940992208616e-05
0.0077952700596794,1.3882992413753965e-05
0.0078616114810566,4.244714328420165e-06
0.0194442214516923,7.819471005575412e-05
0.0164808015838057,0.0001282741845060664
0.0128588762252898,4.194050192540023e-05
0.0140465503364993,5.1842299301169273e-05
0.0131988280054721,7.007236008386673e-05
0.0174306320514992,6.984771842644671e-05
0.0084500914370444,1.352756523400005e-05
0.0034475350661829,1.2283447157355773e-07
0.0143629644034421,3.0553644035671504e-05
0.0175837665366583,4.6246740458993536e-05
0.0048599301654361,1.778064257063364e-07
0.0195438276802211,0.0001000404037602922
0.0173423112024581,4.268905201420583e-05
0.0006620840354924,3.7883210327861138e-06
0.0019956594544962,1.0220277741422214e-06
0.012405658729314,4.5079809776352344e-05
0.0169149116564996,0.00012525372619657222
0.000552200428217,9.68052884754916e-06
0.009163159548444,4.960151672126838e-06
0.0017893678671983,2.354204855253203e-07
0.0054577817637721,1.2291184250169351e-08
0.0016505917904426,1.7891581433970403e-05
0.0017563615580399,1.4065210768231648e-06
0.002912566633825,1.3192598352815387e-05
0.0072934430653898,1.935092303940318e-05
0.0062067551825132,9.070796217304046e-06
0.0149163157868961,3.687938365125863e-05
0.0153590000346447,4.234561436899699e-05
0.0109093874725624,1.3555465775314653e-05
0.0114757587461157,2.6925965561760833e-05
0.0166917471965219,0.00010966678658218433
0.0174557532269159,7.064456164829007e-05
0.0118630206104331,6.153074707667693e-05
0.0023793391442344,1.239537516871876e-06
0.0124208196599009,9.547497522037957e-06
0.0184669003687087,4.365662167095029e-05
0.0100776324036089,2.6798325083168687e-05
0.0006058411636903,4.194802779983039e-06
0.0022839182538777,1.5879767050120444e-06
0.0081212323008797,3.562392704250128e-07
0.0052217635447905,1.5236284124344098e-06
0.0042578357606722,5.080445722494929e-11
0.0127772517526225,4.704868447617203e-05
0.001082205972159,4.0820188104869934e-06
0.019651502309269,0.00010298006868656192
0.006549851965704,1.2515230677467198e-06
0.0069118076810097,8.151809822287105e-06
0.0105872162692856,1.7501831895585374e-05
0.0161639561565753,5.2751329973173294e-05
0.0067915954678304,6.195123527061043e-08
0.017833759124817,0.0001199931788039473
0.018204522900396,6.403593222031776e-05
0.0198468396941262,0.0001421323924966535
0.0091232230951778,1.4133670672853825e-06
0.0055864804738011,9.042917557793231e-06
0.0071099276189024,6.277357624113212e-06
0.0066848957337355,2.702332050359645e-06
0.0126800266674541,2.6845174341517414e-05
0.0137164381738203,4.8971522485442426e-05
0.0132143179944679,5.1539269243113985e-05
0.0173559197913814,7.813343637337734e-05
0.0099122214055428,1.2265923947186448e-05
0.0012771877679431,1.4158613009432526e-06
0.0040438443269585,1.1315201773823031e-06
0.0119246769875708,4.984383857000701e-05
0.0166673074277856,6.227204571937402e-05
0.0106996969678641,3.159227862817051e-05
0.0002865869628965,4.825924318106917e-06
0.0083759229255618,4.051467753221319e-06
0.0070672868844006,8.330921143248924e-06
0.0117738097333396,2.015191860793882e-05
0.0020243899223938,1.1044054664332932e-05
0.0067822556882109,6.015901856929291e-06
0.0061436654839006,7.651121531545422e-06
0.0109312808558515,2.9800557228998965e-05
0.0168522588044309,7.007631194613557e-05
0.0070700712428997,1.034308272810797e-05
1.2131037744891329e-05,5.1904276747401794e-06
0.002498117543761,1.1820421813473629e-07
0.0097143094063207,1.4035125193174262e-05
0.0041312121303042,1.470346622147407e-06
0.0126300666451783,2.067701068643711e-05
0.0179683610365937,1.706107793403819e-06
0.0107937068639828,4.1409971345197214e-06
0.0150955540774503,3.053543519409375e-05
0.0019627765042341,9.015452349310064e-07
0.0025799596463059,1.0264305673838733e-07
0.0005338920515311,1.1537579881647398e-05
0.0015944231591184,3.799307502578229e-06
0.0014898651569543,3.905343898827842e-06
0.0116588970769253,3.10287746764598e-05
0.0100096229219382,1.4359644159707663e-05
0.0121893578756735,1.8655968717275148e-05
0.0189074938465417,8.825912144960871e-05
0.0029278794620838,5.786761849614444e-09
0.0044501548214467,3.834223853338588e-07
0.0072785801870272,8.301928005164473e-07
0.0050257140294421,3.9674312539281396e-07
0.0058904433503361,4.400729824454108e-06
0.0115218944607204,3.254012743817729e-05
0.0174596342831556,6.490885131592092e-05
0.0136992364387875,6.520720268126642e-05
0.0046622199730747,2.321700703779298e-07
0.0121709237372116,5.260273838917072e-05
0.0037647012717821,1.088025287278705e-06
0.0139370341320994,2.8309326474555716e-05
0.0108651914687551,2.750569860581477e-05
0.0076865095468118,1.422658321707133e-05
0.013087441459233,4.27072163746591e-05
0.0141338110783195,1.539119251925402e-05
0.0035689031931243,1.503735800810682e-06
0.0040037228513376,2.0955947219404705e-06
0.0029419548919204,7.479020205790141e-08
0.009056516830108,1.3981407501309684e-05
0.0061160684341401,1.8136572747741164e-07
0.0048756657716332,3.0553047435551595e-06
0.0011643859286254,9.155147874829536e-06
0.0104551796931319,2.5082504851093627e-05
0.0085306406917282,1.0882260658501912e-05
0.0164435314712607,7.90724204635144e-05
0.0168406110285986,6.675828516969484e-05
0.008744551955092,1.3112487611559602e-05
0.0195674227913526,7.062207106808616e-07
0.004521017624838,6.76955420888673e-07
0.0110762203628157,4.135731042653394e-05
0.0070955268109429,9.877470463766035e-06
0.0189202964018257,0.00010839071359315863
0.0138338356661034,5.4198716713822966e-05
0.0082012358002785,7.3773622114239655e-06
0.0185375250779765,1.785163865953752e-05
0.0168521916494442,3.577249636507565e-05
0.0165877061500406,9.591350516599206e-05
0.0100013511333384,1.031418173731295e-05
0.0148673174736591,6.044472950268494e-05
0.0172554658760336,2.8944784714487718e-05
0.0037263623045355,2.0554107319840794e-07
0.0155054136743451,4.961301269516044e-05
0.0032942768832842,2.1967255442298055e-07
0.0044898900849502,3.0553234986908834e-06
0.0109288773006531,2.5582101578937732e-05
0.0097252164065112,1.3719284059167397e-05
0.0126013218495353,6.049147314818532e-05
0.0195997394127155,7.739763263546342e-05
0.0119091448979823,2.0555547510342618e-05
0.0199183001251149,4.071124611948361e-05
0.0193958451775135,0.00012046756551366446
0.0019672075364264,2.3953537284483987e-06
0.0051697377980209,4.170470821376874e-07
0.0009348280920582,7.655348962208102e-06
0.0082389335784687,1.054622597459147e-05
0.0109680715982335,4.36018590137562e-05
0.0093075695002836,9.75623808311084e-06
0.0065169765638102,1.097714343092965e-07
0.0055736629985679,4.335370091288362e-06
0.0168726888477547,8.352096641105711e-05
0.0055602794476333,4.561637893902535e-06
0.0129103864954866,7.303693857754596e-05
0.0026781602922211,4.841848243560563e-07
0.0075396095411156,9.759592131268313e-06
0.0187020233242112,5.119766187678375e-05
0.0131571525704678,3.632021090667774e-05
0.016728473075778,6.132017013329453e-05
0.0144849079593209,6.217626832855346e-05
0.0024485423977504,3.866635624256469e-07
0.0133135529230292,4.9284067756234574e-05
0.0189647010282307,0.00013297045180365395
0.008852223664787,2.2626288364125787e-05
0.0153737978120323,7.15726774315114e-05
0.0141176152239959,4.194923833759513e-05
0.0050851469350249,2.10522954080289e-06
0.0178148756768534,9.824530962060185e-05
0.0191116303361727,1.2148695247868655e-05
0.0010073042138722,2.9551407586492462e-06
0.0176275346577508,8.419523705923967e-05
0.0117481096701897,3.458916294622696e-05
0.0199673864246756,0.00014279502395051294
0.0125207198573173,3.880091386596994e-05
0.0053252775097558,4.806747132441698e-07
0.0109863646850359,8.914756479933346e-06
0.0006735224434181,9.276176786357001e-06
0.0058600961668523,9.653501806971215e-07
0.0198690524931732,8.794588553320975e-05
0.0162457191018589,4.2884481915669105e-05
0.0168898340627463,6.790560591382459e-05
0.0175573463528506,6.84436999476866e-05
0.0097242133314247,1.665817508149581e-06
0.0046275391794507,3.4312546625970915e-06
0.0070535694718326,1.0403754405710273e-05
0.0103970109780554,4.121462010644646e-06
0.0079906079506145,1.609686707316383e-05
0.0130356214292008,2.5503071149387878e-05
0.0124793356369151,3.593043774504511e-05
0.0155134167217677,9.266761412557538e-05
0.0114220776039887,6.754834257766586e-05
0.0067868138928271,3.1484340045983186e-06
0.001921203636178,4.555539139388115e-06
0.0197295611365436,0.00016048091478079631
0.0145361422259313,2.1239454040257605e-05
0.0172041975493947,7.14185242567206e-05
0.0111076966972885,1.8479414476338132e-05
0.0092151835471322,3.20698014932538e-05
0.0085915590174406,1.3269055723049089e-05
0.0182278526770341,0.00010517777321810432
0.0190646327887389,0.00010551447320199416
0.0058333369776021,1.9686463843884694e-06
0.0090127696403973,1.6804809137505547e-05
0.0116805070537163,2.5750220028810563e-05
0.0043357120433227,1.451870682896226e-06
0.0061707153513798,5.4879201063454525e-06
0.0140890264050049,1.4518424688397202e-05
0.0106043109710149,2.0130746513143008e-05
0.0065006207917659,4.41090594573106e-06
0.0122286361598687,2.4004402375169878e-05
0.0074935679508207,5.553663805191102e-06
0.0112879262320352,3.938285507476832e-05
0.0101344807716333,3.830268603450557e-05
0.016219792037148,0.00010406463329547532
0.0113049863369397,3.6342294722981704e-07
0.0173264198142001,8.617134430202087e-05
0.0120255556465433,2.9620270766283985e-05
0.0170203881729225,0.00013082242533906882
0.0127099573583481,6.680153500544134e-05
6.118251833296951e-05,1.3992008961689884e-05
0.0044532677482586,2.8361260375051953e-07
0.0152166705889783,7.767871089030684e-05
0.0088582182926978,1.0460613869944021e-05
0.0172851252809687,8.243077643099659e-05
0.0154652836633646,0.00010185200556862622
0.0175339723855265,6.737761808547075e-05
0.0187181069738188,8.552422818951063e-05
0.0095796577593438,1.2548024765829323e-05
0.0186220956290836,5.630898560145103e-05
0.0104440246120845,2.1541519337393175e-06
0.0052343256142897,6.789323650451164e-07
0.0171001388613311,0.00010649214827226995
0.0017646239280474,2.003881327015099e-06
0.0059941235780594,2.2224397913773947e-08
0.0006268535450289,2.5102911487196582e-06
0.0052090769925842,1.8124326968002427e-06
0.0043915815066322,1.2371959518040779e-07
0.0014225162963306,1.0031262927623883e-05
0.0051384750947128,1.413734491981181e-06
0.0161432927116603,3.951534688693496e-05
0.0063642443233255,2.5172166992516436e-05
0.0118942712076538,2.109802965183685e-05
0.0029465557274339,4.912588311686776e-07
0.0103109662139495,1.5460058728856374e-05
0.01570903110483,4.95633082587356e-05
0.005621416745693,1.4037829445847608e-06
0.0066298590021104,4.535715055057766e-06
0.0048405951445268,2.0875150524051065e-06
0.0100810605068241,3.2549736810745456e-05
0.0149063977720219,4.07185415652336e-05
0.0169076370900119,9.84187376712858e-05
0.0021500328841749,1.0266573664957842e-05
0.0041730403245045,5.023030138114437e-07
0.0095301544531002,2.1236969472578064e-05
0.0086078981028445,2.3577277881442403e-05
0.0010456386140503,8.5627579472841e-07
0.0120636483224484,1.0810968968853867e-06
0.0126984549618768,3.8617858729884205e-05
0.0195798031670696,0.00010224183168289933
0.0137512404634096,5.75448390670753e-05
0.0178909892741329,3.5682865483976514e-05
0.0024683217745117,1.9003651405478378e-06
0.009661935823782,1.4752070130777672e-05
0.0123210476948674,1.6068177705596633e-05
0.003100506265523,5.1828835368464584e-08
0.0083012818865393,8.530917234476218e-06
0.0150790933387194,5.393135027240861e-05
0.013273728953788,1.0961486103984682e-05
0.0193043592501651,0.00011607304561559695
0.0027127497058619,4.166342971073775e-06
0.0062441756931833,1.973707172428548e-07
0.0153957060935851,4.890478396469655e-05
0.0077712271064048,1.0483257111849507e-05
0.009489295887757,1.8885355619356943e-05
0.0113136799914858,4.17457059945728e-05
0.0185074326596554,0.0001571599355665882
0.0002067528591092,5.591012263258197e-06
0.0022056042940574,6.462697771802337e-06
0.0067624595313802,3.56469342988889e-07
0.0061191657584822,1.200129503156265e-06
0.0006631224001086,1.2885519631977705e-05
0.0122700537856026,1.1322044769813502e-05
0.0136183893526353,1.1269554801018188e-05
0.0188599699370501,1.9578086067772448e-05
0.0079683819047415,1.736063888766924e-05
0.0023265772423942,1.4041868817633086e-07
0.0027135269031479,1.4259939431558735e-06
0.0197577941785445,0.00011574202673536329
0.019269374599828,1.8431453508890635e-07
0.0092875102681313,8.986492012322457e-06
0.000958865172094,4.034111186359478e-06
0.0091082235921629,7.038683529062718e-06
0.0157467333642183,8.648284090644771e-06
0.0064379114296705,3.8541700092462505e-06
0.0166350039246981,0.00010144508653936372
0.0158789209636111,7.957659331260304e-05
0.0198949511267248,0.00014433986235285137
0.0032159116710123,1.5355401391976965e-09
0.0180620508954261,3.7100526002956732e-06
0.0111876954595453,2.5744280587978405e-05
0.0016511896259557,1.3517549306412333e-06
0.0065586374174859,1.1921025760408185e-05
0.0003183353132673,1.6196484729034572e-05
0.0043893402886603,8.486993591880813e-08
0.0070518264278785,1.923558609816744e-06
0.0170473922655482,3.657004154418391e-05
0.0157607447174124,2.4960161428714212e-05
0.0172381693187319,0.00010332013869233357
0.0062903774744324,1.3200116592849854e-06
0.0096219376541001,3.820166696228795e-06
0.0080681564209174,1.748156451161159e-05
0.0150522479776813,6.545538359668912e-05
0.0049563102948795,3.5567890069673736e-06
0.0160381963474298,7.564028034663453e-05
0.0121555436049099,3.0116231783823794e-05
0.019910688616548,5.182046167276831e-05
0.0116197118176647,2.089206307288507e-05
0.0193314500408049,0.00011981888000586277
0.0037161923282551,1.7830186084466557e-07
0.0032662064556944,1.9242865518790527e-08
0.0029582007959484,3.3533694616633933e-08
0.0043939724019913,1.124264204820983e-06
0.0166572358197927,9.27576905866588e-05
0.0101928252481672,1.3919273616863294e-05
0.0194441149933355,4.727962852914176e-05
0.0106901147948332,2.2424311511801442e-05
0.0124699499559764,4.4075280292170896e-05
0.0126505351526706,5.607833721058079e-05
0.0101938931768133,2.5572707852548296e-05
0.0044307207167044,1.418840511137806e-08
0.0167121338236363,2.9060650635827648e-05
0.0044964429295575,1.3121746737273898e-06
0.0153983643557267,4.402059051738206e-05
0.0048386522990074,1.7406622479923958e-09
0.0176298968520698,0.00011064072756236955
0.0054452374711987,5.538677684858298e-07
0.0157231952599646,8.76237291106094e-05
0.0153751264716622,4.527932328592087e-05
0.0190377462267316,0.00015648945457289796
0.0092027744314099,5.569758687541319e-06
0.0076225934415344,1.5839643301052664e-05
0.0008603897704438,1.7616029027922531e-06
0.0187366000073506,7.514056826247133e-05
0.0143477688215959,6.547765488870812e-05
0.0029682838490767,1.6906629603069508e-09
0.011050984482653,2.2944537335517045e-07
0.0029240911989716,1.3020107754570302e-06
0.009610705997414,1.2629360683801518e-05
0.0163534778498491,2.8005534111637612e-05
0.0107814956930416,1.585224790697676e-05
6.839375882916165e-05,1.3844118263670112e-05
0.0151525803491527,7.373047872263082e-05
0.0063742794944505,7.133714153177357e-07
0.0134538367088807,7.093387291451e-05
0.0187535683247902,0.00011910918341253737
0.0101791951481367,3.5201056181182906e-05
0.0068905531029123,6.392171871470709e-06
0.0018242031907499,8.817169175760726e-07
0.012589690049097,2.6767072258730656e-05
0.0097545467494856,3.381822307986229e-05
0.0127566898211568,4.246254861905769e-05
0.0133182441517092,4.512296151780531e-05
0.0141907722778039,7.692358230091537e-05
0.0002458676114116,2.0291767201881488e-05
0.0068561068298242,6.716668448945068e-07
0.0053600995935551,5.55119303892755e-07
0.0044197082033154,1.0348597830668083e-07
0.0191544287905962,0.00014091207547292073
0.009231147753818,1.0720684151722612e-05
0.0156823015442999,6.313808023172746e-05
0.0090636974418886,1.0750595587056457e-05
0.0066673671007427,8.987769038505637e-06
0.0083764648135522,1.2879822680704501e-05
0.0192227609712948,0.00013782391347528939
0.0105588865984928,2.708927129987461e-05
0.0131747056681137,6.96182518832503e-05
0.00675690853986,9.444560682400076e-06
0.0189490971824548,8.080622175674515e-05
0.000915406390534,1.9338156108013106e-06
0.0085658436381596,1.8019392682581735e-05
0.0025132847446927,6.450189680665872e-07
0.0094153633567969,2.077165568102907e-05
0.0020176895126878,5.557874029615325e-07
0.0125700142005801,4.384632181928473e-05
0.0010011999710676,6.19508422141173e-06
0.0186879543453645,5.9450601724078884e-05
0.0095952985243751,5.540156692030924e-06
0.0073702473650388,1.1370955941383698e-07
0.0008345771987263,3.4852380481489042e-06
0.0195154879796695,7.07011264500289e-05
0.0191616781057488,9.52277335221627e-05
0.0026275685940765,9.940161619085214e-07
0.0151144373125329,9.807015984815492e-05
0.0138848851212877,6.654352818390537e-06
0.0061812401494907,8.69402498133854e-09
0.003580836999864,4.06188508116262e-09
0.0128763833999055,9.289276649440646e-05
0.0021725510627819,6.647548654395366e-07
0.0003370311071649,1.2085451028766756e-05
0.0107414902142605,2.4703574796188196e-05
0.0093980340035965,3.513093402282692e-05
0.0169770036224355,0.00010548235591723048
0.0006112068592198,2.37961043404488e-06
0.0125630890757316,5.015734357540889e-05
0.0071969416602446,1.2784167774947038e-05
0.0078693706077396,8.606240291916597e-06
0.0053195106335582,3.971488823258453e-06
0.0086886196348055,2.1433180175228435e-05
0.0069887994061521,2.9138664464962893e-08
0.0018560929460735,1.8857891263191537e-06
0.0150963859688728,5.8827767314735464e-05
0.0146243440796391,7.441560311574533e-05
0.004425337757091,3.6781128211019135e-06
0.001416138716959,2.9952407903169852e-06
0.017655982683121,5.887278571022063e-05
0.0056504253509943,5.016429642500297e-07
0.0166737999403743,0.00014115235744531916
0.0079133178077756,2.058113971986317e-06
0.0011535041003029,9.871119909084504e-06
0.0012086214691168,1.4581194206658853e-05
0.0193352957963632,8.544880442439371e-05
0.0006108499757281,2.6615363712314278e-06
0.0056566207028643,4.1671469475282e-09
0.006827288689004,1.4793565051730507e-05
0.0125106960791459,5.016413019958762e-05
0.0125529329958044,7.525832911230288e-05
0.0008074174648355,1.772022729970169e-06
0.0017460577408882,1.565032468311924e-06
0.0003849400232051,7.713571847458414e-06
0.0036787539634081,6.128956137277376e-07
0.0116363242257201,4.3307287832901154e-05
0.004084128302517,2.389245023114854e-06
0.0021221673304729,1.3618057942423123e-06
0.014104152694902,3.857142127527379e-05
0.012784630471904,4.517735124651692e-05
0.0032125681594002,5.196542638876742e-07
0.0104345219267599,2.610029777999295e-05
0.0105860627335846,2.537911681252621e-05
0.0034753137617179,1.6224950887200141e-06
0.0121986345788137,3.0294565957330522e-05
0.0106915565238552,2.5407449929586307e-05
0.0099593488044975,4.269929044622084e-05
0.0088489109646752,3.2187717290445694e-06
0.0018392545920555,2.548678724631279e-06
0.000912978588585,9.063485641171972e-06
0.0132984960858637,4.0607660330412325e-05
0.0197121508218614,3.930993997360915e-05
0.0004855982536839,6.367895269831173e-06
0.0011096783179145,2.3342282475279833e-06
0.0048279555763175,2.4993062863810078e-06
0.005071013899763,1.2924180158801931e-06
0.0075485227231875,1.9406628703844387e-05
0.0131177424959276,6.404617454189423e-05
0.0035720070142779,3.520059212735556e-06
0.0018854185236816,1.1566620319888279e-08
0.0040419626495586,1.5607574510030054e-06
0.0030982201543578,2.0886797953624983e-07
0.0018939746824435,1.2450492173931237e-06
0.010366469249778,3.355726515607524e-05
0.0097687355823806,2.9443546147583435e-05
0.0060175798527038,3.617188510502618e-06
0.003623754824371,1.7368709622306608e-08
0.0012594771976015,1.4399328734970553e-06
0.0163824469494947,2.908580323840215e-05
0.0171340804243812,0.0001349954586849714
0.0036646846005672,3.0621332102298097e-07
0.0138805401032219,4.7407796852990976e-05
0.0014176271916822,5.460102140249448e-06
0.0053158836387898,3.2921037283807953e-06
0.0054446301250297,3.0564665961615366e-06
0.0042601120532517,2.7219020558217957e-07
0.0066603351583341,1.7147012296808573e-06
0.0143378940370448,5.74935522715336e-05
0.0193566803432346,0.00011511686138356322
0.0042697602654755,1.5468178836325252e-07
0.0147073633605975,3.671832556585655e-05
0.018568531041782,0.00010921122673780711
0.0146333689825651,4.024326575953816e-05
0.000100201652299,1.9465101914020233e-05
0.0041886690809478,1.657463397634718e-06
0.0192792402388928,0.00013038257957770488
0.0144527234722802,2.4608411402208326e-05
0.0149752074357446,8.880663458977102e-05
0.016288618659948,5.55464912335765e-05
0.0173624135037361,0.00013200602841338853
0.0175466988913682,5.1544244669493616e-05
0.0020726768314948,5.60728736368841e-07
0.0049729248868153,1.6357776205457804e-06
0.0179124162955771,0.00013445774175735992
0.007353316304143,1.2422078159346448e-06
0.0160115331201672,4.263579977183903e-05
0.0077008360242503,1.8947525019509103e-06
0.0167317434409249,3.789242664459065e-05
0.0024038529751075,1.6795016223051452e-06
0.0092456134430284,1.94626405359715e-06
0.0174458219755851,6.034017773123919e-05
0.0121042454040959,4.1165271060305545e-05
0.009739248762826,1.6028107988884046e-05
0.0074275056038992,1.2083417886557618e-06
0.0030765354262205,4.253233542056581e-08
0.0049582843421455,4.0804065546315094e-06
0.0087458950421922,6.204113218729632e-06
0.0072661238355852,1.330213665856974e-05
0.0052494761458716,4.185803772921257e-06
0.0063501872398123,5.288199418660557e-07
0.014654276618167,1.0007116172436956e-05
0.0098645037753105,7.77552812941833e-06
0.0043840061247253,7.545024997005333e-07
0.0030739534156629,2.128993019015163e-07
0.0197163727365875,0.00012862083702398268
0.0167047914441887,7.77731212574513e-06
0.0152949586270464,3.4164676196088496e-05
0.0047524566710757,2.166817668379103e-06
0.0091143058622445,1.3563338329671833e-05
0.0026894878083594,3.8261614220835634e-07
0.0046413489201205,1.0584493058419913e-06
0.0125979312730965,2.12519702980573e-05
0.0026913050799457,5.2350756488032925e-09
0.0011232560962871,2.7309019537465424e-06
0.0166285164955525,6.078733646744505e-05
0.0170271415142253,5.6039466639432e-05
0.0013232251492636,1.0719759526015163e-05
0.0100901134738147,1.9060065627923455e-05
0.0152149199241791,1.4039194222859284e-05
0.0130205277527501,1.2730447467767964e-06
0.0172533283710694,6.488887478157332e-05
0.0134349073605476,5.0045505035386686e-05
0.0153504846538704,6.859705610795179e-05
0.0019849722070793,3.2241425284550956e-07
0.0090905188151034,1.3422826210276679e-05
0.0131733145757642,6.853929288129786e-05
0.0078506756937029,3.3452185456168963e-07
0.018974253326475,2.4734094200080544e-05
0.0077472713083862,1.060223150805811e-06
0.0083427175666894,8.28902209908678e-06
0.0083394356267433,3.409757336945522e-05
0.0163564509897536,6.9534780840955e-05
0.0025923802871861,2.3636851900816393e-06
0.0054869748283707,1.8949746511891926e-06
0.0043900909013428,9.503597502603331e-07
0.0021542970620276,1.079728352961425e-06
0.0091072103247024,9.424112180089269e-06
0.0023432491751219,8.168308651609799e-07
0.0051719665902394,1.6141953417109775e-06
0.000579004645494,1.7429850314343197e-05
0.0142982538437533,7.921905041281921e-05
0.0057070789785557,8.252472198626036e-06
0.0088220058211891,1.8034715736775095e-05
0.0100157552971705,2.4430404337499712e-05
0.0098347224653446,2.112321955585569e-05
0.0112770410062139,1.4720848064676254e-05
0.0054105427735332,5.550970329942695e-07
0.002568071755423,6.973667726308265e-08
0.0154032039079475,2.9171984770725054e-05
0.0159498853318492,0.00012140730491902228
0.0156057443161411,5.092981622093273e-05
0.0063874380733377,9.076077426451648e-06
0.0070209427172207,9.898642200589769e-06
0.010515271208318,2.5524678200496574e-05
0.0146266809390591,4.755746145266946e-05
0.0167814470465833,8.135968274214668e-05
0.0014675515728933,1.2055119544010825e-05
0.0050684959952088,3.139477782196793e-06
0.0163510003067303,8.003033338926596e-05
0.0036483306455303,1.1232330824456047e-08
0.0113679569236518,7.292111776720928e-06
0.0156039688917034,6.42998644741718e-06
0.0164524648570506,6.297782713333599e-05
0.0025993293656448,3.631114177811141e-07
0.0107217750067048,3.380973607731124e-05
0.0097887833275418,3.7058874747325495e-05
0.007749571155451,1.3322812808431013e-05
0.0120461043057169,4.7650408642744994e-05
0.0001279325378434,5.291700010762414e-06
0.0030070257200926,1.5510829836898531e-06
0.0041888956967505,5.214166880682874e-07
0.0012035697459703,6.735895924064314e-06
0.0170074819434388,6.886677406230941e-05
4.761068381384126e-05,5.354307597157168e-06
0.0125220476469238,1.5076776094353094e-05
0.0005340545934712,5.364276320113676e-06
0.017269531016889,6.886781048302503e-05
0.0189612509708103,0.0001223910282519383
0.0150387355106237,2.8772997101207558e-05
0.0137572219641039,3.817474546741302e-05
0.0173715627908771,3.350663487404111e-05
0.0127761953385889,3.394295337104107e-05
0.0128335062641202,6.327103418668794e-05
0.0079109114594252,9.499927847819638e-06
0.0064977368752406,5.939370819033745e-06
0.0092098472831126,2.24723235073238e-05
0.0008803017960022,2.0904644731025954e-05
0.0071310290304041,6.030317587600815e-06
0.0047969077353467,4.266245241466745e-06
0.0081310800701884,1.69664883957962e-05
1.6213697212221766e-05,1.061126489048225e-05
0.0192545537074283,5.466750559671253e-07
0.0041253675886414,1.1778644009655687e-06
0.0012542082487016,1.3976454236366722e-06
0.0038685855816475,2.52906185705104e-07
0.0189449536062111,1.0359299666583501e-05
0.0176244225125906,2.7176635652113667e-05
0.0045342728295447,9.471691518120482e-07
0.0043073037067408,1.872764726833226e-06
0.008728833354256,3.646936965809718e-06
0.0028225457780651,2.0491071923386268e-08
0.0083180753226252,4.571579039910085e-06
0.007162465722318,4.45239186153424e-06
0.0112954722874396,4.689913486898267e-05
0.0162037344832595,6.222387795875159e-05
0.0134216128682136,9.73500202501828e-06
0.0188790689317043,0.00010635394425749833
0.0075722866034379,8.207792770508153e-06
0.005115874147543,1.6826796905825972e-07
0.0135467641972026,7.629053584326072e-05
0.0063083433448486,1.0039720511322424e-05
0.0090404263572198,2.4735394362906653e-06
0.0149434059503864,4.730132764233382e-06
0.0143257958344279,2.206638315194325e-05
0.0103470296971531,3.1339912701314e-10
0.0108941616347508,2.6096975657016135e-05
0.0117472549829908,8.999762628468097e-06
0.0061301831190282,3.0488811621962874e-06
0.0163715332730439,3.215713674319062e-05
0.001894921728819,6.120312023311311e-06
0.001195895460517,4.419175198428032e-06
0.0096597551635542,1.2888364003674558e-05
0.0163801280041642,6.849233300628538e-05
0.0199060338317112,6.079852090413271e-07
0.0054698018720313,2.5823467803318473e-06
0.014438696173939,3.226558889784106e-05
0.0081882721671116,7.5195661546993915e-06
0.0104784384891101,2.069593115480545e-05
0.0022374223495014,7.840838903247322e-08
0.013412256611269,4.408139629545612e-05
0.0061170323170903,3.942739292436621e-06
0.0101943154714187,1.621725454133825e-05
0.0148954196495352,4.769054668719568e-05
0.0129031084796539,2.1671219097784813e-05
0.0042518969422629,3.404415187617864e-07
0.0178640680169327,7.416000560363166e-05
0.0077203884824114,1.003531772310078e-05
0.0031856049527904,5.01970132098518e-07
0.0135730225548211,2.3838993044317873e-05
0.0080584547835525,2.1946295678261556e-06
0.0086480652735859,3.221341625220636e-05
0.0026078831772845,9.351784605840209e-07
0.0027181012844436,1.0066333496933952e-08
0.0140313788643983,8.147881630696214e-05
0.0065600381810553,1.0583481182005679e-05
0.0154942593728262,8.618020090600775e-05
0.0027968503789005,6.135177319847052e-08
0.0158970593111153,1.2145811058913782e-05
0.0101857280917992,4.084930962270914e-05
0.0057072022454947,4.798620470116041e-07
0.0092291477022257,2.168453687512219e-05
0.0142946995149061,6.0053111440796535e-05
0.0125684086691274,5.9801593984003577e-05
0.0008833648149842,2.6238199127593426e-06
0.0154079934568263,6.764284247405737e-05
0.0162292866824631,9.27286511819418e-05
0.006148086531424,6.428999938724529e-06
0.0037787004706003,6.253605174793243e-07
0.0088784561818657,4.559304515323876e-06
0.0092539399834617,2.7636805543004137e-06
0.0064794919944815,1.0963111201884232e-06
0.0073274000697774,3.2392226516007814e-06
0.0086758106384561,1.9310928719364037e-05
0.0138333707217005,4.339242550647474e-05
0.0005836177911144,1.0275515362994206e-05
0.0088514649899881,1.1287698343357075e-05
0.0166264038440059,0.00012285320436476762
0.0148798372901297,5.9185971541617e-05
0.0152123152575104,8.09864171231072e-05
0.0193248257680803,0.00014784661079440757
0.0164937133980503,0.00010593949953111981
0.0030293835169235,7.085312330133854e-08
0.0076598580075402,1.0803827400205394e-07
0.0125359563780423,2.0363603409036836e-05
0.0042343045085741,6.422190448847879e-07
0.0154041800895141,6.19955465982517e-05
0.0185176186152805,0.00013056397931694838
0.0075744397619626,7.760828449197258e-06
0.0197913722632358,8.60280218208831e-05
0.0134612608300363,0.00010011863941362705
0.0060932420904495,1.0849972867829705e-06
0.0173940144453598,5.243019614630004e-05
0.0147032910359958,0.00010608280083194216
0.001319987241363,3.3593170673450015e-06
0.0096667008444201,8.639860363092008e-06
0.0080989165319012,1.3780446197742124e-05
0.0186242391274772,0.00010258787864729728
0.0177198649069765,3.8017695205602144e-05
0.0144973396921004,7.972004288724569e-05
0.0006695656057527,5.985871650626105e-06
0.0023143040992509,4.90649423017844e-06
0.0061070431380201,3.5122860178001537e-06
0.0160423081223212,7.918969299785154e-05
0.0088110337092773,3.2089973586883384e-07
0.0199305210639786,9.88912922578903e-05
0.0062262765891673,7.719616780092339e-06
0.012354366503224,3.209960214710819e-05
0.0090144036351689,2.427099169792453e-12
0.0098243160902651,8.565794146657403e-08
0.0112386291905203,2.5992267904101473e-06
0.0059186670622374,2.335422599498158e-06
0.0185813321030952,7.016094734010844e-05
0.0165715952605448,4.853721557136903e-05
0.014213208184092,7.713897273975118e-05
0.0058502134150055,5.176917199028081e-06
0.0101692858248372,3.144925517014316e-05
0.0053375721457329,1.097001430569314e-06
0.017813854198179,7.937734019546519e-05
0.0056913777640162,3.2779937796906632e-06
0.0101268053815491,1.3098925969435479e-05
0.0051430484523005,3.3259445726814064e-06
0.0023634280116026,1.99967019006492e-08
0.0198351825888318,9.121588994873423e-05
0.0053401116941767,2.0146874393904744e-06
0.0096382919704989,2.8155665441625613e-06
0.0025302639659002,9.815452107982017e-08
0.0066452296201786,1.2046420965591436e-05
0.0111950330236731,9.764885652014105e-06
0.0078451779308457,2.305611087415291e-05
0.0181885248582936,0.00010082232068289543
0.0030543277404993,9.986532710760535e-07
0.0119946684557979,3.181962600122548e-05
0.0123112968913674,5.735637415962898e-05
0.0131133650156372,2.3335751042460807e-05
0.0196186241740389,0.00010156030619254
0.0195426687090585,0.00017469613140522653
0.0174130449105678,7.774086757184749e-05
0.0126435066228635,2.8716584488414805e-05
0.0073291718695884,4.78542498809037e-07
0.009903754445265,2.3658270685846828e-05
0.0158466333850993,2.9862458421381242e-05
0.0051384483619037,2.8002528063951753e-07
0.018155046036292,0.00011244019309526256
0.0096113867033909,1.1522891181844462e-05
0.0116142135132474,3.118624587110567e-05
0.0086632644840019,1.8757626094444454e-05
0.0179116385319784,0.0001112525566345314
0.0163286256627246,5.992516947008126e-05
0.0136519327520557,2.6568850496029496e-05
0.0087755257414827,2.530094114442853e-05
0.0113112619372297,1.5662438397819905e-05
0.0195474229812804,8.953228978616994e-05
0.0144710842230904,5.9207020079432885e-05
0.0125952751925354,5.5368292255706526e-06
0.0186216677305588,4.877200973756244e-05
0.0045391555566861,1.261217706250729e-07
0.005483032234766,3.7517697488671764e-07
0.0177493749395195,3.3889430619480876e-05
0.0114661914719751,3.664266596751005e-05
0.0109790260970269,6.310791590472025e-05
0.017137628420721,9.377666469547498e-05
0.0061540589114841,2.0674775935209994e-06
0.0182193025363722,0.0001223798069064713
0.0187696704661392,0.0001148213751489789
0.0011996608112497,5.134643260750981e-06
0.0151836105234289,7.788382320483844e-05
0.002683192181404,3.109635400077813e-06
0.0146749276710805,4.39873996493736e-05
0.0098546731884578,2.984108419119657e-05
0.0038534464901692,1.5156764763888557e-07
0.0143344513300849,5.9572879422722976e-05
0.0085737611032844,3.655236585746478e-06
0.0175157755237581,3.9257206365340324e-05
0.0049129658821895,7.23794096060433e-07
0.010422308129728,1.4749911954599357e-07
0.0084831838171475,2.5197347709754716e-05
0.0091354289796148,9.652064906679988e-06
0.0113218239159871,2.803824211531041e-05
0.0079980869611192,1.2003769753675929e-05
0.0181483537046049,2.3836532641526015e-10
0.0141730171390838,6.837296688494907e-05
0.0071550066906811,7.060992277214916e-06
0.0001403578544871,1.034440340662928e-05
0.0181273085482281,4.0139256721780434e-05
0.003125038546151,1.0233489672226288e-05
0.0120265324249635,3.87946462812427e-05
0.000403142606153,4.2073046943025845e-06
0.0195514312265358,5.300892451358015e-06
0.0193909602344425,5.409832515471584e-05
0.0132337315170796,3.9724542938349764e-05
0.002413284152689,1.278671501265372e-06
0.0155118253749728,9.833388530308691e-05
0.0110594570377419,2.036337146496285e-05
0.0043403514468823,6.04726907976361e-07
0.0087619819804243,2.2184701155772832e-05
0.0142189860712546,6.5963017918166e-05
0.0185107949567137,6.128316480983977e-05
0.0111627497375462,4.432093687625573e-05
0.001296989812835,5.577127512105782e-06
0.0178033573423261,0.00010793751489647548
0.0032619979250666,2.9072351138967527e-09
0.0103404820354817,4.5215567267863617e-05
0.0046704132385515,1.933268223590873e-06
0.0173599709852013,6.991783844180981e-05
0.0133934705330196,3.252216796701094e-05
0.0047763584690817,1.6211688066840057e-06
0.001818305348527,1.4529044734663071e-05
0.0021321759687901,3.319358204899638e-07
0.0061799165637757,5.841060982870393e-07
0.0084942948226077,4.458716431828954e-06
0.0170392558966412,6.015358743541294e-05
0.007385687630614,1.260228167826519e-05
0.0080351479188254,3.0552001474660348e-06
0.0135566049824141,4.868477433721963e-05
0.0099250771751933,2.519719768391701e-05
0.0141411775553876,4.713470391483474e-05
0.0156867568761545,4.1666249098307896e-05
0.0184864895350377,6.662279317166633e-05
0.0171378673288994,8.21155991853349e-05
0.010246942374776,1.7599268542617277e-05
0.0034718199747137,1.5252515351019585e-06
0.0188552914164025,0.00012973378923125
0.0198131625544911,7.531086433641217e-05
0.0132871841351691,4.759076525237773e-05
0.011023622308662,2.358434986613326e-05
0.0133374946822121,3.571784376815168e-05
0.014525437182243,7.350265675390735e-05
0.0094727852506005,1.4254428076077672e-05
0.0108468013712578,3.2458102370264426e-05
0.0138915575210057,4.4152459058745756e-05
0.0020831428710167,4.3169644306755716e-08
0.010076765043829,6.467022458167555e-06
0.0012982490208697,1.597917467550048e-06
0.0037402237128983,1.9549203868750117e-07
0.0071184286494785,1.2448002415833154e-05
0.0082151213762094,4.0309709563688344e-07
0.009422018574072,1.5607659503723627e-05
0.0103934667539911,3.9463094706884694e-05
0.0156811365267467,7.949953230422085e-05
0.0065980720832332,2.462360239540678e-06
0.0177042863662531,2.9747963189217842e-05
0.0199641121393156,0.0001769286959364515
0.0057662316983063,4.816060304127854e-07
0.0033321931415518,8.905631123926585e-09
0.0180641298691135,9.918487033063518e-05
0.0054259237303531,3.424457094828368e-06
0.0124820896686688,3.254550674290886e-05
0.0186727455987364,0.00010544037083747827
0.0013841034417061,1.2790393289159697e-06
0.0111491743995405,1.0381180168872196e-05
0.0165573139322742,7.233585272138079e-05
0.0129756053551001,3.423668858254843e-05
0.0172850895139789,7.880110206654484e-05
0.0114243865558694,4.7945229469571785e-05
0.0037373362248836,2.6582678743276706e-08
0.0047662689861118,1.4817601851190164e-06
0.0157479174754659,3.7684606166855805e-05
0.0131836154656732,5.421713280359549e-05
0.0073710165851838,2.12742574194203e-05
0.009448996535421,3.489900409294643e-05
0.0159495697317757,6.676468018524828e-05
0.0039179451870009,1.5275992943437001e-06
0.0107700040345797,1.2968095441700125e-09
0.0125552331646814,4.708788838229994e-05
0.0193005158635357,3.26358690566612e-05
0.012259200554706,5.716916368805464e-05
0.0052907180021086,7.018242585626417e-07
5.9829451318549335e-06,9.589078233858152e-06
0.0118437126929582,6.250947935422704e-05
0.0198066904105455,0.0001563398876204465
0.0138830562077812,4.115708587491472e-05
0.0029006721722113,2.681148687062912e-08
0.0115841644676388,2.6861949302926658e-05
0.0013179400439984,4.465584446439287e-06
0.0038263580522128,2.41880358789077e-06
0.0073856501614362,6.093316532833566e-06
0.0089666271816795,6.798074323733781e-06
0.0010450389202109,1.1330605070434894e-05
0.0164754738258773,9.335633729286488e-05
0.0148011392572341,1.0148500154217365e-05
0.0003143924880632,1.5598302354952248e-05
0.0075022612653442,8.45399677422313e-06
0.0154143895025518,2.4554082853757088e-05
0.0042489330269475,1.7675889723173794e-07
0.0111421193118339,6.904029688793823e-06
0.0156940820806313,9.243151064367986e-05
0.017775481747131,5.898682015331115e-05
0.0184801378346322,0.00010845266753867649
0.0022330880007847,3.372724042546766e-07
0.0118662220278091,4.19492821670721e-06
0.0130770716072364,2.9666410293660924e-05
0.0181686654562637,9.022394861033565e-05
0.013696077504216,7.591022195588016e-05
0.0198378148873176,0.00014212778888499463
0.0100089947215444,2.1383482368633855e-05
0.0140792356274711,5.976960808224637e-05
0.0121251181530386,1.5165911215378334e-05
0.0038165053559467,1.352992928170205e-06
0.0176268514937114,6.586118759911551e-05
0.005174750844308,2.982567514986856e-08
0.0119398544565181,4.2966260067394664e-05
0.015295307537121,6.498856327280005e-06
0.0107797096672873,1.452215247128699e-05
0.0175430991823337,5.475892236484292e-05
0.0041150401727921,1.4033575353016841e-06
0.0153666549856858,5.51601716573359e-05
0.0063762605384633,3.074626159223265e-06
0.0015131334097172,8.155106777017899e-06
0.013808666825508,5.0556513270856e-05
0.0062721884316366,9.464480208617672e-06
0.0145679468421899,2.9711919976382374e-05
0.0084426542357032,1.5810804997416277e-05
0.0182047309453837,1.0147620475655621e-05
0.008125853335443,9.790675471944833e-06
0.0009440734807608,1.559927476418101e-05
0.0175577050356271,7.267113416614362e-05
0.0173797990901189,3.9830243595097974e-05
0.0008719928132587,1.0013461064636449e-05
0.0004562406790697,7.761945606018646e-06
0.0091858520374549,1.4068760453412289e-05
0.0110520367513854,1.2278986860906197e-05
0.0027936511489567,3.4173711435659693e-06
0.0177176077699411,8.350611962980142e-05
0.0003005449130196,1.1795294866969139e-05
0.015653718823823,6.841429358633836e-05
0.0069856163168895,7.303491785392632e-06
0.0074414795228622,8.43026341805687e-07
0.0025594812628965,1.0873322547669889e-08
0.0085981415672532,1.1586246189368336e-05
0.0006997975274923,4.152625186461013e-06
0.0167319724554809,8.569068785951714e-05
0.0194478355717603,0.00014553718771029197
0.0091907639793892,2.780781978115898e-05
0.0148283811263059,4.286566354072962e-05
0.0112643214006881,3.573022516186323e-05
0.0144756224379412,7.178473395508127e-05
0.0070788917220354,1.2248231555478109e-05
0.0076582350625488,1.785329747099062e-05
0.0012758935625184,4.201950087825805e-06
0.0104967646975857,4.113120331069146e-05
0.0022894398503047,1.251843726137179e-07
0.0063344835237001,5.697811945056382e-06
0.0083688610907344,2.474740121526908e-05
0.0030902535808348,8.279574961254749e-07
0.0137815807015897,6.401618380515327e-05
0.0074841321508123,1.1588304605423533e-06
0.0178546253072513,0.00010439675162347701
0.0087166600632463,4.918551569749339e-06
0.0042025576473465,8.584357489595682e-08
0.0101098293559339,1.7014023730017365e-05
0.0156151826517728,7.373229308201447e-05
0.0162533841568903,8.271495014595959e-05
0.0054347006393853,1.937003561794478e-06
0.0064854769566297,8.941243433303298e-06
0.0085759718588659,1.5105794886703905e-05
0.0111742341483805,5.784819360985924e-07
0.0045578031773225,1.067107706404848e-07
0.001051037602542,7.696862057967213e-06
0.0021910877673878,3.3587318286424593e-07
0.0183815989286175,9.62314820014101e-05
0.0046497988674627,3.774822565438914e-07
0.0025382052979424,3.441792894057127e-06
0.0192989499669312,8.229073992246275e-05
0.0030647310089206,4.724672344617808e-07
0.0111329122069678,1.7939586193862052e-05
0.0107706711848385,1.921001310338514e-05
0.0053346854402506,1.053611226644392e-06
0.0126821348054655,3.3590290368383264e-05
0.0056468444679395,9.384110388339652e-07
0.0060754476070893,5.296841750823003e-06
0.0007389345859806,5.794237277723369e-06
0.0081474052862704,1.4244672958344851e-05
0.0045955825622079,3.0195288087025647e-07
0.0062626763619571,2.3178292783812727e-07
0.0104095802843261,1.5597225278781347e-05
0.0063370746551905,1.518422910863102e-07
0.0117756797297707,3.3169665702399706e-05
0.0089002082130224,2.5379934286930885e-06
0.0059078484923481,3.9801518456693166e-07
0.0076295681968506,5.686673469211917e-06
0.0093213050608867,3.7155963705604065e-06
0.0071888460023109,6.112572180510527e-06
0.0147662965750305,2.8131226363390687e-05
0.0196836500560867,0.00012198362868173193
0.0163735568165169,6.208304278856083e-05
0.0030111534367158,2.8217660534549208e-08
0.0075229976634505,1.432634611596877e-05
0.0159502200864246,4.325847788819179e-05
0.01935989193709,5.6895290908881894e-05
0.0168249854615421,4.9319737370654146e-05
0.001327984115439,5.152343892652739e-06
0.0124502116590696,7.519325722179919e-07
0.0156053620044398,2.5073588909106124e-05
0.0088547971986713,1.4987481953280076e-05
0.0071594811292021,4.896881252105653e-06
0.0047937178670193,8.9654153650666e-07
0.0180978055002137,0.00013579166479054175
0.0122364060855573,3.075465891633369e-05
0.0137410289222868,4.759845132086653e-05
0.0067753442089707,4.643390080906112e-06
0.0030783692644217,2.5023277048716476e-09
0.0042735856677048,1.90065664766566e-08
0.0013703768797043,9.69200281270589e-07
0.0104085457564217,9.684983669957128e-06
0.0060998259718282,5.2632885686196665e-06
0.0191562239571333,0.00010177799124811497
0.0014827961812355,6.939623675490701e-07
0.0121810263757268,1.820619312616544e-05
0.0131029053659022,2.7825717218667244e-05
0.0104156681297135,2.1815160603720058e-05
0.006037557612156,6.97903329304047e-06
0.0053027785792774,4.683201701511585e-07
0.003621936113017,1.8845697761389116e-10
0.0062247410746386,8.110860620479087e-06
0.0074183564909105,5.968334792525661e-06
0.0087739629979234,1.1576873013576876e-05
0.0030845247608731,9.441548637656469e-08
0.0121834463115792,1.3586681834810543e-05
0.0051516387337122,2.6630320692729783e-06
0.0088228971601467,2.2779461705377354e-05
0.0165746015806152,3.7224429115837876e-05
0.0023145706148225,1.1007030038870102e-06
0.0141506902273361,4.1091023377144015e-05
0.0150159613623646,4.7975279795748535e-05
0.0105468854750937,2.5088966743873162e-06
0.0078975420409128,2.0552768319134754e-06
0.0103029703535527,1.7595272528775223e-05
0.0101348835711445,2.5438680262752312e-06
0.013946606353431,6.0244429706159694e-05
0.0093616578159065,1.815945955562177e-05
0.0072517282088038,1.714228922869256e-05
0.0102276008947089,3.414675338044575e-05
0.0009393673212935,1.562646736085356e-05
0.0001226609901086,2.496588892307043e-06
0.0148652367511939,4.5560049727118105e-05
0.0150546636569192,4.8630707681110876e-05
0.0168923425445972,5.006068939292592e-05
0.0072231465787513,2.930904393997017e-06
0.0069339872782048,8.143598930264564e-06
0.0036689103978009,8.769547572426514e-07
0.0172227436562212,2.306082438920256e-08
0.0019247166599065,5.472627308784895e-07
0.0040798001609626,1.2446401161555626e-06
0.003627282678833,4.3694257604900606e-07
0.0196800122949218,0.00014644295754694375
0.0195347188676205,0.00013613225000833062
0.0121638651431131,2.740733414139807e-05
0.0118698377465011,2.3418328039803185e-05
0.0168080047966041,7.244216334838051e-05
0.0086474707935613,1.1330592901948385e-05
0.0141231782496853,6.413651643394395e-05
0.0086792614300759,4.704778657637884e-10
0.0167163327219874,3.3725123943271302e-06
0.0162522081861335,0.0001009188189098201
0.0148569175242499,2.974202022219386e-05
0.0192496044701573,5.659510403985477e-05
0.0184742774395902,7.22476227890198e-05
0.0028650423195476,3.2686648282675435e-07
0.0076526804999127,5.6687566965662e-06
0.0121472941905251,7.6216844096959865e-06
0.0122332694212466,9.249822995964888e-06
0.0078178084505013,5.290024462677737e-06
0.0176860374433583,6.262041900506881e-05
0.0061531602739433,2.7999417472554126e-06
0.0174587003720349,5.0397725925644735e-05
0.006396977957406,8.590111309000434e-06
0.0016332957830492,6.5123682758814605e-06
0.0137036788763219,7.079672802974097e-06
0.019661391561704,0.00011657832550098117
0.0029605833875414,3.3110960369973395e-08
0.003130076108683,1.0106461062151531e-07
0.0142846502943227,7.442519723848135e-05
0.0110301183254603,3.9273448843669034e-05
0.0199186689602606,0.00016993643457755608
0.018929894604478,6.991041956239038e-05
0.0148571982346859,5.442894673613412e-05
0.0162795450229368,1.127531538122591e-05
0.0194268884714429,2.831060704080851e-05
0.0039548920757702,2.1287467934363273e-06
0.0149718957356716,1.0172952361031063e-05
0.0146945825788545,2.6784412968187387e-05
0.0146405956284911,8.375219914374045e-06
0.0094279710066139,4.073382868283048e-05
0.0062210178490748,4.6098363766805886e-06
0.0181063854272082,8.433686509786957e-05
0.018328523398741,8.988033554687937e-05
0.0197921505599906,7.993470624595387e-05
0.0117968850167482,3.410457295661533e-05
0.0084822115836026,1.7196890586785853e-05
0.018625622466378,3.048290353336605e-06
0.0072886925489152,1.4059625658534672e-06
0.0030886407025666,7.685765032860422e-07
0.0079779640249108,7.667981626504246e-08
0.011868557316563,1.775573827758515e-05
0.0145672642517441,9.359927701868671e-05
0.0193977060283007,0.0001602616110703643
0.0081050024989597,1.4101889847411406e-05
0.0028474310274036,2.0985372319286826e-06
0.0071431803297345,1.280346038421806e-07
0.006429104277512,6.981651506985361e-06
0.0029323251993504,2.1866270719115045e-07
0.0068817479685151,1.6543952069359678e-06
0.0134750896649897,3.7381432665353753e-05
0.0182250042451437,9.287400100358974e-05
0.0176477220721932,5.97462048259138e-05
0.0087571930423303,8.764079186176211e-06
0.0196647922278946,0.00012295571334738027
0.0158435847472168,8.911308597931289e-05
0.006136388562747,8.67013645238565e-06
0.0083542180514729,2.5434980439001306e-06
0.0125641277803613,3.723631769235192e-05
0.0027653275464695,4.581689171560371e-08
0.0029394463810201,2.9792418701842524e-06
0.0138368818761983,3.118035330134711e-05
0.0190490773394597,0.00013050347665514677
0.0022013049023595,4.247070174684182e-06
0.0016112131650223,1.8349155818817313e-06
0.0094997704755704,3.4379239408816014e-06
0.0013852719756974,2.7357647238699106e-06
0.0005666942729952,5.488117559934697e-06
0.0172563714048584,9.108800247952211e-05
0.0059416585974009,3.851883337702958e-06
0.006426518597653,6.39949333377095e-06
0.0077558670500356,2.7324382407417667e-05
0.0066986070288694,2.24379550979599e-06
0.0112076013111191,1.2999520299920853e-05
0.0196029407041788,4.2408819208301954e-05
0.0064926662898796,9.659377474771198e-06
0.0171387153094908,8.787497663847432e-05
0.0009699146828741,7.94815691959178e-06
0.0190064460097737,8.83804325781965e-07
0.0132692275260044,1.7585444030119465e-05
0.0160186420044315,8.409344957356321e-05
0.0028156748476857,7.850624043058733e-08
0.0101192062043568,2.178760339574373e-05
0.0153288296537594,2.5895251466515474e-06
0.0091562991296085,6.0371930078737e-06
0.0161240597559274,2.26827891990797e-05
0.0195890059845794,0.00012515814244544714
0.0043155923746951,1.482242296764558e-07
0.0095665511458318,3.121118309949877e-06
0.0005364715759262,6.544962377942206e-06
0.0145873118491842,5.3090164704051994e-05
0.0127201384416623,2.408543612466906e-05
0.0065282129840302,1.1632465311638525e-07
0.017610935518141,4.833190795660829e-05
0.0037115641333232,3.5687673639815553e-07
0.0095985182007018,1.1652940595753938e-05
0.0052190517337786,1.6719211317511185e-06
0.0190049522735129,7.09121464704352e-05
0.0067079370471466,4.134334679927023e-06
0.0015924729308022,8.49395556856254e-06
0.0192688572967557,0.0001036974339816211
0.0020808576401135,2.2805393983857515e-06
0.0081127523630276,3.063865375845827e-06
0.0073145752766152,1.542424954248722e-05
0.0057497523856582,1.7918956095938292e-06
0.0147758155779232,6.4175000652512e-05
0.0187083133527323,0.00011420262587497327
0.0135849519435893,8.697235115988671e-06
0.0140234702420481,4.2178357754198324e-05
0.0123445750310212,2.4108869648259465e-05
0.0199021698819402,0.0001197056826361411
0.0040326420684816,1.5831427913480471e-06
0.0061095131386139,9.883512022457167e-06
0.004218801786892,3.35944055144003e-07
0.0044732008685369,1.5652610294215925e-06
0.00454805424274,4.050452471242153e-06
0.0031122691222343,9.798244679361807e-07
0.0106205353753633,1.2856653198142472e-05
0.0014765916333702,3.5612329153613387e-06
0.0078758987723194,1.3352966913424348e-05
0.0041006520149956,3.020140122698454e-07
0.0068331475200292,3.0773430269960648e-06
0.0024876233902323,1.7860244531907728e-06
0.0089719544042391,1.881471438503226e-05
0.0128948578565806,3.0067887773262363e-05
0.0046253607265619,7.63555332537189e-08
0.0118369128253638,3.40267607192126e-05
0.0181776555671579,9.196566983240412e-05
0.0139739834231087,3.12878002442981e-05
0.0088531910949045,2.2730483811294297e-06
0.0199246515704973,3.0420932256382578e-05
0.0089011971889995,1.8875880765294924e-05
0.0015966387665268,3.592259347986119e-06
0.0067738584351719,2.575630347818401e-06
0.0167654010616084,8.600168032811289e-05
0.0004124654993541,9.472404000365912e-06
0.0037960520197981,7.879121892411587e-07
0.0145207950467721,3.915734937508971e-05
0.0147073108618159,9.764987616231197e-05
0.0040207096670899,8.204135053030364e-08
0.0025259625472966,5.436384414163654e-07
0.0013289801924929,8.713416118065213e-06
0.004603482491227,1.7737865327328835e-07
0.0124625928726242,6.137894345571383e-05
0.0165956575595509,7.848725716866922e-05
0.0100218875963439,3.1695928924024176e-05
0.0164869635778629,0.00010604823892783715
0.00183433321109,7.027284509582031e-07
0.0179396872738837,9.873976803984551e-05
0.0181252393349843,4.774365373184098e-05
0.0163197030062963,5.697977512510323e-05
0.0180488833682659,0.00012940257933486904
0.0152854770836863,6.685717815836173e-05
0.00926180025104,2.0397159974601428e-05
0.0026384991286316,4.191893788528047e-07
0.0046072404360961,5.468712047112677e-10
0.000329454650861,1.1018635244831369e-05
0.0055235889627982,4.799706249226031e-06
0.0197488798760566,0.00010008978213174169
0.0144441673097498,6.0688471136268954e-05
0.0177687707146211,6.907213240522783e-05
0.0011091067895074,4.197852026594502e-06
0.0057708040491447,4.49350267348225e-06
0.0030432664403994,2.0842925877981377e-08
0.0186589187676496,1.781909935689336e-05
0.0162986945860651,6.041605215913936e-05
0.0023249903269599,3.5204330549816502e-06
0.0147391886463606,6.159803265819622e-05
0.0028676654186448,3.3485000585574364e-06
0.0173705272597243,8.880443304359942e-05
0.0066275635116571,6.21879430035386e-07
0.0136903151653406,3.856088732218671e-05
0.0032700293132469,3.903789359773288e-08
0.0126016396249919,4.018272728946795e-05
0.0127325126548208,3.804428479480397e-05
0.0077211846082914,9.832407772666653e-06
0.0067016875398703,4.100327063977313e-06
0.0071226545943562,5.417219575562054e-06
0.0138231948019845,6.48536213810238e-05
0.0199453213457362,6.786171879112842e-06
0.0041218125961695,2.613169697940938e-07
0.0113783640697262,1.3131766256695883e-05
0.0044310041108945,6.711159290386418e-07
0.0100830558378453,3.589981466925661e-05
0.0053198028457915,6.188691952638624e-06
0.0092500833702901,4.745442633381203e-07
0.0189480095950824,9.835416178306206e-05
0.0089030158257224,1.63687898851648e-05
0.0055516214499382,5.637167179876714e-07
0.0059096747623058,5.247583032202837e-06
0.015929642560752,5.5972284872347004e-05
0.0031894236953574,3.699982174696895e-08
0.0118231897595964,3.064956562908516e-05
0.0128968487923824,5.3581851817066265e-05
0.0082041334790478,4.924449304014722e-06
0.0088569202908563,1.9401887778888922e-05
0.0137010560648135,1.0099994260933016e-05
0.0146868512270063,1.0375435028111317e-05
0.0004093819051791,3.6890691891949793e-06
0.0124023905262465,2.294268220369271e-05
0.0003435050268531,9.310668172063853e-06
0.0018796107615988,1.397938935698836e-07
0.0115850344089291,6.423981830187314e-05
0.0064036156141093,1.1919573052688686e-05
0.0108694743085571,3.3635026225780146e-05
0.0106011699064409,1.639281624291656e-05
0.0047120034899296,1.807907749174505e-06
0.0109563520098432,1.8616764286815068e-06
0.0198264683853945,9.945205629312001e-05
0.0152730187626479,5.583408414421072e-05
0.0180468093191715,5.130919969010025e-05
0.0039962188001348,1.0395130813740371e-07
0.0172107994227815,6.64924445944075e-05
0.0034884053294978,1.3430239575362998e-06
0.0158869986527531,7.897975924640322e-05
0.0165341008605206,9.854926805353748e-05
0.0105817606633594,3.0713576200015085e-05
0.0127416302425605,1.0711079971080013e-05
0.0139278735100302,3.299670587934144e-05
8.981427425315047e-05,8.17089661362977e-06
0.0137259534589919,3.230018889182677e-05
0.0085794405356227,3.516003670260571e-07
0.0167674650945596,7.48579145082379e-05
0.0168946161239363,1.2499699097844007e-05
0.014499729913023,4.473399228226165e-05
0.0037796113184708,1.730587735911625e-06
0.0103828392470045,2.597350103792758e-05
0.0030885517400191,3.862698065360646e-07
0.0096590840455011,2.2785696593515295e-05
0.0128504601680874,7.991709140596025e-05
0.0095124150146267,6.967535192011442e-08
0.0095609592610489,2.9468110167696227e-05
0.0053724459448969,5.135273836379268e-06
5.282894564474283e-05,7.623179758648968e-06
0.0190598283524303,8.297804786002889e-05
0.0127777996881562,3.5733998957798987e-05
0.0114207255262095,1.3483691246941264e-05
0.0020177883051783,2.501447417219573e-07
0.0014914138595284,4.4271638751339854e-06
0.0015282796683037,4.3266594172785375e-06
0.008062180361166,2.519838686074304e-06
0.016910976212145,9.669909080172647e-05
0.0006926382431706,8.43166550607633e-06
0.0170057402828476,5.791804374610193e-05
0.0081329037088958,9.507604375937887e-06
0.0143177096388109,5.25561051438625e-05
0.0131498440601284,3.093184537792857e-05
0.0011831808583204,3.0283915152624654e-06
0.0113116942152973,5.865516388695371e-05
0.0023262723280769,2.0046786818266107e-06
0.0077535549618836,7.1494896162347945e-06
0.017753331543103,6.302385045683698e-05
0.0134889720886737,6.332793425568879e-05
0.0181110520488711,9.516866632307073e-05
0.001870809181083,4.852274285864572e-06
0.003997315912411,3.3185408079375697e-06
0.008224134375009,7.9638996136498e-08
0.0188342759959478,0.00012262471801517937
0.0107750428036172,3.1533101810706625e-05
0.0064284303821655,7.692049710618494e-06
0.0015883812855529,1.0030728000266526e-05
0.0109869247904644,1.518533712714121e-05
0.0080392109861378,4.473764626417996e-06
0.0188095822821435,5.673492102451976e-05
0.0115184196762898,2.691763374621176e-07
0.0179340943601067,0.00012003116607861412
0.0131518884227278,2.4880324670220056e-05
0.007801504004219,9.47906284000456e-06
0.0048625332136443,3.9300995103389276e-08
0.00347172278422,1.6857794555897372e-07
0.0179517776466324,7.883025430404172e-05
0.0151024723445984,1.0951444201019257e-05
0.01156482726612,3.338291055243775e-05
0.0084976566699132,1.4232531610960085e-05
0.0190379983951377,3.594967229382245e-05
0.0035866532003649,4.878363996467511e-07
0.0190080440705321,0.00011828654203795503
0.0151374427172848,3.567819135226067e-05
0.0133080369303101,4.8723954816780566e-05
0.0145038038530516,5.7717390087709384e-05
0.0051380565791701,9.885047983399223e-08
0.0012597070974774,6.4501668841260294e-06
0.0164436337648682,7.9963809848514e-05
0.0050723947087187,1.4669202744378099e-06
0.0152188584741028,4.58095327763112e-05
0.0128516865667844,1.394965218943345e-05
0.0198680297256644,0.0001434561509567316
0.004358012630024,1.0565216400635865e-06
0.0003059866283929,5.461566679074616e-06
0.0189278262241117,0.00014179804666048152
0.0196440576250319,0.00016170902548631036
0.010781908246545,2.5762243134123245e-05
0.0025472384785659,1.3547367058836233e-06
0.0149754413769332,8.25215180876094e-05
0.0005687191454617,1.0115902061160963e-06
0.011675369588643,2.6597425604310373e-05
0.0187395131567045,2.9772150027301945e-05
0.0060713250199988,5.4172801189686185e-06
0.0082486562938402,7.916563806837653e-06
0.0166265440715411,9.946841127179805e-05
0.0191343519167264,2.0046621094085597e-05
0.0197800045853328,3.7553072338589225e-05
0.0041186701274514,1.5838885654465002e-06
0.0115461231871485,2.092709316925407e-05
0.0125683810313154,7.125229912301988e-05
0.0064170029107476,6.53278240737302e-07
0.0150301047958389,8.434520127915413e-05
0.0117679055826802,6.102793733118064e-05
0.0182398300044886,5.777191263618821e-05
0.003431721403045,3.8960314538009277e-07
0.0078019548730888,7.270047130275028e-06
0.0165976625137309,7.697024180720978e-05
0.0010288458213446,1.1337760669956754e-06
0.0164024884334412,5.645133389782378e-05
0.0140666028392551,3.764026708967124e-05
0.0031127964099417,1.0182224169145635e-07
0.0183115363364247,9.338782780067926e-05
0.0078971689397712,1.0912976671238682e-05
0.0041448546161146,1.0822161186924314e-06
0.0115831845402917,2.5326126241503126e-05
0.0031228622365448,1.3546579175385079e-07
0.0125743542200346,3.0308319601133517e-05
0.0002390440404532,1.2636684019221122e-05
0.004580509037814,3.458791381420856e-06
0.0046802039806258,1.7731924063386586e-06
0.0132492784821717,3.7508977126195576e-05
0.004372280252467,1.464294788466458e-07
0.0006981766898163,3.3676317165313683e-06
0.0024398484109806,7.693542608211895e-07
0.0096646158048497,8.611775741106726e-06
0.0135969944530948,5.398744745875291e-05
0.0030395430519503,2.736598217427803e-07
0.0075116732804712,1.4315703004454021e-06
0.0080642547804483,1.5661587825905337e-05
0.0029591663536642,7.061571872429124e-07
0.0179116995569656,4.892548630389774e-06
0.0022711945427344,1.1139887016964943e-06
0.0143303609991155,9.974515188500913e-05
0.0060691830519072,2.3227338613347405e-07
0.0010528965868035,6.025860002092969e-06
0.0154520035152609,5.8106998382021264e-05
0.0186914524368978,5.763585129783291e-06
0.0080198038993998,2.3132116754113783e-06
0.0130045141923997,1.657309274281322e-05
0.0134575555641567,2.892773987799128e-05
0.010289236504491,2.886830586398159e-05
0.0092787920601016,1.4793267390280374e-05
0.0157532858057878,6.277397863836688e-05
0.0024831058906895,8.888328726653304e-07
0.0026213977471955,3.2551060594419852e-06
0.0046391495813219,3.222014498831425e-06
0.0054965892258031,1.1145909745836866e-06
0.0134761829187898,3.9397160719054455e-05
0.0064587826525789,6.053436094058509e-06
0.0193792518604871,0.00012317764506083795
0.0033481146258039,1.5756478363394606e-07
0.0020123484506497,2.2918654210812895e-07
0.0042871556729079,1.235025623317807e-07
0.0003410273537279,7.208824257906101e-06
0.0069487913057144,1.1641154534605297e-05
0.0143382215099057,3.828599275864025e-05
0.0043299863224976,2.45220236491778e-07
0.0172336432403096,6.696021143818231e-05
0.0102174517576852,2.543948886449863e-05
0.0166069624578082,9.769564633496269e-05
0.0195445869873649,0.00010791262236937379
0.0043020011871163,1.8900035745235682e-06
0.0152231647744981,9.009238552942168e-05
0.0181620230190647,0.00011711397474094193
0.001733786644764,2.3196388359244117e-06
0.004451941183696,3.1956841361911192e-06
0.0063577208310432,8.241516613313922e-06
0.0160733171063696,5.8677332925709923e-05
0.0107684678362841,1.9664176359941065e-05
0.0046620440928961,1.772743381612775e-10
0.0037407167508963,5.560688854949646e-10
0.0034181482192822,1.3677274903580989e-06
0.0009237607232285,3.0528388680299034e-06
0.0136015084815759,8.568971249610573e-06
0.0121208339054614,1.245967982765738e-07
0.0153915338756952,5.292353669176769e-05
0.0065347779615473,1.0979051571486969e-05
0.0118115494525753,3.298725186250052e-05
0.0024486148575088,2.913354676542908e-06
0.0141996133348052,4.0297974533707886e-05
0.0044148196014992,3.663748711995465e-07
0.0109015432083402,4.840433944848199e-05
0.0139760175490288,4.808629435097429e-05
0.019472779257158,2.3243796471449136e-07
0.0033932513676496,3.923562020294226e-07
0.0006492884338931,8.257851798256767e-06
0.0189085614591821,0.00015585442625819834
0.0175356145290209,4.729030079746572e-05
0.0136362803494112,4.027362406107546e-05
0.008177401393677,1.7293598720686122e-05
0.0001059694816683,8.409059302978722e-06
0.0054530719981976,6.224459775103446e-06
0.0120111353382392,4.97502779416001e-05
0.0160162763152906,7.854341645544155e-05
0.018024910176835,7.99740640697829e-05
0.0111975237726608,1.8350853665841804e-05
0.0165890447323019,3.114152915034379e-05
0.0033077775147102,1.8403781617492359e-06
0.0148635643439221,1.925125493251637e-05
0.0105930988814265,3.612419117305334e-05
0.0130844809566226,7.600830188927826e-05
0.0037054283786479,1.793098635505548e-07
0.0088322494686913,3.1387452142318503e-06
0.0024171572328413,1.3112569922342282e-08
0.0066979833905776,4.55407102929529e-07
0.0016807041575214,3.587458743584508e-06
0.0051742792735254,1.8902243493637948e-06
0.0093035249023449,8.325209348574793e-07
0.0196578287498631,8.675510105339637e-07
0.0184552756179391,0.00010060141955084866
0.0028186047350795,3.8155852099291074e-10
0.0190920117525601,0.00014463647771683852
0.0166306380384786,6.533766618996184e-05
0.0037887061301477,9.488714603851249e-07
0.0115512107746534,2.4761607693303687e-05
0.0061356720172184,2.8868345681963093e-06
0.0030545330721672,1.8425748913431823e-07
0.0132072836116483,2.298911122110332e-05
0.0105885686776214,3.662466960073914e-05
0.0014142285869588,1.0183086412295004e-06
0.0121622934868882,2.8620999608993473e-05
0.0066703862884419,1.5686666785065672e-06
0.0132846877041103,3.6472383032967905e-05
0.0048789693341534,3.805720457934235e-07
0.0182806011832592,8.98358921741957e-05
0.0137795329495196,5.352821211352434e-05
0.014542922109535,4.179517518522008e-05
0.0009365284809778,6.951933390325403e-06
0.0171753354941242,7.822739602284452e-05
0.009280438028251,3.590442334578879e-05
0.0052949342026991,2.518228516600601e-08
0.0035343993438292,3.2244442801009736e-07
0.0079581209170949,1.2029592647131636e-05
0.0084088652768801,1.1882812376859756e-05
0.0035797037589462,2.3869960691635974e-08
0.0196448985375483,0.00010001799299290081
0.0138515440196234,4.9283218344025154e-05
0.0098445409458883,2.6798020896346715e-05
0.0070252068047196,8.536909836438628e-06
0.0198501174809519,0.00013133138755641062
0.0195075533484433,0.00013067809041402906
0.0109220229410725,1.5116736802019427e-05
0.0054177324422415,5.86071595282371e-07
0.0033882717401487,3.358744289981833e-07
0.0068676056390394,2.9172540421784664e-06
0.0107854772227594,3.8859196564474016e-05
0.0054310860915314,4.28650627877581e-08
0.0088730357812669,3.7750454640504535e-06
0.0137415923606838,4.281082086678659e-05
0.019344339226686,0.000129167781777336
0.0063405129444724,6.0293688128968785e-06
0.005361530318666,1.283323629435132e-06
0.0071837634858301,7.95320559334116e-06
0.0009753840189563,4.060397121292936e-06
0.0156057827170946,4.775592061110574e-05
0.0093226772684319,8.088178389992512e-06
0.0154034243537489,6.350380865098983e-05
0.0074612166961634,3.1156428812126064e-06
0.0102616921559925,2.6847674831073287e-05
0.0119791758398448,2.8316875458359226e-05
0.0120536653580595,3.9024700100273366e-05
0.0149355224571193,6.1032604241823034e-05
0.0044371489443132,6.695077676112686e-07
0.0114282891924265,3.731041185162175e-05
0.0112859932467302,3.209663627663842e-05
0.0188387248626318,7.336019933915254e-05
0.0169585682213127,5.379364112863519e-05
0.001299977148597,6.543480693380573e-07
0.0192773088991635,1.2298709533764243e-06
0.0187780675737331,3.4254585182963075e-05
0.0019353822469842,6.469841417339775e-06
0.0058501551377584,2.7440660452402135e-06
0.0006428524988734,4.88785679061609e-06
0.015064731020545,4.605926837023811e-06
0.0073304374748218,2.649083131699663e-07
0.0081317258783828,8.34854114012505e-06
0.0160644731737253,5.564396783487885e-05
0.0057993629616008,3.0643154664943484e-06
0.0062368123586401,6.886809268403603e-06
0.0179185197464262,8.122038689148845e-05
0.0128426671574147,2.9328865960606293e-05
0.0108023628258849,2.230117060831545e-05
0.018317475414198,0.00010205540088509663
0.0143617835414673,4.206584245317109e-05
0.0116003609521566,2.9962804870499746e-05
0.0020283686119426,1.9759933138199363e-07
0.0027752062303955,2.167874104709047e-06
0.0008391894387254,4.848521838070033e-06
0.0193788253911875,0.00012059120438687088
0.0108847870271976,3.2998110416781544e-05
0.0113571907635847,4.671809529434389e-05
0.0026484652263585,6.677679668076958e-07
0.0066429080757502,8.544366648354984e-06
0.0083895854793235,9.20205157614562e-06
0.0133321178935576,1.818512285331477e-05
0.0003986999297492,1.1234265843467141e-05
0.0124728024183294,2.325764860729106e-05
0.013880090490112,7.90791983310462e-05
0.012726568192756,2.6978593895276434e-05
0.0024052198236401,1.1781855293042614e-05
0.0195993413688949,8.599398051512293e-05
0.0063667868815109,7.98255775743148e-07
0.0038914730427318,5.404224687132114e-08
0.0077983897268484,2.076532645040651e-06
0.0132839863750281,5.601685609760731e-05
0.0122284541754268,4.0583536063017185e-05
0.0139260749703349,1.4234898180171126e-05
0.0015515217055577,9.110323508168056e-07
0.0072894720052701,1.261181082162586e-06
0.0181516965795671,0.00010721956770416881
0.0195661989270732,7.12905538917345e-05
0.0112760441645288,4.459152741746472e-05
0.003311924545091,1.9331751376566992e-07
0.0172246967825759,4.950562190340829e-05
0.0083958825355618,6.494143046329043e-07
0.0114895217049368,1.3260767384029817e-05
0.0056766970377811,6.248012548693845e-07
0.000807323964511,1.2625485343965125e-05
0.0011077794890256,1.0383268615510711e-05
0.0125387832795154,5.797641085479447e-05
0.0036263680982977,3.07003525780008e-08
0.0162231428934892,5.781768889635098e-05
0.0066080356969213,3.481525231011283e-06
0.0147825894081979,5.476894613928781e-05
0.0197013514586585,8.706111458959614e-05
0.0131317536919364,5.002545481929365e-05
0.0034797225658918,5.684787968444681e-07
0.0074827963373654,5.916058542409209e-07
0.0058890282271377,1.3258769232959644e-06
0.0128800072738986,1.1135497939130859e-07
0.0144758016057192,1.0108595403295664e-05
0.0052876852398056,2.5925606590366824e-08
0.0011980375387715,4.262584189501075e-06
0.0131693572429491,1.956645176269224e-05
0.0128992370820717,3.292641036962225e-05
0.0007341277902977,4.053532980910353e-06
0.0191490848806788,6.224026031229932e-05
0.0150620609124895,1.6571174098588998e-05
0.0147586738266376,2.0734251640928383e-05
0.0005736823762262,7.243197793973834e-06
0.0083810866821257,1.96905669578972e-05
0.0006567471284791,1.2580550909200555e-05
0.0057919545287464,9.623247966327823e-08
0.0019014529481563,7.2858415853522295e-06
0.0077798131739542,6.88806805721783e-06
0.0041334045867447,5.911754041530161e-07
0.0012909088219907,4.90995670207932e-06
0.0146778747609927,1.5229590207854243e-05
0.0015760598369041,3.3546924129246235e-06
0.0004498253606728,4.081278459150999e-06
0.0027937845383224,6.011959122161522e-08
0.0112353414845643,1.90547088120349e-05
0.0160924696566387,8.165935443464853e-05
0.0111951082968689,4.0470730877375315e-05
0.0093984614378211,2.184409382216094e-05
0.0085114707563279,8.470579571761282e-06
0.0151133674350163,1.4096564237667755e-05
0.0188437548721813,9.878962184406449e-05
0.0011155644429216,3.066310413920918e-06
0.0158013799851675,7.059216830866261e-05
0.0068803090148151,4.039270708883575e-06
0.0005141413251069,6.058248486361029e-06
0.0020453815094757,1.472342945677795e-06
0.0182123859444029,0.00014295654230654656
0.005693450647809,4.122050239132232e-06
0.0019021954808416,3.1195606257840297e-06
0.0022510306569412,9.484672858143593e-07
0.0143452254841537,8.859125564746322e-06
0.0180118498402991,8.441009623687841e-05
0.0086463596745148,8.889088233675167e-06
0.004874546715794,2.0374790079831953e-06
0.0192130398581303,0.00011375446042726638
0.0158710368949894,3.1505437014922064e-05
0.0044503707072702,7.2067700005287156e-09
0.0059444618969086,8.59259995829071e-06
0.0021753448364255,2.0917408636638237e-07
0.0067600590878698,1.7493711232095965e-06
0.014415333302541,4.914431216249876e-05
0.0160474182762938,6.979156409226702e-05
0.0199569540799038,8.249147058667089e-05
0.0063269914839492,3.919810175512846e-06
0.0109532426976443,3.0933774802505287e-05
0.0016718949627133,2.68473024074047e-06
0.0034062492710504,9.418757542156453e-08
0.0152496603764297,6.566021865103557e-05
0.0155898196220316,4.8984923273811364e-05
0.0181282836709257,6.55255919024362e-05
0.0045454479172293,4.0518603719074776e-07
0.0084236565109867,6.7056445975283255e-06
0.0038509968422793,1.93846538574998e-07
0.0048101078246037,4.02081463750013e-07
9.516166613943167e-06,1.1165119908104664e-05
0.00314481245712,2.238755228063891e-07
0.007855611183964,7.837364741565006e-06
0.0054207765377905,4.960841736323284e-06
0.0004183176573711,5.253166129250528e-06
0.000739359931053,2.0776854734351048e-05
0.0085553181516591,6.475426465156918e-07
0.0188134378643984,7.288219984707294e-05
0.0069969061244833,3.154185146903743e-06
0.0013217207190171,4.353634282086048e-06
0.0151742566850715,1.946456985905476e-05
0.0101547066052922,2.21657040925762e-05
0.0124281938055361,2.1347646594968025e-05
0.0058369648309441,1.2523833278544043e-06
7.883058050043302e-05,9.460284717140473e-06
0.0038432024724526,3.276102521777031e-07
0.0040825159846017,9.65329122277576e-07
0.001034052502471,2.8845600798144116e-06
0.0064167310704553,6.315896046996482e-06
0.0003844398257758,1.1626304214935984e-05
0.0045988000083936,4.678510689591119e-08
0.012374972757913,4.0912973323646665e-06
0.0040082384800348,2.089996380002793e-06
0.0120666069265813,2.3620982929443924e-05
0.0010958693906814,1.8568306450241867e-06
0.0094550070208889,2.148648965914295e-05
0.0143979354928662,4.580904943894484e-05
0.0073759408566001,1.4007058467082898e-06
0.0144749233033161,3.791718350101205e-05
0.0178552242822404,9.91052928102966e-05
0.0181702296449828,4.427702264651939e-05
0.0197903664249251,0.00014513945164225516
0.0004983445899982,1.2342376583156631e-05
0.0134228990671659,1.2308382488687764e-05
0.0008072928520586,2.7568932924772082e-06
0.014098122021765,4.420036948128288e-05
0.0015569093142669,9.337426709418637e-07
0.0014351352965301,5.523982021751432e-07
0.0166607050663319,0.00011593388700844828
0.0099589019511381,3.912019222632028e-05
0.0040467834643697,1.7026063687505107e-07
0.0132693855426626,3.097626350445709e-05
0.0004714475510298,5.452012485973187e-06
0.0196370320733088,2.3433256409237962e-05
0.0054496024372884,3.901215741731229e-07
0.0069481954249246,3.783474903269625e-06
0.0002571558409332,1.1964570176680937e-05
0.0146794933820046,4.476872643341453e-05
0.005212878943348,3.4109213403284825e-06
0.0171924314821998,0.00010071466539196939
0.0092539729707522,2.030426393919352e-05
0.0034432012828135,4.835451017917421e-07
0.007292356225187,1.160541794599801e-06
0.0053793814161802,7.2167707306717696e-06
0.0007879856648503,3.551854919149805e-06
0.0174855940850905,7.88652225091582e-05
0.0107091413309955,2.9071469875733e-05
0.0020327118440964,7.784659120649555e-06
0.0052175226205436,4.086307921265716e-07
0.002313222087183,5.543870113076323e-06
0.0059596512262411,8.119534562727933e-07
0.0080840305304487,1.386274746353202e-07
0.0127823202917316,1.7991475400384448e-05
0.0005215875201041,9.952930270219126e-06
0.015654721187435,9.216243853050449e-05
0.0021145281416886,7.3258427462308504e-06
0.0073579211249815,1.6540143777716742e-06
0.0197096763174363,0.00010056380600556246
0.0087241454920792,5.560347032076528e-06
0.0180009346110447,0.00011141749967057486
0.00804066657975,1.0512236822116693e-05
0.0005760304391013,3.0096262332927957e-06
0.0023296147510567,5.337014771930744e-06
0.002840439017277,9.625013694079178e-07
0.0022571627334883,3.159181388702116e-06
0.0106073795589903,2.728640836967075e-05
0.012865462852048,2.882190288961982e-05
0.0128562122803557,1.9197803586426286e-05
0.0184983758713944,2.2648528728553453e-05
0.0037529383992472,2.487568461340255e-07
0.0189561913355421,0.00011536829132069891
0.0036716042855348,2.4283885603622207e-09
0.0160799041591642,8.33265602089386e-05
0.0193107248656166,8.837836415247044e-05
0.011728237460711,1.781318009783172e-05
0.0076405669731693,4.3228124595271195e-06
0.0094759304847908,1.350260765577213e-05
0.0014763554310466,2.966586395983965e-06
0.0144953297098063,6.245338488202728e-05
0.0014186049704266,1.1837493845840533e-06
0.0129888534220564,3.75350279260058e-05
0.0026768101186598,6.531418962356361e-07
0.0183997167992936,0.00010519121606156187
0.0134062747979407,3.373077006196614e-05
0.0085258672590888,4.10868023740391e-06
0.019574788165523,7.615704798611731e-05
0.0102466158459672,2.990224960410537e-05
0.0182848991650275,0.00011978858518391048
0.00393113719948,1.7207704900357238e-06
0.0164431039816593,0.00011302342101895899
0.0081049439447784,4.3991480683476e-06
0.0191181900771529,0.00010889033972844681
0.0159174192791867,7.321138756419764e-05
0.0091184044094057,2.7028811183159377e-05
0.0129219917553258,1.038817383962759e-05
0.0184918684415933,8.304266649378105e-05
0.0089139417601202,1.1173722920673281e-05
0.0044830418247134,4.743162966874363e-06
0.00516465284598,3.677099192501521e-07
0.0059523714806776,1.9343275221144508e-07
0.0011691754023591,4.136905389897093e-06
0.0168233528971103,8.888886475312422e-05
0.0154334525910263,0.00010199120909373588
0.0150794323163233,7.019499071566559e-05
0.0033833196696825,6.178029064644809e-08
0.0153653484262385,8.384901780385107e-05
0.0173543080125466,9.820402735994925e-05
0.012251131472653,3.6003004243056184e-05
0.0162381010436116,5.451108662045328e-05
0.0126768525040695,5.744059791940684e-05
0.0138604842046444,3.363406935872383e-05
0.0019125901642841,2.8711627427817236e-06
0.002771795971606,7.483821263304565e-06
0.0040771455834416,4.356662416835992e-07
0.0158747641996757,4.05141682190627e-05
0.0019568723148556,2.41013528804341e-06
0.0024909371922281,2.066002455936125e-08
0.0144213868130992,4.154049952305421e-05
0.0179406662588473,3.145219780058549e-05
0.0161868571564756,5.016211045618268e-05
0.004505643605759,3.162830968705642e-06
0.0197390110182401,2.391022531666451e-05
0.0069137193310904,1.1269318478011722e-06
0.0015323409071886,2.811590117986142e-06
0.008766466294818,2.287096325021986e-05
0.0023273101303715,5.126711765835214e-07
0.0184860678064202,0.00012474067841336084
0.0044885539076904,7.244263898829108e-08
0.0197449889661797,0.00016910977571400006
0.0125941338684109,2.4272578698598604e-05
0.0073119729019647,1.1942302725837277e-06
0.0168980366942773,3.040700327932511e-05
0.0129676849431692,3.935178767390656e-05
0.0016234812459495,2.6464595635788716e-06
0.0052835246933258,6.273933894892468e-08
0.0070234065396025,7.445163465830344e-06
0.0028338328057232,2.9139395154283817e-07
0.0099971756662996,2.8067392370419603e-05
0.0065328022690774,1.3812768811760103e-05
0.0171714485136939,0.000146670009592312
0.0074716771847724,1.6755947232757646e-07
0.0150914954699301,0.00010361758392002009
0.0071119003055534,1.8738456614849087e-05
0.0003856492447066,6.403913813646231e-06
0.0065964347096946,6.606002728168789e-06
0.0046658600785632,2.2694434868600843e-06
0.0006207170582056,2.5775454267281105e-06
0.0162117140573495,5.7363400033995044e-05
0.0019406322683194,4.240591561997875e-06
0.0053338157047236,1.2911294381268307e-08
0.0099194639411979,2.6188496658314597e-05
0.0027530738391512,5.569018751599925e-06
0.005776541865119,7.294370269390092e-07
0.0184109695134044,3.3266325250269583e-06
0.0171298160630581,5.379370791811603e-06
0.0031576785322012,1.928459811750113e-06
0.0079050055996043,1.544212037550203e-05
0.0097092321823338,2.1108282329164752e-05
0.0018942521268626,8.601303520153826e-06
0.0123266471132989,5.4527120435273084e-05
0.0186157855368651,5.117752411645874e-05
0.0139805597793082,2.944681886239532e-05
0.0151298403204617,8.729765269995055e-05
0.0027977777803052,1.0743502676040039e-06
0.0165097154017264,4.8657312274369095e-05
0.0157656454481233,8.08951928118702e-05
0.0098325343020458,1.452911088777865e-05
0.0165544799339219,1.9455009104388744e-05
0.0146135131203784,6.559813510338859e-07
0.0194566558597457,2.5367621762871654e-05
0.0087128198435123,1.1186671033844023e-05
0.0121226309954084,5.010431072424762e-05
0.0136157005924354,3.244612162236e-05
0.0154236729568828,5.921434218382079e-05
0.0119742095309019,6.049429488036397e-05
0.000145947438467,8.50835643603194e-06
0.0037922851892185,1.0866480838114415e-07
0.0088558337432322,3.0467693484516456e-06
0.0143780462819265,5.359220354381475e-05
0.0095461494816178,1.56933916434735e-05
0.0089660743025071,4.638167792285383e-06
0.0139713572124379,3.8824052670311044e-05
0.007270177700696,3.842086993975929e-06
0.0136209018860277,1.669329505850284e-05
0.0126273670735585,8.715211853201238e-05
0.005456692983909,4.736054265284152e-06
0.009420230772284,2.008455836423455e-05
0.0153097703672677,9.15935812933022e-05
0.0063574118068095,6.5959057178693126e-06
0.0013232411625291,5.567624973226466e-06
0.0126538487788287,8.142734357181219e-05
0.0117153820879344,3.078176722695724e-05
0.0168302219873839,0.00013609847074565244
0.0108368368363279,3.184365751777782e-05
0.0141879855363523,7.068464814618778e-05
0.0082399932153869,2.2119295663755238e-05
0.0173936138327691,4.193502476383765e-05
0.0166164713659686,9.891346046392527e-05
0.0087972328921158,4.745244791339924e-06
0.0128407005674175,6.328594482226818e-05
0.002297296228891,2.85648491680161e-06
0.0157679402728104,3.4629391975754585e-05
0.0115979266637955,2.3596238368162237e-05
0.0167580505143589,5.75043675065603e-05
0.0126685063642282,4.076700698434303e-05
0.0126178225787905,3.265691185068616e-05
0.0161260310999627,7.885356719922503e-05
0.0172541155782905,1.4967175045646143e-05
0.005937803504879,9.406459797376841e-07
0.0130390658346823,2.9865021450175362e-05
0.0159258464080335,7.681936051365152e-05
0.0001031087741639,4.6768165172575755e-06
0.0108565649461262,2.2546034888394058e-05
0.0020866028916572,6.139499442082633e-07
0.014962371004283,2.1741878902902447e-05
0.0122068134621944,1.7089143269341335e-05
0.008434472529911,1.0479170712099375e-05
0.0104672066867271,9.85304920818723e-06
0.0140033931537476,2.830756696415505e-05
0.0127467684406294,4.1002142042718975e-05
0.0116929615618879,3.768600392955432e-05
0.0040304550004472,6.504432748873986e-08
0.001378515143366,1.8858569382941244e-06
0.0143477548807919,3.2148597463856625e-05
0.0087100383277747,2.1503298683445087e-05
0.0145495012731122,7.289421315995334e-05
0.0198904476911628,9.945746655768782e-05
1.261620198208746e-05,2.8419526146798912e-06
0.0026022836072499,9.729139963412455e-06
0.004452218685156,1.1382928334302398e-07
0.0137878751991704,8.809065638384158e-06
0.0150617411691005,7.389270051768851e-05
0.0018763807132104,1.2141424271728674e-06
0.0077564334676789,3.928863843414301e-06
0.0021722747193264,1.9687461330929964e-06
0.0096494837257625,2.8575862153667828e-05
0.0052073527395997,4.4462892277630976e-07
0.0129267659897726,4.740230593782937e-05
0.0136102601658477,8.883673236524533e-05
0.005690624514097,4.52256593241227e-06
0.0141433884868093,5.095968131745968e-05
0.0089453239041148,3.307212449572226e-07
0.0174660741262432,9.728201437766899e-06
0.0055428335589519,1.3676781745514217e-08
0.0127058040244631,3.5925883429443585e-05
0.0094483050105809,1.934015713660932e-05
0.007723177360034,1.936413508470851e-05
0.0184115244236124,6.488753253547139e-05
0.0196331833792948,3.932760375196485e-05
0.0174980367248783,9.809646318669568e-05
0.002108792563223,1.1054622711771487e-05
0.0189154024666636,0.00011366353688588408
0.0061398530220809,5.199247805222404e-06
0.0181509640426627,1.7010241002981567e-05
0.0002916248885928,5.412645830071191e-06
0.0017327817530242,1.3747676036076593e-05
0.0116942848879656,5.7818705030587616e-05
0.0176357673753417,0.00010607827319031687
0.0032968191674776,5.856146080752477e-07
0.0198588570619484,0.000113152359328371
0.0036989012601798,8.000497124730173e-08
0.0134617213394679,7.237437364426242e-05
0.0162478473787922,1.3597878135027667e-05
0.0165905941475969,2.199432375586262e-05
0.0096780099791272,1.8212401648624337e-05
0.0006683470229461,1.0198741654272336e-05
0.0111492275718954,3.782741712310798e-05
0.002156017199186,4.050611056577497e-07
0.0102343134929804,1.095151653708547e-05
0.0175483950050084,0.00012723360722945756
0.0045179454938327,1.8457174577886246e-07
0.0032201601901979,2.5418540617842177e-06
0.0102114174325738,1.9321134940960685e-05
0.0110264787627947,3.9997630447381356e-05
0.0123297018189381,2.447039225256482e-05
0.0172143871378041,3.924534634413119e-05
0.009389910068353,1.3929792542557418e-05
0.0163150962128588,6.731200737020032e-05
0.0070063410797006,1.6099131462707287e-05
0.0127969059171351,4.7803165863065025e-05
0.0084802031079465,2.1649618551895548e-05
0.0038165179055595,8.11786540011977e-08
0.0161275818676801,0.00012307186374832768
0.0151599943193809,5.345648798086614e-05
0.0198785598489204,0.00011571037033740629
0.0168831718214697,9.627543409112877e-05
0.0139126333077261,5.683227538189414e-05
0.0173571349288997,4.069517737391879e-05
0.0111246765545554,1.2158764718137697e-05
0.0073323406620435,1.4177771618756405e-05
0.0127356481947785,1.9884178759200027e-05
0.0071745212512084,5.51310501398195e-06
0.0019662701783842,8.655650139702238e-07
0.0047981321588625,1.0703211044753338e-06
0.0180791392465009,8.622559945148076e-05
0.0022928318656186,2.102755603183426e-06
0.0030951505281579,8.257053804329157e-08
0.0196281073381732,2.1562988447268793e-05
0.0040633129597534,5.049485596385273e-07
0.0005778517667215,1.0940295898253567e-05
0.0138910444492361,6.000073581851375e-05
0.0188746704464588,8.019904807325945e-05
0.0060547700819915,2.6254595968335834e-06
0.0109644023465513,1.172483707686311e-05
0.0122784434218766,3.530114212934966e-05
0.0197384497391666,2.6279405686556485e-07
0.013389257586199,3.376315483279565e-05
0.0157729117266833,3.918486211384662e-05
0.0185144708566608,7.5517996483425705e-06
0.0157580676207675,6.005537100662083e-05
0.0040708091155098,2.790518768919751e-07
0.0081677842250108,8.13961223061478e-06
0.014033063347921,5.246513695233246e-05
0.0026931888201507,3.0879576873489478e-06
0.0118795326196032,5.194948369814772e-05
0.0199583224860981,8.748342275694206e-05
0.0147087484791408,5.26609401400606e-05
0.0008077519899569,3.4195743057618664e-06
0.0146049189443933,9.041706579939183e-05
0.0117951783727652,6.134454766210355e-05
0.0154541062136179,1.9604614050790867e-05
0.0061948872190401,3.867646812742411e-06
0.0191938604971996,0.00010805748722609869
0.0198255114131169,9.144595883856968e-05
0.007700814473268,1.3527332884521064e-06
0.0010735447924582,7.680353218289486e-06
0.017454102378871,0.00010541485403819822
0.0123745888845934,2.1799448499216663e-05
0.0023263379603192,3.076381972624601e-06
0.0082102946626807,9.565809646295506e-06
0.0132421794223272,1.826434813177455e-05
0.0112091184647105,2.040414287438699e-05
0.0176614342611976,0.0001433414509172373
0.0073587668487317,1.136914918391834e-06
0.0155552934387975,1.6093127347081586e-07
0.0069646800612834,3.336938649460332e-06
0.0076203994996058,1.2184226251866874e-05
0.0019336161566347,4.6214429810685685e-06
0.0085759306593752,6.357137634774936e-06
0.0127139167531378,3.932224858484445e-05
0.0057542283924311,9.789234711328804e-07
0.0139830435522269,2.7991948185188053e-05
0.0023901608833739,9.833562640109188e-07
0.0030805336593945,2.7030456298593476e-06
0.012291628272023,9.220916584752923e-06
0.0198329519384517,0.0001996608878113752
0.0199318746215015,3.646001141411943e-05
0.0118920246726135,2.052969564559364e-05
0.0173026261887728,8.882610826849983e-05
0.0025061628295448,4.034282791126468e-07
0.0008371315465798,1.1950700002578133e-05
0.0067235070534744,9.978542884743955e-06
0.0163128274900873,6.537462689817492e-05
0.0072331281560646,1.4493570635704425e-11
0.0190907592193407,9.124658831172707e-05
0.0142816773405957,4.4548396684306254e-05
0.0150748884017309,3.509206132996376e-05
0.0154110431359305,4.1170637464310925e-05
0.0048975377177489,4.262055009164742e-07
0.0079316673367867,2.38374812010152e-06
0.0025097160821973,9.796148176655821e-09
0.0027320087980151,6.669398562810875e-07
0.0022852900813949,7.439373783043728e-06
0.0195512192036295,7.25424722417413e-05
0.0074603179637999,2.585939754543238e-06
0.0075367955984343,1.0170267343950767e-05
0.0013867674432813,5.92442376223298e-06
0.0182023257699042,5.236361327764521e-05
0.0040249577940673,2.872873730933364e-07
0.0031071864039252,2.455884813445669e-07
0.0083936148008597,7.75187999718547e-06
0.0184800685500843,0.00011261176241807981
0.0172685707738008,6.521444603648897e-05
0.0102810761922432,3.115620125625028e-06
0.0008351614579261,2.231182259267882e-06
0.0023030131607265,3.452905131279775e-06
0.00842504829384,4.857553362896194e-06
0.015493766076878,5.7871147481407595e-05
0.0119128067291714,4.9024164109265955e-05
0.0028143503764883,6.721632751189647e-07
0.0139130304850078,3.378519282602866e-05
0.0154170605038837,7.720733062193873e-05
0.0040273034255287,3.4351283059841735e-08
0.0078111141230537,1.4916397439350379e-06
0.005145247393686,1.212310868931974e-06
0.0155460141822964,2.274829899493811e-05
0.0171238597274149,8.431362123757038e-05
0.0009728577941898,4.427919660221412e-06
0.0164741585463544,5.000084026006138e-05
0.0135619295063989,6.596825812964613e-05
0.0102250650777696,3.4756042896672296e-05
0.0036982306185554,3.5592348996434127e-07
0.0196258409320098,0.00013020208530128372
0.0196690772262565,9.15778697813553e-05
0.0028353666434785,3.4656487928387374e-07
0.0159353941195582,4.562866773355028e-05
0.0155173295205486,4.4797765896252064e-05
0.0171224878158472,5.9609823969968615e-05
0.0130647937649889,6.563828764154335e-05
0.0160093331392608,9.581024203390333e-05
0.0190942289277793,4.694716282016711e-05
0.0135430149624637,5.430864784626459e-05
0.0108182060084659,1.7227936012439106e-05
0.005414819385036,1.7959519428202635e-06
0.0010530477323374,8.88304216375722e-06
0.0173512046945571,8.198389995406235e-05
0.0064808060818523,2.3589158573249268e-08
0.0053261969935941,5.4525949811506994e-06
0.0079512108653969,1.7666461780946486e-05
0.0106058213048846,1.5566937519721435e-05
0.0019085149950529,4.763471288104483e-06
0.0088844410004432,1.0757500107141995e-05
0.0114738527375566,3.979329785327262e-05
0.000885262031282,3.7531253221820717e-06
0.0003314176670247,7.842827696260106e-06
0.0134907078314237,5.722170542693432e-05
0.0066597627474903,1.3878686755365461e-05
0.0117632042788323,2.6670499664623998e-05
0.0153766973250358,3.47395952395895e-05
0.0180226739693809,0.00011696329824733914
0.016195690445828,8.598389604703787e-05
0.0141369362505706,3.72768813419884e-08
0.0015478692574206,7.39923328244048e-07
0.0102347569843443,1.795366476197318e-05
0.0004536654049569,1.3466797948228429e-05
0.0174344646842697,6.865182564050607e-05
0.0003600867285458,1.5896597259182054e-05
0.018605159277442,0.0001152479269483404
0.0039089283828151,9.871470047133672e-07
0.0147126475384093,7.77175140542146e-05
0.0048437540396133,3.2033313031198865e-06
0.0121198728064179,4.2276106872182483e-05
0.0138862955987644,2.895972770933844e-05
0.0020379853471386,3.6639951219898444e-06
0.0045300208016603,1.6120146924094032e-07
0.0166725835256409,8.98034671169142e-05
0.0060420520756243,3.3586140821847734e-07
0.0118928049163844,1.9175384854209186e-05
0.0167706174081273,6.549399207239145e-05
0.016571043575806,9.929769428104746e-05
0.0114870983434856,4.201503725448931e-05
0.0044382003898115,9.035476526474502e-07
0.0139746993275323,8.42690777062607e-05
0.0186898940980855,0.00011289971103449955
0.004936835206801,6.67177633540412e-07
0.0115836491666096,5.159899529924693e-05
0.0188627578640376,0.0001413023847126648
0.0050077560065451,3.1738380218737065e-07
0.0149775084683852,2.3091860349929625e-06
0.0150517629335712,4.3592870893960746e-05
0.0061711133724223,6.380740893005641e-07
0.0090989785503186,1.708737749914608e-05
0.0110507455338198,5.371065878717356e-05
0.0194532514195142,6.6176496456351e-05
0.004175570726768,2.249097478018369e-06
0.0032330840456206,4.33098555282784e-09
0.0151754224267062,8.87403966003241e-05
0.0030601896035157,1.77615346624534e-07
0.0125067766338455,1.5310515081133996e-05
0.0178353265436105,6.832113846272476e-05
0.0148601339748929,6.503301211522163e-05
0.0096664122975107,3.0523444292778395e-05
0.0138682016264902,2.1719751027580376e-05
0.0097233214029199,1.0970157947703397e-05
0.0137860261072975,3.0287309706915146e-05
0.0092962659177736,2.6421917413388015e-05
0.0154799101430421,7.624292934677885e-06
0.0132892382146432,3.864887678015171e-05
0.0047527176145676,2.016263232545224e-06
0.0157065639190989,2.0274150289791336e-05
0.0194788268201473,0.00012087871396001061
0.0119433639223957,3.6728949507320545e-05
0.0050304443560674,6.103765897432708e-07
0.0046421718373085,5.588490593421974e-06
0.0052927078938451,2.5717314125983715e-06
0.0117260176067218,6.160283112789705e-05
0.0154615943682154,4.2082975986721714e-06
0.0084994286855536,2.1474866643419884e-06
0.0138851375819729,7.506417817164335e-06
0.0149003219175541,8.127535144275073e-05
0.0187708086793618,7.880147916707763e-05
0.0178504667918122,5.087995926522494e-05
0.0103320545897207,1.3144332352820356e-05
0.0060861306034257,5.191880129859567e-07
0.00055815145274,7.44480690313866e-06
0.0185444333243339,0.00010223364084003198
0.0115743819399347,6.444131347304565e-07
0.0100467061633377,6.494589093799184e-06
0.008175685880618,4.264686588827914e-06
0.0040254169776257,3.0435189377992584e-07
0.0125132592865824,3.949271428608103e-06
0.0112282258507206,2.9291482469184946e-05
0.0044084121446938,3.2299484802640545e-08
0.0104036403371645,3.6010883973519e-05
0.0122748233090292,5.059242494875581e-05
0.0135087838135983,6.821744145538374e-05
0.0012350926357072,5.8030883990874455e-06
0.0025650489337686,1.7110220573345317e-06
0.0056527891162369,3.1290646519932957e-06
0.0071329159668174,1.2314737219785968e-05
0.0119660872693874,2.9554519070644433e-05
0.0101932989541433,2.3584205920436908e-05
0.0044243959095286,3.281870659283869e-07
0.0039752424595374,5.491294474570801e-08
0.0127844994451309,6.762381338973642e-05
0.0140058890835235,4.516131442452478e-05
0.0176988865338323,0.00011642373680327649
0.0184910391346918,7.746504850241806e-05
0.0035910079525223,1.2622064872221476e-06
0.0040221593055115,7.803040615679243e-07
0.0121298711559381,3.1863042945439044e-05
0.0011414104738279,7.307492363525339e-07
0.0064469098284741,1.4005702625071004e-07
0.0004608400928773,2.2490654648485253e-06
0.0161654202114238,0.00013907119062602354
0.0020867530032671,2.919759881981028e-07
0.0015716461453021,3.412420188759949e-06
0.0168109555174525,4.073743385203667e-05
0.0012375101039271,3.600750241359928e-06
0.0181158100262057,9.09924790971947e-05
0.0066523159251507,7.119340444670703e-06
0.0068174275212472,1.1783533206526579e-05
0.0153202845461593,6.146106394938047e-05
0.0012447368169576,7.930655983882874e-07
0.0154646649005517,9.862953248238099e-05
0.0004187369201864,1.9015624757208027e-05
0.0146584569015552,4.7292581102783846e-05
0.0070575929140138,2.529322270116842e-07
0.0082764595238816,3.254070727698506e-07
0.0064407348972756,1.1120766510132305e-05
0.0030884856912915,2.3645626424027337e-06
0.0029334256683229,7.647575770232396e-09
0.0104621434076667,3.3838548187519565e-05
0.0061242970051658,3.759392606631061e-07
0.0066051471529785,3.8455340224354494e-07
0.0106069445272293,2.8333553014640633e-05
0.0015218693569512,3.587919398669053e-06
0.0078184089214879,5.0343155923193535e-06
0.0197402281211578,0.00012760563163955398
0.0139700467825155,8.316902493651374e-05
0.0104248388223564,1.7684402863338818e-05
0.0147440537879538,4.524384558297125e-05
0.0015971256144677,1.359731844233972e-06
0.0170823768949083,0.0001367332704399922
0.0045278386105656,2.802951926097396e-07
0.0028904656385963,7.46850061296482e-08
0.0164090365797371,1.3426027728683375e-05
0.0097923182955823,5.80507443028445e-06
0.004220950972277,2.4926072469584007e-06
0.0120664583999604,3.308221040352255e-05
0.0048079857724853,1.5949329642586416e-06
0.0161204481744063,8.360680364283477e-05
0.0148344169249315,7.101713142151576e-05
0.0195721138229284,4.665271075828117e-05
0.0006386006143855,7.580083684308426e-06
0.0197935647850484,4.379522399450477e-05
0.0068154043130292,5.426579247309016e-07
0.0147218505722792,5.808948741294348e-08
0.0019568884476525,7.739390694073486e-06
0.0191987379336727,9.281822967449624e-05
0.0165989800441946,0.00013658311539740874
0.0105227332745226,1.6679224956160254e-05
0.0068566235475574,8.147598360507323e-06
0.0100328542500679,1.699343254835459e-05
0.0174925154612402,0.00011447376616575198
0.0183305648688727,1.5011760787752833e-05
0.0113681108789708,4.5727671896611e-05
0.0095187141618691,2.1075282518578556e-05
0.0016761092816775,3.3843479860517445e-06
0.0177808887437816,8.335673094340958e-05
0.0120497590962645,4.220624328332458e-05
0.0185641629687886,8.480864422246946e-05
0.018734661053541,7.038688404826816e-05
0.0058220119512731,6.961434615520896e-07
0.0006298936095027,8.52762250029024e-06
0.0131438332452093,5.199853698619806e-05
0.0037538506059636,5.358200298424622e-07
0.0190885665100699,0.00010030882214820747
0.0175396987768493,3.563283254448022e-05
0.0145287165307421,1.9505742260232892e-05
0.0013390008175727,2.7465313729903685e-06
0.0050413619833129,1.2390930385359554e-07
0.0019163177827002,4.341322921624203e-06
0.0077925288506117,5.437215042978679e-06
0.0111268971359117,7.201686123025389e-07
0.0189278318437834,3.009010652676415e-05
0.0007205543517014,3.5227112269027915e-06
0.0161495819311543,3.618839850956979e-05
0.0098294838442437,8.454244367827884e-06
0.0105591462988668,1.5069828163716467e-05
0.0048798760132044,1.0566033009235485e-06
0.0155338406871528,2.1895912256312123e-05
0.011468573487026,1.0722279571912373e-05
0.0061278863075574,9.566087925886605e-06
0.0199391227878939,3.5765412149523766e-05
0.0176908498271202,0.00011790956593948836
0.0134487406501205,9.266691929986752e-09
0.0108793783943704,3.668038840874974e-05
0.0164042789139668,0.00010843920510204278
0.0195851282587125,0.00011059480258902874
0.0157530339742185,5.706361522491696e-05
0.0002106166024271,1.4070120217957487e-05
0.0151475928642266,5.760253063445033e-05
0.0101918524907618,9.978103399728096e-06
0.0173982253572145,0.0001069318514032039
0.016762332632668,3.4818933517451306e-05
0.0053629462385396,4.83917944250462e-08
0.0139651110336156,5.138790001862468e-05
0.0073603082059779,8.427321095594525e-06
0.0017178587473139,3.8305642782493365e-06
0.0028662310268936,4.4047243490822074e-08
0.018674818203819,0.00014479696635076193
0.0097081917292215,4.679991027278782e-06
0.0173969820188401,0.00011184774110787509
0.0007461909260847,1.2274199755939701e-05
0.0116845746920296,6.611832971572732e-05
0.000959585831823,3.52895921821355e-06
0.0002590584540631,4.662134612115052e-06
0.0108131634258792,1.1032172636637328e-05
0.0059855156489238,4.702991456653998e-06
0.0045457195526942,2.548684860285815e-07
0.0115230732280671,1.2571911090959025e-05
0.0069500635319666,1.3282397670164088e-05
0.0003082740771469,1.1198134848246275e-05
0.012985102691408,4.01877435603954e-05
0.0100289592555103,2.1853831012930746e-05
0.0049819141159237,1.3158956801303094e-06
0.0182232683008419,0.00012560599692493606
0.0145659827737859,7.493129687785449e-05
0.0138697716881805,3.621905526738103e-05
0.0175495796818614,2.2642180911739807e-05
0.019253998936477,0.00010164230845567585
0.0164370144160078,3.443770669284465e-05
0.004743575823326,1.5870721214716955e-06
0.006713023689951,6.724526860421749e-06
0.0193528633010777,3.3764008541638e-05
0.009169404496764,1.4013932342549023e-05
0.0092763686026905,1.9063526706178943e-05
0.0145426370318717,4.8278740836410854e-05
0.000963036812736,5.574903269832177e-06
0.013871196968452,2.348100324423306e-05
0.0190132855817564,2.2818209694509448e-05
0.0079640074513513,2.2781377073997814e-05
0.0134544390709191,5.338266694102363e-05
0.0029305764081109,9.024748896960617e-07
0.0084124927732654,1.5425898714571975e-05
0.0096541418293797,1.2113105153447318e-05
0.0141131162295128,4.5332542320814286e-05
0.0136239257586278,2.765108287708727e-05
0.0047891696342667,1.1213353265005096e-06
0.0186184695522381,6.746067940269176e-05
0.0032581662311872,4.193030670318143e-07
0.0107270798976764,1.1234279112137832e-05
0.0032870776454882,8.291348355597647e-08
0.0093887642351844,7.271727536948811e-07
0.009894338012128,3.63433301815561e-06
0.0129700265771739,3.066613568465916e-05
0.0194831745543121,8.551282623573335e-05
0.0141911225161259,1.3839066510940702e-05
0.0013431857559569,2.145113861820376e-06
0.0134251922852088,3.173181438339318e-05
0.0010239488958096,3.6990106859641537e-06
0.0183349636237667,3.2145754342563394e-05
0.0053978531434518,1.1683161041743222e-07
0.0135221497576027,5.8173897198369865e-05
0.019589927090634,0.000151742158549527
0.0120196680578837,3.553007196996485e-06
0.0121301989362871,2.9898740224714817e-05
0.0195018459113783,7.451928934360116e-05
0.006200077954616,9.601846603477875e-07
0.0029101036292074,4.3913779762054095e-06
0.0034004623887781,7.723051916335176e-07
0.0085882475719276,2.8220617091078802e-05
0.0091954925410343,2.115227456323807e-07
0.0135644605212255,6.09547336841618e-05
0.0026234039717064,7.485832134554403e-08
0.0116448341905438,2.8489154979509953e-05
0.0068700730220715,3.978651317561266e-06
2.686713290536158e-05,4.184971314891021e-06
0.0192693183384382,3.440952419892257e-05
0.0027791190419485,3.7456514019637323e-06
0.0133343321370471,2.7200202888704308e-05
0.0116747939519875,3.168282929882705e-05
0.0177639587617037,6.583695553082948e-05
0.0059912634573477,7.253243078907896e-06
0.0163445098137296,8.481373152753431e-05
0.0151610032750512,6.083920939833265e-05
0.0010845085108679,2.1467955735996945e-06
0.0029749546184618,9.882007260479196e-06
0.0054003843154458,4.428216008681526e-06
0.0057363377483204,2.4230317819753617e-06
0.0090211938088986,7.118377332113942e-07
0.004928729517886,2.7784734133366496e-06
0.005658142742736,2.618705338781231e-06
0.0190411791939235,0.00015266600651967426
0.0107930209041625,1.817607180046464e-05
0.0173868696873153,4.2579462880469326e-05
0.0085135004949493,6.10187862398584e-10
0.0149574705255118,7.97098355497779e-05
0.009259476123965,1.5306697189504996e-05
0.0008913274528455,6.776102180943893e-06
0.0183673477256149,8.356263886373573e-05
0.0038865439961996,1.1970169251563962e-06
0.0065137529289263,8.49761883610585e-06
0.0127601766192427,4.6163464721703575e-05
0.0159531994659845,6.563680885156105e-05
0.0129961531712119,3.48377977061926e-05
0.0106052592402327,1.8212734022006155e-05
0.0165209891883556,9.913326637318549e-05
0.0172871351561709,5.2888167411409956e-05
0.0052344230623635,9.809208722612482e-07
0.0178962600261132,6.261774790034479e-05
0.0112543889948497,9.49074537100177e-06
0.0021873259067109,2.445353133666486e-06
0.0033161382325206,7.659025169894552e-09
0.006932707775076,8.694248272855233e-06
0.0068925800643635,1.2023493055722727e-05
0.0070804710368167,2.0124120462743356e-06
0.0127334891467026,4.009645471294364e-05
0.0034829505136496,3.6788937045355763e-09
0.0043753845882041,3.3066134319032966e-06
0.0011267990598341,2.328203330005986e-06
0.0127872370312733,2.7129373763668e-05
0.000361472002347,1.0434422499500336e-05
0.0070509420874265,1.049919424687832e-05
0.0115120338508922,3.0366748589599583e-05
0.0189830000109565,0.00011294143669666688
0.0154855633868811,8.112106581555781e-05
0.0049951102917851,1.8114981144210462e-06
0.0150133376247531,1.550155269439039e-08
0.0020765311255543,6.690897428114715e-06
0.0199471735565987,0.00011454720714429922
0.0107175027097994,5.804002793858364e-06
0.0056113843776868,6.838698583629469e-06
0.01600500041159,3.300893689472575e-05
0.017573374251744,7.729860577415674e-05
0.0064533101933588,1.2652634204612553e-05
0.0146640458941751,8.079419540517103e-05
0.0089147197646037,2.2492289971393957e-05
0.0020362047088353,4.790334763803705e-06
0.0046550903590903,4.773660300972892e-08
0.002387324648716,1.9734765493691863e-06
0.0135724107714825,2.6069498853506427e-05
0.0071415601734205,2.5555730770403884e-06
0.015559192659569,6.401972788961281e-05
0.0186664150762621,0.00011192550386324877
0.0042569958009527,7.241411976915728e-07
0.0136606639362599,6.102693050368429e-05
0.0080916596016988,4.804511902558161e-06
0.0014427662830122,9.65922448148916e-07
0.0021667088606038,2.0003018248376597e-06
0.0178541548701213,0.00010878203626440945
0.0139585317097157,3.933922326971232e-05
0.0132141187771736,3.349011883120866e-05
0.0071172805469683,3.43211534938716e-06
0.0084317490052304,1.425120630435782e-05
0.0143847008793888,5.290230254414861e-05
0.0108553621270822,5.280881180180365e-05
0.0037943675842751,1.4199613871461737e-07
0.0038044362248446,7.395981765644511e-08
0.0038771815262257,4.994138551605162e-07
0.0028063776696783,5.670950211038513e-07
0.0086629228907866,1.036430967620871e-05
0.0174248639883226,8.053769258352989e-05
0.0149961102297865,6.332457334813376e-05
0.0018932128510433,1.9759402498905156e-06
0.0122763751207806,3.189088977999521e-05
0.0093897716145805,3.407767410613134e-05
0.011412095003116,1.7035217037019852e-05
0.0055986452358806,1.8001262254934961e-07
0.0105111438986133,3.470836066312515e-05
0.0137654985589615,5.560909568060243e-05
0.0028165713776101,4.13143969542302e-07
0.011368824591975,2.9174179925783964e-05
0.0030336914733438,1.275523466279917e-06
0.006489840410093,4.993054652886514e-06
0.010064017794781,1.4214551292491324e-05
0.0036402776425083,1.901895214863845e-08
0.0036878177375244,3.397249071569721e-07
0.0153350044174028,3.1944870548726637e-05
0.0061281708307219,6.833520384897e-06
0.0073166551745476,9.454184920908565e-06
0.0195159983011305,2.888615302925428e-05
0.0046520498452569,1.1007233507096883e-08
0.0187331407512848,0.00010481054034312862
0.002374065584596,1.1455505363943787e-08
0.0097977441956444,2.9304574211699557e-05
0.0174996604841225,6.550204251528183e-05
0.0063521743774639,3.8952493395699e-09
0.0176023497457353,0.00011836347867634402
0.0144141493541355,9.427785795452687e-06
0.0038559734512089,5.3960257336329255e-08
0.0187061638357522,0.00012028765013904767
0.0190298464058069,4.760378491326641e-05
0.0181916138983591,0.00010233936127661782
0.0168213209132079,5.813118616751082e-05
0.0006679566715025,7.97578182635598e-07
0.0020145921985058,2.299424839236196e-07
0.0064318863009655,9.536984001013099e-06
0.0026607678606672,4.147189684291818e-08
0.0029186483924758,1.678895698800979e-08
0.0137168026279191,3.602074132897443e-06
0.0065256487152372,7.689000237312118e-06
0.0154499391092415,7.289456723178361e-05
0.0047878523600747,4.729818263578338e-06
0.0147519020947794,1.1139707737492238e-05
0.0069840597074572,5.119465209356025e-06
0.0033335507328413,4.232230723814145e-07
0.0008795449318557,3.1834108766901844e-06
0.0052802787091332,5.39223471143058e-06
0.013824217658177,8.001339268306697e-05
0.0104294561934073,2.8838967749690114e-05
0.0163658655106149,6.116637270128729e-05
0.0058594594361581,2.2276173834469887e-06
0.0075251037843884,8.818769988044308e-06
0.0074247264451564,1.2075556891346199e-05
0.0026057678559823,1.4814760054751698e-05
0.0112340580334354,4.637773179224e-05
0.0195137589404996,3.7306970651074875e-05
0.0123947035562726,3.693493275049328e-05
0.002125044831259,1.3190338647333756e-07
0.0022640598240636,2.4298707085819366e-07
0.0153429791530777,5.9464314219677355e-05
0.0034058822819434,3.8715161856088115e-08
0.0176589681450823,9.383287390690952e-05
0.0093746563074095,3.43336048616427e-05
0.0198991477593673,9.191278945542057e-05
0.0031660912231568,5.966145358525533e-07
0.0160914566824342,9.300740780099851e-05
0.0095800749243267,3.4505144857906987e-06
0.0104493096300125,1.5898869559646367e-05
0.0024350824561084,2.3724526243217703e-06
0.0189159309921268,6.701884025499339e-05
0.011733170496921,5.816917562321042e-05
0.0183138491597519,5.4088897056797755e-05
0.0116907625654256,3.2916910111169993e-06
0.0039986734899171,9.527092840294998e-09
0.0103284228276053,2.2187276618185747e-05
0.0073176808359823,4.190006748910396e-06
0.0072899296990208,7.027950798236879e-06
0.0118381428550085,4.4817339798852834e-05
0.001312658142396,1.0905701529108762e-05
0.0050333428081383,3.4604757807596965e-07
0.01062481018456,2.6333892285724505e-05
0.0158614860671517,7.582372788274324e-05
0.0018574406475412,1.9309756131005112e-06
0.0131880405504126,2.3802526816808588e-05
0.0185976389045479,0.0001064587520213491
0.0198963143242533,3.232509762088187e-05
0.0116812590919137,2.9474142946962653e-05
0.0130040963043078,4.782479076676745e-05
0.015231639879463,4.00234726077912e-05
0.0066542607396164,1.8718108826140857e-08
0.0023458081460731,8.980767000375019e-10
0.0097809486517363,3.846501602011607e-05
0.0083307485164277,2.4720872774811875e-06
0.0003087154682356,1.3365663071188915e-05
0.0160301703242863,0.0001041339468049802
0.014277359732954,3.16789263914564e-05
0.0136353144547863,4.808212036055519e-05
0.0121321040250125,1.9821153196585885e-05
0.0101249637654153,3.0128381697444448e-05
0.0126137745072783,3.9524055042866976e-05
0.0094761477197986,1.0310103176526853e-05
0.0078913104297316,4.025130693226123e-06
0.0149526088169115,1.484144831955742e-05
0.0128911770916472,5.456750275677312e-05
0.014273804713712,3.3566712595155453e-05
0.0186309229592959,6.882131404755647e-05
0.0068948913996409,1.3921407079362465e-05
0.0196812399790133,0.00013107043913237023
0.0075464577358893,1.601020518252649e-05
0.0045557814805087,3.4263335769771014e-07
0.0052156014251094,9.699771763009877e-07
0.010229690822024,2.2831232609355455e-05
0.0155089306845181,3.2585465788026985e-05
0.0183586205853491,0.00011100407550591116
0.0031569089182622,2.3610920726812563e-07
0.0135691903114209,5.771954600971132e-05
0.0034232788116279,1.050497116630371e-06
0.0025937706589053,1.5113522582049215e-06
0.018750432207707,9.362282029525402e-05
0.0175228410151714,0.00010231593286349962
0.0080366052001796,1.792960701071582e-05
0.0101498466797155,2.071371049736456e-05
0.0120985338776257,7.309638054569894e-07
0.0035863251893652,3.5303351689459777e-08
0.0108408934195102,1.9491727650155452e-05
0.0197959734320781,7.537997528544812e-06
0.0129221104009146,3.22285569487904e-05
0.0114844799851616,3.450251061521204e-06
0.0089766024874018,1.6441457269536337e-05
0.0130477507404277,4.49692494646667e-05
0.0148457634290617,9.777285613248204e-05
0.008192144172245,1.3529605016537541e-05
0.00161362563514,4.125686514321242e-06
0.0077305386557382,4.822248833030794e-06
0.0091492958357762,2.5179287700505906e-05
0.0106232701283778,3.094131868426473e-05
0.0104297076558492,4.0102640744935805e-05
0.0022815757055008,4.339364380963311e-06
0.0016959891626208,2.024994303282426e-06
0.0176144348430344,8.165128668943723e-05
0.0132729691443901,1.8591692343618117e-05
0.0185371342186894,6.458867249582632e-05
0.0003003771503959,8.726155300166833e-06
0.0055013984635876,8.397925289426037e-06
0.0074901524315209,5.598038756510991e-06
0.00772228172935,4.015268569163998e-06
0.0119002576713453,2.9391769355155376e-05
0.0058404875125146,4.063926300364588e-06
0.0173184954926937,1.61940514014628e-05
0.0106322285503572,2.243069900005476e-05
0.0183660040200281,1.3256451539365322e-05
0.0112157584185679,3.2764295426132545e-05
0.0084959304166074,2.1777855082672934e-05
0.001893058384089,3.515337289131645e-06
0.0024764139607315,1.980131273251476e-06
0.0162187099390609,2.495809828737504e-07
0.003108991930087,3.496689702299575e-06
0.0079263679943948,2.6701953716404957e-05
0.0022718676358083,1.4799754003278868e-06
0.0125768603113236,2.4825443536627765e-05
0.0049727506948393,5.569544850190415e-07
0.0159594733233408,9.046227455310043e-05
0.0026229245852504,2.0297792509687262e-07
0.0189330038189209,5.9202414982408734e-05
0.0031743428646887,2.7823914153646613e-10
0.0014750091789907,1.1881545030079154e-05
0.0015586989057763,1.346504992504232e-06
0.0158062757454691,6.49845033911699e-05
0.0054507112385333,2.4513400926702583e-06
0.0055451171398642,1.7275388230790702e-08
0.0114063565425888,3.104424313040144e-05
0.0169125696681873,6.802934790632874e-05
0.0033342328464258,5.698691662739683e-07
0.0081381758623912,4.591156059073731e-06
0.0173594486604205,6.901443037578177e-05
0.0122939186157978,4.29939431616141e-05
0.0190863357096871,8.259179853915235e-05
0.0078241247937767,9.796527567307115e-06
0.0111314739098579,1.749260059942379e-05
0.0145922407053883,1.5531881971820495e-05
0.0097804311151746,1.677583841910235e-05
0.0131821702283793,3.279228439823954e-05
0.0178167459221263,6.0148775090964864e-09
0.0176181118243394,0.0001222454209654484
0.0192013809798823,0.00014357395497389803
0.0011515291093585,3.96719514982653e-06
0.0051240664125943,3.9226733600443335e-07
0.0063513914144069,5.475014805601037e-06
0.0069286806696308,1.3093831598861045e-05
0.0015926101898767,2.4259010837684284e-06
0.0155183102998192,6.142029345043744e-05
0.0032035402756004,1.1952025465195627e-06
0.0170416770768929,6.064396644242001e-05
0.0146771997415823,4.934418614759622e-05
0.008751858208459,1.842124231525535e-05
0.0060548700341458,1.0482274026078241e-07
0.0055522614862507,3.985478899222824e-06
0.0044299530357248,4.6397783160157775e-07
0.0035409635211725,2.060586482605044e-08
0.0076931316256524,1.5576269440557276e-06
0.015047316522032,7.41627262734841e-05
0.0137494550894037,4.6503765335617626e-05
0.0081090321537089,8.612263722154672e-06
0.0022327669384668,4.936853664323967e-07
0.0098804578193732,1.6947474494973686e-05
0.0017517452390226,8.942646238906709e-09
0.0119945246606594,6.181979514825659e-05
0.0026977829120561,9.9859807124364e-07
0.0052649558178755,2.565930571578443e-06
0.017981132450791,7.486701049474678e-05
0.0076819049895432,7.525233565236212e-07
0.0013373362144323,4.448290210570156e-06
0.0141297687742906,3.394903514239547e-05
0.0066853369628034,3.922620855840348e-06
0.0179414681436445,1.035170941612159e-05
0.0115086411230199,5.81414757883475e-05
0.0031328632806098,6.363733036818065e-07
0.018478515307458,6.380868024725473e-05
0.0038674914065089,4.320711757481134e-07
0.007773808397588,1.8664098844263277e-06
0.0028379947453462,5.082347820196682e-06
0.0005861141391449,3.4155814112309224e-05
0.0048380318949736,2.390767715555181e-07
0.0053473443798215,6.856735743900824e-07
0.0079626532483871,1.1092916855806556e-05
0.0174045021154213,8.941660811077366e-05
0.0141126216164958,6.688899058534278e-05
0.0133553093861212,3.364189797016433e-05
0.0139459179122996,2.396294984733527e-05
0.0193368649387629,9.10972809695814e-05
0.0186653304648686,0.00013841797346021044
0.0073887696546765,1.2220842857174457e-05
0.0074017419155566,7.335561770810933e-06
0.0105079198362671,6.215200586727839e-06
0.004635946513543,2.4565787200548893e-07
0.0050090459130131,2.223303280611357e-06
0.0148538735892542,4.0749260764314686e-07
0.0063602494532914,1.4486373054574824e-05
0.00643907279524,1.3292241920451913e-06
0.0189666734838034,8.831086708547417e-05
0.0055924990505567,1.280256963839021e-06
0.0008543561727769,2.6352516299860914e-06
0.0021946355473776,7.059990478433247e-06
0.0198048703581046,0.00011196559010534517
0.0144446071938531,4.803255527807193e-05
0.0139077060557136,4.11801646058295e-05
0.0151994884570963,7.06214895480314e-05
0.0077808178849753,1.1057362431377559e-05
0.0141707640600943,1.7254098748520165e-06
0.0118760266038454,3.763119040558835e-05
0.0176202352372553,5.748926628082415e-05
0.011501065736836,6.082065339712633e-06
0.0152318720083966,4.9742561882179516e-05
0.0154473778526939,1.904579132506659e-05
0.0034365486593188,3.5644114505493703e-07
0.0023839330792208,4.336559934757502e-06
0.0074691519582414,4.366215773709706e-06
0.0037200581798582,4.4769505200221126e-08
0.0165925345411996,8.243662537658786e-05
0.0036914346446409,4.938679711191766e-07
0.0153311877447222,6.962521460381762e-05
0.016041603720955,5.422587682513929e-05
0.0095286890122601,2.90030604782751e-06
0.0156677445612125,5.486766295992601e-05
0.0100398403440459,2.5732690005944834e-05
0.0066249138567383,2.9989683350782146e-06
0.0152624251501778,4.513909040102142e-05
0.0136953145423818,6.281029062101434e-05
0.013887816195472,2.9361060896196135e-05
0.0056595342087682,2.318234989767886e-06
0.0016501209018819,7.547228623785691e-07
0.0045521259377184,7.04409239227291e-07
0.0064473610842349,5.052399177914808e-06
0.0093498126757579,7.135678906624241e-06
0.0048384717930262,2.815301911269644e-06
0.0103237756331399,1.735771466128744e-06
0.0166260514585456,0.00010322182246673105
0.006021779295009,4.465459005711706e-06
0.003626290632059,1.0618134480166951e-07
0.0198309333486618,4.033764056331989e-05
0.0074477789309152,3.32360197424757e-06
0.0010571798514931,9.10951552565489e-06
0.0173619471504054,2.3268246697256232e-05
0.0108484471550501,9.503013537175548e-06
0.0044636947732783,3.835349689982285e-06
0.0121261297882496,3.9370386233100763e-05
0.0141377733956576,3.3146962161536694e-05
0.0119522202723863,5.019119386965113e-05
0.0011144696042941,1.920232446945963e-06
0.0167705564537195,1.5514201049473616e-05
0.0154386662713112,6.881062894339121e-05
0.0049228073521455,1.5405696615534767e-07
0.017833065964995,2.8794587176620455e-05
0.0018978819057941,1.5072563991569078e-06
0.0035224107870392,1.895241194055184e-07
0.0009277837498338,5.498914432752772e-07
1.9927995760993244e-05,8.502131689934943e-06
0.0166601486969559,3.939690610881909e-05
0.0084785942604684,1.3961007295131793e-05
0.0067025828624196,9.629528981182303e-06
0.0045320546859578,5.830179824561037e-07
0.017354310447047,0.00011505417154504693
0.0074850407161756,3.478291939492204e-06
0.0084029856665197,1.233199620298473e-06
0.0150110156317923,4.8764111895753327e-05
0.0015021960430954,1.4064609110369998e-05
0.0123787624780909,1.128482198411342e-05
0.0166694749518322,8.44171031268077e-05
0.0102249989068297,9.476779622045207e-06
0.0086177564022014,2.0566916031009563e-05
0.0063454839720083,1.2289474494753297e-09
0.0094847276497532,9.446581270742616e-06
0.016519702511858,7.324435310384099e-05
0.013434221370085,4.5531777701180176e-05
0.0105184940927246,3.427289143738269e-05
0.0016518942136323,5.7514568314547065e-06
0.0026348210312387,1.3679449075515317e-08
0.0199241143222913,0.0001263647294955696
0.0113233863769306,1.4983223788012817e-05
0.0160076677459629,9.034046309053229e-05
0.0188472463054056,1.0335783595099078e-07
0.0022644049366819,6.1871786825099835e-06
0.0189447884824343,4.7478562887843224e-05
0.0191130202413385,0.00013691855843007338
0.0040697772247044,6.65602869704612e-07
0.0143268919433354,6.18569818576686e-05
0.0185766379932567,8.620714916072964e-05
0.0028221590011531,1.1349202536955159e-07
0.0129990169329683,6.832401134251947e-05
0.0182504532095065,7.167518449551134e-05
0.0114900652361685,1.933738319586778e-05
0.0182303880794169,9.663076795122353e-05
0.0041708937950824,6.959192356376805e-10
0.0155866350148642,8.147139468649427e-05
0.0012020783909608,2.900467783257505e-06
0.0138542079874988,7.480212432102714e-05
0.0065389749606636,1.4601152780268524e-06
0.0020418536253368,3.82811085558771e-06
0.0018188035888286,2.4415893661008852e-06
0.010218531375837,9.263126247734798e-06
0.0017715211419374,4.326149777496077e-06
0.0195351232778796,8.693565840811157e-05
0.0110591097496611,1.4443965702623068e-05
0.0089221246603188,7.407373508230934e-06
0.0017350892126088,2.952874374040645e-06
0.0015852103945745,1.5981925403056887e-06
0.0138391298466719,1.8054693625329418e-05
0.0022221916799819,4.845793342330682e-06
0.0022081464476207,1.2165808265332747e-05
0.0020960220071923,7.274260159945133e-06
0.0179098864701409,8.547570780055016e-05
0.0143334788279528,7.38358990276064e-05
0.0077220874950297,7.139352424337499e-07
0.0198796347018753,8.203674830264854e-05
0.0044877917805077,2.3011156086736425e-06
0.0113373506649182,9.121127203951363e-06
0.0020335627297461,3.0387954243740887e-06
0.0098057751741276,7.092920447109617e-06
0.0077216986130098,6.587782103650492e-06
0.0198417744044061,0.00012830910256436597
0.0089124479446184,2.6113933618559485e-05
0.0199237507559611,0.00013561678233938904
0.0166087493257451,5.7477958251246065e-05
0.0062870968302384,8.768985521827169e-06
0.0186587736443308,9.038955024024913e-05
0.0185094948587301,5.587599586830137e-05
0.0195220332306848,0.0001624492694920649
0.0120684514035047,3.199503237435414e-05
0.0118339006185555,1.2992471481132871e-05
0.0105435171451828,5.102128209127536e-06
0.0008412594863312,1.593360027007045e-06
0.0116606197353599,1.70704177978402e-05
0.0164896939151245,5.593900620650172e-05
0.0097188112219229,1.1895051973153968e-05
0.018928640136939,0.00010613798387138573
0.0019636217664436,1.103813240942512e-06
0.0117630590155827,4.287043738779435e-05
0.0197481307583052,1.5551567291197146e-05
0.0050189962921713,2.314479920710614e-06
0.0148855427989945,1.395808863287904e-05
0.0153042470480693,6.71977395079386e-05
0.0165564202221964,8.79336431008168e-06
0.0148330035230118,3.9709115335170636e-05
0.0009575095625938,9.165579423186214e-07
0.0199758704944069,7.112921533503475e-05
0.0168059781059953,6.445799889962397e-05
0.0178958127304034,0.00010613412711930145
0.0054540440323426,3.686128461959639e-07
0.0001261328818317,1.8653104645832543e-05
0.0121170279811217,1.5588571936594395e-05
0.0101896292226048,3.695206723031939e-05
0.0048428065263386,1.4665249209455976e-06
0.0197288354056775,5.266493163896263e-05
0.0022777253171727,3.008904995535914e-06
0.0093272210621574,3.0234725505436867e-05
0.0104839816830385,2.506922012364998e-06
0.0096882983679265,7.475527601797941e-06
0.0140368066228432,3.558779578279804e-05
0.0045019390615826,1.2790986477689778e-08
0.007379597227126,1.6587580253570526e-05
0.0171502931195508,2.384013004996904e-05
0.0096525710394051,1.0607673559725434e-05
0.0090791514915659,3.851289230984388e-06
0.0113953361120354,3.727058886653387e-05
0.0118768153170513,1.3390155359049366e-05
0.0058045928349261,2.72445760481338e-07
0.0067654029660273,3.546487903400019e-06
0.0028451289885917,4.1449036668426006e-08
0.0194925721872895,2.699062066288344e-05
0.0039013659244125,3.9258927692287526e-08
0.0153506611449727,8.827410054384314e-05
0.0123333841494577,3.649222423152715e-05
0.0045902491182837,4.064912132266743e-07
0.014997323057744,3.3083811685889916e-05
0.0189220954260132,5.8167483198796385e-05
0.0142465276260759,4.4585039038208214e-05
0.0087151249858091,2.670410851941955e-05
1.4289252286263654e-05,1.4121683839450279e-05
0.0069148955686406,8.37841260716733e-06
0.0119649941225994,4.509922106748362e-05
0.0171393974656655,7.96934346662145e-05
0.0062698973666302,3.30078555243219e-06
0.010341149862679,4.0498091452207194e-05
0.0192550371914277,4.6151182583363073e-05
0.0113562454071252,1.557858240112269e-05
0.013878628196107,6.415252162315638e-05
0.005653531423708,3.2901701929676624e-06
0.0083682534153662,7.300322578800307e-07
0.0123735735104799,3.0025206701811752e-05
0.0050196929797231,1.437748444991274e-07
0.0186491925326459,0.00016197934555778362
0.0162057457920869,2.2151099744750296e-05
0.0170539450720422,0.00012096500764595919
0.0014954441284049,8.179064913005201e-07
0.0138399265047787,5.609009278851049e-05
0.0048248603886708,5.156113740981822e-06
0.0036161864751338,1.1729195193782056e-07
0.0057933039428106,1.8476179544757253e-06
0.0025311113160902,5.308159610599979e-06
0.017979681578927,0.00010513502239817209
0.0186142199528026,3.1534428837852165e-05
0.0120106928594943,4.3970713390790256e-05
0.0098405838224103,1.549723280966686e-05
0.0034496950472577,3.608069760356759e-08
0.0039836561679421,2.9106388909611216e-08
0.0044082719002193,5.333377591261882e-07
0.0113400571544429,4.4585077523906674e-05
0.004415405309134,5.233035812800922e-08
0.0128976128703448,3.992287914304732e-05
0.0172579182362935,4.078414007712876e-05
0.0162996014196617,0.00011182236147244678
0.0056502584788429,2.051305695639188e-06
0.0173054072982249,0.00011248361711315181
0.0050917815942415,1.2035500031437278e-07
0.0104186592881278,2.7354731342419475e-05
0.0060558424014916,1.630204207212034e-08
0.0018547842636697,6.179057901478905e-07
0.009757721221453,4.587724716727205e-06
0.0135724039808212,5.992889689286546e-05
0.0088532901826076,2.027368782039192e-05
0.0070098402228179,2.1585257592976683e-06
0.002511860865446,3.508098025419141e-07
0.0098448970210287,6.12943658032026e-06
0.0013249926593742,8.236752618558985e-06
0.013131887017492,4.915717542677743e-05
0.0127096802691091,1.848257951015039e-05
0.0081495191815494,8.148552615667913e-07
0.0163803910343276,8.792900865025464e-05
0.0119649336067612,4.7199162477957405e-05
0.0031902008960291,4.5489782226959626e-07
0.0029595643313111,2.0954608429730653e-07
0.0176861262308244,4.231743468591003e-05
0.0187450264814336,3.844182023764742e-05
0.0026682458689903,7.338259855995592e-08
0.0033307527995705,1.772298479719952e-07
0.008828864961399,1.798597429336263e-05
0.0084282583153722,5.254816799748833e-06
0.0062547770102751,5.51128203608564e-06
0.0192449316949926,2.2933258502932492e-05
0.0015381437553484,4.99319882581505e-06
0.0078149528447216,1.3518823420113587e-06
0.0102375755785649,4.81737133464764e-05
0.012131175804329,6.541027493344335e-05
0.008096811409382,1.7953391835285636e-05
0.0162208206622539,8.303445160078488e-05
0.0081159067516872,4.613670270847987e-06
0.0008954580900752,3.4459318062401473e-06
0.0169778105107666,6.552919327300283e-05
0.0157149519410669,3.863675700468731e-05
0.0047855433307292,5.231049422450531e-06
0.0126377899828377,4.829640279628217e-05
0.0110005850528639,9.41967337949317e-06
0.0126396535248155,5.83941446182287e-05
0.0027073366146651,6.012632738285031e-09
0.0109891813678948,3.035297465472083e-05
0.0022376113442177,1.8222431125643885e-07
0.0165120724194354,1.658433976340231e-05
0.0061408693131072,3.6580979141130035e-06
0.0148104256798629,4.1140619676127166e-05
0.0127880498032438,5.741452028899163e-06
0.0075658120956103,1.7694280367965466e-07
0.0009077753914971,7.513696256039666e-06
0.0183344754769027,3.162974392714861e-05
0.009941229616323,1.0278921101712677e-05
0.0107040314165593,3.376621626727949e-05
0.0167815571444029,4.028376375663682e-05
0.0105064320883362,2.4616717858212933e-05
0.0120628986199176,3.5729114673332946e-05
0.0182195073924215,0.00012419926460992798
0.0126135127573093,2.3021554028285656e-05
0.0144571392974132,5.723537895445829e-05
0.0106001426922126,2.060611780434645e-05
0.0046960496879184,1.1556492569200219e-08
0.0178044035049905,5.119996836845267e-05
0.0077713539336243,1.4836929961742002e-05
0.0018498993507973,4.353740237865303e-06
0.0107832605715097,1.3490389588818875e-05
0.0070204391271267,3.5467614883995058e-06
0.0089579882057557,1.6433290583716272e-05
0.0154132587362807,4.1520181781873275e-05
0.0059831502228268,6.052652768770572e-06
0.0083937681947289,1.2723518137078454e-05
0.0133272695693386,3.130319890402819e-05
0.012245124599778,4.947329015125395e-05
0.0122056204455852,3.1345643065330504e-05
0.0078558752149985,5.706302316630823e-06
0.0010035718151681,1.0349753914400224e-06
0.002285746775515,7.393721046786568e-06
0.0177644942039312,0.00010831015104213674
0.0028211857051658,4.797555650207942e-06
0.0080964716489572,1.2578625784282463e-05
0.0184011010586841,3.8075693411488993e-07
0.0013015049878621,6.126970728050534e-06
0.0088169001760435,6.585330856648433e-06
0.0074588717557089,5.6318813877962116e-06
0.0013837960735309,3.1555135913231977e-06
0.0080562062731856,6.3280333773526415e-06
0.0054959899617985,3.396507755396739e-06
0.0009097386647074,3.017171421726942e-06
0.016582770580967,5.811560149028906e-05
0.000674464947993,1.6226259133270507e-06
0.0190032932555294,6.611432393812482e-06
0.0138603815050929,3.13245880491594e-05
0.0050491729846079,8.713921997726731e-07
0.006335111090328,4.056973334937758e-06
0.0145510320315375,5.897922382528273e-05
0.0059213774725602,4.885016845228471e-06
0.0193331225867512,4.6080241627836553e-05
0.0077999987982094,1.2172569994147227e-05
0.0067748414744659,5.025049627055078e-07
0.0193679714548595,6.437796140395339e-06
0.0023407493867453,1.7239524161573687e-06
0.0199916297396532,5.20171145286008e-06
0.015506781758864,7.832871454345587e-05
0.0108558780437083,3.228721161570006e-05
0.0027248249474463,2.591918628143961e-07
0.0102678817771994,1.8089352809659338e-05
0.0120387692891653,1.4962380224807374e-05
0.0055266768092707,5.928251830543276e-07
0.0102024323348658,4.5280883278624355e-05
0.0106738048738258,3.864464258223099e-05
0.004899273761134,6.888875248552691e-07
0.0020779794710542,1.8135264605869074e-07
0.0070410604191523,6.765000299076867e-06
0.0197810232869668,9.937885868556414e-05
0.0117004844322436,1.234549326282103e-06
0.0144250109839728,9.090179199598351e-05
0.0122062093665272,5.0625960816950135e-05
0.0097856828024018,2.264849816536733e-05
0.0076756544008035,1.0146645301657782e-05
0.0057844880956874,1.0132826421093624e-05
0.0031723172036862,4.7279819299093993e-07
0.005632845463293,5.171691688962284e-06
0.0120197671329408,5.07183792453612e-05
0.0033739876227698,1.1775056035545176e-07
0.0037252505666998,5.529221482613928e-07
0.0041996768705063,4.298233436374792e-07
0.0082158349193229,1.8687442596956415e-05
0.0070869643364247,1.3835018335782839e-05
0.0064575421356961,7.233735554465319e-06
0.0027825609193457,3.0914345508658035e-06
0.0164597898294345,3.771321031375863e-05
0.0069203439610002,3.329927897630048e-06
0.0064217420442644,2.2318808086499407e-06
0.014049767057501,5.1953840049928106e-05
0.0181871573708272,9.114674427354222e-05
0.0046485890796693,1.2175065403583555e-06
0.0130735461308662,6.709715715122808e-05
0.0179617652151299,3.0903006435794e-05
0.0166972922224433,3.891510371903289e-06
0.0049146279013435,1.8659946258696185e-07
0.0088363133882347,9.226550323325484e-06
0.0130956159008552,4.367786281483033e-05
0.0066986716752345,9.850199661000383e-06
0.0064483752311868,4.951462715909897e-06
0.0129912911857837,3.98189829522466e-05
0.0025964416164924,2.220596290633756e-07
0.003891183346768,8.975849652202802e-06
0.0125278284898803,3.474546217792904e-05
0.0104058008540474,4.071234762105422e-05
0.0034258879816331,1.2398496227468063e-06
0.0004798218718532,5.625337297132465e-06
0.0021268898023974,3.2139907760216064e-07
0.0140019108041296,6.507790072805562e-05
0.0069960859226963,1.312014847966304e-05
0.0119194310716167,1.3146365092647494e-08
0.0093067485028312,3.7373068527677174e-05
0.0198644164440184,0.00015933766495633298
0.0091662120104552,2.1956156632246972e-05
0.0166057478287027,6.547694776660367e-08
0.0034083472787015,5.555702681677636e-08
0.0011142299182011,3.23921953114148e-06
0.0132180805299212,6.829895992569837e-05
0.0016355205543368,8.604089265869115e-06
0.0062274908766897,1.7745770782489902e-06
0.0032477643083426,2.233191961581808e-06
0.0020453090811902,1.8514223644585157e-06
0.0198988360119186,9.297214762938896e-05
0.0144575864319671,7.305191515636302e-05
0.0072826655939576,3.952428732687157e-06
0.0056498768536095,1.9881265426429463e-06
0.0178415349370007,1.8297098784688215e-05
0.011001315415015,3.7792484707921485e-05
0.0110674413456989,4.1173871153033425e-06
0.0058317304327245,1.283258817761738e-06
0.0017399923818521,4.0825869765291464e-06
0.0012722407596086,3.4934679416283783e-06
0.0035729636754676,5.416843248084769e-07
0.0079487858721588,8.708971114349355e-06
0.0020057673926943,1.109201348128459e-06
0.0046307215823431,1.0476014454374878e-06
0.0010436645549517,7.783159557584674e-06
0.019527458538226,0.00013297607445138872
0.0184979655365473,0.00014336664314001276
0.0131670271136899,6.027744273635986e-05
0.0100183744829162,1.4814076263802333e-05
0.0075233050151526,5.698055848567893e-06
0.0154021714364132,1.0140321431710136e-05
0.0161741722074557,3.629202551035927e-05
0.0045155754757801,2.1413425237204734e-06
0.0066136103024313,6.414166286560407e-06
0.0115871123768186,3.400885505799856e-05
0.0010343913118511,7.97254798716354e-06
0.0092613596689148,4.241706881435677e-06
0.0179461203459807,7.835006191114542e-05
0.0044660131521568,1.5884166258556602e-06
0.0069310955109879,6.871941582786491e-07
0.0083125699008978,1.4984270735718558e-09
0.0144626591496402,2.7155640824403995e-05
0.0179129566686892,7.883568361615462e-05
2.33506584684573e-05,9.756030203240294e-06
0.0049780614846289,4.366830632934517e-06
0.0129584440771292,2.6345467051502365e-05
0.0033531805150009,2.2453472657985592e-07
0.0106294703550472,4.002696189011422e-05
0.0162441013771607,0.00010228342110641494
0.0061118938040195,2.484255649211595e-06
0.0038130496112977,2.2469833014020892e-06
0.0106674699658964,3.654573327665927e-05
0.0192583437381104,0.00012227108497511646
0.0035283370526279,2.085299382722348e-06
0.0182842786564363,0.00011643676072318667
0.0169660001582655,0.00015017426017741712
0.0117924245843416,6.141162525682518e-05
0.016249996607806,6.989669074429028e-05
0.0029383797076486,1.2228329893325374e-06
0.0001312948912667,1.6613290177439157e-05
0.0032219640421357,4.206213225646118e-08
0.0052485005936295,2.194447421640055e-07
0.017115963792862,2.5922288142397593e-05
0.0054035931030693,4.38365869379528e-07
0.0191093640221705,0.00014409512220048165
0.0047017538040529,2.984259308498343e-07
0.0019414156905453,2.174545638309914e-06
0.0145018087852294,5.947388345266071e-05
0.0057551868670144,1.1793920253134408e-06
0.0155187588965647,4.607481967251637e-05
0.0033593232128839,9.98202422010672e-10
0.0188142720713902,0.0001024181615889409
0.0033934139965039,1.9524460280457227e-06
0.0171635478416947,4.69451204520597e-05
0.0143117332495481,5.908440170170814e-05
0.0064225410674546,1.6653148613101686e-06
0.0181416935238242,7.862556096469933e-05
0.0098313799683647,3.868488631798469e-05
0.0178877685352107,0.00011324557761699103
0.0078524366138162,1.8795108179225816e-05
0.0034094039401787,5.799510198493596e-08
0.0152852295744156,7.204217067421655e-05
1.575832140976452e-06,3.347163267869945e-06
0.0076725539711689,2.452714289991946e-05
0.0002753283080118,8.503834465104874e-06
0.0013250259689977,3.896156067301064e-06
0.0080506419363216,1.5770229173080005e-05
0.0079387192816527,1.1331554457708316e-05
0.0072570351352426,5.721437665251088e-06
0.0026832641132538,5.4481871738362635e-06
0.012213830087287,2.522841470421046e-05
0.0195179021605635,9.526166612983662e-05
0.0087851642241859,3.2374845193823237e-07
0.0085235865759578,1.5252746229332654e-05
0.0169256038414153,1.9904638153112044e-05
0.0184150921147548,0.00014910927575307952
0.0153860722661544,6.095583479936587e-05
0.0018275761699631,9.196776427833353e-07
0.0093514055639943,2.898815084586552e-05
0.016249432689894,5.795321705572626e-05
0.0043731644714976,2.8143286745119234e-06
0.0166670728280767,5.6030936117082584e-05
0.0026037764664902,1.5815283352175104e-07
0.0054544987939668,8.746149444461466e-07
0.0133402666531607,4.5419312767585905e-05
0.0193403588895966,0.00014418024142137897
0.0125993290895547,1.9760063373208557e-05
0.0067151760991954,5.1014639045639805e-06
0.0191425529648553,5.383499891983914e-05
0.0191659884334666,0.0001336777853957898
0.0037072808660801,5.149736163522839e-07
0.0040944141527893,2.892486614037889e-06
0.0037210499581281,1.978019768231535e-07
0.0074784012135873,5.469448670619194e-06
0.010910288716863,2.7610199844296806e-05
0.0047842661853995,2.3840879206852285e-06
0.0056347331612502,4.3158164616017435e-07
0.0013727439641984,1.763749733927173e-06
0.0094256101417478,2.2794244942186524e-05
8.208181130073822e-06,8.598407224356405e-06
0.0142615828493291,6.551822071855184e-05
0.0174826267843827,8.375757657705691e-05
0.0063865134701732,7.528575437578563e-06
0.0094824933290876,3.02556631915353e-06
0.0045975868635136,1.2370383487651284e-06
0.0150469274882975,5.106681067703332e-05
0.007152953674855,1.21446490268702e-05
0.0163760442023874,5.952909156061505e-05
0.0079621703582996,6.916300047574247e-07
0.0059940272701371,2.526418898903543e-06
0.0179015414250792,1.7056453894563933e-05
0.0053502922086489,3.171665350720532e-07
0.0096488562561552,2.322613762273891e-05
0.0079253607337912,8.16618197557999e-06
0.0081732703058693,6.360682383850673e-07
0.0014647619592968,1.159201167303655e-06
0.0020393135460288,9.781123423934203e-06
0.0193015729488628,2.2856593910182464e-05
0.0101203688722412,2.6533877483457618e-05
0.0091666327739599,1.2275549963615257e-05
0.0189685584596995,0.00010859916287903637
0.0056934853811364,1.2729904404675793e-06
0.0051747007640495,1.5501782107732176e-06
0.0137372761047972,3.417564193782994e-05
0.0123290609543736,1.137625713474873e-05
0.0059481289487677,1.1822110259894066e-07
0.0156031407235085,8.639845157191725e-06
0.0062725451610464,1.0506115998786234e-05
0.001913828629862,1.3219827483382852e-07
0.0032607248503743,5.2632902149103015e-09
0.0067046533903272,6.854931821165877e-06
0.0170811938575431,9.323614528520787e-05
0.0005389714558179,3.0291859724615657e-06
0.0079069176431015,5.119556508182803e-06
0.0138419348677132,2.0216722310369737e-05
0.0053837965891793,3.302933209669436e-06
0.0151889903282433,6.110476596047292e-05
0.0012356824594894,6.714381267768329e-07
0.0141884507413048,4.882198037008374e-05
0.0043942158563758,1.4032593946010502e-08
0.0051752398059295,3.4235417882347834e-06
0.0010716481484532,2.272585769139367e-06
0.0033078709321907,3.005576611704258e-06
0.0077073509160035,1.0983110258482785e-06
0.0138648324133811,7.535630350308168e-05
0.0164130153115759,9.615984922844378e-05
0.0193905464987186,0.00017065531081208993
0.0007339764335938,5.113732177157157e-06
0.0193686549195946,0.00012027638162267791
0.0060566220362353,3.433872327521976e-06
0.017797560098325,4.890122927748083e-05
0.0145214178223964,6.764513520913726e-05
0.0090567234152605,1.0123255532812806e-05
0.0137928776305973,4.875880229357728e-05
0.0056630425302205,1.216880712155315e-05
0.0117068194988659,1.538602025831017e-05
0.0007427281741995,6.2183525445738736e-06
0.0019001245832306,1.312074247259936e-06
0.0074482544834041,1.688181803128588e-05
0.0123918852027617,6.667067627028406e-05
0.000143405166327,1.0897710013493392e-05
0.0029237879734315,4.013231185615164e-07
0.0143584747434389,5.8531981928974775e-05
0.0121509111121936,1.377025989794528e-05
0.0140258947279319,1.1016581225130028e-05
0.0167392439026466,1.8939294921783578e-05
0.0073456034135953,1.0929553715461765e-05
0.0119808571033757,3.0825875200303435e-05
0.0083645643757883,5.162872306338827e-07
0.0111327154539615,3.649003917786041e-05
0.0112015963843001,1.8865731103803645e-07
0.0079034358343516,2.1291802824219948e-05
7.734008898117483e-05,4.815799711863197e-06
0.0042337747581767,3.859335376037881e-07
0.0149722106484214,6.26445968809241e-05
0.0009569757094012,1.2489455439826507e-06
0.0057752176530036,5.801394020845043e-06
0.0135517345676369,3.2747300493893884e-05
0.0101464153798056,1.8680194344672768e-05
0.0082832553664484,1.2277905833434517e-06
0.003769606326807,4.615103538789653e-08
0.0142225629873851,5.201283235969005e-05
0.0166514680923208,9.754832625976674e-05
0.0045324944028835,1.222875996576609e-07
0.0114714488678622,2.5549517886206188e-05
0.0046608426728329,3.219617207889765e-06
0.0047883570575894,1.0175806511210084e-06
0.0157507940740639,6.309048041001203e-05
0.01983010142642,0.00013216386752258185
0.002513311485713,8.176361398248571e-07
0.0030659812167509,3.213394410181822e-07
0.009899500681354,6.462896632252112e-06
0.003911333773289,1.0723938238315668e-06
0.005864840084121,4.596081561633128e-06
0.0127634152285567,3.073892121430398e-05
0.0003651157189541,5.272392254853696e-06
0.0115273228641923,2.50068182865638e-05
0.0085096933275739,3.2266373638959954e-05
0.0032193260500094,1.8435445287125325e-06
0.0014295720451278,4.348595059712497e-06
0.0128682327811573,2.2555679698871476e-05
0.0194801222070332,0.00011859486854578186
0.0092249320097884,1.4602772788765961e-05
0.0189090640522648,0.00010343734075457753
0.0162630953349451,0.00010231323628686897
0.0122428003739329,3.9675219374143236e-05
0.00125447833138,3.5067056080219185e-06
0.0156757115069577,8.379978960553828e-05
0.0036759750586074,1.0920886665160579e-06
0.0141920069319494,5.834353064242721e-05
0.0170011651387009,7.883684625619233e-05
0.0135131015963949,1.5199063667500472e-05
0.0161810781634898,0.00010330456705341762
0.0082103031693491,6.29714756959631e-06
0.0119615125284268,1.0404116658597429e-08
0.0114760214877446,2.902485688376059e-05
0.0178767230432074,7.156802891668491e-05
0.0139760593021595,5.7638661688868844e-05
0.0092521731298046,1.0145910161647393e-05
0.0152624769895169,6.732367122736783e-05
0.0032246433449426,2.253177407007196e-06
0.0116592159534811,2.79806027001108e-05
0.0088699721621436,1.0405128993250414e-05
0.0062258456042941,6.834451306147982e-07
0.0141377447613421,2.4125518838851656e-06
0.0180184681971202,2.6385622597163243e-05
0.0052377473683826,3.0391826974447654e-06
0.0085194287956946,2.145656189539124e-05
0.0153050944616021,9.659539438885602e-05
0.0144428286635499,4.294516593900107e-05
0.0089953428504611,1.4476807412356409e-05
0.0094032510894268,3.3686751521011447e-06
0.0173979634565016,4.283648588573541e-05
0.0150109877863065,5.804848686096475e-06
0.0116443181235259,5.047724305362844e-05
0.0104301683093824,2.4747279735384228e-06
0.0120284973600074,3.807586066248426e-05
0.0173386479837687,0.00011963725536058135
0.0100402413078329,2.2298885869532307e-05
0.0031209648168316,7.626779840618742e-06
0.0119617126149366,1.734497856898323e-05
0.0070134200166506,5.463666296746154e-06
0.0140386680496854,1.354458069248685e-05
0.018178418536547,0.00010236224911577288
0.003739902970176,2.5824913610976986e-06
0.0060936186222202,3.982596139015983e-08
0.0066766304715282,7.537901692335458e-06
0.0101499642420713,2.2922707917800472e-05
0.0133614125321366,2.3658280660447617e-05
0.0091934145354089,1.660891751681999e-05
0.0188137869632264,0.0001590558265298059
0.014092266093365,3.096794225557707e-05
0.0083931341117124,1.590875530382744e-05
0.0166341374295368,7.05761437951331e-05
0.0029468705092875,1.4013798226992809e-06
0.0081419178513131,3.5708457114624437e-06
0.0156150091988592,2.489172401381014e-05
0.0084039647802795,8.363977065834169e-06
0.0125043562016417,3.0641104176617176e-05
0.005288740408647,2.633591805210135e-06
0.0108723785888119,1.0985372163034772e-05
0.0022781977648176,7.689014597131661e-07
0.0026721057700687,9.60845039496034e-06
0.0153908417038149,5.0882492614387695e-05
0.0011638401356638,7.927803648557878e-06
0.0088035564733395,2.525833917862146e-05
0.0117648273911671,1.341423910558e-05
0.0123011066124348,5.2739883996592464e-05
0.00027715895321,6.252739692589079e-06
0.0111120890967892,8.309933834502184e-06
0.0012535285487792,4.552458256145958e-06
0.005952470010677,8.11291061137911e-06
0.0163495313077661,6.175591164898031e-05
0.0062618817000452,4.545736573391547e-06
0.0097567296941396,1.5050341995240714e-05
9.672950015048532e-05,1.6010292352430355e-05
0.0179443205488954,3.8959122723467115e-05
0.002282435181853,4.80598939441833e-07
0.011762034234205,2.0646808158123235e-05
0.0050132756655167,4.029929286765479e-06
0.0063666371664992,1.5010594052021352e-06
0.016311134672317,0.00011498019074321537
0.0118310233966951,2.786422804473179e-05
0.0157754683484135,0.00011491810658892799
0.0119066614641535,2.6917303922230657e-05
0.0047613823978203,2.644328005998658e-07
0.0025897085049478,1.959749962274204e-06
0.0134512020605373,2.570107725317225e-05
0.018444123498649,9.131688569339232e-05
0.0091186283926555,2.226734383609133e-05
0.0108872828541858,2.538229927440711e-05
0.003685707974534,9.086470802923829e-08
0.0158795109044617,8.149872726780888e-05
0.0152353229167625,5.215616701649603e-05
0.0015820558996734,1.7215215203572998e-06
0.0188200208365256,3.711023211726404e-05
0.0085242835521998,1.4917895353926295e-06
0.0062735754802354,4.100682277913004e-06
0.0099921545419332,1.3043757296831217e-05
0.0143896310870056,2.9028414237009078e-05
0.0083558766125566,1.2528630596085416e-05
0.0014891516112739,4.372415288417198e-06
0.0031119394794993,5.1095121975387096e-08
0.0039136909157722,7.061379340254311e-07
0.0037495924520279,1.0016602400240446e-05
0.0103685336790095,4.5557360395935294e-05
0.0057323416248165,4.829790301687839e-06
0.0041717978464333,2.3750193722667273e-07
0.0180961696384606,0.00010588751793504515
0.0037331348886167,1.012115939747642e-06
0.0155475455426056,9.203622007953225e-05
0.0077315841633895,8.91682558869913e-06
0.0012387708981735,4.384814535543044e-06
0.0064162233703189,3.0793107243111265e-06
0.0057664408165581,1.4373951638338123e-07
0.0009737244697702,1.334057119781959e-05
0.0185980609730384,8.461669843705886e-05
0.0145889238905936,3.826266497497315e-05
0.0112844146099033,3.9792491334033044e-05
0.0094819818454555,3.435142363492684e-05
0.0054131543391424,3.166582919240309e-07
0.005070872239762,1.2979073184439323e-07
0.0162276232219281,1.0027219296797568e-05
0.009963328263463,7.999298074099687e-06
0.0193183199986122,0.00010360237407248026
0.0079854450864253,2.0085848928002207e-05
0.0162328733560358,2.62545164559431e-05
0.0013332214631041,3.970207562313326e-06
0.0028604296013368,6.715954496984422e-08
0.0048295439243322,2.6257717695981534e-06
0.0088375327350901,4.636148410156504e-06
0.0018708319080536,1.0882270164193706e-06
0.0186422123799262,0.00014913968775672119
0.0152286128909986,3.29083042552373e-05
0.0064915419752538,6.958518695146983e-07
0.0001432304552069,7.018424119772995e-06
0.010795659998947,3.330619952949229e-05
0.0116976630834434,2.0644036439666576e-05
0.006000724092827,7.113235440629858e-06
0.0099079205364083,2.871194632321317e-05
0.0060588831939619,1.9601738185178573e-06
0.0092275584405208,1.8787002119131095e-05
0.0157260665283375,6.506380116239166e-05
0.0198792249398964,9.246997911517599e-05
0.008426527681606,1.824193322141278e-05
0.0092566865422049,2.4985006763319e-05
0.0106461605893704,1.5773235654482757e-05
0.0016290171973304,1.0567907173926416e-06
0.0100964894671339,1.4209363432469075e-05
0.0185827355519474,2.5117944068637115e-05
0.0046485506239876,1.6845715168428634e-06
0.0164959410986249,7.58695365868966e-05
0.0189732199813547,0.00011064531668018409
0.0176187958301422,9.642280212125869e-05
0.0016846485295033,1.6806336772002104e-06
0.0093315220684516,1.905494840665899e-05
0.0145455053352027,7.640129336901382e-06
0.0094770939965991,1.449192349397171e-05
0.0157833070863788,6.902720268990273e-05
0.0153829617731915,6.033548592265583e-05
0.0103224621544056,1.9536873227516728e-05
0.0109748955385682,2.2620959966122524e-05
0.0149148267371505,5.12690449600087e-05
0.0189742558759348,5.223903247919776e-05
0.0132391800712976,5.512731708503387e-05
0.0113689976252579,3.535049556644574e-05
0.0028220322818188,1.770068304392986e-07
0.0193093116828769,9.512779493695403e-05
0.0151067421713493,9.749685303860227e-05
0.0133783424832317,4.2585202196002854e-05
0.0160224568899303,1.1957511890280027e-05
0.0016092330290273,1.7939225124939187e-05
0.0188903872173024,6.838587503309651e-05
0.0105933506069956,3.680514359027872e-05
0.0140868243462488,2.2385338720046647e-05
0.0098384560123064,1.579116744359575e-05
0.009767909636247,1.884097287580212e-05
0.0089666355033407,2.168248708807377e-05
0.0079668112254869,1.5046445063473485e-05
0.008971061766744,6.896006573137873e-06
0.0170080760040233,9.96387187700688e-05
0.0039817578871405,1.1585932702705002e-07
0.0061496811047171,2.4587628318601234e-07
0.0013440393771758,2.2465074204768086e-06
0.0165230894352883,8.096880174499635e-05
0.0191265867922165,6.246739069629439e-06
0.0064953564644987,2.0105839941959797e-06
0.0107692003206064,5.643726335031974e-06
0.0176943132344478,6.804243423429614e-05
0.0031945687770048,7.72129034370579e-08
0.0149698968417972,1.8099405257664114e-05
0.0018591739212373,2.764158385653452e-06
0.0098537008232119,2.0189799770745916e-05
0.00758109706223,4.407296188989434e-06
0.0181867275041634,8.985103867667638e-05
0.0025925368435497,7.935400023622716e-06
0.0100276154018438,1.7477388969576643e-05
0.0191183772755203,9.704217493560899e-05
0.0186819483429225,4.013983431630879e-05
0.0018380026643898,3.743016737084389e-06
0.0038155152018818,2.0450436743336913e-06
0.0068383325196899,7.3533454343316315e-09
0.0102327452700892,2.0328403479048416e-05
0.0180797767425845,0.00012732747300134246
0.0038745380460663,5.097280248318626e-07
0.0065487844184456,1.3965552051308298e-05
0.0079427465809721,1.0909894866522835e-05
0.0026303557264987,2.750985951194182e-06
0.0123821233352393,4.0153966111498256e-05
0.0084063719944935,1.4253105907368022e-05
0.0041189859669677,1.392014730401752e-08
0.015137186443062,5.511428089988435e-05
0.0181420100834274,5.765772691892749e-05
0.0039735851268523,1.7152050446450063e-07
0.0052236712331929,9.121465618850712e-07
0.0042080633134004,3.343319926572592e-07
0.0099708764175324,1.631238354077447e-05
0.0085598819993264,4.837458859450976e-06
0.0177480024595202,4.4328647378704754e-05
0.0101767954400066,2.2973378732755632e-05
0.0101210879273736,1.425856132161352e-05
0.0059838738754015,2.0604316416640198e-07
0.0134025303550614,3.9137151912711104e-05
0.0056501578728412,3.8877581783029286e-07
0.0157161865587119,5.398998209308723e-05
0.0134337297805585,4.914251340034242e-05
0.0175312751191974,0.00011211764420454469
0.0082457931338478,8.446442172589655e-06
0.0017128504628943,3.7691690810546833e-07
0.014963821573123,0.00012677530741347914
0.0143435557443263,1.0905656875101918e-05
0.0144471581774148,4.84802194169438e-05
0.004899782433716,2.5671879015112655e-07
0.0005532717470901,1.016887491785753e-05
0.0058730450899005,2.3894007852772185e-08
0.0126236198583133,3.9937665402165075e-07
0.0154179725052428,8.284489237444328e-05
0.0199905632194009,3.760093281382664e-07
0.0144748555261869,5.175888342756325e-05
0.0031533189831654,6.572676811201725e-07
0.0107168617756874,1.66665455325237e-05
0.0155335033078603,5.451125084987453e-05
0.0028236585939359,4.670653970390135e-06
0.0127255047023073,7.963302653655844e-07
0.0145232321136312,5.501752067016567e-05
0.011182444253821,9.187291960113109e-06
0.0079699957832093,1.7173866366680335e-05
0.0176647266008832,2.7849433619611775e-05
0.000464615588003,6.217764365876102e-06
0.0100127758613773,4.27867089281346e-05
0.0014752186090201,9.497508526222016e-07
0.0197983410840163,0.0001495631242907762
0.004704930906372,5.041501207331671e-07
0.0059163154838419,8.11476029957148e-06
0.012633351668654,4.993624443680769e-05
0.0029388858587013,3.855706277358302e-06
0.003795620183947,7.003690413993849e-07
0.0168464646230599,7.051282406519764e-05
0.0038930919487105,1.2078028125218754e-06
0.0098040463149519,2.0826983757492023e-05
0.0138823417462254,4.94764217486447e-05
0.0040028644636299,1.6997048254037294e-06
0.0016368849984402,4.507798202478117e-06
0.0085798593155746,2.8924126276402068e-05
0.0187089310275759,6.900625510675026e-05
0.0015828998380126,2.4903724739506483e-06
0.0048633438167116,1.233142229268453e-06
0.0119872019198471,3.387183779166656e-05
0.0142906057952595,2.2974907498359632e-05
0.0030439216918928,8.319303355202407e-08
0.0055452044315392,7.514525255689666e-08
0.0153130154689027,5.1805405648842e-05
0.014289130701748,6.0563189703635283e-05
0.0193968061888348,0.00015281859795607402
0.0061967207715075,1.4104402698321e-09
0.0175598200453451,8.80201661966737e-05
0.0179074749676179,0.00011170160530399946
0.0135798902936802,3.908300661457946e-05
0.001582932459568,1.5874545295297613e-06
0.0052522135241347,6.011309492896864e-07
0.0198908364215314,0.0001912434896235044
0.0119397998551823,6.2078818876679e-06
0.0178827209280858,6.247507118425646e-05
0.0008368480427973,7.85991148241118e-06
0.015781804685487,4.112704001859234e-05
0.0167501305414481,8.05130047270502e-05
0.0133003529323551,3.038366643138553e-05
0.0005432782432815,9.325907155044606e-06
0.011597271365271,1.3398090014026695e-05
0.0163542002233884,8.529392976775522e-05
0.0125570724994435,4.8936218898215825e-05
0.0066459244815755,8.347769652666323e-06
0.0010634626944567,1.4249336118544093e-06
0.0064859734445926,6.404183341385423e-06
0.0080216316212989,1.3030724166967912e-05
0.0034621101911662,1.6183212114665608e-07
0.0062791613845332,3.6226976070313237e-06
0.0071112260495482,8.903973796375995e-06
0.0033322235467926,1.9701024708591978e-07
0.0159912435943169,7.504745836578046e-05
0.0175161163231706,8.317049729915496e-05
0.0045118298953001,5.256353158339583e-07
0.0060099568887275,7.010702901659388e-06
0.0156789939750075,4.723197187847426e-05
0.0082803724751397,1.600710826215135e-05
0.0022906538758843,1.6156736569501234e-06
0.0181087106392728,1.9560837237922512e-06
0.0098163776212262,9.22419374579041e-06
0.0173924819951708,2.5537740200876486e-05
0.0027488510941113,3.419091956984103e-06
0.0179125129586086,8.38140239406983e-05
0.0149031107314088,8.044400313703869e-05
0.0038028362756287,7.981929216033343e-09
0.0135530706616363,3.212755588748953e-05
0.000785167787118,6.504853031921455e-06
0.0160375349770961,4.255893535731469e-05
0.0199567940286881,6.45270144387167e-05
0.0014206110511633,7.5411193056378714e-06
0.0198390602775687,6.990350810435442e-05
0.0113597095423723,3.5761676904883625e-05
0.008925352955217,5.185825965310843e-06
0.0142800168261515,6.780878885046638e-05
0.0006255548315654,1.4997002098195448e-05
0.0126155158008815,1.4368579086874426e-05
0.0178414905931191,5.3071692662505566e-05
0.0082882961977605,3.700137364400101e-07
0.0040641779943439,2.9187437663778778e-06
0.006565365629461,8.996462872682765e-06
0.0172995547242846,0.00011745322154963723
0.0101271275379161,3.918564492130969e-05
0.0189564445257762,0.0001635067525564697
0.0035896426903746,1.335180922028054e-06
0.0076331794886067,1.621489877712325e-05
0.0117743113937555,2.4945654040251075e-05
0.0152019782342121,8.10312829684032e-05
0.0023356222649068,5.256207687499816e-07
0.0017301200989316,5.890485150162543e-07
0.0002138715500597,5.9354168593751045e-06
0.0176396261234576,0.0001018116864009325
0.0023328851478953,7.606891218594986e-06
0.0092555106251506,1.66420359829742e-05
0.0003337641610155,7.1159047793440584e-06
0.0117570651307595,2.03160264391417e-05
0.0111787404720575,1.4379833916290953e-05
0.0121475914570281,1.9274061722638335e-05
0.0051292361792796,2.292141825372231e-06
0.0008607913130162,3.27531759495931e-06
0.0083709751187545,1.5322848877580977e-05
0.0120148947740128,4.277437748295869e-05
0.0091178168707519,8.51087998358893e-06
0.0147503008638211,2.3518625619574955e-05
0.006515151444145,7.3624285219681456e-06
0.0038406248019889,1.6101323160454095e-07
0.0110153052112923,4.504370917511744e-05
0.0060799644783463,4.469513549351053e-06
0.0147390444983492,5.8467561721670874e-05
0.0089210073676194,8.652234034841773e-06
0.0016405231878167,7.941833691749819e-07
0.0181786107455753,0.00011079568040545232
0.0010815782754931,3.3194695746002356e-06
0.0024571274152511,6.440080640393465e-07
0.0179564207920931,7.496201710869454e-05
0.0047668964686518,1.9593001291173748e-07
0.0192482368945212,6.848540357672313e-05
0.0169245842999167,9.330206958240995e-05
0.0001844952495405,7.972082272444002e-06
0.015414867909184,7.046529117714633e-07
0.018387526633716,8.575263817837717e-05
0.0156288592350529,8.588188637565076e-05
0.0139606783957234,1.8819441921298516e-05
0.0105359635511335,4.299326071274642e-05
0.0101115691113947,8.859813504182428e-06
0.003531121692215,6.794360674454928e-09
0.0030268923472781,5.810554248326902e-07
0.0101123614638114,2.7386009198323596e-05
0.0114472035284702,3.212359564346861e-05
0.0106246930690263,3.815522623849562e-05
0.0152266976121304,8.233219020730612e-05
0.0131737545871614,3.5028143897909475e-05
0.0091113685688504,1.2001579078068865e-05
0.0177698369557002,2.695105788175866e-05
0.0074648771411512,2.093959454309877e-05
0.0111990425548491,2.4453113057140023e-05
0.0084012500062377,3.045438960788622e-05
0.0076074307539914,7.258818455348748e-07
0.0001353553046381,4.406713998471943e-06
0.0199786199610574,0.00010349523967390676
0.0087228449273555,2.9066049181718162e-05
0.0137882739176586,2.9739771903214498e-05
0.0138223180680575,6.186599791634177e-05
0.0174655705353833,8.22581630753384e-05
0.0106232328178178,1.0221733642049606e-05
0.0199736419368653,0.00016686771835041026
0.003710108390518,1.9480050597099702e-07
0.0062540025021297,2.9789302554270377e-06
0.0131096535122679,1.1305882601272093e-05
0.0179369492457004,0.00010308655514947632
0.0110605155791928,3.144861445883439e-05
0.0149664945477611,3.2480920461821496e-05
0.0092094798002272,2.1039627404893314e-06
0.0121510800369744,2.0739001469404018e-05
0.0005806626887745,1.4946087733996865e-05
0.0168282306456313,5.3105030057633154e-05
0.0182179239775165,7.238504157026857e-05
0.0187491508157935,9.21905061249178e-05
0.0005326544634668,1.9289893338064745e-05
0.002400379349588,1.1954278121832994e-07
0.0080876031181725,1.9240679291053998e-05
0.0069441566366531,5.263810551463367e-06
0.0174643975545265,7.425608832142556e-05
0.0178788790136999,0.00011928953393487379
0.0167186064715769,7.953876322062223e-06
0.00066569712746,3.964129880552997e-06
0.0155551230300354,1.0474367585157449e-06
0.0194931046183359,9.539580467961994e-05
0.0085305472834704,4.9150839457757825e-06
0.0014560791969836,4.867120802103394e-06
0.0048498582181262,8.176134918722034e-08
0.0007473462056279,5.698299827946253e-06
0.0133958984981503,3.447583960543667e-05
0.0155737317145267,6.497422201797904e-05
0.0171340535518358,1.2360033742250549e-05
0.0141861646823234,3.164009674912636e-05
0.0084555634783958,1.3972161596601917e-05
0.006478811986322,1.0165957297138589e-07
0.0063847229700288,5.7112748061617004e-06
0.0066600977598816,5.810206511647171e-06
0.0038010765245066,9.403688436545819e-08
0.0146017705823957,3.991691140482332e-05
0.0054580691238026,1.2120878990301485e-06
0.0038002108644683,6.503957307191203e-08
0.0158351916555692,6.792266502490563e-05
0.0065416173128863,1.878256045620215e-06
0.0009272088172027,1.0138061473409305e-05
0.0104759687667686,4.2480033613492754e-05
0.0027263935788488,3.905893177702917e-06
0.0075939162896892,1.1618843774584285e-05
0.0039500057928555,2.4091596203799244e-09
0.0160676544951049,0.00010631955766190486
0.0136573790457776,5.970863773926697e-05
0.0115604907722417,2.1900858932688535e-05
0.0160872158388811,2.116042059220877e-05
0.0199169141014122,0.00011174991709706916
0.0026254745112641,1.4465302105282957e-07
0.000964680322163,2.354598251298269e-06
0.0034437217252387,2.237651495738302e-06
0.0109801728373477,2.6160789659311332e-05
0.0184641830118269,3.4133031761780075e-05
0.0147147561694171,4.670297686687145e-05
0.0135525159859716,3.541316108671396e-05
0.0136368631854575,2.7991925140315565e-05
0.0049916451299935,2.157105760249101e-06
0.0109777820714387,2.0454003185177224e-05
0.0159551923515389,6.146205787960167e-05
0.0079477119385615,1.5177209134725532e-05
0.0049164354538128,1.9320269032975554e-07
0.0156539786473429,6.86826750712407e-05
0.0199403206187378,0.0001500901191886318
0.0033730580200971,4.3479928615682535e-07
0.0142114734056168,9.237162488676299e-06
0.0185256268434264,8.551906116405118e-05
0.0021831967929614,4.288381293274102e-06
0.0120580582180934,1.973094404365524e-05
0.0134565625871514,5.4427241730672506e-05
0.0180364331334845,4.668376383109046e-05
0.0166109397340052,7.133158532550521e-05
0.0092516958888595,7.659431636788095e-06
0.0094399068889437,2.357540466882069e-05
0.0161514859364948,6.114671806881833e-05
0.0171606155802176,0.00014367511728873822
0.0158589172177217,3.0958108346195416e-05
0.0195754787063895,0.0001503843491218129
0.0021324595834682,4.340587987748487e-08
0.0050914042273463,7.593729162592814e-07
0.0156950820749085,2.5830928055951212e-05
0.0140738659252919,4.329868909023367e-05
0.0095797204325361,9.356049480428306e-06
0.0026568507542272,1.2980692501216577e-05
0.0020045795342222,4.653673702369684e-08
0.0154338281005808,6.207363526129997e-05
0.0056141108317876,3.8889611864203985e-07
0.019469334698578,7.214148451763174e-05
0.0130965868050833,3.34420283867958e-05
0.0196343050512645,0.00012004540702499747
0.0103718995965909,1.772040134133507e-05
0.0102837048331946,3.1198185070238135e-05
0.0078178948824009,1.0433012020708659e-05
0.0155055851483055,9.682376223864117e-05
0.013277906754469,2.76144507185875e-06
0.0142317836679559,7.937484357678095e-05
0.0134104683049217,7.939400082053259e-05
0.0052743186458564,1.145428755133402e-06
0.0019454684337564,1.3967097676487149e-06
0.0005846698482464,7.950428205785061e-06
0.0005636588741425,1.0044320395932242e-05
0.0119024290816409,1.3950289000889241e-05
0.0111459740301526,4.527043905453716e-06
0.0023502162190935,2.567898129975313e-06
0.0056143902133283,1.6602028453052047e-06
0.0077378206985277,1.534820448045546e-05
0.0168262624579297,8.012611438098464e-05
0.003186629714992,3.2108953399400378e-06
0.0110546692652619,1.53636093978159e-05
0.0104837827041718,1.1084760388221111e-08
0.0094930866124188,2.4372720670986815e-05
0.0194085475233137,0.00010265931233733518
0.0101406047931475,2.3893720346890117e-06
0.0100756117743561,4.810560226050915e-05
0.0160102338123374,5.5412685627265436e-05
0.0045193255905001,2.1914304523513465e-06
0.0029454046696106,1.6396764624414508e-06
0.0103829294079484,1.965996215932667e-05
0.0043829056008973,4.05197192038746e-07
0.0140611904883527,1.3131532931646838e-05
0.0176931164458476,5.836718920958876e-05
0.0048244857375957,1.5162684402375085e-06
0.0035399560399398,2.13809243489123e-06
0.0124490248398529,1.5863813848519305e-05
0.0116097784247998,1.0350804104022226e-05
0.0041009340360476,4.5796576619727954e-07
0.0010155075655732,8.458567816887697e-07
0.0113345905541907,2.5194373784852198e-05
0.0199459165924341,4.0488404711184944e-05
0.0114851403305824,2.182719436356622e-05
0.0075413617293515,1.7030599225533195e-05
0.0144148660951495,6.010344573212548e-05
0.0022053937372864,5.805268744914688e-06
0.0166055534282703,3.357867198908435e-05
0.017102558556886,9.752293490791121e-05
0.008708876341139,1.170466831706426e-05
0.0168381216359503,9.36431809537298e-05
0.0107491673717137,4.902813544680197e-05
0.0078434850894054,9.132637074934253e-06
0.0199902501039583,0.0001401112317740826
0.0144542580033985,1.1397256241791169e-05
0.0147745713763363,4.343414677143651e-05
0.0010443829902408,4.215135341377005e-06
0.0144004878346828,4.169597750618315e-05
0.0076946916189475,8.275081980592145e-06
0.0186281563272617,3.9461118449354424e-05
0.0146130249764565,2.0942763629805877e-05
0.0199414079866596,0.00010237526226655996
0.0058080282881934,8.404080137842716e-07
0.0081232323407091,1.702815730841942e-05
0.0192436653983927,4.1675801460124134e-05
0.0189383870870702,0.00012870258627427236
0.0141579370007945,8.473393005326782e-05
0.0085591498309529,1.5923407078138576e-06
0.0082054072215864,1.6267437655764963e-05
0.0057083945725593,5.367526390538853e-06
0.0070553178575544,9.061812745603516e-06
0.0117549367353591,4.0511126579251874e-05
0.0168799144110046,8.05436075602567e-05
0.0139494752063012,8.091122705518169e-05
0.0082853445279001,7.50942899381932e-06
0.013657252379734,2.0460038059140367e-05
0.0071667580833631,3.2664874645849244e-06
0.0101926091936938,1.5095542905528187e-05
0.0023837667348278,5.333119783175972e-07
0.0060018191760746,2.8209628566155034e-10
0.0115904160825587,1.3730455388827505e-05
0.0167083153207108,7.592372841741449e-05
0.0005363408349673,9.068375903593563e-06
0.0159481828396854,7.1794048322646e-05
0.0010950109564795,3.158420702155894e-06
0.0060214033601798,4.371486393640034e-06
0.0126055185079997,1.3333296938753275e-05
0.0099830645365075,8.939762340323933e-06
0.0097733860611031,2.7591505880215728e-06
0.0058086602250237,4.134464831472885e-06
0.0129439234916642,3.850845137671017e-05
0.0129460720025753,3.135484479599367e-05
0.0029894138567844,1.4289306973501307e-06
0.011035293742945,2.304978374068237e-05
0.0193746006116016,0.00011780095114634505
0.0192255459042805,0.00011814076574965656
0.0147848383960348,8.458312662465168e-05
0.0096130728125685,1.9038566790626694e-05
0.0054223938317886,7.369793752472573e-07
0.0096359918613902,7.024793673034352e-06
0.0174889796660611,6.638051813737876e-05
0.0104933239379895,1.439515545045858e-05
0.0045117394355735,2.323328425722604e-06
0.0107596585822166,1.3041764036972711e-05
0.0071946445183979,1.8378528899602632e-06
0.0072734676238077,7.74765713012822e-07
0.0092117542033803,4.03195994100936e-06
0.019036172026569,0.0001177082381110152
0.0025816477282352,1.3235301131354791e-08
0.0136198364011768,2.6851510635286246e-05
0.0151312256586406,6.219113050945879e-05
0.0104190255200846,1.998826931832757e-05
0.004284094196283,8.141274224632186e-07
0.0148295363756716,4.054853584097179e-05
0.0051317739849551,5.193200644987144e-07
0.0120325452279902,2.4303199993413168e-05
0.0056797179451883,3.0787005838531896e-06
0.0028736097153086,6.049586017814872e-07
0.0054913252638654,4.545623696839585e-06
0.0095246030381711,2.4399252762887675e-05
0.002534893721812,1.0206829938771723e-06
0.0177179286942307,5.384205575674693e-05
0.0135357928028684,6.977277855178976e-05
0.0030568000971475,5.45161276539438e-06
0.0142819667418953,8.908402197196785e-05
0.0162331327438281,6.923891459100606e-05
0.0150197092800633,7.809495639897891e-05
0.0176577859313652,0.00011469207786732304
1.664436675775427e-05,5.886636624930681e-06
0.017078533136312,5.971833511870145e-05
0.0063633230691518,5.811188031063943e-06
0.00938698619268,6.401613310569887e-06
0.0069000920537672,3.0310260558523257e-06
0.0142754584926436,3.259490103410459e-05
1.2510823843949747e-05,6.016443298338715e-06
0.0183391068692412,0.00012513183655051506
0.0154991415925371,5.989153125552489e-05
0.0144498306524442,5.237621043840193e-05
0.0142672394502158,3.590935116063021e-05
0.0045034437923943,6.177942552676907e-08
0.0193161141535344,0.00011867010925537135
0.0104943498818329,9.66326686353672e-06
0.0149215422769945,5.001793735068509e-05
0.0129214374390582,3.765691916421281e-05
0.0167071878692253,9.78994512718362e-05
0.0048651391701548,1.8222653181324962e-07
0.0039643882026925,5.471835314684548e-10
0.0157949169513774,9.565217814871671e-05
0.0015141924459236,6.613678696169739e-06
0.0090961213908961,1.1054961762455388e-05
0.0106610753432118,1.5387337328294102e-05
0.0134473127396848,3.946033516108531e-05
0.0165826723532786,4.8278258702265706e-05
0.0157586342523013,4.5882818556570174e-05
0.0055558325923245,5.807019444858696e-06
0.0013157024927465,2.655002867636065e-06
0.0051958706134497,1.1053517507885099e-06
0.0146996633631171,4.9211256684919034e-05
0.0073184542845369,1.1896024371464513e-05
0.0049602852407027,3.463082473473998e-06
0.0036964788520428,1.1096556723550382e-09
0.0116643997428887,1.426958446129011e-05
0.004393528824476,9.931698899251641e-07
0.0090312029302653,8.675807110193127e-06
0.0167900907937394,7.293870323291382e-05
0.0019578495632455,3.8178540063477465e-06
0.0025009668057541,1.0130746017447165e-08
0.0139379509652097,8.698804606336482e-07
0.009235642670439,1.2899314080205857e-05
0.0028467085501888,3.395417702890379e-06
0.0116008308996023,1.603953880461611e-05
0.0050041095554386,1.9118448557009538e-08
0.0093195177843525,1.2058250045415663e-05
0.0167103721218654,8.455342643816118e-05
0.0130956545534351,4.196943094180091e-05
0.0116280239803129,2.12518283962493e-05
0.0199629013330015,5.220271648484641e-05
0.0049666971165398,3.5126042116564326e-08
0.00879045020799,1.4453970729138962e-06
0.0143030135643554,6.263828874687291e-05
0.0037075883927676,6.353752628384418e-07
0.0190771599897002,5.41336161015401e-05
0.0157650958596684,5.866626080129117e-05
0.0144481889706071,6.161203799256776e-05
0.0122553851794649,6.38987500955105e-05
0.0037000822149218,6.38068959087322e-08
0.0106471197025433,3.4752130474786996e-05
0.006751397400731,1.6300011122294261e-06
0.0047186415318826,1.582597509577965e-06
0.0177208194000861,4.417183869571064e-05
0.0090311232265891,8.462201132842641e-06
0.0066261039718114,4.6003328364103865e-06
0.0091484321654815,1.2224082436218239e-05
0.0041120064657115,4.121698908595675e-07
0.0036735477772852,3.0026253060044936e-07
0.0052027405867024,2.7881490581940386e-06
0.0097160961909182,8.981325731805617e-06
0.0151499439830579,5.025319074631729e-05
0.015039656668847,6.493209594269169e-05
0.0033126281104223,9.413901707739052e-08
0.0195448994536382,4.344100633717283e-05
0.0042219711877831,1.8340792026886022e-07
0.0021236403276133,3.147557901195851e-05
0.0043576518109835,1.1717133822537148e-09
0.0098824406649459,2.5356578308484314e-05
0.0183261289522164,0.00015724181695189946
0.008037765490397,2.223010770648818e-05
0.017290018478958,8.93967614059087e-05
0.0192449558855156,1.4382656842780378e-06
0.0193487463493289,0.00011166757774931605
0.0141217554105497,3.120849019738396e-05
0.017299353620107,3.568936427454513e-05
0.0008147609862388,3.040338450442738e-06
0.0053164182951982,1.0561203639826448e-07
0.0199391517124135,0.00015491491055128796
0.0196470573155658,4.774721390089903e-05
0.0162954876881057,0.00010290866455640822
0.0085356136883237,2.3679974469076e-05
0.0070787578791136,9.934985043866128e-08
0.0096939419808644,1.3373705968235663e-06
0.0054103910599135,8.802473509603512e-07
0.0096714703363233,9.360129727863647e-07
0.0010992058660333,1.2727904012448426e-06
0.0071756032602097,2.3365085724831965e-06
0.0070966926057161,6.977331027310676e-06
0.0099641869453895,3.105973640981441e-05
0.0017906671078479,1.6676614085922919e-10
0.0099707654934602,9.037388262176929e-06
0.005941530779203,5.638384639680982e-06
0.0057424041028873,3.2177942480209567e-07
0.0061064847430001,7.337211436639856e-09
0.0019959728019245,8.851488386742646e-08
0.0137584083539049,1.7768585834766823e-05
0.0115198745913512,2.81109917224629e-05
0.0032612699977583,4.7319785123487614e-08
0.0073523319524213,2.230057974127639e-06
0.0150783310120582,1.0639761874868921e-05
0.017927920105477,0.0001447115559904406
0.017566784913743,8.682853206642974e-05
8.941570468509187e-05,8.836855578109055e-06
0.0118024942263239,1.3338304899311423e-05
0.0187104123362947,9.049095489848499e-05
0.0067743655612777,1.519932961536176e-06
0.0152762005627763,4.108827150264222e-05
0.0065769565770087,8.562878228227253e-06
0.0164570672508873,6.712199308217592e-05
0.002799087430127,3.422244832022613e-07
0.0011047611095361,2.6027755240052876e-06
0.0151432543620052,6.568807477458875e-05
0.0014072927080895,9.464346484489003e-06
0.0058848223645237,1.0727404546991523e-06
0.0189092769964459,0.00011196148961729822
0.0038404552281647,9.533867589170464e-07
0.0165060045081138,0.00010908234526536047
0.0014399886825295,1.922654426343096e-06
0.0042766290642876,3.6946977994165487e-07
0.0165948141213658,5.7024780909915394e-05
0.0170417779532735,3.938552308199392e-05
0.0047434334391653,3.1128976741968846e-08
0.0026328127419743,1.6087056283772634e-07
0.0132100914663851,6.320171081630853e-05
0.0164337705533475,2.872685225963679e-06
0.0062174834034812,5.338926639194172e-06
0.0197214211822753,7.864881193482742e-05
0.0065939347557636,8.781315982657506e-06
0.0159287461009098,8.457825382544259e-05
0.0191923216881019,0.00011842945685446321
0.0011341255698409,5.36036071535716e-06
0.0016409054628448,3.2213332818531806e-06
0.0140015204511264,9.660935487303085e-05
0.0088791160818074,3.5271500910822297e-05
0.0091377569960725,3.196784085457963e-06
0.0089489291202741,9.076153568522378e-06
0.0116986052319362,1.7832446851434393e-05
0.0191016410743526,0.00016929788860619335
0.0188424146729091,4.755977526480688e-05
0.015816687565451,5.7694420570364146e-05
0.0056438731758326,1.2796376694993365e-07
0.001800589805302,5.119381084599166e-07
0.0139366841067337,2.6802082988871287e-05
0.0193790404109569,9.25412257632213e-05
0.010262886280659,3.9818671956110265e-05
0.0199751587937394,3.796002178357118e-05
0.0131805290304134,2.565619627626179e-05
0.0098847283010913,2.4763615052007832e-05
0.0013169634976595,3.001315846690168e-06
0.0087842076292259,2.542245517452145e-05
0.006250567674056,1.0910824827102304e-07
0.0076395993417224,1.3874910618382768e-05
0.0168595261271202,7.939466696856681e-05
0.0138916758225291,3.4957422795845484e-05
0.0173846833335088,7.346206364884933e-05
0.0165320432280213,7.038249477686445e-05
0.0088784252787036,2.1004258406921438e-05
0.0196722445722964,7.408520875465556e-05
0.0002384024743752,3.782977702598242e-06
0.0013668978507299,4.463117642661071e-06
0.0099237923320961,3.4212020674458046e-05
0.0164761181621739,3.341404624660073e-05
0.0065690742918982,8.973854013027197e-06
0.0147493807606415,7.591773207115305e-05
0.0102305306807249,2.1174772240897674e-05
0.0153616879034589,2.9815082630774332e-05
0.0139663164547546,5.004728617177375e-05
0.0181981697047873,0.0001103059575929124
0.0184238859444075,8.733227226440794e-05
0.0076746874330223,7.71204627661787e-06
0.0153338523338233,7.06355562862235e-05
0.0063084493718365,2.4698893377208213e-06
0.019471990037965,4.053049342173505e-05
0.0141061046078161,4.7802668634708724e-05
0.0101854466166237,3.494491543180961e-05
0.0052126240182161,3.489694335080905e-06
0.0011958820139743,5.121379622689153e-06
0.0062015762036086,9.952399524107946e-07
0.0085483526909228,1.365103101963262e-05
0.0181892025751401,2.2836992830937973e-05
0.0009973761907602,4.908882676855736e-06
0.0043693937194362,1.0336343297934361e-06
0.0114418176513621,3.9562671615671766e-05
0.0123996938203448,3.4506336556308936e-05
0.0157192461095096,5.60034559599689e-05
0.0031085588471411,9.704867508987814e-07
0.0047923622391296,4.368722778204319e-07
0.0182098773792133,9.427299247160622e-05
0.0044037087977437,7.854415248320064e-07
0.0079214383155531,1.2247592827776225e-05
0.0072334989315578,1.2633555098849826e-05
0.0148136821747686,2.7560901590672146e-05
0.0193145234039951,0.00011018164517657352
0.0019293045057493,3.981038121809021e-06
0.0111272390190867,1.7291654801314622e-05
0.0109782206282584,1.735378063013309e-05
0.0090112312916371,1.8288014249916766e-05
0.0132095088221433,4.28522146259116e-05
0.0022009776333229,5.486950476642779e-07
0.0189312035486579,3.2723437514044353e-05
0.0011572054801074,2.0631989979235057e-06
0.0142034357716147,8.476183606144178e-05
0.0059377474440939,3.1277927160169807e-06
0.0042865842226753,3.6065229393961357e-06
0.0006022082462904,1.489257910441755e-05
0.0131107350335528,2.5084602286000735e-05
0.0016577123451298,3.2757273759427126e-06
0.003031952904021,9.181993170250771e-08
0.0084727669668824,7.290841563411414e-06
0.0022219146259041,4.277002442358886e-06
0.0195500172665469,0.0001881036284650222
0.014238696278528,3.990611996265264e-05
0.0160433902988014,4.8864823897018885e-05
0.0124623019324542,2.696646083569579e-05
0.0041416715874535,1.0324307021265125e-06
0.0019887949455488,3.486280043756934e-06
0.005744825367015,2.026789913228718e-09
0.0128944037928744,3.973984286306193e-05
0.0098109986318513,1.413631703545158e-05
0.0055068857430627,1.655277713197409e-08
0.0017748199776193,1.2928941794956588e-06
0.0199306808157507,2.590376650597706e-06
0.0061361759438652,2.2325938880450955e-06
0.0095660079994084,7.853716100296256e-06
0.0047703044734459,4.296432076343087e-07
0.0130304281930887,4.441454047252307e-05
0.0121454558226509,4.809238220066785e-05
0.0189650918250954,9.651567166073748e-05
0.0012522164828655,1.0748654389784466e-06
0.0129870848205682,4.5505196267888395e-05
0.0152712774478286,6.052195021718727e-05
0.0120670406663647,6.155365711713021e-05
0.0121629078098551,4.200374193329772e-05
0.0156265463242052,1.0059966885058507e-05
0.0144946952272329,3.8607601556865645e-05
0.0010155759635083,7.144107348892092e-06
0.0184452382736852,0.00010278167215366535
0.0083077668582309,9.293768411136877e-06
0.0117952546498211,2.2003526827670612e-05
0.009833175308198,2.9684170897263113e-05
0.0142406640827974,4.023686548572058e-05
0.0011110213012125,4.378686604971748e-06
0.0152445012903991,0.00011477415510499873
0.0033236879505399,1.6403823413080341e-06
0.0040241396977895,2.4799145209823175e-07
0.0148122546284673,4.5751111471742064e-05
0.0116138269028129,7.788632216760398e-06
0.0199814750609511,5.190251893970629e-05
0.0069039850154298,5.196181711821661e-06
0.0076931684307696,6.2125154267208116e-06
0.0084883692806274,3.1779850400297654e-05
0.0199955360187606,0.0001632361417630415
0.0193161995997567,0.00013635792127406066
0.0006155466556584,6.597207493689775e-06
0.0149372275839263,6.49496220725447e-05
0.0080460611933791,1.073366315400445e-05
0.0086501529187499,4.357235997281801e-06
0.0038642152202423,4.0157900096209814e-07
0.0066351331811945,3.575210798752926e-06
0.0182531840915006,1.761712888597363e-05
0.0086688448451312,5.136435164980953e-06
0.0136754702455615,6.280476751437835e-05
0.0199910743250148,7.51642813441906e-05
0.0049689230377415,1.7296983436514301e-06
0.0178937204325491,5.4588205784506677e-05
0.004685875752855,1.3011815729644074e-06
0.0188614905715591,0.00015765837358758532
0.0042761110339278,2.5927363205585253e-06
0.01469554832267,5.3151615573954616e-05
0.009626069474845,2.115476093666311e-05
0.014194912420913,6.473766547301826e-05
0.0186252497653513,8.73774443605406e-05
0.0192698870984439,5.894123010039033e-05
0.0075830177968088,2.440401406786457e-05
0.0199437434481026,0.00015575838512769987
0.0017866909849854,2.768925315706586e-07
0.0101913534229439,1.683300190735422e-05
0.0001863263124335,1.8180818447033374e-05
0.0147254527765524,5.4921021106025285e-05
0.0141504106824953,6.723008498782847e-05
0.0131575899769057,1.6119987467267832e-05
0.0127389795740866,2.5835350239861462e-05
0.0034556735537608,2.7582577348978762e-06
0.0130536356173392,8.550965469798138e-06
0.0149326245410536,2.853218497553609e-05
0.01721754112137,1.743352494122242e-05
0.017555949106019,0.00010405892784179802
0.0143938620924671,8.487518724961419e-05
0.0043715140965864,1.2544914668721482e-07
0.0154764477928154,3.934357500382906e-05
0.0099333085379175,1.3890053817475767e-05
0.0050897678975813,1.462676077458833e-06
0.0130580855577172,2.243320996742497e-05
0.0047030467325748,1.8991278300712519e-06
0.0058081816877131,2.0817926821426476e-07
0.0048521401113538,4.7160873509855335e-06
0.0176547509843509,2.441597674742905e-05
0.0076741257496757,1.3777212957113934e-05
0.0143724047947099,7.053675660720453e-05
0.0195101904315053,6.789320160708449e-09
0.0003501336316021,7.460265927758148e-06
0.0058072279192598,5.160482103522583e-07
0.012918548980246,3.392999267771507e-05
0.0114493212914307,1.1470081899774758e-05
0.0137694820136811,3.631869249043838e-05
9.844870105647276e-05,1.2406687077804402e-05
0.0033658077205383,1.3286770936793273e-06
0.0067091106378141,1.193825704345455e-05
0.0161902165733544,5.809315895243654e-05
0.008009567127279,1.0199778900091122e-05
0.0169336606822285,0.00010297821203226984
0.0049053682772336,3.027165907992216e-06
0.0007742650897088,3.5398554536561014e-06
0.0070511689115565,9.58524068933134e-06
0.0146949683338565,9.791413530721447e-05
0.0011708766706754,2.883811697822994e-06
0.0136373874551017,7.009489434571124e-05
0.0132884961129208,3.431723277221124e-05
0.0013813631071366,2.044279031321133e-06
0.0037387423236765,8.160224129290429e-07
0.0008239973218082,2.5025355533665775e-06
0.0135466422623876,3.2445720385956134e-05
0.005215810169293,3.612392007956339e-08
0.0014523171329241,6.2650466109424195e-06
0.016568639778656,7.717350990915127e-05
0.0106180256145108,9.274488613749241e-06
0.0011569931674135,2.1938145466049595e-06
0.0002275503655421,5.952220057232816e-06
0.0177339872601964,0.00010408384899890068
0.0188160696054968,0.00012156937045216092
0.0090923990308201,3.4148508841068814e-05
0.0118052998845798,3.934783894090022e-05
0.013504955687383,3.722142125865002e-05
0.0028649876500483,4.317441216469393e-06
0.0146651121069716,2.804465200230028e-05
0.016869109406066,0.00011531612684422701
0.0022524599785396,5.978877044173299e-12
0.0085304167448385,2.9110425053814643e-05
0.017144980418733,6.801675296421354e-05
0.0172726692385644,6.837120491244487e-05
0.0139275882447238,6.044439532631879e-05
0.0096257238145601,1.671702255096514e-05
0.004151742000665,7.99818134375608e-09
0.012658241894882,3.6735523948722855e-05
0.0136470218908976,5.191368021818892e-05
0.0102899984929408,2.9501890665233228e-05
0.0162411497782354,8.600762205406229e-05
0.0013339077098496,3.394452571534985e-06
0.0084132186061448,4.574063759295193e-07
0.0157424217503578,5.930610182935368e-05
0.0039486665019234,4.516738297476047e-06
0.0127036141856052,3.460311691904557e-05
0.009105176036071,1.324186569605979e-05
0.0070286156533301,6.068623457201553e-07
0.0141421472073185,3.771853159905355e-05
0.0145686510054388,5.7523743734698066e-05
0.0007467454666595,5.838377606065157e-06
0.0025247097321269,2.547745527648294e-06
0.0038346170368975,8.830684705303936e-07
0.0168149093620335,4.15448967191463e-05
0.0121167893943378,2.6533874728508825e-05
0.0148029511221666,6.697910830469e-05
0.0059291279835934,1.8795418036861802e-06
0.0130131844451019,2.7381110885112806e-05
0.0057656924793848,4.054580731667014e-06
0.0096729677309641,4.9438772089707045e-05
0.0039471461189349,3.382524737740559e-07
0.0032645930486171,4.279246861042229e-06
0.0029185321237429,1.0609992676869457e-05
0.0196525132376869,7.861511171980381e-05
0.0149810473168054,6.27161377224913e-05
0.0092357078762154,2.2384962884096493e-05
0.0028656306833091,5.17396072718358e-09
0.0047193812734869,1.1488636856526063e-06
0.0049777797930995,1.5947525808306937e-07
0.0064429592415752,1.4384166833712032e-07
0.0023981524252523,1.201807384609963e-06
0.0019722799742968,4.753237839950731e-06
0.007595551248364,1.0677044013936628e-05
0.0123172428417975,4.007677116028366e-05
0.016157932449632,7.052225133226322e-05
0.0188166587596249,0.00016319998720459587
0.0083677730644188,2.033202610114537e-05
0.0135449298630736,9.064556681947504e-06
0.0175142672267931,0.0001022481350186995
0.0177586506037442,7.26019306239725e-05
0.0186019160537379,0.00011514985893855355
0.0025886155784239,8.149748073658874e-07
0.0164027941101002,0.00010600273044740131
0.0013169354332919,2.900654756865067e-06
0.014188333686283,5.2766219382577117e-05
0.0092536559596739,3.606474558951429e-05
0.0103830962863155,2.5366961251613037e-05
0.0185688073935005,8.286300324466267e-05
6.0140911121697725e-05,5.198433251359921e-06
0.0015146620521124,6.065687858629661e-07
0.0030087652499931,1.1046936340196015e-07
0.0043649959885081,1.409077311645702e-07
0.0188112618948072,0.00015469691353672783
0.0013903931364984,1.9493221752493044e-06
0.017218487144465,7.748060228259246e-05
0.0100626366390462,1.504326545833007e-05
0.0010978166999763,1.317470877214702e-06
0.0183021978622437,1.3199557010794156e-05
0.0061100876760092,2.4800714869214387e-06
0.0026255636897191,1.2863763838922077e-07
0.0161110677420238,5.9393815577466726e-05
0.0076312673166053,5.372475686724732e-06
0.0079502313814614,1.2380473623535437e-05
0.0061523259831293,2.6412979192761607e-08
0.0144269025168295,0.00012202145997284459
0.0157368708905108,8.317569986064625e-05
0.0192328672779789,8.515633533196888e-05
0.0108587199492171,3.770256175044855e-05
0.0121964201340633,3.055648888699907e-05
0.0087327833289507,7.134329499395009e-06
0.0077807781619969,1.8602627349486855e-05
0.0035201106764234,2.144030465912923e-07
0.0182186031343585,0.00015296267332920994
0.0175253867168778,5.169875153368399e-05
0.0027276102313407,1.4667562785616011e-08
0.0118018862323895,1.0656252876724771e-05
0.0192224047043,5.059151082069765e-06
0.0009129765386166,6.994062005254861e-06
0.0073447747123984,5.4962446935205936e-08
0.0083961637407619,8.323257282014342e-06
0.016867938137885,4.703278014794925e-05
0.009966731774441,2.3373951795938588e-05
0.0068217910814598,1.76901463438295e-06
0.0010390261086298,1.48387094858213e-06
0.0157628152199371,2.9103712025659528e-05
0.0150034233115204,0.00010062311672301605
9.912531220614528e-05,3.19877470455967e-05
0.0073329802992953,5.6951002331123905e-08
0.0084958325317187,1.715814747996364e-05
0.014341136166309,4.216097250310758e-05
0.0181067490186871,7.831791040597575e-05
0.0159104375764195,0.00010602811698014521
0.0004807638977725,2.812993305409788e-06
0.0073701175053696,1.5716383004011664e-05
0.0046513628516532,3.0412869831100824e-06
0.0011060960170093,4.709788003921285e-06
0.0165020638889505,8.173546846943244e-05
0.0106711563602663,2.2495986480131205e-05
0.0133394563190711,3.664830167650824e-05
0.0158125183639915,6.943639303487304e-05
0.01088391572043,2.0630459033876808e-05
0.0148327741036769,6.958647985865606e-05
0.01741333780915,8.645130802932448e-05
0.0020383970222382,1.4968474012564408e-06
0.003146853369569,8.950469461026697e-07
0.0039130784535453,2.667523782030213e-07
0.0078490176721865,1.6025352951217535e-06
0.0152934072724282,4.2132897712766715e-05
0.0194481561104936,3.7069804126099834e-05
0.0021758582777534,2.3026290458742531e-07
0.0003163361020282,7.418742546745035e-06
0.0197135956376237,0.000130846084954673
0.0069990974943995,7.791533413939967e-07
0.0159875732883041,7.178447930415943e-05
0.0091650561340707,2.8536053725034918e-05
0.0036991904362,1.4809784118304843e-06
0.0071726449665927,4.504960262999888e-06
0.0005821457423922,9.293941767881723e-06
0.004302180157499,4.904550894727137e-07
0.0046244375881255,1.8511938979594153e-06
0.0099159170029308,3.069264331063746e-05
0.010290473928179,3.822443386954063e-05
0.0078158943551055,7.511089071461874e-06
0.0104087285729412,4.588772375813539e-05
0.0027546560069257,1.673588890588022e-07
0.0034495207016044,5.332036962168759e-07
0.0098565400710494,7.050876014896776e-06
0.0172171050941637,2.996145496142231e-05
0.0043211973698943,1.8676539491874693e-07
0.0127635929260758,5.370801919427196e-05
0.0022976115176761,3.2583189388400226e-06
0.0003117150569767,7.345524363091375e-06
0.01021915024316,2.649527476487791e-05
0.0164018561918105,9.28931944076469e-05
0.0179151690119464,4.824692302079048e-05
0.0135985840208873,3.925940804660546e-05
0.0052378890854498,6.174520087500143e-07
0.0151759244014765,5.5099887712383727e-05
0.0047204023491891,4.033614816911242e-06
0.0001085333269101,7.1208781848471426e-06
0.0198826465915307,8.447285657880313e-05
0.0129462580752775,5.8260413032766505e-05
0.0032044120473839,2.866566439252097e-09
0.0081096282969407,1.5041006190747546e-05
0.002909592800719,8.500789463884328e-07
0.0069760360965364,1.3085047426270716e-05
0.0022902558107157,2.7636624438519908e-06
0.005619168170459,8.268249941827575e-06
0.0198890637561962,9.472651062600859e-05
0.012795902646599,3.1460588015838854e-05
0.0175686556362119,4.622748615311596e-05
0.0072322324222376,6.884984378602232e-07
0.0175070798999065,3.681244726069773e-05
0.0195046320395512,0.00014265176856247664
0.009868623304426,1.2046685147050944e-05
0.0019192695143658,6.587661417257552e-08
0.0105394409944923,2.6660584758172784e-05
0.0132703672884224,6.029291975312937e-05
0.008709031097638,1.302318497689133e-05
0.0170121838724165,5.737667474460769e-05
0.0103320025417542,7.146738225665317e-06
0.0048518792747631,5.176837224406952e-06
0.0001602727581605,4.331805146574599e-06
0.0137596340113671,5.493002153261657e-05
0.0178587003971899,7.865893470686005e-05
0.0151046600115635,9.077847310559346e-05
0.0166080626618134,3.269161263938918e-05
0.0025201079106589,9.397357481502163e-07
0.007557612202064,8.983737179182376e-06
0.0080791139224903,6.89225196760073e-06
0.0011540054484325,1.4581598978280253e-06
0.0112186320558844,2.7777440483934397e-05
0.0148037723830538,4.153993983916699e-05
0.0007317012644209,3.998916392848443e-06
0.019207037151104,8.14943906752966e-05
0.0180420076331462,7.838451082984856e-05
0.000359984532021,1.3225797969295963e-05
0.0018203843397402,9.622607549202742e-10
0.0191070076068135,0.00014522743103432146
0.0068166050668403,3.922338843371187e-06
0.0090755046503011,7.87738578109809e-06
0.0184683877615537,0.00010533490439139124
0.0174662118626818,5.502410338814365e-05
0.0052324734106502,6.315900237675926e-07
0.0172709567184999,8.09559365146475e-05
0.007079530037961,6.5433302198021835e-06
0.0100430421754949,3.097365307619327e-05
0.0080621502072912,1.4048725823391268e-05
0.0117537670432465,1.3774592675885983e-05
0.0018078185596067,2.228946271197149e-06
0.0186234827439258,0.0001338796826870159
0.008503068705702,3.0098337882761604e-05
0.0020769161117174,8.223806793917011e-06
0.0058039759326607,3.0722279670146193e-06
0.0066588007452171,1.5797619908376515e-05
0.0058585835718468,1.0617816520488616e-05
0.0044633934528559,2.551215241770573e-07
0.0065869422729529,2.350489871932298e-07
0.0081665571883262,1.3496726858548548e-06
0.0114608518058883,4.790686428149933e-05
0.0092357656675289,1.2317165133109724e-05
0.0170748022076678,8.527174851818151e-05
0.0116349129351654,5.5199508069763484e-05
0.0107353600992546,3.525918240790514e-05
0.0106643253401925,4.0376684296550536e-05
0.000144597673976,4.807187876142414e-06
0.0185016939985733,0.00014919912141118485
0.0073162268048873,5.785723487826788e-06
0.0131407329499337,3.829454438303044e-05
0.0124326316076397,1.195437826987216e-05
0.0020487934430398,3.0934394272663566e-06
0.0063194287532845,4.054303365856346e-06
0.0154928680536865,5.1917696075390074e-05
0.0084184649897686,1.852977678070026e-05
0.0134007506555099,6.261459472650451e-05
0.0079912764938999,7.025022354862799e-06
0.0006108753423948,7.640608284608835e-06
0.0118905856938272,1.7953345428806726e-05
0.0084285836344396,7.965344252797217e-06
0.003968549400745,1.1538275866626279e-07
0.0059646687342962,1.6339380618715654e-06
0.0193391090667599,1.8421785117917573e-06
0.0067274220383926,3.6134246236200278e-06
0.0034848595812429,2.582431699846767e-08
0.0032396532848139,6.503243184681829e-07
0.0075402604125763,2.0811829280375375e-05
0.0113490865730209,2.1301499382184783e-05
0.0090564521672592,1.3048316860166189e-05
0.0008516472069193,9.327182287591843e-07
0.003008594874423,2.95109838927217e-07
0.007987438144868,1.328237906331629e-05
0.0120678771557705,1.9057830096894983e-05
0.0123704748161268,3.559661175996279e-05
0.0086567022012523,1.2950960152059012e-05
0.0049563700159289,3.3307914077290876e-06
0.0112973599382372,5.049522230241852e-05
0.0117019606112751,5.186626078762522e-05
0.0001015684338327,3.5680823383386466e-06
0.0083807590410817,1.531761719673677e-05
0.010207817883215,1.777027012869681e-05
0.0045171929015511,8.79935054889102e-07
0.0170087110812176,5.3300853177686494e-05
0.0137516685882724,5.677351724213855e-05
0.0196626112934877,0.00012533766719447702
0.0015068671477249,7.350352371590694e-06
0.008511276325209,3.683331758682105e-05
0.0192346081013943,0.00015504840735709993
0.0049704650400112,3.300974884010858e-08
0.001741273587863,2.9336602049922804e-07
0.0066947762402373,2.433811026545419e-07
0.0140988554021093,7.363445805318293e-05
0.0121147918051103,8.792960011303173e-06
0.0020443809647942,3.779176004916024e-06
0.0005109736816445,2.9249733241047553e-06
0.0081049524589239,2.405515394022153e-06
0.0057832065292051,1.8519666030266046e-07
0.0058098202638179,3.780009255099483e-06
0.0132392658198613,1.974437471620171e-05
0.0012824933957612,4.0265972057934704e-06
0.0131405530946785,3.900705417071899e-05
0.0184561389536411,4.741007145272452e-05
0.016137511656008,8.816240145724128e-05
0.0183116006175354,0.00014570698124737315
0.017658639656215,4.918866847318848e-05
0.0060043805185576,4.454745958364972e-07
0.0106908707626691,4.410532555492383e-05
0.0003233139232796,3.360019782960144e-06
0.0108719192552968,1.9513519671933193e-05
0.0196141305017587,8.74912570090524e-05
0.0038086297121935,1.752089987422607e-08
0.0191897427721055,6.536564013681798e-05
0.0014096033893274,6.928759524289028e-06
0.0114821573239759,1.7055033145176584e-05
0.0190323885829224,9.339719180265579e-05
0.0154685460077707,5.97232793576483e-05
0.0075718178085729,7.886874778609376e-06
0.0034288589486586,2.7086222073749373e-07
0.0103408422051856,2.149839577347815e-05
0.0041941973999428,1.1382845812966725e-06
0.0047022046486846,1.9675197815920023e-07
0.0037374894118148,1.8972114149719154e-06
0.0121376026071359,4.886925617950239e-05
0.0015156418181813,1.0400805170320216e-06
0.0177807423362496,5.023443227105925e-05
0.0146207724260707,4.8633167083258125e-05
0.0155450617016745,7.058709534592699e-05
0.0076242915371062,2.071911826643545e-06
0.0079044152506964,8.55029153739256e-06
0.0063507359951254,6.878580543090838e-06
0.0112940809255631,1.3325728848340853e-05
0.0065476985416539,1.7383039370230646e-06
0.0171717916615183,7.862911267776684e-06
0.0138976919892912,4.9337944176644867e-05
0.0049799665578361,2.600523095109977e-07
0.0044734294062102,2.6396626795982547e-08
0.0110193954143781,3.412064694175894e-06
0.0073483609089196,1.924365318114211e-05
0.003843151931496,9.889950737941775e-08
0.013489311444467,8.089417046388182e-05
0.0120137314584076,1.4531507992149712e-05
0.0177801263062249,6.591033432338675e-06
0.015450926950076,7.050687801170249e-05
0.0053360268390176,1.0909478685417998e-06
0.004312087054208,1.2173594941621335e-06
0.0048201440158354,3.97255117109342e-08
0.0012788477686089,5.7854757289948825e-06
0.0012248102414313,5.240712666485849e-06
0.0113095834985401,7.123088269021628e-07
0.006862848431961,7.483371105352642e-06
0.0059630156044921,1.9642089901951267e-06
0.009024953417756,3.171266844200716e-05
0.0027148462246694,6.224140705884008e-06
0.0114093076120929,2.4583913977715876e-05
0.0021190331538223,6.751543272431329e-06
0.0021561740897472,5.1694584974636794e-08
0.0059976903805871,2.4546749387998938e-06
0.009356540820492,1.2844552052884842e-05
0.0182173083830819,2.2979709249572424e-05
0.0182703710097853,6.471292223116473e-05
0.0162071506162641,7.88178761174972e-05
0.0017064401405961,1.1477988999752688e-06
0.0063401696402724,4.13305076662464e-07
0.0155515378806146,9.276339317770322e-05
0.0157156934874367,5.604468732206523e-05
0.0116430759061082,2.2388622408752365e-05
0.0145816225287871,6.053909627288977e-05
0.0030349193035529,6.693224337403262e-07
0.0046898910580324,2.1424747071547483e-06
0.0014881566506091,7.114560814964751e-06
0.0172386678047574,6.36513273812253e-05
0.0055953122192063,9.947717460160047e-07
0.0071868592153628,6.046723035352628e-06
0.00575255724849,2.589214512274372e-08
0.0046220938654506,8.728986375460646e-08
0.0174208562747031,7.251590517881556e-05
0.0034782962777836,1.7977947997769922e-07
0.0165073631986642,2.915031890852207e-05
0.0066990008575717,2.579502333263079e-06
0.0076572029397428,3.24024900785115e-06
0.000964170629101,4.218218624049485e-06
0.0097705043059394,7.292840183018869e-06
0.004870982001621,3.175615839622948e-06
0.0161406545011669,6.25601585411757e-05
0.0098382861718176,2.9748380770070626e-05
0.019949686491996,4.981076239789619e-05
0.0001938518163632,9.462842269213805e-06
0.0055425078449067,1.7292033625628148e-07
0.0014409195914053,1.3876867515402652e-05
0.0116944480836049,1.9022678599003723e-05
0.0005981905414643,3.874800731632088e-06
0.0024863424832088,8.346586748797565e-07
0.0082384559819481,1.4596562645485013e-05
0.0107487995155525,1.9118373237952713e-05
0.0146408537301869,1.2731143457791657e-05
0.0179033740798854,9.441124291847098e-05
0.0113798991229215,1.0478008359141069e-05
0.0156387983775617,6.487232791095575e-05
0.0036875028980751,6.611496379671096e-08
0.0006829457699781,5.179237748177502e-06
0.0100334806886626,6.3348773041887375e-06
0.0136557243177308,5.022554959877895e-05
0.0073636547231156,3.1067939375854573e-06
0.0029521291607934,4.065844860772657e-09
0.0092122487937298,2.7767633011540765e-05
0.0093480110123036,1.6866693383212776e-05
0.0022594741824038,3.0290887636019295e-06
0.0085888715063054,3.137518701408784e-06
0.0096050331869678,1.5883596431945174e-05
0.0044892438552914,2.09940185146566e-06
0.0059419509392075,9.288773508474132e-06
0.0189381793699959,9.603161040261227e-05
0.019507277288903,0.00015206764238939835
0.0175371485226706,0.00011108355125522127
0.0081896435645823,1.4797141333535645e-05
0.0149257981939066,6.568495313923726e-05
0.0033109882686617,4.276738888283757e-07
0.0074301890170395,1.3074866756899789e-06
0.0163296548903798,7.88626543191434e-05
0.0167442356433255,2.153755249330152e-05
0.0175008929570714,0.00010752193110986543
0.0177328888860282,3.040203635893825e-06
0.0077440575616611,3.740346287345559e-06
0.0103499395221905,1.1982337622492633e-05
0.0132164287493431,6.479775632548749e-05
0.0130086784510583,5.032876221396422e-05
0.0061455265079571,4.130558749917194e-06
0.015049455930781,5.3114493964119174e-05
0.0040359284571844,9.328391096860464e-08
0.0033926902292037,2.821328627270946e-07
0.0184896944937127,0.00010137097403140999
0.0163266173845258,7.84536518693866e-05
0.0063731817282848,2.7882730204159898e-06
0.0029305171891159,7.726644372989099e-07
0.0002976820247817,1.1602686713659698e-05
0.0068120745015682,3.1559802116874154e-06
0.0070544237791157,9.57716484837421e-07
0.0153115518684968,6.183141434412644e-05
0.0181068631658263,8.947390320660647e-05
0.0050074905998248,4.385802219454736e-06
0.0101153954642211,1.4764306806039578e-05
0.0020185686148354,1.0837153496140256e-06
0.0042749426826189,2.2819745552608354e-06
0.0137779690684576,3.444982768153727e-05
0.0058351611433928,6.824006864555571e-08
0.0050695400915929,6.775281766074184e-06
0.0050665289602179,5.27309271003914e-07
0.010591977014239,4.581713645824644e-05
0.0068578230290663,9.31249906212025e-06
0.0117736502857358,4.7891882203164293e-05
0.0051207359890155,2.4956490645057464e-06
0.0021245402115291,7.205812192184338e-07
0.0159770898056717,5.3068366817800955e-05
0.0141353934508923,5.197417051972939e-05
0.013762405652584,6.115026588855143e-05
0.0040300757949528,1.3095991516210828e-08
0.0085533372717065,3.220969860436484e-05
0.0171228154945786,4.649592120760531e-06
0.0066016882381277,9.435996066033945e-06
0.0178872922557194,0.00012052502265580543
0.0065234327457935,1.495923708960312e-05
0.014594413974239,5.137104911922722e-05
0.0045070317817464,2.858451054012608e-07
0.0169387638044686,7.994458690668213e-05
0.0050855067078637,1.565552079063185e-06
0.003878313006393,2.114361124261973e-06
0.002200124582436,4.425877134990023e-06
0.013854158762154,2.791061686930006e-05
0.0193038404714021,0.0001218064339616449
0.0057716964963083,1.7032267490487794e-06
0.0133793483304372,8.939536542366772e-06
0.0128414205356996,3.066473097778424e-05
0.018172393636955,4.979795024065363e-05
0.0139101076395059,4.421775877914801e-05
0.0152075803922211,7.365904894495733e-05
0.0036694297468957,7.506811545528541e-08
0.0111168516281547,2.0176639718282234e-05
0.003079285273778,4.644669200334509e-06
0.0023612944965297,7.704914914702524e-08
0.0104269711643539,8.74834652848304e-06
0.0030589614796671,2.3223735304805582e-08
0.014765031317566,6.667239090020773e-05
0.0067645664826465,1.1354706297019597e-05
0.0151219252451901,1.4951852054495456e-05
0.0008832771845926,2.0990135235820715e-05
0.012426914998591,4.768792024872728e-05
0.0070204199054681,4.85044466676671e-06
0.0165691833724204,2.1541399843448044e-05
0.0178981524495273,6.983881754936561e-05
0.0078571389781939,2.7331754984294984e-05
0.0056038917423778,7.214871427069463e-08
0.014561327146336,8.456100603897694e-05
0.0021735462995277,7.53891396513919e-08
0.0188730259761063,0.00014570629298556723
0.0038182492002428,3.726190061832539e-07
0.0026280565149391,6.715613364455814e-06
0.0166200321418692,6.000567353602296e-05
0.0076856863019084,5.872038795798827e-06
0.0047273084557141,1.9255883745821083e-07
0.0182538839193206,0.0001169664769261393
0.0185880393316016,6.916513851916774e-05
0.0044610191295371,1.649193760683784e-05
0.0086450910265715,1.9762329723146184e-05
0.0140178652473213,5.863336513538225e-05
0.0130013335819239,3.890751588769333e-05
0.0105602231797891,2.074114722881364e-05
0.0016448791236222,5.210196300567612e-07
0.0141448873605031,4.877215516627496e-05
0.0198301279581983,9.742528270962132e-05
0.0096485682719244,9.735909899597265e-06
0.0077223745548082,1.1383176073111751e-05
0.0163324456015375,3.722355403662826e-05
0.0110483564430474,5.560512137628059e-05
0.0075807598903977,6.2828390448132355e-06
0.018878056683646,0.0001394738798908467
0.0124055561080497,4.142710793936866e-06
0.014238060517052,1.4996493246940828e-05
0.0047728604047041,3.0764283653570346e-10
0.0048546504907482,2.0411100533278142e-06
0.0157060703683955,6.674272084671781e-05
0.0168082382752564,8.570340975915811e-05
0.0069890010109048,2.0781339788621206e-06
0.0080515640951418,2.7096832537187773e-08
0.0052649417294324,2.9659639110327528e-06
0.0046199472735051,1.408310946068056e-08
0.0198939390259689,3.063913633842319e-05
0.0110538071052086,2.583700083311563e-05
0.0141355904820161,2.426760916405493e-05
0.0023283562073522,7.444087109586589e-06
0.0133658157780224,5.2958607810941704e-05
0.0073505070938496,1.2009492425839223e-05
0.0127281846847379,1.638111189371437e-05
0.0139509673924023,2.618534993569113e-05
0.0167526285796269,1.0139985221084498e-05
0.0150791200022607,4.30984092049549e-06
0.0031570037020936,5.573857508489264e-07
0.0074880190537684,4.1634142810754396e-06
0.0096454218178443,2.429864343203099e-05
0.0172708082375576,0.00010428455657883499
0.0194621947774106,4.427736965865965e-05
0.0163602559101515,3.3526881016391376e-05
0.015554813731134,7.00794532534753e-05
0.0145995199111723,2.4947929133653473e-05
0.0049379774023932,6.882247958520425e-07
0.0019417433730919,5.706018707252702e-07
0.0140875657743865,7.209684760327166e-05
0.0036678452044902,5.416750493423092e-07
0.0030523912945018,4.995095883191785e-08
0.0198465935070895,0.00010473040384662716
0.0186359461116653,0.00012075640913391317
0.0105290654797094,2.2228043901925692e-05
0.0108441825582697,6.622193025567421e-07
0.0069655388056103,9.005493053572223e-06
0.0197070630275871,7.451318741711467e-06
0.0185618549268027,0.00012254850790488825
0.0125454478033185,5.620723069942086e-06
0.01790989169923,0.0001489539505689793
0.002590352138052,1.1570845219755466e-07
0.0107065635775119,3.135957119168471e-05
0.0108790986708577,8.552309606566129e-06
0.0029267750507331,1.6437221688055396e-07
0.0185261936428463,0.00011425343875405634
0.0001057752238659,7.600920666121099e-06
0.0174169304000815,0.00011314566665375087
0.0157527696175546,8.415389610831562e-05
0.003980814508628,6.740570478463549e-07
0.0025292637212188,1.5860967004538128e-06
0.0105442613550943,1.00330426366964e-05
0.0130892027881873,4.68150147798052e-05
0.0090245561183272,7.244164897587513e-06
0.0135805650796656,5.7667984593588066e-05
0.0170550640030282,0.00010660205172573923
0.016169711772459,4.962694235155849e-05
0.0083800629639554,1.0235084728807144e-05
0.0128935505710604,4.057218483726284e-05
0.0031647563012265,5.387714462400405e-07
0.0087321450705352,2.197685242641168e-05
0.0049673054425741,4.104695513360876e-06
0.0156405137297763,8.406424983102716e-05
0.0169981642351524,5.814156894879553e-05
0.015336271834486,1.7076651090320036e-05
0.0017823683680194,3.893908465305188e-06
0.0185890813350724,2.8206743475199825e-05
0.015266926444613,8.002052831706946e-05
0.012576842429072,2.3552749409289647e-05
0.0199603601424795,6.041966378084349e-05
0.0084918901824254,1.2690748701013554e-05
0.0081615799677924,2.8130009183842976e-05
0.0155082137049957,5.8018776924127604e-05
0.0108475682537448,4.349524480668806e-06
0.0044835955507864,2.6879473514357493e-07
0.0154142033586184,3.4807275380314107e-05
0.0057972384784918,5.741444204655753e-06
0.0045944414062922,9.97890870164647e-07
0.0079201378311699,4.1157302620568394e-06
0.0030944023057563,3.716376111225628e-08
0.0058982121249434,3.9513727438365776e-08
0.0044374220280088,6.520101579620775e-07
0.0107683759819653,1.3276471216551623e-06
0.0170805295222013,0.00010387974492703564
0.0079292660705067,2.932374726557578e-06
0.0144177997374818,4.8008395118459075e-05
0.016032314734991,7.237741836708283e-05
0.0040667096995608,2.6144932637074444e-06
0.0056280162168617,1.3655808733897847e-08
0.0184834944092136,8.045516660260983e-05
0.0105788871563556,3.8000451822718673e-06
0.0058998940942912,7.264872818718342e-06
0.0048497894474969,1.258021127965568e-05
0.0071168291084536,2.238689828615721e-06
0.0055220222386123,7.55259878748917e-07
0.0158938208439784,6.192300444826464e-05
0.0111037627452723,1.1366468440047897e-05
0.0175282807387611,8.87580558607462e-05
0.0111239797842949,5.0055894724983865e-06
0.0157313077531873,6.514511991798685e-05
0.0141471188525977,6.339728213755185e-05
0.002622930948842,4.018187565044985e-07
0.0102321821330289,1.8550031361011797e-05
0.0018088495574501,3.6055010402282898e-06
0.017098769619673,5.55142748818984e-05
0.0008957597902514,6.135872734990568e-06
0.0029052458858439,2.444117684770502e-06
0.0091200475406905,2.4400318598005657e-05
0.0076442921294617,9.815038565465669e-06
0.0010027380055729,2.4068873261636376e-06
0.0147624840186367,2.391953295668926e-05
0.0169833424526052,0.00010920555678527471
0.0114653419178718,1.1211495791277717e-05
0.0148135958566448,3.4875789271935136e-05
0.0178453103022377,7.316155516509113e-05
0.0065884259451953,8.470741429290381e-06
0.0012423847084636,3.949325940168705e-06
0.0038351665979998,4.0714791566469256e-05
0.0191094812886298,9.504080762016055e-06
0.0085598986357106,6.690365007813572e-06
0.0149516630505524,2.2477116041951183e-05
0.0036187649619368,1.8095673183609009e-06
0.0139379215232604,4.284983921304233e-05
0.0039982471760458,2.204783445007804e-06
0.0174443805496202,0.00012648076805810902
0.0092985514191835,4.564599038463223e-06
0.0081409653426863,1.9490025856930737e-05
0.0097344641252413,8.900516673284698e-06
0.0174465911188694,2.2486686254375217e-05
0.0172972610837932,0.0001065751319424548
0.0169646429973739,2.0612921964024433e-06
0.013416775068119,3.0358366406211266e-05
0.0181977036916909,8.625411622553352e-05
0.0106460126568792,1.1972043644641256e-05
0.0031728848839011,6.296253494331019e-07
0.0155153271507045,3.2235946494602e-05
0.0056182497889026,5.9052570962675585e-06
0.0053809106922062,2.3286891180916294e-06
0.0050677414755193,1.0795617899462684e-07
0.0190363163620237,3.5139202254193194e-05
0.0134091085217102,3.557639382058973e-05
0.011646283130127,5.2909934691614964e-05
0.0192022748323308,0.00013081667236731402
0.007401615753243,1.5416816870741482e-06
0.007322385011922,7.432801807758261e-07
0.0195383873717335,0.00011019494279457813
0.0163523985629775,6.443133311809183e-05
0.0095534024485247,2.1969364472371848e-05
0.0186567466748311,0.0001042298597504099
0.011876572291374,3.5012399177333545e-05
0.0048664087456017,4.600132637976288e-06
0.0157893779675941,2.024818360478311e-05
0.0132465550863388,5.292130173066201e-05
0.0089865458687391,2.4650693207664285e-05
0.0016521736467388,5.0579829568138844e-06
0.0132836707536865,3.8609972699324104e-05
0.0145675863700315,7.592238606824985e-05
0.0011897568243823,1.4494381230968084e-06
0.0085526139098445,5.1733353407693e-06
0.0007198518078683,2.319409738860847e-06
8.217346799900716e-05,7.4340832332222786e-06
0.0153472034248748,5.4638822674605706e-05
0.0065255435878513,2.8133975035055135e-06
0.0166281301835945,3.868098192032943e-05
0.0192294202036563,0.00011889579174651029
0.002162484448659,1.2310371623700647e-06
0.0060821780370891,1.2268076646803156e-06
0.017060243205729,5.398477916822739e-05
4.636689415945305e-05,4.518506181805046e-06
0.0110739668934173,4.9158717655128784e-05
0.0143710570866702,5.404188935804755e-05
0.0150591888160348,4.4485320777809593e-05
0.0067411174135545,5.306339293313795e-06
0.0129446970136314,2.7448127750045624e-05
9.651601823629452e-05,2.972515786672176e-06
0.0116902416976219,1.6543052949594366e-05
0.009096817478206,1.1656326379252436e-05
0.003207877905221,5.759605302041584e-07
0.0169455311395427,0.00011295946987630215
0.0027131035545422,1.2688104192443993e-07
0.01322864056714,3.972224355135637e-05
0.0134409071136032,8.262539844445109e-05
0.0116464447765369,5.951595387693655e-05
0.0071388803814763,3.894391465345015e-06
0.0075832294564575,3.0068651871273404e-06
0.0152885313127624,1.172095399217737e-05
0.0119726962200845,1.660795335985211e-05
0.0100101673556611,2.5787154783830385e-06
0.0082437993772747,2.477184886079352e-05
0.0189131231475817,9.180235920879368e-05
0.0085688900454845,3.2383551560231216e-06
0.0078548018323296,2.2634728026648526e-05
0.0153863857170835,6.493030956088202e-05
0.0057686525393745,8.332980325976488e-08
0.0043594088906721,2.0891999289749146e-06
0.0097126969227667,1.8736109173081726e-05
0.0125686252665943,3.200403694164435e-05
0.0062892402260328,1.0947889073873856e-06
0.0020368280278265,5.420354681873544e-07
0.0138618151188295,3.9232251663619326e-05
0.0038499961858588,1.4534035075525586e-06
0.014583799900607,6.103249918838307e-05
0.0119070271285078,2.2381602789658664e-05
0.0015158869587607,5.133394880366776e-08
0.0175488250633342,3.4344996025582556e-05
0.0128645867905963,5.059716433308171e-05
0.0067610021410672,1.3883263280921816e-05
0.0162180410157911,6.0808298511782755e-05
0.0134075885454881,5.498593974276686e-05
0.0120678258479847,3.378790611418261e-05
0.0064775791762867,7.89483422296662e-06
0.0084221244307299,2.294793585866132e-05
0.0133324323417976,3.20180964219636e-05
0.0170546578171155,8.164776895285628e-05
0.0082567923169986,6.246220253409587e-06
0.0162495845220244,3.999613562983068e-05
0.0125804092654789,5.81049701700141e-05
0.0177319230187667,7.885926239190226e-05
0.0088266899317571,4.982549064654538e-06
0.0003962752897558,1.9707294097521824e-05
0.0142490059498152,3.802374302001684e-05
0.0168010932459442,5.553186586012828e-05
0.0006847984288444,6.196121914662367e-06
0.0116387946338776,5.043922609272372e-05
0.0064833211056416,5.899050834724877e-06
0.0049795611878999,5.959424340762933e-10
0.0060472505022399,1.3302368091979368e-06
0.0135426846116152,2.841321835138563e-05
0.0048040270639656,1.3162300551636492e-06
0.0017881859635488,3.283174425576254e-06
0.0091586145348577,2.961532314745687e-05
0.0030676236680626,2.801865533645462e-06
0.0146190250323326,6.233858247014473e-05
0.0038311355331868,1.0895086562421664e-07
0.0149702392911723,6.200277882194692e-05
0.018705943599004,9.232650601588167e-05
0.0016920627698994,1.0284680677465143e-07
0.01550685666196,4.600404506871542e-05
0.0182859079519552,0.00010199139009539868
0.0040288118766591,6.099194660329732e-07
0.0142129852374503,1.9752753702236378e-05
0.001005595955389,2.9675726339291036e-06
0.0147694637323272,6.234474940249692e-05
0.0128605713629663,5.818870308748141e-05
0.0108862923154678,1.9968928256558224e-05
0.012017386764285,3.2446435632437955e-06
0.0174857533565624,9.443392461623564e-05
0.0013119189220779,1.3839988170352004e-05
0.0078430519851307,1.2844042959571961e-05
0.0135973327532189,1.4152883159789413e-05
0.0038911632417922,2.7416364915027957e-08
0.0035019571863925,2.78707258516989e-07
0.0110921257513885,2.5479667652545447e-05
0.0052416323750417,3.2221527336392865e-07
0.0131142794950066,1.3674042168759022e-06
0.0145850734487859,2.623780103681167e-05
0.007924464839001,7.660230742213713e-06
0.0062834828263237,4.750482122813182e-06
0.0049628285023097,1.4297863069253337e-06
0.0198207692871807,9.760449480541602e-05
0.0164992193606835,6.193221999243646e-05
0.0177458863510892,0.00017664354618193167
0.0160830632712524,8.40066976246096e-05
0.0064652553200777,8.946430563358813e-06
0.0089117921562559,9.087489519905303e-06
0.0179610605187168,0.00010163633585828018
0.0010228833529115,6.8156454808212495e-06
0.0012514696033543,3.503225760022281e-06
0.0129151608204786,1.3799138507747976e-05
0.0156948835878682,6.980237553389435e-05
0.0034542434644573,2.932823551021778e-06
0.0185686652870529,8.580165100799159e-05
0.0185630505461065,0.00010694226278535745
0.0095169259661514,2.1557450357226738e-05
0.0069712181223618,8.609175499610624e-06
0.0091015191963956,1.0472396895605517e-05
0.0163913239851965,3.005792433663436e-05
0.0194399681052367,0.00013299409311503285
0.0156884145677052,8.542993620093817e-05
0.0043068983043418,5.676848869154833e-07
0.0117134971718754,5.2984045482877745e-05
0.0165337067350697,4.824960347503347e-05
0.0184639955521638,3.890611155725044e-05
0.0130054519097412,2.1837478338820543e-05
0.0021702417375583,1.1873148035830272e-08
0.0113868058493493,2.3807025009885663e-05
0.0161226789877161,3.4677097717524726e-05
0.015970583849454,5.238883963152507e-05
0.0071817169838266,5.213315084745374e-06
0.012189891413338,4.849146781477356e-05
0.0186922641488902,7.996000377801864e-05
0.0030271106893573,5.9981552221066385e-09
0.003080212723061,1.4694065738520341e-06
0.0069712193375454,1.1479293194500809e-05
0.0006908331821448,5.194961316149157e-06
0.011908003395252,3.111336597871305e-05
0.0110875244260286,2.7805811368025232e-05
0.0086047667742279,8.86001758947775e-06
0.0163658430278608,0.00010548743138764899
0.0152853880708715,3.423360219940517e-05
0.0023972770099618,9.049988247537035e-07
0.0084468032455037,2.7330391075868396e-05
0.0157371203760648,1.261692305934677e-06
0.0169489459459399,9.846175216314888e-05
0.0015192077807027,2.0462280332797906e-06
0.0020133829728226,5.723913197220723e-07
0.0182379796519225,0.00010715401589314539
0.006379443920997,1.0200210061767183e-06
0.0144770312326021,2.2786954211344435e-05
0.0147791071858896,7.390037935384327e-05
0.0179089182087695,3.873942100236255e-05
0.0154909539535846,5.140577861851127e-05
0.0028839125663862,1.2889831689818416e-07
0.0010628197098746,5.311177376224084e-06
0.0061707407519456,2.2457487148185406e-07
0.0074766011238014,4.3111944830512835e-06
0.0095520777225456,2.864194629306036e-05
0.0027395262330002,9.736189509519808e-09
0.0066073222308477,2.9441806306769106e-08
0.0073486493234673,7.87131936770905e-08
0.0036570683303888,9.918108701129497e-07
0.0147259669315219,9.204556034853499e-05
0.01247235776042,1.7930362559004394e-05
0.019450718905455,5.154887515650682e-08
0.0199720133553224,0.00010072529838370885
0.0165786236958392,3.2782713551622654e-05
0.017180859680777,1.8544028411916707e-06
0.0157645981941137,6.981332913409312e-06
0.0031995134234324,4.312872996399591e-08
0.0006518308054094,2.1059608077056624e-06
0.0091920330179105,3.4902803469575966e-05
0.0124184694797437,3.658946895531151e-05
0.0168800585304272,7.505956528429675e-05
0.0081698430188498,7.926746779708084e-06
0.0126065724838574,3.822967252415116e-05
0.0148924669908022,7.950454020201416e-05
0.0084159035879271,1.7654033602136004e-05
0.0008261493316907,2.130673706851217e-06
0.0009063424202295,5.779539040265092e-06
0.005280299495034,2.192989351830407e-06
0.0085136971760219,1.1905291942412918e-05
0.0037515193099754,1.9692181255871015e-08
0.0187408883232945,0.0001497993087777969
0.0112209943362278,1.2472924137164837e-05
0.0115463467592819,5.274396621789609e-05
0.0106030171465708,1.1444663040243794e-05
0.0041082086082216,2.88384759185327e-06
0.0023873233835901,5.853347816366173e-07
0.0048568302378108,1.5524588036811443e-07
0.0118677152183879,1.2654511799958689e-05
0.0079009122843937,7.677206823017887e-06
0.0167657701613273,0.00010850332526044713
0.019095729857064,1.3309847193431322e-06
0.0185211417924128,0.0001238566478492985
0.0165967056259454,6.168525288223401e-05
0.0051306035238989,1.6083122355732712e-06
0.0020111699859689,8.635884192417706e-06
0.0006570471427053,3.928492571642288e-05
0.0137004961163575,8.250286342853398e-05
0.0124640115959168,6.607598142529241e-05
0.0042150025429498,9.127394750168014e-07
0.0107461467759165,2.7515001584747917e-05
0.0049210387745783,4.9154436221282703e-08
0.018507514369462,4.136757890156403e-05
0.0027645483668946,1.1685401244281548e-06
0.0171411193836365,0.00010141856715509895
0.0134994744439605,5.055890659681606e-05
0.0104510156616463,3.6426544593035144e-05
0.0108512931490659,1.7820521179462904e-05
0.0064522281428011,8.324527120383335e-06
0.0176806590058064,7.971111381712254e-05
0.0162584127897801,5.405150609169262e-06
0.0033116070232272,2.0969173156211753e-07
0.0054290151333987,2.307240153860981e-08
0.0075670602535801,6.157083051065302e-06
0.0083202372723328,7.709149138328384e-06
0.0033404178197993,2.865376566002866e-08
0.0162304643254457,7.377891783193106e-05
0.0178194856338486,9.611308676121896e-05
0.0072791219623723,7.948233870185886e-06
0.005672887304627,1.049343257916968e-10
0.0088055592381956,1.4638333148272213e-05
0.0021542397051905,2.136591544763934e-06
0.0064761296715846,6.156522463611891e-06
0.0093176028435502,2.7350456200263652e-05
0.0064774341001966,4.164990429941965e-06
0.0156280370615963,7.721804056469332e-05
0.0014110481068716,4.028854804204263e-06
0.0175330374678525,6.662560033623677e-05
0.0199587345787437,0.00012597309244186472
0.0020792385931384,2.2450987682563927e-06
0.0082741556038663,2.706567761619815e-06
0.0032228609441977,6.818263030722147e-07
0.0068245438311074,1.139763968359068e-06
0.0003295504911492,4.166574596440053e-06
0.0153353218998126,1.4187560082145714e-05
0.0143601589863577,8.47282497934959e-05
0.0015711179525293,2.1428833387335104e-06
0.0019867170870958,1.6429742360505671e-06
0.0135344279276203,4.994559374194247e-05
8.347753345918862e-05,7.246646838633644e-06
0.0063957250396009,1.1770124423463883e-08
0.0042146289441662,8.882131224131699e-07
0.0026349539844487,4.539586115129615e-08
0.0084487561610537,5.349212972024262e-06
0.0106542504865742,5.702387765611832e-06
0.0178685563085862,3.7402474190608036e-05
0.0005950425502719,5.41566999661871e-06
0.0136191358103479,9.237226185091751e-05
0.01645334900231,4.483179782552456e-05
0.0005024679931276,5.621698349982291e-06
0.009232578675287,3.3168975229288903e-06
0.0187849057038695,6.001732218130551e-05
0.018380307921372,0.00013808916775157878
0.010109427975595,4.011198995958687e-05
0.0190889536458631,0.00010257219061783484
0.0049859742287834,1.0873277270400477e-08
0.0172516287382989,1.6772156546658674e-05
1.5999442190732795e-05,4.994586011093221e-06
0.006450297167855,2.2542309656172887e-06
0.0042313714279048,6.231158646559449e-07
0.0144448972029925,3.540987503155317e-05
0.0137810285041736,7.6206258532041e-05
0.0088761068258722,1.6471665141980082e-09
0.015791734221848,2.85885961348125e-05
0.0125240566211705,2.3586987443811116e-05
0.0086645965322364,1.1056155275962095e-05
0.0197560993761293,1.8362417951790705e-05
0.0022729741310652,1.0069293105281416e-07
0.0143119446054416,4.9723376869695734e-05
0.010423334638648,3.927897590307359e-05
0.0136983496225535,3.7794522155289124e-05
0.0162851341132669,8.572866809894737e-05
0.003278497968286,1.24482626126655e-09
0.0111853269121647,3.5026215182671736e-05
0.0069340117230754,5.518776093202123e-06
0.0093567305912623,1.1927045526502377e-05
0.0130471390807804,2.6519704025468923e-05
0.0132619390832058,4.2701025615693306e-05
0.0091676891016472,5.076887744705539e-06
0.0141728308699887,3.219688820237845e-05
0.0071163333649731,6.704113075828589e-06
0.0108419371552711,4.422690041089038e-05
0.0025390799506916,3.278003293315517e-06
0.0133903264264532,2.4703414875989778e-05
0.0026771689662086,3.4185679176053736e-07
0.0081985361480639,5.697464105391343e-06
0.0019521240906348,1.0085965525915295e-05
0.0039352513144916,2.014863002829854e-06
0.0032650867564631,2.59689194593261e-07
0.0124919300713065,8.32572014425757e-05
0.0172430017383435,6.03603841096697e-05
0.0096027809900344,3.49605669215861e-05
0.0047168186571622,3.6585842191252135e-06
0.0156618922588136,5.339845894682055e-05
0.014683656168052,8.293325858316641e-05
0.0056429629258126,1.3340624092165547e-06
0.0193027478337417,0.0001225472851811714
0.0036825145610526,5.897208324147357e-07
0.0122997298994319,3.966857452337936e-05
0.0158858473668085,9.431260824379131e-05
0.0178140480412247,9.69133926900083e-05
0.0066679560181425,2.9112422489404e-06
0.0120882856254046,1.8974232720639656e-05
0.0078753264015398,1.886815505819189e-06
0.0006404626790794,6.790909527181439e-06
0.0014871461445955,1.877091231577443e-06
0.0116250566584696,3.253089544350901e-05
0.0111810802951592,1.757580644512309e-05
0.0109005213107753,3.6292563755890174e-05
0.0037255659359466,3.344719740983249e-07
0.0139584212094033,5.873710028573681e-05
0.0138299025057129,2.198718677920124e-05
0.0083334770849725,2.2275881446803132e-08
0.0080828376437601,2.1288087673400905e-05
0.0032450631305998,5.304504970736091e-07
0.0102802801630583,2.7524763463435442e-05
0.0048796722768594,2.6009951089969953e-06
0.0144332783553937,5.5162184147646294e-05
0.0170113436286432,6.4948228205957e-05
0.0119728222491625,4.807007819976449e-07
0.0021437317898304,3.7215873038042073e-06
0.0038113548094969,6.018204238036623e-10
0.0070653887252055,1.5507226459978068e-06
0.013060307570812,1.8523162691575485e-05
0.0176713164129223,7.1757186614632e-05
0.0002393359121506,6.104092019214187e-06
0.0180147267551038,9.7996308773711e-05
0.0010391157012907,2.435905560107104e-06
0.0057049710091627,6.59035668295804e-07
0.0020772382786229,2.2162780976435213e-06
0.0082104279633786,5.792834517614618e-06
0.0190994545688814,7.881108344489066e-05
0.012698961696991,2.466729736453302e-05
0.010100651267366,2.6090988277239506e-05
0.0120944470663813,2.2716634668477106e-05
0.0135958517633475,4.013713644155803e-05
0.0160812248048652,7.277113874843692e-05
0.0127631750947399,6.321611531580377e-05
0.0133025623717441,3.052619108915007e-05
0.0161297815682967,2.803558628422177e-05
0.0160107057187704,0.0001052713218065488
0.0196676862199624,6.876552844973366e-05
0.0196066802718497,0.00014995536389657765
0.0169000703590622,0.00011293546492947743
0.0028431670947861,3.7085205981885365e-05
0.0065085988193224,2.2449694710775946e-06
0.003840414099916,1.2533235970627402e-06
0.002080478040977,7.593994338664456e-08
0.0128932277657217,5.549757817477536e-05
0.0030118859697257,3.5575982860712237e-07
0.0171373490928684,7.063947624525066e-05
0.0015121787245555,6.104431092398501e-07
0.0191532735867125,4.978561644082591e-06
0.0176504481966599,6.42295469824545e-05
0.0098786648335359,1.392310864370642e-05
0.0083749215857223,1.818266451335927e-05
0.0078768322772291,1.5198020909655091e-05
0.0187187050932309,7.737642306972246e-05
0.0033692713030297,7.777301155008998e-07
0.0075084520038121,2.113702567561982e-06
0.0041968136153458,4.661381212829319e-07
0.0191942875699385,0.00011375803406053883
0.0181084776875225,1.699650498914771e-06
0.0069925923501303,3.3059459998735875e-06
0.0041948482469048,3.183690595535864e-07
0.0148132328754008,4.9227772091041446e-05
0.0181091079044285,0.00015038689235524156
0.0118615333287428,2.6793639414489393e-05
0.0166914454489019,4.758810865385018e-05
0.0074281470775023,3.8931648574610093e-07
0.0062372864144265,2.6851364375903403e-06
0.0081634692173333,1.7548882258657036e-05
0.013559959109856,4.873159208400591e-05
0.0131082333088182,5.927483101406495e-05
0.0105674524427596,1.6854978092300015e-05
0.0101495065914648,2.1452676931471283e-05
0.0177075179361588,4.7232637770732436e-05
0.0051677626644131,7.463551477830158e-07
0.0035615932419158,7.896482590880498e-07
0.0093631307872576,1.369644720596931e-05
0.0093902072689048,2.3260228201773122e-05
0.0075330860626838,4.839379431771456e-06
0.0173444336791987,8.174411043293346e-05
0.014525740928597,3.2112151387145895e-05
0.0124966646318383,3.4829176361547987e-05
0.0100427297000338,4.589522781283343e-05
0.0092850412869377,1.1770390030367887e-05
0.0025304980176739,1.8236712629585573e-07
0.0079244259160691,8.978976873104085e-06
0.0059890323525924,2.5770336225077567e-06
0.0138631232860745,3.318729289465258e-05
0.0179576317617583,0.000103448051083254
0.0153024621047043,3.127421688420062e-05
0.0035243983639336,6.084197562119013e-11
0.0035438260053002,4.753213983340744e-07
0.0082541952649777,1.986768516454301e-05
0.0023115005838641,9.749462902201608e-07
0.0062154001673322,5.407663290224341e-06
0.0004925452362187,2.027226915476143e-06
0.0058496851002575,2.376084510633217e-06
0.0031901981753996,3.09500222629652e-07
0.0149845379582448,4.622852172955083e-05
0.0025674884674565,4.7015732546557225e-07
0.0094123372641445,3.029540190986688e-05
0.0075115949506427,2.273847702184863e-06
0.0115919131584864,3.713185085978209e-05
0.0065714387809767,6.242829025550622e-06
1.215313662880524e-05,6.813407847498967e-06
0.0123082967367422,2.8207622819934162e-05
0.0018849597485235,2.654050488170335e-06
0.014441970202798,7.77198199196949e-05
0.0033042616384589,1.112628002655088e-06
0.0118999663001574,5.2764754449136165e-05
0.0170562549005671,6.802879243223563e-05
0.0002266754671816,9.84101422856095e-06
0.0001153318973184,9.758788939845979e-06
0.0191986264015507,1.1154458050255637e-05
0.0003944806161338,1.0104132374110649e-05
0.0133713007229917,4.3557766174033157e-05
0.0071899901743928,1.5753257564662198e-05
0.0072132370869006,1.5230661663233846e-06
0.0177723833118917,9.085795324725013e-06
0.0156568791449087,1.3996912344255287e-05
0.0107356461196112,4.4173519857609555e-05
0.0007729300286431,2.5361484912186027e-06
0.0166706421869564,8.004732830970848e-05
0.0052319355164518,4.723075529620375e-09
0.0122549100993021,2.5633466051827786e-05
0.0020305382046507,6.006428592991801e-06
0.0133115497570801,7.228601883569263e-05
0.0119486733904488,8.565911776255884e-06
0.0025978340027229,5.838002117087355e-06
0.0076480856640682,1.455865338184349e-05
0.0059185650708328,2.180137648486247e-06
0.0102377284100365,2.8999734128732883e-05
0.0014005393304256,4.468587987290673e-06
0.0013635208515236,2.218630883265455e-06
0.0066711549333936,3.1229761393933345e-06
0.0145177836536108,9.452034416221878e-05
0.0113957062959075,1.3640425577241494e-05
0.0112040130564982,2.94137424217441e-05
0.0169539151583527,7.230663252121606e-05
0.0152809581795203,5.7038304838968126e-05
0.0058104473960483,1.116057745662515e-06
0.0110896453733481,8.184695875560738e-06
0.0080459619292593,1.9265125479427873e-05
0.0168219633184301,6.272321845475039e-05
0.017009676845514,9.367756630305873e-05
0.0011827954160431,1.7195600542526447e-06
0.0125069006242846,2.7999459013206937e-05
0.0020066076004186,2.498580232176749e-06
0.0085758416241874,5.073180919747672e-06
0.010019774142065,3.705858921765326e-07
0.0024721808301269,1.8882894222964454e-06
0.0099884089450279,3.90134206340629e-05
0.0117738842043668,3.589958180241295e-05
0.0120896918324657,2.7074020042248614e-05
0.0136946447743677,5.445634080174052e-05
0.0032431653017952,7.520856942730193e-07
0.0019119671479061,1.7200542480245306e-06
0.0031599854945716,3.847343761866671e-07
0.0169806032193266,6.282654252579019e-05
0.0121648701533061,1.6116534141045172e-05
0.0114206948741603,3.317234671846495e-05
0.0165411906640381,7.924970820672452e-05
0.0096354384112362,2.74251036287273e-05
0.0108779031646482,3.091980937211659e-05
0.0042523215515792,5.339120783740537e-07
0.0017213646880324,3.2880516232224875e-06
0.0130188770814502,1.5223999452217217e-05
0.0088942557027785,6.965199273361948e-06
0.0187958768380001,8.202276059342054e-05
0.0192151139613078,7.842075101758743e-05
0.0083771821432863,2.319915302441449e-05
0.0139001569275856,1.410360140717124e-05
0.0162614275370104,0.00010520450102352252
0.0049024932528556,4.0249877286884616e-06
0.0164791290305324,6.012452986348874e-05
0.0007135276324916,5.365227791466097e-06
0.0066444932312016,1.0276772928906305e-05
0.010120594403712,1.0115415107927252e-05
0.010958068615847,4.55189238841465e-08
0.0130087085433245,2.120030711926243e-05
0.0192017995876818,0.00012864999653773294
0.0142925179562978,3.811293190430469e-05
0.0188327571554395,5.509237713393905e-05
4.030417285570965e-05,2.444831763586112e-05
0.0175100290854822,4.6779822267796374e-05
0.0038001051048202,4.952896998756358e-09
0.0094069430852909,8.488080249426588e-06
0.0014521454161739,3.4708868597880333e-06
0.0014293558910474,4.718935578272958e-06
0.0046368091310603,5.778956453346567e-07
0.0139176517440448,2.1354611918984212e-05
0.0073912134402174,2.927907402940563e-06
0.0038889525979815,1.0946870080976148e-07
0.0094957116680071,8.851713026908173e-06
0.0086958854665171,1.4483070096655384e-05
0.015923636085019,5.3851486525314614e-05
0.0114628909701817,7.756808490986832e-06
0.0144970125846271,2.3934431705708204e-05
0.0067004306896937,9.580226872789892e-06
0.0199820851183754,4.052215063889894e-05
0.0178600499289204,0.0001272569806514605
0.0016770235773032,7.369563522497567e-07
0.0029765572229945,9.376572433931662e-08
0.0195864628683982,0.00012634522639957385
0.0129909826023872,3.557915149852988e-05
0.0009434558893142,7.974172757092767e-06
0.0156985541782082,5.569418608974466e-05
0.0016996719329388,1.441313396504081e-06
0.0108323836114383,5.637962958489607e-05
0.0050877207959085,2.6844639803197915e-07
0.0093392003574392,4.029815253882424e-05
0.0038137024743217,5.76626363815859e-06
0.0108472330256457,3.2189041190571285e-05
0.0006255652716292,1.3396675981991408e-05
0.0028747081286197,3.663316903985168e-07
0.010699283070674,3.022685879441381e-05
0.0092425933563178,3.138922439357202e-05
0.0103491761014218,3.262418233235753e-05
0.0135824495728487,5.362225968199198e-06
0.0063884044919832,3.3120422682158983e-06
0.0184048545446787,9.42990213809906e-05
0.0088949552470251,2.0434137660444338e-05
0.0028251434589212,2.3987181736759806e-08
0.0131895919487827,2.702870790002183e-05
0.0137153453207151,7.159926691313597e-05
0.0059915204636174,2.1978583216493575e-06
0.0107512467592165,6.3597438004430685e-06
0.0113263416303324,4.251352760368582e-05
0.0056859108890127,5.35745293291515e-06
0.0157396199439446,5.294121637572366e-07
0.0072791181073788,1.9652267097256917e-06
0.0195561860669873,0.00016088395292327098
0.0004007536674965,8.672771870663059e-06
0.0034080803663273,2.6157739430909683e-08
0.0057738001434481,1.7099723326653607e-07
0.006848672987194,9.653589503557037e-06
0.0092078343857145,3.218639257764338e-05
0.0131412196103953,6.676644594921712e-05
0.0187638778417642,5.163948840463893e-05
0.005790283700557,2.504689002280829e-06
0.0125552257938071,3.4256542227384675e-05
0.0134138730040045,4.2091431143115974e-05
0.0179117304391198,7.503154173368565e-05
0.0083135999415402,1.590648450651508e-05
0.0127491600097674,4.308980056497312e-05
0.0097550699872092,6.584098484944515e-06
0.0062756560881177,2.024569143243785e-07
0.0118257126722359,3.813891863639952e-05
0.003828848472051,8.512923846326583e-08
0.0079216456878558,7.17191687574991e-06
0.0172135409964124,5.509353691971923e-05
0.0157652648209806,9.147125215396683e-05
0.0012472652032842,2.481555243626728e-06
0.0034447535126946,6.301470064852587e-07
0.0071948486175264,5.844756636296064e-06
0.0144826140421603,5.7309444736576115e-05
0.0139089588687265,3.6571413512851476e-05
0.0114755764460226,2.8178327324719054e-05
0.0106406980651624,3.1878469783642253e-05
0.0132994555045318,5.360101224790786e-05
0.0056164856453259,5.779017619026935e-06
0.0015150010612589,1.835366516091595e-06
0.0196408624662245,0.00010260853784092654
0.0130265169400179,5.660158708991725e-05
0.0082900322587633,2.964756205288063e-07
0.0014096091828539,3.0770142680388293e-06
0.0131595027109288,5.177335259465458e-05
0.0152064060816347,3.745134775854156e-05
0.0179369127688204,9.518944358424727e-05
0.0141818579452377,4.622520243011197e-05
0.0158650728605908,7.12467789264551e-05
0.0053391543747016,5.101946502994383e-07
0.0163523753819159,2.6896153839242866e-05
0.0146210654313944,6.661862707800819e-05
0.0188811644680161,8.835885894278952e-05
0.0120524877236553,3.4861856068302276e-05
0.0180723336412702,5.830582093692481e-05
0.0038024925914165,8.20115700730877e-07
0.0007114948641608,9.258744256736329e-06
0.0058565792979371,8.239043848610827e-07
0.0015256783764859,2.8874340177960332e-06
0.006473708233554,5.336484040846037e-08
0.0059543855011519,4.38341196773847e-06
0.0071857805188161,1.1294116279011546e-05
0.0160825878586997,6.72099029764255e-05
0.0044198365271291,1.3460166492582795e-06
0.0069794555081015,6.857833935089791e-06
0.0149310953841576,9.979803957255722e-05
0.0024522474759457,2.6170246237841913e-06
0.0088318833944082,1.289884431635248e-05
0.0102785393105033,5.2003970032291915e-06
0.0189379178788171,8.55382015247803e-05
0.0003691730487851,1.7316069709582716e-05
0.0004325510380497,1.2024641886937873e-05
0.0193889555998136,0.00012510845947748579
0.0071064288737592,6.127316481295923e-06
0.011144751161414,1.7106409377598998e-05
0.0047420928812626,2.2301946582751364e-06
0.0089427802000084,3.227292051734737e-05
0.0109316215733172,2.080116064053198e-05
0.0130487835090631,3.038583682986062e-05
0.0009536219083765,3.217878615736317e-06
0.0087747926003098,2.52513330383848e-05
0.0021082799111849,1.5968762314592797e-06
0.015920258951861,7.798875429113187e-05
0.0025897544576999,3.919706781059249e-07
0.0185498111694431,5.0976148316073386e-05
0.0185086042457139,9.531384232969429e-05
0.0157287312519297,4.911344611938461e-05
0.0001036330836878,1.257858177021837e-05
0.0051085549074092,1.4874242411792528e-06
0.0159120019255655,9.714731852308983e-05
0.0145625570020544,4.115136129884293e-05
0.0193617824847822,0.0001480876863873103
0.0141455326450027,1.8662974083109443e-05
0.0027500030023016,8.457284441325071e-07
0.0182531487130863,0.00012279123474091667
0.0088980883412707,1.0432048789836892e-05
0.0178578485559792,4.908277883033888e-05
0.0066547721944758,7.492922132163382e-06
0.0023979241405782,3.174827427695192e-06
0.0147167835658751,4.3547412298334927e-05
0.0154864735998042,8.380341034353286e-05
0.0137169189633304,4.184373449521141e-05
0.0022437475838885,1.2931807867286668e-06
0.0062100387632203,1.2337273134400977e-05
0.0090887145927473,5.007123754144826e-06
0.0077522424600235,1.0711538163816299e-05
0.0185552383741796,0.0001003460664875455
0.0112715865262751,8.635567842094285e-06
0.013118222092758,4.115263623992272e-05
0.0022997289231138,8.039362675455729e-10
0.0033652083457764,2.679249714579813e-06
0.0097198189172955,5.508507503184009e-06
0.0042541637334334,2.1574463299964167e-07
0.0042309433233504,1.3821885594702665e-07
0.007180909884228,3.7387894615687274e-06
0.0013112462536965,1.5810573043191551e-06
0.0048588732423891,5.364260022628792e-07
0.0066645581281274,1.1809289157861572e-05
0.016472340628497,1.7234224523908893e-05
0.0046190467158958,5.815002944093953e-07
0.0089234541337489,1.1254732073131798e-05
0.0126861587736155,7.167358143902177e-05
0.0052509384826375,2.4060031460592086e-06
0.0025619326914227,3.5664877732338104e-06
0.0049870220843463,6.833071259814258e-07
0.0091039370341452,7.881209841297215e-07
0.0161294979527229,0.0001647605409588808
0.0134235015088335,4.13346672438864e-05
0.0075949375890386,2.601886470869546e-07
0.0089030286226332,1.2489307968552263e-05
0.0134451198478289,5.248827735443046e-05
0.0003238665004542,3.680277955561572e-06
0.0158767763098479,7.891933163097386e-05
0.0167814909418202,8.255513334736439e-05
0.0163126661372394,2.6072903452161874e-07
0.0191049930477105,3.94777191773413e-07
0.0016178147646714,2.3981475764030886e-07
0.0054274109910497,5.281871569619095e-07
0.0112378945432078,1.3084058081738374e-05
0.0099549441415954,2.1113834130571424e-05
0.0170888732984741,5.9809148264089106e-05
0.014560959375768,7.352412551853468e-07
0.0005647711867554,2.736263885368297e-06
0.0030243842767387,4.3320327577193385e-08
0.0187325713288376,0.00011727964814848135
0.0012916459801822,1.3586591372600383e-05
0.008166918443994,2.0267630546627713e-05
0.0077626941053346,1.4805919525249616e-07
0.0124815200562757,2.280940347932529e-05
0.016915529904778,7.677561553416255e-05
0.0006866065711945,5.721553126142093e-06
0.0095547123370144,7.206759393604288e-06
0.0154444425416392,6.49714415429759e-05
0.0187652048077029,5.810906853689273e-05
0.0076892714687247,6.769697122120989e-06
0.0010306506272616,8.76788928592914e-06
0.0045368995901525,7.525446303688259e-07
0.01918535494624,0.0001358405024262556
0.0089190620290188,1.642860818908283e-05
0.0052404240562968,6.316455268023723e-06
0.0027919073622937,2.763998163343058e-08
0.0005269952984342,9.184597806351512e-06
0.0024247688148845,2.2036752883679958e-07
0.0004212616461046,2.8971129638263226e-05
0.0071728696471898,5.4870986293680735e-06
0.016442880762013,1.8449782301127963e-05
0.0145008097918264,5.516466501299312e-05
0.0134518033936874,3.885833067756654e-05
0.0013832591475634,1.18877813351067e-06
0.0129099887481252,3.8735228551903376e-05
0.0112667279155227,1.5762907290819625e-05
0.0105513572746262,2.0291004258717874e-06
0.0089968995015317,1.3291258961452529e-05
1.1251210429568116e-05,8.27189091419169e-06
0.0006070883634706,7.836279124345483e-06
0.012356770126863,6.195335935679674e-05
0.0190043316663369,6.327200201900642e-05
0.0167123602417143,7.390741151727216e-05
0.0078288307516529,1.4292929790188463e-06
0.0186867108741033,9.412419299977263e-05
0.0097216107794136,3.249012946164473e-05
0.0163894790092149,0.0001026261912697645
0.0102851745636034,1.382459740617386e-05
0.0168301827956794,6.35141431419242e-05
0.0049884762084475,3.995537491553239e-07
0.0105639937340035,1.939541621969354e-05
0.004185947539048,2.0773721466193846e-06
0.008582431367068,2.2393540119352568e-05
0.0108778830450814,1.9812716110807916e-05
0.0136310260106409,4.418016165057223e-05
0.0028686481265486,2.0895074667759762e-07
0.0153704785532828,2.5611461493884647e-05
0.0160306897906253,5.540121170171606e-05
0.0188361700984363,2.004758609757612e-05
0.0184041340751935,2.1018568834676305e-06
0.0069215821613734,9.790205856324314e-06
0.0197524399944644,0.00012976202777176016
0.010699129093573,1.2576268511449938e-05
0.0020167098185573,6.889442270387846e-07
0.0126204885177328,2.0414190584961104e-05
0.002958933867711,1.8385590550495922e-07
0.0017961363375983,7.6355412853573e-06
0.0190300140477378,0.00011115304122244829
0.009640232090631,2.585250762245277e-10
0.0121493136048894,1.214422466833813e-05
0.0081541519336604,2.3807397831638887e-07
0.0156877454246563,4.178102329085062e-05
0.0122567234422078,2.6049773245467304e-05
0.0158152496339415,2.5682957178595613e-05
0.0112290262986471,2.421516091592239e-05
0.0149959259009255,7.650942401523512e-05
0.0172623683019269,6.797559424941787e-05
0.0183129813786913,0.00010333715387974176
0.0056264973950267,1.1480553755756765e-07
0.0125752114981438,2.544478066769997e-05
0.0082938818272175,6.020377123610438e-08
0.0177979682826755,9.146475396054127e-05
0.0087153547429347,2.415760136246673e-06
0.0022038700669333,4.997967036576043e-10
0.0031483589343742,8.234315229528379e-07
0.0047730053176965,1.220101485966659e-06
0.0121892437988935,1.9009904683098712e-05
0.0039034472648378,2.6798840156236777e-06
0.0043754440612444,4.836560392129397e-09
0.001887158701899,2.2431186450266142e-07
0.0184024747988564,0.00010821872082503418
0.0070419025657912,4.371348837065959e-06
0.0039269864688158,4.5698530619154013e-07
0.009588284110889,9.536545926562952e-06
0.0168484957556878,8.655765106748236e-05
0.0003605220110228,1.0490554923295725e-05
0.0068702377338278,6.243377889145239e-06
0.010759872687719,1.5387295979854002e-05
0.0090986899565533,6.705768284222674e-06
0.0014815399604245,4.905404793805361e-06
0.0031446764320959,1.5628197000872925e-07
1.468773267836454e-06,6.732237344869988e-06
0.0139148651754276,3.4095891798748846e-05
0.0045779189106288,1.3133792293175085e-06
0.0010924912790286,3.5967230316974914e-06
0.0009947338074369,7.1299122795095965e-06
0.0025398009042364,3.938784584649706e-07
0.0147695219572262,8.64987948580828e-06
0.0146557822532504,3.023910423177326e-05
0.0184598898408724,9.401875637880272e-05
0.0045663657287384,4.845434755501765e-07
0.0135312746238137,4.46045793267309e-05
0.018628959976421,0.00015346933369899483
0.0007155422591064,1.6402102513572417e-06
0.0043661803300226,2.9731206944093425e-06
0.0033478461196194,3.600226924621585e-07
0.0144269368903354,4.830320364322331e-05
0.0085037611490973,2.452470666835296e-06
0.0103713927598456,3.6476931945220235e-05
0.0156363271796003,9.57409981992919e-05
0.0077283881681153,7.031959465348489e-06
0.010728334445127,4.4220527655591204e-05
0.0084405801852946,7.379578688701499e-06
0.0079639611206006,1.3655637713553833e-05
0.0085179793248515,5.385730295600248e-07
0.0161786191821009,5.479456876928087e-05
0.0198971291043631,0.00014861691867896205
0.0058774252877677,1.323787147526222e-06
0.0068794563508185,1.2878241135700958e-05
0.0184803203514323,8.763909112310256e-05
0.0016207258148015,7.173353763937591e-07
0.0160708366352037,4.498606059969761e-05
0.015905249420625,7.225368141723668e-05
0.0092148722408556,1.3762770197558882e-05
0.0112112013562222,1.9100516624340607e-06
0.0060807328807836,5.227402051960316e-06
0.0175418504263852,9.712925429078049e-05
0.0008065918764387,7.91955036993025e-06
0.001156057107047,4.707608184156682e-06
0.0182516884515264,7.483217503655562e-05
0.0020670060843447,1.7767102734622138e-06
0.0105670337750007,2.8186546785765913e-05
0.0075514167599747,2.6556276672091674e-08
0.0187063795651341,8.707387287174179e-05
0.0006184292727018,1.2941841495490729e-05
0.0106984764446001,4.4532911728525806e-05
0.0094963655608656,2.2000456972897967e-05
0.0156098249322341,3.9744331346893056e-05
0.0156465654574535,4.276530478625209e-05
0.0178840988308028,9.561697628446157e-05
0.0125751685527362,5.970089937034297e-05
0.015742271580349,5.3614585793101105e-05
0.0170593324498533,0.00013422558710425057
0.011894642236327,4.1397829538206156e-05
0.0137195880299677,3.0865999358701224e-05
0.0171668709658103,7.272406883449003e-05
0.0194883162342998,6.689698313394088e-05
0.0108079118520861,1.1023615989957968e-05
0.0074375860877872,2.1744380032625246e-05
0.0030858132931045,1.4030899267028013e-06
0.0034100411534919,1.223629911047006e-09
0.0179411777824128,3.886575683059679e-05
0.0146495595432892,4.914850391748985e-05
0.0180404037961971,2.582159491700151e-05
0.0171632624577882,5.4667768424154014e-06
0.0141615627183207,5.709870192187166e-05
0.01010251416346,3.0852553261185084e-05
0.0066392777093956,8.11655398222865e-06
0.0084794244059712,2.339776261840541e-06
0.008489245791184,5.049466812494242e-06
0.009785850689783,2.111722174836532e-05
0.0030218717810449,6.382565204182034e-07
0.0046020870639618,1.9487237140679127e-07
0.0153923457987564,7.663169299845798e-05
0.0032567416148319,2.4537351919564903e-07
0.0193280407582436,8.66796611729482e-05
0.010726361393532,3.285313579891908e-05
0.0057380109748403,1.2730476956423572e-07
0.0015905794760937,8.30290391748283e-06
0.0103239386301992,9.022469116723126e-07
0.0081885509300015,5.520529662942492e-06
0.0133241155218982,2.752506474242108e-05
0.0174294769491495,0.00011342355028433255
0.0199612497340885,0.0001318203500933968
0.0090460113643829,6.1302577182465075e-06
0.0138206316735399,2.7522095607368846e-05
0.0144948663599399,7.661852344830386e-05
0.0198332350872763,0.00010735832979234084
0.0095045594979375,1.8055544665045066e-05
0.004614418311231,7.534139452522108e-07
0.0100063064757659,5.8798316017880885e-06
0.0079157455087448,1.965308690706036e-05
0.0100882514956799,3.930488655920199e-06
0.0152931534720102,8.012602703160808e-05
0.0036309584637724,9.323267205131269e-06
0.0182733750093388,4.333334576697524e-05
0.016235845718842,9.615586009612258e-05
0.0031146771069956,3.291835057956133e-07
0.0192478507815435,9.97726290092607e-05
0.0059291058102207,2.7269129039996717e-07
0.0080828179335381,1.917404825759365e-05
0.00754803308588,3.235919399521912e-06
0.0094500518582051,2.7878872940222457e-05
0.0157510189820447,5.3545384466841274e-05
0.0071960040561158,2.4209178881527866e-06
0.0164251415704411,1.7398323417735174e-05
0.0023217778414564,4.457113480201129e-06
0.0021563161747431,3.7501263764237836e-06
0.0148952336594056,3.4367005312063355e-05
0.0142147234381614,5.749765627692951e-05
0.0108844059555788,4.435597037166266e-05
0.0171154751040201,0.0001006947905599631
0.0159823476451604,4.471607531067269e-05
0.0090902322409261,2.9556697849892244e-06
0.0098874059694824,1.7744390345984944e-05
0.0148198912993181,3.166162887370427e-05
0.0167067239060976,7.503769046385483e-05
0.0076886918799386,7.097877654787197e-06
0.0119182134620322,5.229842123958457e-05
0.0013735177387107,8.227555658375223e-06
0.0107947485269748,2.8121814732007724e-05
0.0064843844871241,1.0008206685634046e-06
0.0110565439105537,2.3331445439981145e-06
0.0161270647240366,6.057651371756049e-05
0.0192416991071027,0.0001370128908783769
0.0054386287545414,1.69175669611566e-06
0.002479953840916,1.787364848218603e-06
0.0072923099951754,9.474556429790445e-06
0.012122659544295,4.213908279707423e-05
0.0060496340829482,6.454230579807921e-07
0.0111034392287983,1.817890003530648e-05
0.0017165335463721,2.7150444132773493e-09
0.0001511972775372,3.354785459302565e-06
0.0123323045234201,3.6765643769311166e-05
0.017060910120666,8.418545321724201e-05
0.0171656619780939,6.214197391278549e-05
0.0041707813590313,2.0363044400705258e-07
0.0142065611379392,2.3441202872041026e-05
0.0062489216668614,7.4309964670999775e-06
0.0192093570985775,2.4816661841321242e-09
0.0149957908469885,3.199064214949284e-05
0.019284377852939,8.268609704216537e-06
0.006770156544749,3.163838808314926e-06
0.0093921232846783,4.083951049029632e-05
0.0129704664853256,7.623826428688714e-06
0.0086123355769624,1.5171921055618411e-05
0.0034428326781951,4.595156404384626e-08
0.0144005785520649,2.1006695057160104e-05
0.016275099875362,6.206429145959576e-06
0.0145355600202497,9.173448988253451e-05
0.0034578356985644,2.566286994042332e-06
0.0198870179919192,0.0001380675456754454
0.0025724666397093,6.274065955005928e-08
0.0035346481485876,8.50955786776185e-08
0.0194121865068301,0.00010751300466328549
0.0193348727237063,6.27551147905777e-05
0.0030014682595698,6.069827928636113e-08
0.0052597580103202,4.43593281596094e-06
0.007122532829111,1.3890019774185076e-06
0.0085832843842877,3.84480772161498e-06
0.0108103833819033,1.1310439369459918e-05
0.0024660182450282,4.1889901861700597e-07
0.0007427998936111,9.626988170019831e-06
0.0061300953036792,2.518242662206248e-08
0.0119641516416126,4.320508804447048e-05
0.0032424449739192,3.7912782497406467e-06
0.000197921665215,3.7447928688107453e-06
0.0099059997447972,1.7500073398641327e-05
0.0067458398672393,7.750649079529974e-06
0.0179045100463537,9.128007074073252e-05
0.0045160147587566,5.283145501890023e-07
0.0140046521836423,4.725359149701346e-05
0.0081930644668,1.0616840549966091e-05
0.005114147855536,1.46894028845119e-06
0.0001320760747062,4.611116577704833e-06
0.0061765060770219,8.264941740707698e-06
0.0088382297076073,2.231983668383658e-05
0.0093828384120473,2.2898670752659145e-05
0.0120125336889546,5.193266074546908e-05
0.0027305522274835,3.754552215536322e-07
0.0008204672926014,6.788202600978458e-06
0.017625819550801,2.267888874824632e-05
0.008625962408605,1.3276997808749052e-05
0.0009140130729137,1.5679078692663617e-06
0.0121643464573241,1.6248827804966062e-05
0.0088257719450856,1.0628511583417673e-05
0.0125602864696098,2.20470745272692e-05
0.0109894643918408,3.3026390249284905e-05
0.0064167129883576,1.942418194353903e-06
0.0043227169171963,3.801671219223086e-07
0.0141348349253848,4.559503332364679e-05
0.0167324016422273,4.396865940681064e-05
0.0102815161814106,3.0935111622448033e-06
0.0141690102503531,4.4158853129417825e-05
0.0035720234862583,2.1023226714581707e-06
0.0048253769519275,9.037259223530261e-07
0.0025845032143236,6.534542226405742e-08
0.0006000077339319,4.9204277146545675e-06
0.0065956709407568,9.617743849403744e-06
0.0172211267465567,0.00012101327689277724
0.0116935473695703,5.0190548393778026e-05
1.494254212859314e-05,1.923501434001407e-05
0.0131454834762353,2.5214927581598506e-05
0.0156518788962212,4.421016215024214e-05
0.0054702073036523,1.5836739653322456e-07
0.0141390708782432,2.2383807851313984e-05
0.0197114779632922,6.399416945804986e-05
0.006733320674873,2.0468561090292643e-06
0.000434372494546,4.097042111292114e-06
0.0049078312624056,1.4408098118806326e-06
0.0039288810228059,8.972215737093399e-07
0.0047996740692089,2.846788424700479e-07
0.0034240531008281,1.6010135314573144e-06
0.001465196689478,1.8369592401518846e-06
0.0161144613914682,6.29122954304855e-05
0.0192097129213804,9.562634365377047e-05
0.0171493380631426,2.9925718963180025e-06
0.0174858756942779,4.8504573260877836e-05
0.0064604562641084,4.254709515169741e-06
0.0014228761526937,6.753362636360608e-06
0.0010515132050514,4.49005983323169e-06
0.004591692642121,3.479478927217505e-06
0.0115717536429544,1.709480100894832e-05
0.0082732517083518,9.013046450402071e-06
0.0080224776368373,1.0440245318537238e-05
0.0023887956722218,2.827227225570967e-08
0.0040601851210737,9.654909925709899e-08
0.0136335846520271,6.501784474869483e-05
0.0035479949000846,2.9528406072909077e-08
0.0173205695119722,5.194656211060387e-05
6.640312450924446e-05,1.0220027893772577e-05
0.0050300140587443,1.370137759782846e-07
0.0131211692421007,4.9120666479845295e-05
0.006378188792507,3.1278579308803385e-06
0.0163522942253244,5.1553495744212966e-05
0.0190034623550858,8.857458194541571e-05
0.0040819771302992,2.9377391973680057e-08
0.0063622786685195,9.657603845995046e-06
0.0081601455237863,1.852308906546507e-05
0.0060074507818387,4.359620446998713e-06
0.0024827377305087,4.4296307041143174e-11
0.0149100150924355,2.6757745125040097e-05
0.0193894884578471,8.219401642710515e-05
0.0199852730788353,4.049611730772202e-05
0.017349980643761,3.132708237544975e-06
0.0080945037300904,8.370123145985938e-06
0.0072721472357624,1.3197607623392272e-06
0.0022482437833382,9.260954297851827e-07
0.0071680335004978,6.722392410401314e-06
0.0003310046572703,7.0313450125997655e-06
0.0059564638687374,1.1027473489306258e-06
0.0085848714496948,2.5953828780008343e-05
0.0035823264268775,9.023116548084504e-07
0.0020895056222359,1.5305291176726401e-06
0.0072495491459082,3.3507360949400603e-06
0.0094566611631305,1.630232369404875e-05
0.007717142836158,1.757819583940963e-05
0.0164082972019439,8.583741149598473e-05
0.0134204032836381,1.975182328626734e-05
0.0026384571933671,4.4325488631549615e-06
0.0094846779667109,1.5646018084575608e-05
0.0029975241252243,1.5704699145396379e-06
0.006468915883155,5.4028463742313154e-06
0.0076524957458815,6.40591000865407e-06
0.0089024591352635,2.8934061192290057e-05
0.0142215001617787,2.6168370960418126e-05
0.0158008384050318,6.892394512824019e-05
0.0173464619251418,9.589597216503938e-07
0.012718228392873,5.650290123126311e-05
0.012340173031605,5.499133095543683e-05
0.0009824511386872,4.051692191927585e-06
0.0006602572643281,4.4825978371068614e-06
0.0164588106705767,1.5773320730397762e-05
0.0026173995347437,1.5654895058755678e-06
0.005812360790315,1.125817230672252e-08
0.0125943966705447,3.711786844643376e-05
0.008021506035165,9.610013667680965e-06
0.008616181312417,1.9965206737888435e-05
0.0147282306270111,6.020697182230663e-05
0.0109314071655763,2.0036682570834305e-05
0.0102980038275643,3.840792067398197e-05
0.0157137472574385,7.889710031645558e-05
0.0062641367735443,1.3570651854029981e-05
0.0168196155151011,1.588197288350324e-05
0.010310103091569,1.4515710038241098e-05
0.0078165428028214,1.7252640001226174e-06
0.0138335504420838,4.248087580466417e-05
0.0160283794586071,8.268378361597557e-05
0.0081406490255703,1.1639225702088924e-05
0.0195900515005988,0.00012987114679178374
0.0055099686349078,1.674597134700829e-06
0.0021189402321602,2.1490378638271708e-06
0.0192170316031909,1.95763392408717e-05
0.0046538101941323,8.09094596557029e-07
0.0008683612549344,4.886854377699969e-06
0.0151884743129512,4.658526727943131e-05
0.0126223134000317,3.8414199482465196e-05
0.016365618696415,6.397912037789415e-05
0.0001864856122733,5.756493415599549e-06
0.0053690792926732,2.980425150549088e-06
0.015982207056961,9.675496795184792e-05
0.0115723337848199,4.9288418146644425e-05
0.0094208272040214,3.371752463008138e-05
0.0159110805257327,7.863712328810641e-05
0.0052351036403584,2.645201160116285e-07
0.0077493966368102,9.196452768088419e-06
0.0159448337528499,7.212251570465225e-05
0.0169105950109445,8.960669924735632e-05
0.0058087244937941,3.7502176199150096e-06
0.0178141487921112,9.126487982591266e-05
0.0016575483994706,4.387119301012302e-06
0.0035999412026489,5.204154807894723e-06
0.017279990954015,2.6544899779771533e-05
0.0141391306009024,3.644354162890144e-05
0.0100171019105034,1.1983877599212789e-05
0.0095120819983034,2.3079597639449753e-05
0.0172058992528669,0.00011990155514929748
0.0108749042303624,1.175716145896382e-05
0.0177615462287609,6.775659903039757e-05
0.0074703944749447,7.220788372114857e-06
0.0174360352451319,2.3949246984042505e-05
0.0038763405777432,9.501465135202388e-10
0.0173563333425465,4.476173531700938e-05
0.0122880326252451,4.510227972512356e-06
0.0096107360283233,1.6187937750159665e-05
0.0115414888671932,5.1551825083885744e-05
0.0068138563893238,8.029883058270362e-07
0.008951513852929,5.382654012576309e-06
0.014653962580751,9.29944738963737e-05
0.00098314142087,2.9037830136347806e-06
0.005938284539267,1.3320848444701771e-07
0.0145971195378551,5.5305634930448577e-05
0.0083862520154699,2.193879351521677e-06
0.0184286685823469,0.00010431436657528563
0.013767283972594,1.0049667741687488e-05
0.0183176066896883,8.48910213065765e-05
0.0022453856589638,3.4814164656151383e-06
0.0042547238173404,3.173334552187376e-07
0.0033650319476183,5.848830161538089e-07
0.0006656167189156,4.385685780418114e-06
0.0083987237258501,1.0506013968619534e-05
0.0002688141497931,9.608712974408543e-06
0.0024099769279652,2.251805940319529e-06
0.010582452204793,2.0942782683622917e-07
0.0127854852429963,3.352354550161956e-05
0.0015940221638837,2.392804546525612e-06
0.0168013125769106,4.97299246692289e-05
0.0076209228549657,1.361853166984343e-05
0.0107619861928103,2.7444874356307754e-05
0.0148482640825851,2.3943868027763923e-05
0.0042798376933892,1.6534588596334156e-06
0.0128702210106341,2.988989175261437e-05
0.009609275886425,2.6875664609569584e-05
0.0177864499006882,7.200702803607112e-05
0.0149802215754693,7.334058789692633e-05
0.0132777093048936,1.2021489759964169e-05
0.0182612944976128,8.846283349472385e-05
0.0007487277295457,5.8972931369866925e-06
0.0104918197624592,2.229539123174072e-05
0.0048578179792793,1.980727821597109e-06
0.001753511835139,1.6968711839977237e-07
0.0112014282489587,2.959632554890854e-05
0.0193173228401008,0.0001004235141751565
0.0177537595100503,7.451272143886338e-05
0.0091301320572268,1.901219719326781e-05
0.0185196985729405,6.528668576876984e-05
0.0119955655039473,2.2421185004207037e-05
0.0113798396341782,2.7004806460314725e-05
0.0126112346965182,2.9862658033985418e-05
0.0048582047629886,1.6076941271276295e-06
0.0188917572173941,0.0001397717074995654
0.0121970068090347,8.128112838280426e-06
0.017832295384605,8.483312672356933e-05
0.0076105360105607,1.4793163199008929e-05
0.0165627822079435,0.00010307814675957504
0.0049134879696699,4.884165519687247e-08
0.0163380375440509,4.4723886769449326e-05
0.0107580296477818,2.0930633793060712e-05
0.0055559436838282,5.351283041872348e-07
0.014298064359855,7.779465594499756e-05
0.0096615226610967,3.21106621253598e-05
0.0037907357660121,1.0261312567186212e-06
0.0116023549071937,2.495454513719741e-05
0.0047623177066919,3.915342371433684e-08
0.0146834525786046,4.586774842333314e-05
0.0002989099402706,6.581812929571171e-06
0.0143979895555265,7.454069176725036e-05
0.0159384527309636,6.646853453679691e-05
0.0197000261793465,0.00010432962106708197
0.0088977014229507,1.4552136600833645e-05
0.0058807683313103,7.628099852011755e-08
0.0008996009599384,8.992750289538551e-06
0.0119047879643198,3.0629706985221737e-05
0.0030996903558808,6.692177247550889e-07
0.0122012734432035,4.579992991413015e-05
0.0174151786127469,0.00011047914041054674
0.0038594976732132,8.857664972071033e-07
0.0110538552840306,6.185534124639967e-06
0.0140730877637242,3.1910394602768495e-05
0.0079974776053187,1.1668417314794053e-05
0.0042355976402874,2.8722618719935784e-06
0.0104783804863151,2.5349436493099763e-05
0.0093270077124632,1.8030639485505282e-05
0.0048583532272586,2.3884175512289027e-06
0.0005055761540007,4.578347405813646e-06
0.009207051390777,8.92997007167333e-06
0.0175536057475599,8.117133676765554e-05
0.0033258804456882,2.288063933535874e-07
0.0165144530118055,0.00010259990429079535
0.0003516599666805,3.27373467210256e-06
0.0103970020879816,3.2132925291316367e-06
0.0118239273372816,4.579412150082318e-05
0.0032652419140175,2.7165107956257816e-06
0.0148607165395749,2.31209854903493e-05
0.0168599833755421,6.329038362527047e-05
0.0098266223573976,7.114264959317346e-06
0.0159810239128635,6.570854264312548e-05
0.0122935212274459,7.475315247307423e-05
0.0116042023521237,3.9102364946954126e-05
0.0177575112980942,0.00010197874786034382
0.006336633366956,7.163803195420207e-06
0.00109631338842,1.8058834174916866e-06
0.0040574547504706,1.3085814928554608e-06
0.0148548378256344,7.285745228067893e-05
0.0077862724140135,5.99922101750545e-06
0.0094955468549181,1.3534692402604901e-05
0.0116359660631359,2.498562062821511e-05
0.0154234131235164,1.87743919698663e-05
0.0073216861283074,9.243397760789608e-06
0.0137003696928498,4.501138763232294e-05
0.0098054724547647,2.9599815335646423e-05
0.0132305665869747,4.608589863652856e-05
0.0155777585767494,5.685863018513667e-05
0.0006648128220156,3.569604896976309e-06
0.0087314613920351,1.3311451918854487e-05
0.0196804041579192,6.699185016214723e-05
0.0037716139193904,1.935795015273687e-06
0.0164471618316969,3.060789573382534e-05
0.0143349239582292,9.953097204569944e-05
0.0179362551936557,8.36790740591516e-05
0.0097685536628788,1.8248210026198556e-05
0.0040485676429672,1.4717763099527954e-06
0.0025451082591543,3.0887596785415367e-07
0.0095578329830919,1.6175629259077537e-05
0.0134327418335634,7.824926989241827e-05
0.0186631315822692,8.206999454388345e-09
0.0007038096084898,4.957732595955215e-06
0.0133157228514579,1.763126174274042e-05
0.0160378164267199,5.6428614399721945e-05
0.0140513991390972,3.1979803693201935e-05
0.010563707819074,2.7105296341391976e-05
0.0168470300699406,7.78573047251859e-05
0.0075139683804811,5.3599830450771195e-06
0.0008956071300818,1.0051938637531628e-05
0.0093335296595937,8.414121285319171e-06
0.0195306286679984,0.00015614512855827717
0.0063379960588656,2.7030364176200156e-05
0.0128263113857243,2.42428066830537e-05
0.012106734085888,3.916311075242027e-05
0.0179877125122174,7.344772243435694e-05
0.000997138680399,2.633942371396614e-06
0.0022805250848614,3.0973709396730586e-07
0.0089044948183729,6.212349708691083e-06
0.0162925953040739,6.417312547525409e-05
0.0119273826555762,4.2343904082416235e-05
0.0193917526325968,8.552527065903538e-05
0.0162503930704866,7.327306878314827e-05
0.0120705057337953,1.329584348649641e-05
0.0063641481967964,2.27940657611851e-06
0.0005242275944137,2.915008415250689e-06
0.0127607827132989,4.914372237929332e-05
0.0001809700493567,1.4059675085082634e-05
0.0159934152622937,9.598614936212369e-05
0.0068452262029169,5.510626110160437e-06
0.0058611756006573,4.204466301486994e-06
0.019464534922869,0.00010146677067682434
0.0109516724473779,2.931876323329327e-05
0.008328244246161,1.2639117493909207e-05
0.0081822397990689,8.014890482954129e-06
0.0055144235352167,1.3123429234404055e-06
0.0142360109594506,3.684800365983002e-05
0.0177835571235841,1.8496521966716604e-05
0.00865180659508,1.3711609762776534e-05
0.0199650995042083,0.00011099633580978932
0.0156472779593101,5.259770524236506e-05
0.0139319407843599,2.8197538357771585e-05
0.006575717840139,5.920728108500733e-06
0.006122305479563,5.7466641640176135e-08
0.0010959967377398,2.209631005895105e-06
0.0171403512822887,5.5581840108317116e-05
0.0020125538645742,2.4055155554418533e-06
0.0015795300660545,1.3770317045142012e-06
0.0026430812160092,4.254473466554191e-06
0.0068301811241764,3.032188938370316e-06
0.0163121877043423,2.10640055601053e-06
0.0098512351635032,9.73939270046365e-07
0.0149155376840188,4.109664375642081e-05
0.0119114899543796,2.2687784956409935e-05
0.0197393788186259,0.00011818994514385966
0.0182949134249695,6.17865540037492e-05
0.011176101906952,3.1263675974767456e-05
0.0169504512114368,8.652451765284798e-05
0.0103980354825315,2.1606657950384082e-05
0.0045384936577581,1.4055253184507084e-06
0.0062818550757388,3.940883000311593e-07
0.0194467855947837,0.00012601818977028335
0.0008416256871734,9.547567981587393e-06
0.007243548718253,1.6433716206015386e-05
0.0080885957573825,1.2470866109011605e-05
0.0107154703737235,1.6305018847979127e-07
0.0089770404519023,8.430782244304422e-06
0.003298010689819,4.648234133092754e-07
0.0070021680508891,9.513649253559454e-06
0.0021447235522836,4.8975876905117115e-08
0.0037349342506791,2.621466712068418e-07
0.0170647386049327,0.0001036272668854291
0.0188796098853077,0.00010724849956071891
0.0044738946460675,2.1932524687214012e-06
0.0191210456231667,3.9170071914330976e-05
0.0031262192314495,1.1098821646837502e-06
0.013946064096935,8.636588293859521e-06
0.000170699985741,5.414533762058446e-06
0.0033295992122001,4.398110601418505e-09
0.0026508905369694,7.710166931916022e-10
0.0130520780626691,4.5480753975347974e-05
0.0006180481163726,5.255262712312375e-06
0.0066945350831233,7.387263443671648e-06
0.0118857352658895,5.238303897126817e-05
0.0082985427318434,2.2990313451454688e-05
0.0089542172497867,4.744994160902717e-07
0.0123969616399812,2.2224274324235822e-05
0.004186234803564,1.2778354241704063e-06
0.0136964933383254,4.528428549248946e-05
0.00325781886008,3.469683968884685e-07
0.0086743506979626,1.5810002761249186e-05
0.0029872869025662,2.5824512885338614e-08
0.0100437137998175,1.4249698191809833e-05
0.0013547886037714,2.2479177954141855e-06
0.016210652313433,5.997833080681768e-05
0.0058175132836518,3.809550377651983e-08
0.0139213123040414,4.912605908539735e-05
0.0120003897461317,6.881364876664038e-05
0.0150799055067678,5.740836668306757e-05
0.013179506883417,3.5413316555166826e-05
0.0182844864787766,0.00010056817809093024
0.005642185306348,4.476663398994088e-06
0.0147994064786864,4.8272782356127834e-05
0.0012846373889622,5.804785638703704e-06
0.0065928025658113,6.145244160390073e-06
0.0172274966748332,0.00011819824942740601
0.0078876041369512,1.7183243546704872e-05
0.0029352354401724,7.424732126565391e-08
0.010622907616103,5.893741641631904e-06
0.0045746600160222,3.8660014603120085e-06
0.0127360999793334,6.0733362952994004e-05
0.0052425660558664,4.127141429612707e-06
0.0106724750335321,3.711079483135318e-07
0.0005124817219279,3.3987442553967205e-06
0.0057605139311004,1.3288965199277452e-05
0.0044505201925201,2.0619958889404846e-06
0.0099012633217711,2.165923566829565e-05
0.019972250205371,7.555710429477512e-05
0.0097900407540154,2.188100437757223e-05
0.0132597120785674,4.6902137871195356e-05
0.0130413948598491,2.8675617412885363e-05
0.0038086179646228,3.196234231340413e-07
0.0027860207928703,9.506048654132057e-08
0.0063412006710949,1.1728677777527736e-06
0.0066922680173405,9.013403993666086e-06
0.0197129736657469,0.0001208440511406542
0.0044365328277842,5.035387038535489e-07
0.0066116602021725,9.711789706453507e-06
0.0034375894565594,6.133108192094123e-07
0.0185739998432915,0.00013685148650441898
0.0062588861469775,8.65689094041888e-06
0.000293180840261,3.230503394089237e-05
0.007093443362376,8.652004423600634e-06
0.019563989042106,1.8740608432755997e-06
0.0173526037736309,4.012118076346169e-05
0.0020388135781201,1.6690387009836049e-07
0.0142291897760819,4.015818568671435e-05
0.0035492862656777,8.868460481242879e-08
0.0013336753196919,1.274680977604633e-06
0.0101398308231638,1.5680654549539697e-05
0.0009023623651815,4.824077825166363e-06
0.0060640867045238,4.3548347326788125e-09
0.0108540295976341,2.3547717384830393e-05
0.0108657582825461,2.036762936978416e-05
0.0071646147638332,1.3641727933896172e-05
0.0025514429127517,6.032983471250896e-07
0.0006189031476284,6.599653619750325e-06
0.0104823708527015,3.5661639687068706e-05
0.0009186642846995,2.371055957340178e-06
0.005472583595446,1.0328128304365132e-06
0.0026870543788302,2.292855115950592e-06
0.0160118254221393,6.703984507481493e-05
0.0146289790736244,1.9434099087469513e-05
0.0049925686221865,1.278793644738345e-08
0.0146416496886535,6.224709824994075e-05
0.0152772522196448,4.50523635134621e-05
0.015888812694252,1.8404821560086023e-05
0.0035702930849232,8.019163925707177e-07
0.0190757382506565,0.00012313452038235684
0.0152220563866195,5.196833527885758e-05
0.0050874337468503,1.7409538104937557e-06
0.0195959630402755,0.0001175795861979369
0.0189567623240222,2.7605964510823556e-05
0.0025329845632129,1.2804106168638572e-06
0.0019352670524614,5.781797650977643e-06
0.005431858236804,1.8385097188349628e-07
0.0167353020573421,9.858450810402758e-05
0.0146918875064907,2.6001078718682157e-05
0.0095555241568403,3.5574996249466793e-06
0.0017401117736244,2.183149814205062e-06
0.0044282724677174,8.762910963519911e-08
0.0034066176432771,1.746741814892724e-07
0.002295714244061,2.1314627704348046e-06
0.0078966090231722,6.46372495610339e-07
0.0166882095604863,9.191440308494695e-05
0.0196326804919603,5.636646364224746e-05
0.0110543094179481,1.5577284722834645e-06
0.0188608813401114,7.669920742822846e-05
0.0148865393473183,5.5802875612660874e-05
0.018774556756801,1.7426687971110746e-05
0.0197047993195024,0.0001451234303761048
0.0029262628910865,4.133870675203727e-08
0.0012731312398378,2.5789888288647905e-06
0.0014028278808569,4.000018196017341e-06
0.004434075808999,2.09141557032812e-06
0.0094202467950938,3.3404096217711134e-05
0.0103502850284626,1.6054511058198736e-05
0.0110608759856788,4.2158117666544455e-05
0.0181608395830411,1.5909564284364508e-05
0.0152427514397754,3.141325644608755e-05
0.0159291102603306,4.735512612670448e-05
0.0150449248078794,6.294228781535913e-05
0.0083114939936142,1.7569842311538244e-05
0.0169158061331067,8.224917543720828e-05
0.0072151497584817,6.046568403868513e-06
0.014016526098832,4.108960090731951e-05
0.0105896681657129,3.353868738401121e-05
0.0163287838972086,7.237457140807844e-05
0.0123118928450122,5.517588286731132e-05
0.0197377406480815,7.026828615612012e-05
0.0073447239021154,8.907630865869343e-06
0.0192931928994977,0.00016986082333210665
0.0077459616753645,3.3095729867266205e-06
0.0174974963625587,2.6506427753524374e-05
0.0085515013184867,7.990107105004454e-06
0.005011858785008,8.368877907017858e-07
0.0108511037403578,3.461040425037061e-05
0.0085372341901991,1.3837931088257821e-05
0.0047549490091069,1.0029245217647208e-07
0.0184033118751166,1.5657909901364347e-05
0.0092547692164478,6.665720757364353e-06
0.0185474941089836,5.933346270041313e-06
0.0139210459765614,3.683884492536321e-05
0.0099274565949746,2.4612830067026315e-05
0.0017055419399313,7.512487988797563e-07
0.0050165886459199,2.2588699522855318e-06
0.0057605935695417,4.633833495282779e-06
0.0153382847003047,3.824024746227338e-05
0.0090915015162628,3.827734993684667e-05
0.0161308760420869,1.7665274587920548e-05
0.0061766280153793,4.766240982006544e-06
0.0191566932515878,3.302121174055122e-05
0.0039210876362112,8.584952863315991e-07
0.003570039276924,1.1315586833525519e-08
0.0173143340926943,6.713702930547011e-05
0.0102803998113566,3.539907432075563e-05
0.0039902925327515,1.0871363751714187e-07
0.0189453841987682,0.00012778912900581987
0.0082425164214429,1.8565374977801335e-05
0.0014030334389291,2.283059561066579e-06
0.0039911945911212,5.755819073043273e-07
0.0028685220814672,5.645234852849041e-08
0.0008946162083722,5.0045948510782205e-06
0.000633733427898,1.8153184352889635e-06
0.0060827596614799,5.495028556203944e-06
0.0076837430430739,6.48033817078432e-06
0.0008763397196801,1.934033891212877e-06
0.010115928048871,5.917208252030139e-06
0.008749242837193,1.665193540045997e-05
0.0097698488800701,2.8702297662447842e-05
0.0108076938499661,2.2217901570153858e-05
0.0153546158283363,7.16370716414397e-05
0.0025413467759863,8.356784619395533e-07
6.817665153854957e-05,1.0251833693267493e-05
0.0137532730116124,3.920739714900674e-05
0.0197956983375888,5.5978734062000745e-05
0.0193037960765176,7.155606943731942e-05
0.0187835429645109,1.595937833821336e-05
0.0027750626441891,3.75659340511564e-08
0.0148738098666038,7.55697072556618e-05
0.0010319691803459,1.0764330878440353e-06
0.0154445357239985,3.457463037217924e-05
0.0100504269189251,2.2545879089300254e-05
0.0119728549200089,2.4858597204362163e-05
0.0154229564508546,0.00011873001034904932
0.0175095455742659,1.284552523776573e-06
0.0187869039135359,7.319800333246561e-05
0.0108738609027738,4.7468712911354015e-05
0.014318918811487,4.702697882775203e-05
0.0196563688199035,0.00011156580213318926
0.01277817925984,5.770027872087696e-05
0.0034007293783683,3.7898592706299077e-10
0.012868038111285,4.2148383230841846e-05
0.0111223063493793,3.3684869643868695e-05
0.0058909139480863,2.5791083232002464e-06
0.0158745425995565,7.62996879763529e-05
0.0190290700119422,9.420916953774012e-05
0.0165202596012238,3.76524143581668e-05
0.0180862629638192,3.342121547351345e-05
0.0015948077523146,9.82646507173405e-07
0.0159041520218203,8.65508431268193e-05
0.0061309651901428,3.333663704834257e-08
0.0003732534046227,3.7984535879498674e-06
0.0118847590619758,2.3217860522864823e-05
0.0064370823586787,8.388308710594668e-07
0.0061834633682331,2.069581341990379e-06
0.0169907463929484,6.542516227861179e-05
0.0189674986754077,8.848689494718792e-06
0.0069486854781484,1.2782164589822253e-05
0.0003775140823064,4.987275205994266e-06
0.0104644989209529,2.63299504446903e-05
0.0106957943246982,3.367055476833434e-05
0.0169578560727976,0.00010656271310823013
0.0094583597999974,2.703133212726096e-05
0.0078080655443152,4.124860352739114e-06
0.0079247405925884,2.1360945250303286e-06
0.0071025532517454,3.036428121379207e-07
0.001046814266438,5.669436889777972e-06
0.0133601903702984,5.509914012031608e-05
0.0040587380276096,1.3418878499064274e-06
0.0169492255955037,1.1951106057557215e-05
0.0018008395920587,2.325380521936589e-06
0.0155192807137928,4.735407347260242e-05
0.0121810005286252,3.660765226305924e-05
0.0055632279806559,8.184898417886081e-06
0.0198883442357359,0.00010918572125166803
0.0041477333669701,5.331767539490799e-07
0.0185097972239132,0.00010901242048159908
0.0004427178955436,9.419624899313802e-06
0.0035152360323709,1.8152520215051736e-06
0.0104864433932423,2.877599016257048e-05
0.0034753286040269,1.7103649980261116e-07
8.079604063557789e-05,4.4529820286915355e-06
0.0133990626778001,1.5543180371514406e-05
0.0199117859997441,0.00013200293333907932
0.0164968873612852,7.235560040285944e-05
0.0191245094412415,0.0001255853270544909
0.0181666221388409,9.303829741976857e-05
0.0066693519570909,1.4478392180315364e-06
0.0080207965842216,7.571775379052521e-06
0.0111123599063402,3.1261010347513785e-05
0.0129177062560816,6.194419047251343e-05
0.0160567407736857,5.294128209370775e-05
0.0087128111496218,1.7048242959204476e-05
0.0152269325156842,2.5037175194540286e-05
0.0094663202227345,3.0249276847055153e-05
0.013772148455163,2.9942116827093886e-05
0.0054566729093754,2.224116637448975e-06
0.0166459895260648,1.6988529734423042e-05
0.0027287533484027,2.7881878893928368e-06
0.0115053089017933,3.643756524659175e-05
0.0040740353279431,4.15959415830284e-06
0.0083821149393722,5.417352878428279e-06
0.0042218486962149,8.194269507581953e-07
0.0028843651261666,3.623578956105846e-08
0.002114383546185,3.5119802532523164e-08
0.0112144421201021,1.3903289797503071e-05
0.0142750352896982,4.5724136612795334e-05
0.0058829778213413,2.7824107206853427e-09
0.0030400922374126,2.6011091087969103e-07
0.0066284254361681,1.3342332837450858e-06
0.0134880393005605,6.389994548439742e-05
0.0128718031238266,3.7789746709434316e-05
0.013770075182849,4.867575364939213e-05
0.0080685990358355,1.7647903389322495e-06
0.0016836275817843,4.341747707990746e-06
0.0013611981076126,3.119091859726598e-06
0.0043764117164884,1.238674022848775e-07
0.0064791530190363,1.3912929696197492e-06
0.0192125196462265,9.035499024580348e-05
0.0010928969906525,1.699580962902233e-05
0.0061452878148057,1.0248669604110045e-05
0.009506719179751,2.5375097833862637e-05
0.0158927284554231,4.136792636440015e-05
0.006846098166427,1.203676575242847e-05
0.0024194712380757,1.5598811940209489e-06
0.0194447026483524,9.53196252927178e-05
0.0047462385208925,4.989870546757771e-11
0.0176516010118865,2.757383187311254e-05
0.0049861094613727,1.9552971304230194e-06
0.0040023986126492,2.4521859556454927e-09
0.0096496751269904,2.8089161917837853e-05
0.0034558665388305,3.7525002614002e-07
0.0149952580231761,9.17009531277786e-05
0.0043891870368078,6.894305196967897e-07
0.0082242159636497,3.443471950177938e-06
0.0040577886975997,3.2947988168829723e-07
0.008107085989168,5.296814323920676e-06
0.0133693706205264,5.143994232667227e-05
0.0181776553474514,4.9379134905274475e-05
0.0119258266598729,2.3359731194942624e-05
0.0080201594578672,3.2896296432110703e-06
0.0060271566458661,1.575134105639341e-05
0.0047523869897388,6.753447450338435e-07
0.0194612555358982,1.1803120863562984e-05
0.0194687519826664,8.087929277282626e-05
0.0195255594870555,0.00010549972730817084
0.0105661607357485,7.438275142616744e-06
0.0135902535476247,2.3604461001884676e-05
0.004325973473214,1.3221404440595787e-10
0.002725639929076,4.145043707694939e-09
0.0048968965113315,1.4848306069339949e-06
0.0141991382215402,4.470347072293983e-05
0.0082176230180867,7.807853551699433e-06
0.0077161037871407,3.4312718982472015e-06
0.0145017120861946,2.738266924580917e-05
0.0098466257271587,9.760152317375448e-06
0.0095289961855398,1.5809825788136863e-05
0.0053044876107422,8.907183044571499e-07
0.0127890971866534,1.201535355977986e-05
0.0129768434727598,4.16167536865528e-05
0.0078739976918583,5.7973038658780355e-06
0.0027531630866143,3.085844533535807e-07
2.5162068809108097e-05,7.789042898180811e-06
0.011568275962062,3.781301007149608e-05
0.0116525336986338,2.2217612692413405e-06
0.0151730696270494,4.59323031139501e-06
0.0078889728937628,1.827229149724938e-05
0.0064254793405872,3.6759846789448387e-06
0.00828943368513,4.363745805211364e-06
0.0136906907891388,1.6241122605729317e-06
0.0090549539324657,1.2227358447103064e-05
0.0103639154657207,2.200387416827779e-05
0.0089615279981793,1.2902787070612301e-05
0.0002301619403106,4.570827875973724e-06
0.006023859512834,1.7839935969824918e-06
0.0045731954087719,1.0523880558242726e-06
0.0037867108753681,1.417258132768918e-06
0.0121374869896483,4.95126739956359e-05
0.0089254974711354,6.526516819905267e-06
0.0168171788736541,3.7158413132614442e-06
0.0184983226411092,6.578599076287884e-05
0.0186767172699008,3.827234060572752e-05
0.014011387259913,2.7212049948669295e-05
0.016291718515749,7.704737877952017e-05
0.0145228854787122,4.0459569888921325e-05
0.0017057849581884,1.1533402286909005e-06
0.011611399890497,6.32888525151286e-07
0.009515871893407,1.6673187945614276e-05
0.0071685185722212,6.715460848318942e-06
0.0190513895581591,0.0001404052876191834
0.0107644493033311,3.527879274896899e-05
0.0174913651674445,5.209228910158722e-05
0.0068548510182284,3.7340924993124992e-06
0.0107641410410449,1.3739636048567824e-05
0.0082859290300351,3.616196251232336e-06
0.0034951905983318,9.399209776589641e-08
0.0078285667907036,3.1387152857486107e-06
0.0119774806257738,9.29920147165905e-06
0.0058028240730611,6.61374602410018e-07
0.0194415870943361,3.0224958863257417e-05
0.0139948407091579,4.0571488184408895e-05
0.0075704064755717,7.3015420838650635e-06
0.0054955265593588,1.526749509564676e-06
0.0193022118305413,4.844845876318463e-05
0.0162479940843941,6.82156666180445e-05
0.0058778758480057,1.2217555337936932e-07
0.0029026711160112,5.935469889769451e-10
0.0019039448911415,8.782822673208063e-06
0.0194974204399084,0.00011067729359790209
0.013181577361932,2.427141921602112e-05
0.0112139470668357,2.6991791222793328e-05
0.0103887369505344,5.617916430863589e-06
0.0183564279519019,6.649017037906849e-05
0.0153103367981152,5.944500469756676e-05
0.0187842681437047,1.7188750227805303e-05
0.0146044210967663,9.035407591075046e-05
0.0127830062492669,3.475709620127601e-05
0.0025323720352562,2.5183294415245743e-06
0.0114474377798164,1.901452878472795e-05
0.0088304638340398,1.492557661680493e-05
0.004598752476393,7.208592175993492e-07
0.0051013486093578,4.813084074302687e-07
0.0093569210746869,6.2350888454721005e-06
0.0112231195775244,1.0212654082913965e-05
0.010688325719147,1.147621267369085e-05
0.0031021270461835,2.1129913247139154e-10
0.0020841559211299,1.7931618551123806e-06
0.0114209245301252,4.088688777961059e-05
0.0080159841568383,5.7116216433529286e-08
0.0132998058498799,5.476097580552771e-05
0.0124384679531276,1.2210238009314536e-05
0.004076923066297,1.273259177836196e-07
0.0003818149224206,6.95724285338687e-06
0.0021129482569211,1.9532792815311343e-06
0.0013954899605398,3.1048958003369426e-06
0.0040787010056173,5.36320927432117e-06
0.0027150160609135,5.627163221830991e-07
0.0026166120733709,4.349512752462316e-08
0.0005927911404493,5.3593016984218805e-06
0.0010231460309533,2.43346363345448e-06
0.0053263109451909,3.5632943075370634e-06
0.0088677612035859,1.731076223383266e-06
0.0007312008751283,1.915206220409155e-06
0.0002184131245397,7.3864769030929425e-06
0.0141649199638347,1.4201072364774231e-05
0.0074965138454305,1.3613887753314005e-05
0.0166339653192455,5.1789910177052076e-05
0.0124604907751548,1.8074862066273096e-05
0.0180235731879555,0.00014887532918020653
0.0190243490322106,8.328456179626586e-05
0.0058364064301087,4.1160323623980965e-06
0.0010773934202343,3.525254022355685e-06
0.0069090454401865,1.9491607414855874e-05
0.0160571971615492,4.307930860662939e-05
0.0197344162460676,0.00015270673605943306
0.0149534968856842,3.32294310100373e-05
0.0143663998051395,9.309421436966639e-05
0.0054682464096657,7.654062644645332e-06
0.0198253745873068,1.8257362006910575e-06
0.0028069939007663,1.930777548825731e-07
0.0011196414850521,1.624655683591769e-06
0.0068612419680211,7.5427637076246866e-06
0.0020827775213005,1.3347302796178827e-07
0.0050542234985898,2.1438684677384617e-07
0.0027150638551094,5.664711840720183e-06
0.0112931930463239,4.790896932285217e-05
0.013776134381383,6.524324655500277e-05
0.0009005662403882,8.657598115010941e-06
0.008764300296273,1.3469380514756552e-05
0.0114158064858668,4.7754373146652944e-05
0.0198129509793704,8.076100242638248e-05
0.0104635315304932,7.080110325230878e-06
0.0064181414685548,1.1952845073717742e-06
0.001705818370085,4.294711156181299e-06
0.0100666226125091,2.0302588778056044e-05
0.0190665974361623,0.00012907224156212364
0.0148486375724461,6.900361643433414e-05
0.0197698560070061,0.00010402623843678309
0.0068982771000439,1.0212279077146229e-05
0.018674104790939,0.00010514515920731419
0.0055044464700523,5.282358660642035e-06
0.0185574984959064,9.505161291567398e-05
0.0191220171095211,3.371118789674793e-05
0.0081912256337324,1.1452361914717338e-05
0.007173897711426,9.229359290144302e-07
0.0157843643519557,4.846084147266699e-05
0.0069469841280967,4.813065315316632e-07
0.0025877431068037,4.448619162467629e-07
0.015255866368805,6.445966925393305e-05
0.0142445556131012,5.071660094161091e-05
0.0178326853497784,6.193735299713285e-07
0.0186429088395656,8.667690742014573e-05
0.0052948354815949,3.3090995864118437e-06
0.0160614613387143,5.834724953303686e-05
0.0047829706578677,3.481501183867371e-08
0.0022137246695876,4.65022457716683e-07
0.0150315574615168,6.945450919238886e-05
0.0136755973799973,2.3661065850077855e-05
0.0013129426457189,3.281970080206464e-06
0.0026118748919266,1.2703928509393779e-07
0.0007650549684223,8.268869112720448e-06
0.0126979539107395,3.341833192182466e-05
0.0127688038238946,3.899856537126172e-05
0.0177126375063093,0.00011417749088843372
0.0051012158639232,1.0717754213700802e-08
0.0030682773042991,1.7134487747413566e-06
0.0119114076034978,1.274908439801652e-05
0.0139760880427468,5.9432630489979455e-05
0.0162117126422796,3.838203266410814e-05
0.0152403865134453,0.0001017329452082394
0.0024311889191723,5.747567001237022e-07
0.0163374619928953,5.662912935418492e-05
0.0176669309875511,0.0001284436042205894
0.0185793784431874,0.00014313088958170625
0.0024121424815212,8.521917064569048e-10
0.0002350258542034,1.482923011820272e-05
0.0009625873952456,4.5403922889984136e-06
0.0111971093560632,9.752116321104378e-06
0.0087788267868892,1.428488525673361e-07
0.0178511951377515,0.00010596091377768436
0.0112269951249235,2.6545938320772644e-05
0.0073747233854863,3.9380658758746077e-07
0.0177314477326488,7.626817928196564e-05
0.010071493357365,4.1981539663623403e-05
0.0157165515308147,4.274902028756212e-05
0.0010050208835097,7.337472263534862e-06
0.018023610339816,8.979730684366923e-05
0.0166257966078292,7.34355579237119e-05
0.0024552424247561,3.1859070374238424e-06
0.0194241649321127,0.00012318068485679847
0.0191015785874271,7.176533348451161e-05
0.0149584843675283,9.449494426366179e-05
0.0001809020720677,3.902392925731756e-06
0.012798250077946,7.722345614330702e-05
0.0089394374084081,1.466578365443165e-05
0.0078446076925629,2.1806630209072544e-05
0.0050643837900211,4.16827651280275e-06
0.0028194232955772,6.306282085017174e-07
0.0103107915580721,1.688677403220219e-05
0.0088543216266329,2.8082453708110144e-05
0.0179696156540614,6.268677671742383e-05
0.0057976890124055,1.3384126763310176e-07
0.0009173026385297,5.8285866180695295e-06
0.0040839661880681,1.315828039528402e-07
0.0146953183848189,6.048262424735363e-05
0.0017505609953722,1.5408689674659695e-06
0.0148808785914173,1.0129055348345005e-05
0.0154587013769868,8.651351899887103e-06
0.0119243979508152,4.461783897459255e-05
0.0014215690651756,5.163713585966246e-06
0.0054682938103103,4.514089949722892e-06
0.0027711010501289,2.276177415664118e-06
0.0095763573407453,9.982829285875153e-06
0.0147217664777392,4.3265865231436675e-05
0.0175934170059363,9.215419520729058e-06
0.0199865050971324,6.870794495671202e-05
0.0144783099611337,4.020963975413262e-05
0.0189475400572122,2.362749400865904e-05
0.0067042924503353,3.5126147195834648e-09
0.0064271476795288,3.203258016013023e-07
0.0099577444323387,1.7717267296615177e-05
0.0003801947512166,4.189712319137996e-06
0.0016044196555494,6.424312734746771e-07
0.0152866835683023,8.471103158444254e-05
0.0125068588695196,3.4679014080737584e-05
0.0143350860479055,5.5083355378869223e-05
0.0124663708013891,4.46583017353087e-05
0.0099343255675658,3.3382303925557376e-05
0.0021103121558359,6.666956367489979e-07
0.0054580811374364,3.7640258938146167e-06
0.0136927916762865,3.2737280884442646e-05
0.0084067541500118,2.3837063880015e-06
0.0042209138535891,1.2462493929814535e-06
0.0145982658327692,6.613936188170033e-05
0.0121411011282257,2.8725365977349063e-05
0.0175833180207598,2.9365924568468993e-05
0.0152423324934744,6.852543933834627e-05
0.0179075693313975,5.646586848233919e-06
0.0123307543474323,5.216013198528492e-05
0.0182458063686469,6.0410005706188464e-05
0.0027617634350287,5.23045187976375e-07
0.0090240333856826,9.70581458423811e-06
0.002860713745329,1.4622995375190377e-06
0.014439085683011,8.506120978551218e-05
0.0184571871000303,0.00010854641430238229
0.0136752026630658,3.442591580175514e-05
0.013836632607512,5.448894644888625e-05
0.0171479868870463,6.0436100887788794e-05
0.0084340482912911,1.619097052160759e-05
0.0121014280453946,5.554225463340469e-05
0.0071889921917242,4.244014147498793e-06
0.0096688321630997,1.4737503548405035e-05
0.0026316313670259,8.73046050272223e-06
0.0074342089957576,3.2850252458663385e-07
0.0132355327817392,7.224568407757949e-06
0.0035120745070133,6.253863707136171e-07
0.0113047775951883,1.8799700433733262e-05
0.0165870779940901,7.117871986503296e-05
0.004946674344728,2.711925044568874e-07
0.0148591782668433,2.6879790487463808e-05
0.00321669930654,8.674977791858105e-07
0.0028972439062496,2.452182001541173e-06
0.0181869174609424,3.368676606467955e-05
0.0164075574539874,9.955292446798925e-05
0.0182267025284475,0.00011797736141344083
0.0142377948536644,8.948064560290407e-06
0.0099000099074868,2.1598244028807177e-05
0.0017177408704055,5.660257906250969e-07
0.0131061808891204,4.5776933577817154e-05
0.0198320714130261,0.000128948696925842
0.014152671031776,5.491695988351267e-05
0.0199941662793644,0.00013216503015633463
0.0004936059822754,2.1473697054456276e-05
0.0014756298475409,3.143810581491651e-06
0.0105424734920041,2.4994818359692025e-05
0.0052532739559421,2.571405136433061e-08
0.0098280557707442,9.82984498088369e-06
0.0106700425139579,2.0643489013125036e-05
0.0047115258066446,7.876210305708116e-07
0.0173636858541298,0.00011646054925106025
0.0157303961547275,1.9057869374762387e-05
0.0073355916743357,9.955362744572653e-06
0.0112168039909116,2.3276983286496407e-05
0.0050346037713928,2.493201431892367e-06
0.0002660573147591,5.625175808169943e-06
0.0132935708016187,7.104653575581302e-05
0.0008694921665832,5.625941255147608e-06
0.0099560048367574,1.8382562196110555e-05
0.0096985316109018,8.460829225168462e-06
0.019078198182046,0.00010909650676870724
0.002290120729273,1.3410062176401952e-09
0.0126930934398067,6.899593617566726e-05
0.0131356828777826,1.6921546435119499e-06
0.0008041392043283,2.8560194825611576e-06
0.0051528711195505,1.4404527610454343e-06
0.0149182543560498,9.701058719669816e-05
0.0138374652560089,2.654751184575225e-05
0.009598024624147,1.8541950187004176e-05
0.004458545449199,1.31063377229226e-07
0.009085007118901,1.6242289206574756e-05
0.0119558842510682,4.074991681222418e-05
0.0052444207338193,2.1750115324154496e-06
0.0197500675730967,7.873248209656219e-05
0.0154180849604235,4.857957778862522e-05
0.0168613061876769,2.4513285304619896e-05
0.0174015442458875,6.7104009302461e-05
0.0001327795470288,6.773424113989203e-06
0.0007333086307682,2.963346784535687e-06
0.0055416381109482,5.4423813984707685e-06
0.0188665773820034,9.004815640149168e-05
0.0061851560602097,4.927314182505667e-07
0.004463163620275,3.916186598576885e-06
0.0114109095587087,3.472870335022122e-05
0.0036912862721379,3.309871003698042e-07
0.0043589521853086,8.240994743458847e-07
0.019166204910354,5.594743206535272e-05
0.0041412217882726,7.935539618975207e-08
0.0067322809580234,8.637055417316742e-06
0.0171859048790177,6.876958425681076e-05
0.0173936709153936,9.28866948681766e-05
0.0181045675279836,0.00016417272722045898
0.0089564195407352,1.953359591270648e-05
0.0019943671061134,1.953306722676832e-06
0.0042370565964502,2.2941323862912885e-09
0.004569983515893,3.716535638357486e-06
0.0088426918404863,2.724916373372902e-06
0.0015340285157582,5.4669366148183754e-06
0.0005215032151245,1.2341647717613446e-05
0.0051942158809149,7.387158141933996e-07
0.0159452136071199,5.274108913688416e-05
0.0014198426971299,1.297344434399607e-05
0.0015150632228091,2.4026888906861433e-06
0.0143287498435153,5.150724921941183e-05
0.0133415258092777,3.767192221191196e-05
0.0015758420734923,9.033060511773499e-06
0.0196849093885885,1.4970936541826393e-05
0.0024222084021593,2.62234137299358e-09
0.000385385960563,3.7771523963032104e-06
0.0008156438722983,7.285986724057204e-06
0.0112510053124978,3.1582242727552e-05
0.0045577595866414,1.3035013286262892e-06
0.0067827231400044,9.032598993771875e-06
0.0084284989910102,1.9160757687040055e-05
0.010117508038095,1.067847424916276e-05
0.0182200144402991,8.512489263008077e-05
0.0128683859351795,4.14899372520547e-06
0.0113538794773622,2.9626897975974358e-05
0.0101211642002989,2.8871455795828996e-05
0.0082540379949655,1.460334570600541e-05
0.0005435396478126,4.007606368125218e-06
0.0077074910591853,3.6032543832846455e-06
0.0113709343682241,2.4912473646372958e-05
0.0120933167602921,5.7411362220921256e-05
0.0104519203023358,3.581110827908549e-05
0.0134518678292182,7.909499969052376e-05
0.0144794659706757,2.4714578109858932e-05
0.0106597156365881,4.0397101973203895e-05
0.0055848840664997,1.9311273033958914e-06
0.0171773891818712,4.581479421888733e-05
0.0043746177298552,9.258680488436861e-08
0.0106514851970015,1.1043892309086096e-05
0.0171501894604283,0.00010547262608116389
0.0010394686167464,6.314532974684192e-06
0.0021659758564443,9.504603882108446e-07
0.0091364208298807,9.604310439373511e-06
0.0099448217742692,1.6096060851559668e-05
0.0032550946791559,4.334086957938655e-06
0.0012701872646734,4.736046490759379e-06
0.0189046431663189,0.00010644363362580865
0.0104812195097737,2.8521352857014205e-06
0.0093745807312347,4.52312098000394e-06
0.0120149568386837,1.4440302517858836e-05
0.0158585143030712,5.809435716428389e-05
0.0006647926018272,4.055969404058286e-06
0.0142444825042944,7.463228439890638e-06
0.00170295981911,8.763069493105408e-06
0.0188944604814754,0.00014901200895308067
0.0084251067912669,1.1452052926499624e-05
0.0068114084638414,4.717620016333991e-07
0.0020865790201093,1.4461329010211384e-06
0.003862127067876,7.629146034840283e-07
0.0021162132273476,3.105392354447957e-06
0.0147434670008235,3.658132989363437e-05
0.005695490673404,1.1609332505270967e-08
0.0021482059474784,4.4510847066773534e-07
0.0141930429184169,7.484703256994581e-05
0.0074289875256696,8.138403760388788e-06
0.013461670023769,3.34505451094288e-05
0.0176332397314548,1.7423983508734895e-05
0.0013681963331963,8.200483851251133e-06
0.0120522113205997,9.435041119832295e-06
0.0124192796356677,2.5447810286879445e-05
0.0181842619088544,8.492624308636623e-05
0.0188334288457677,0.0001290128614321866
0.0188698806115699,5.97649480094049e-05
0.0084454363594847,4.659990779004135e-06
0.0129891118456209,2.7602574443949207e-05
0.0148821323523486,9.176163034070981e-05
0.0104342298209393,9.771328786220489e-06
0.017805021104434,6.21849392046813e-05
0.0061786993022676,3.5489867002085796e-06
0.0031123153561725,1.3273429531785948e-07
0.0065794087956682,2.265451549866203e-06
0.0140279380482914,4.3279924141899e-05
0.0064794616294779,5.5507193734029005e-06
0.0069533889429616,6.4566433814342576e-06
0.005684990772727,1.3660667976037647e-07
0.006071262695331,4.080658475715307e-06
0.0024280556463765,4.283650951689299e-06
0.0039596645951118,3.825764792446108e-06
0.014462902994704,4.15406515145747e-05
0.0188532956291272,3.423561371154585e-05
0.0169977838119263,9.846194178222884e-05
0.0055424858798264,5.208427218626453e-07
0.011598184784871,5.610462480746815e-05
0.016332257623216,8.512383662714604e-05
0.0079867798173569,1.1218225594048828e-05
0.0073482884298782,1.387927014761958e-05
0.00465417118613,4.985925185085483e-07
0.0076353187665204,2.6496984512473796e-06
0.0075798846678632,1.3433613592651308e-05
0.014336462308164,3.2569228192575776e-05
0.0189837139935497,8.926813457973103e-05
0.0111261797511495,1.8562681844475588e-05
0.0186298881305198,6.65719940560218e-05
0.0075036062762295,1.2201596819320747e-05
0.0005803295011452,6.326513343591254e-06
0.0076648012429576,1.1157680737279044e-06
0.0043709931061679,7.87630874214655e-06
0.0064706630797741,3.665366792250088e-06
0.0056794215075461,1.5224732924309324e-06
0.0115700444618816,3.648085216093798e-05
0.0095642931952679,3.874096718477366e-05
0.0038829172211457,2.3650668551756054e-07
0.0059191833255475,3.4640365484168663e-07
0.0130080179020949,5.2808538221095154e-05
0.0186791528865544,4.390257227891129e-05
0.0006907286400145,4.41025304125705e-06
0.0043351085104528,5.997113907895177e-06
0.0014452744267677,1.06772568105701e-06
0.0198123612729053,0.0001534391062214021
0.0185528581384396,7.319984016974834e-05
0.0065496800340823,2.2748679511361636e-08
0.0012280538839142,7.868696776861466e-07
0.0026976665736267,7.394948471432927e-07
0.0097312750151396,1.6666045743467366e-05
0.0120954008011126,5.201475327276411e-05
0.0066854383709039,9.670912321525979e-06
0.0038956344765273,2.853526091212021e-06
0.0048618604300415,4.5257072645121685e-07
0.0043042865208305,2.0602956944851075e-06
0.0193726334489872,0.00014344898519844524
0.0021136184866843,2.3979678953676473e-08
0.0001014565793407,1.8866863716588104e-05
0.0182315551550548,0.00011369561100264457
0.0145611833621601,5.414232592832201e-05
0.0027888189083321,9.844564244646437e-07
0.0123114283550505,5.266386139782706e-05
0.0098988376853319,9.042681175954791e-06
0.0188028492598128,6.926332929126372e-05
0.0166062570536141,0.00012129543156957138
0.0094012298444485,2.1987256116974435e-05
0.0130173827500321,2.2289687960600932e-06
0.0152264910249786,3.33965099511751e-05
0.0196936446672994,0.00010851610806831976
0.0099176420539523,1.1185368994189491e-06
0.0131708420806907,4.793885630230322e-05
0.0021682298922779,4.061557901058699e-06
0.001810329665927,2.688899971920639e-07
0.012338917813086,2.0990598397584438e-05
0.0172385110476977,1.4027000313688962e-05
0.003544565654689,8.142763184723282e-08
0.0161881917399608,6.304866463745772e-05
0.0041810648998074,2.470150744214625e-07
0.0079640654176606,1.5226741693336877e-05
0.011599911784435,3.941366716311119e-05
0.0078304749503543,6.894826493568379e-06
0.0031675349417458,2.5696839750711056e-06
0.0121326114689771,3.850985980205643e-05
0.0043572535353847,1.2770016597004146e-07
0.0069331158404568,4.981966173969295e-06
0.0029372282131113,9.385112234946798e-10
0.0126799345978763,4.154653137135779e-05
0.0196435590053981,1.6898516961684431e-06
0.0060989505726532,3.189772429496009e-06
0.0135555667957197,7.133022908882762e-05
0.0071364945330646,1.188490126522356e-05
0.0151819601403466,8.755079681125492e-05
0.0124971352169603,4.734913216021361e-05
0.0189987045835279,7.806268367546379e-05
0.0150345018068831,0.00011914812018630934
0.0038569328017969,2.4402024845758436e-06
0.0069224746126461,9.11095933948469e-07
0.0184765938069551,0.0001690737971269469
0.0134028121009885,2.3183489842080914e-05
0.009297341608284,9.033990278272075e-06
0.0144416142964771,1.9202859417360885e-05
0.0129758136362527,1.8951565665456918e-05
0.0192241272122703,0.00013328496188343426
0.0060550267630134,6.516388697977981e-07
0.0168033775225566,7.591831194172924e-05
0.0142791698340407,4.8668407932363584e-05
7.523775690071232e-05,4.039466394757846e-06
0.0080165361279873,5.375320058748553e-06
0.0033904684211124,3.8861258126684463e-07
0.0183227817458373,0.00018018206923103497
0.0003817246852943,5.927689359414259e-06
0.0066259809554771,1.3523483446252933e-06
0.0065251076785201,8.524754853841274e-07
0.0160677544257275,6.25193579896914e-05
0.0148900207670056,4.197043915263218e-05
0.0064213967841483,5.080640412285391e-06
0.0162339754447714,5.3721825627141744e-05
0.0036371985963117,5.47698274656803e-07
0.0196510141688563,0.0001619222258133422
0.003875532327347,5.043663493568522e-06
0.0033425526240605,1.1270364678591695e-08
0.0039405196003689,4.3367648013236525e-07
0.0138712419366199,1.6146748712628684e-05
0.0129371175392422,1.1269629588972734e-05
0.01368902790514,3.2455125839343754e-05
0.0178624520695917,2.8672388413435678e-05
0.0002783666219007,3.995731836025015e-06
0.0129329400687628,3.390274141474062e-05
0.0193516692733395,0.00011261208164923174
0.0187004253033546,0.0001317296816955058
0.0166837181487935,0.00010562325151006423
0.0182525432776797,8.510460778911292e-05
0.0134394074515833,1.3119862152990277e-05
0.0028788272304017,6.44319450349887e-08
0.0100714798138319,1.4701201795049426e-05
0.0152234009274954,9.536557226730023e-05
0.0103143602931028,5.0235182479520395e-05
0.0192086127040562,9.724552409212637e-05
0.0077035391798165,1.6409939881738067e-08
0.0089675674966104,2.1702663462408703e-05
0.0174147836139941,0.00010879258945629555
0.0174325046725411,7.93384804353112e-05
0.0188858154819172,0.00012584888745955207
0.0125758056229159,2.7345299406638774e-05
0.0149273373470278,7.987719787824658e-05
0.0126183504989712,1.9130099480702635e-05
0.0047308768706499,1.9770476064697344e-09
0.0184734288949408,0.00010149118234146698
0.0122444361267997,3.5686417432770374e-05
0.0093607249956217,1.807942634570207e-05
0.0007970976415617,1.7104014157754137e-06
0.0110349905652007,2.8032601151407264e-05
0.0077757582011866,4.664276239031256e-06
0.0135362459753537,2.8344618728507717e-05
0.0155101639230479,6.19105612266834e-05
0.0183049735099686,6.489264645763468e-05
0.0191118936379313,0.0001038985993387755
0.0045292181933532,2.436463734473156e-06
0.0166125677027293,0.00010618131184636448
0.017306043253029,4.233752817612543e-05
0.0086300804311501,2.3946286992740652e-05
0.0198350933111336,0.00012698250359497544
0.0149253778395457,3.840290529014003e-05
0.0025081256192804,1.9376802630533294e-07
0.0109485350945298,4.056071322152852e-05
0.0096901089805929,1.8283229313302065e-06
0.0138712268577726,4.9774862899526235e-05
0.008940099393953,8.105067796236521e-06
0.0080373881855796,6.189908546869632e-06
0.0047280020415847,1.6248096621993683e-06
0.0083995272956089,3.519012939845306e-06
0.0130384730665112,5.513108567478215e-05
0.0093094482424231,1.4093181184703637e-05
0.008349333831509,1.7326323877812045e-06
0.0143096431338976,9.546523516916922e-06
0.0166363213409738,6.0494692392696916e-05
0.0104845526892056,2.6074707270793213e-05
0.0047610935412012,7.588703943856345e-07
0.0105969235655245,1.082162747741399e-06
0.017998314964595,0.00010192818329090562
0.004854725749733,1.5047700091154175e-06
0.0113452227996854,3.589838567059326e-05
0.0063163796301462,2.9467196209483026e-06
0.0141981382118229,1.7714728340793994e-05
0.0118004486279488,3.42785696525355e-05
0.0099210588748997,2.7758383133180127e-06
0.0173595907055273,8.091637308640417e-05
0.0131268716555856,5.449206047370375e-05
0.0161386468212376,4.832028079930014e-05
0.0021527574845696,5.34509394790359e-07
0.0028622191255001,1.4288238486354264e-07
0.0138289714523527,4.955020006765651e-05
0.0193523955975608,8.892636046832375e-05
0.0190249128174992,6.198361881577501e-05
0.0055401340981342,6.922890807625014e-07
0.004307660918167,2.1566831626211263e-07
0.0149154009282735,7.509992970676128e-05
0.0155290285530029,4.8342286333103406e-05
0.0125188717653839,1.7059702028605642e-07
0.0049589467653862,1.9596675687176735e-07
0.01512316242752,6.547520635327172e-05
0.0157742254479979,4.779812419015201e-05
0.0085368150342657,5.6851122312347313e-08
0.0007825409318275,7.733879725557333e-06
0.0189420063954703,8.876194047817621e-05
0.0167011908208793,9.011627911902531e-05
0.0055864963972352,2.535405363605514e-07
0.0012123202840848,4.053250673728736e-06
0.0162123854357443,3.72172060193172e-05
0.0193074477753395,0.00012046376321407002
0.0193504723602115,3.447017460896512e-05
0.0082806789363795,1.661424770677079e-05
0.0187012756546169,0.00013923362191023737
0.0012855107545128,6.564945354854866e-07
0.0196836707046969,0.0001711018449782764
0.0091499855629311,1.5591428880660953e-05
0.009708631625534,2.7433206451330515e-05
0.0193967359924845,0.0001588886192290718
0.0030088307566274,1.0521631368057425e-07
0.0034845403021937,1.1498652038253407e-06
0.0082624347103089,1.6287365640055517e-05
0.0185235309866101,7.079720210805747e-05
0.0092284125719716,9.194827421964611e-08
0.0073027138857033,5.718525054710614e-06
0.0190928892026773,0.0001092612836741793
0.0122496557110438,2.6458711707962007e-05
0.005935633015508,6.5927977133273175e-06
0.0047701379547748,5.462716269313538e-07
0.0097528080749236,2.895780386225923e-05
0.0100075147087236,2.850862052168834e-05
0.00421706351536,2.184237926064839e-06
0.0021141276923548,3.7161406155941944e-06
0.0196272442395642,5.687491047329537e-06
0.0135966595398125,4.083137822546065e-06
0.0189035131474138,1.9998516417366878e-05
0.0161436020268417,1.9935779576693477e-05
0.0153933350767392,6.0731736607250725e-05
0.0123423389465923,4.868016421915638e-05
0.009060402248601,1.2096537593019087e-05
0.0010880972837444,6.933349705862649e-06
0.0131965296473183,6.885730104896402e-05
0.0006182666353922,1.523806511948357e-05
0.0017901686371729,2.954816490354753e-06
0.0044834405822829,7.841075488311617e-08
0.0128219611355483,3.461047015604077e-05
0.0172458539525138,5.8604272501335424e-05
0.0177302415693072,2.631911082899798e-05
0.0077651730872582,6.526570018350464e-06
0.0071166883433541,2.88580693290545e-06
0.0149393097469314,1.7875702579340047e-05
0.0032447888082587,1.7982998871291448e-10
0.0114864338010997,1.7517755200377455e-05
0.019451363413463,7.624417790167753e-05
0.0084356741411534,1.3732081771165897e-05
0.017781082040558,7.353904772617909e-05
0.0052431987991396,5.514503513898046e-10
0.002743814332887,5.2856302858795684e-09
0.0110464191297864,2.5963140405696552e-05
0.0193878110513981,0.0001279547720358855
0.0197058505407674,0.0001244131411968371
0.0148085464959797,0.00011914324738458724
0.0020952477200428,3.6752614851205808e-06
0.0003031466451493,1.004985471271182e-05
0.0107312507881933,1.281513682877531e-05
0.0061541990666466,2.087831202515235e-06
0.0125200668579932,1.7475620381702842e-05
0.0082764120142971,1.774433865593763e-05
0.0021426273424355,4.504124948767011e-08
0.0052424092498254,1.7501408250581365e-06
0.0166237947180498,6.607016921576027e-05
0.0018792233005265,2.1092506136285575e-06
0.0038140659276305,1.9128431530366516e-07
0.0110351449821601,5.3438623245349534e-08
0.016036085279946,7.907897932682038e-05
0.0173677302395044,2.250248872477158e-05
0.0174403873636729,0.00015100615497372932
0.0074112840546285,1.7806899973514832e-05
0.010170844617719,2.5352544256856062e-05
0.0179484601258971,4.8836536370350395e-05
0.0152199386657681,1.8995328582672776e-05
0.0084859452710307,5.581909214097337e-06
0.011177331879404,1.7175164428428268e-05
0.0051279027572021,1.0866232357557094e-08
0.0052063970714787,1.4841746133113668e-06
0.0035935491644925,5.532295951724303e-07
0.0132692309678897,3.3265756778615984e-05
0.0063198778764337,7.341058304966644e-06
0.0014392575363305,5.534452280891259e-08
0.0147075541299505,5.783353795574158e-05
0.0037799472885853,2.6091257753724795e-08
0.0121015607356603,4.049902529871785e-05
0.0061712235222618,6.227821595266242e-06
0.0082112298116321,1.2208100704538533e-05
0.0113524645414366,1.2913163529353804e-05
0.0059753169061372,1.6661822295446783e-08
0.0084410401929234,4.3335777915889826e-06
0.0016953254775498,3.416134968321259e-06
0.0123788539942947,5.6989710384486085e-05
0.0145735963171034,9.200224223602291e-06
0.014467071382398,3.2921705203524007e-05
0.0148914506030137,7.294622173015453e-05
0.0012636148190058,1.6212245972249351e-06
0.0027439655974202,3.2320390413146285e-06
0.0058929058020133,1.3695855117558215e-10
0.0114830711357543,9.890994010790816e-06
0.0120342199939336,4.780681983665307e-05
0.0071274942655237,5.308501962859371e-06
0.0190462804831867,0.00010867467210598962
0.002605049753269,3.4336507543319373e-07
0.0064866291065438,9.979700857493572e-07
0.0020265130139825,2.035714886584068e-07
0.0169123593271871,7.160163346079935e-05
0.0140861096897097,4.854439446726442e-05
0.0115821911689556,3.3622684390453487e-05
0.0115351396218296,3.129428532766121e-05
0.0050377323031742,1.0775336330069543e-06
0.0025533199694796,1.2358495598018945e-08
0.0142327502193369,8.920635640101706e-05
0.0106532764459705,3.1669085052525737e-05
0.0141835998008649,2.0816788740693188e-06
0.0002743267156901,1.61804758670901e-05
0.0031970394376488,6.530416968896804e-08
0.0137466790720028,3.747170396505141e-05
0.0055067889728209,2.5457063041639345e-09
0.0150904119297529,2.8895622328327296e-05
0.0185941557561211,4.359783123341184e-05
0.009703867055044,2.221196250684415e-05
0.0167384448039576,3.7368660654550914e-05
0.0087260955120589,8.854314745691976e-06
0.0017961895466601,7.391766530042817e-06
0.0017241483955146,1.4576115257487015e-06
0.0132277429769002,6.0002632652689946e-05
0.0083082462510046,4.732300408743297e-06
0.0081447854605759,1.601858341950875e-05
0.0009813544137819,1.2819610918469225e-05
0.002973494437457,8.287889080444757e-07
0.0140156402835845,5.557934905385222e-05
0.0062537900519436,7.304297862732754e-07
0.0141866866293008,9.10696339271433e-06
0.0085727036986041,2.8612635325665015e-05
0.0162685681493198,6.994416442906309e-05
0.0065186357659973,2.2669902800835212e-06
0.0055595760332272,4.296630176157959e-06
0.0160987124282915,5.26043121511379e-05
0.0006666935648224,4.347586310392569e-06
0.0096743710028924,1.6933337373124028e-05
0.0068397360815257,1.1170848810975767e-05
0.0150836132042259,2.5188015858529405e-05
0.0151849438647902,6.0999950389566765e-05
0.0046769773450046,2.5943121770872015e-08
0.0066961287760604,1.952657251112526e-05
0.0183934224802394,4.459778745207547e-05
0.0156925478349249,8.106899807702309e-05
0.0074595244791258,1.1039440759508561e-05
0.006865829016938,1.00774380123118e-06
0.0020278300184816,1.914278857417994e-07
0.0156406717487365,7.123736386662358e-05
0.0036838701152108,5.1959098805116645e-09
0.0191568312169891,7.481686280714261e-05
0.008663745223472,1.6747459978050014e-05
0.0123568959165375,4.036352187010994e-05
0.0040821884764103,4.0984827094305457e-07
0.0173718306176871,6.275850253524655e-05
0.0118553481660944,1.4912686338013067e-05
0.0050221459325456,1.6026622307562682e-06
0.0097405236109787,3.179022800589027e-05
0.003693831765453,1.9641022073041395e-06
0.0193038644460681,7.531481367016153e-05
0.0175422207267944,3.1837773020397354e-05
0.0139377127707308,7.760629807324137e-05
0.0171162225853558,0.00010448600218161662
0.0054795142562669,3.446509036834157e-06
0.0185601906458682,0.00011471461378246294
0.0157847239344431,6.247810232201221e-05
0.0031642104646213,4.3786006486863865e-08
0.0085727609920928,2.096565643670103e-05
0.003522497727701,8.742350304150179e-07
0.0101723711888028,2.577828521797513e-05
0.006317143856906,1.5771461176440748e-06
0.0174400127102936,6.022676465646475e-07
0.0002687721428629,1.3618425141863719e-05
0.0072408130439291,7.5998453111774485e-06
0.0188546996713376,9.030872708581072e-05
0.0110154100177724,1.1303806494223552e-06
0.0106222207903252,7.3336214602657954e-06
0.0140161246574433,5.856758330684514e-05
0.00054723342262,8.385913918247887e-06
0.0089199801577679,1.9063960350126266e-05
0.0150134429329846,7.73466969775666e-05
0.0109840519105078,2.4597511909325654e-05
0.0001795466838949,6.7825210287123635e-06
0.0045943433934017,9.507964432172779e-08
0.0194817814325301,0.00013507971750763975
0.0133385353809278,5.974745772889865e-05
0.0003867435015803,6.813806088978886e-06
0.0193654520560685,0.00012182333128571092
0.0170928076264632,7.791317272151321e-05
0.003568703723875,3.366470724340382e-06
0.0179223050349652,9.248486863237172e-05
0.0059221814447501,8.162776362108994e-06
0.0008920055717463,3.808611756694141e-06
0.0167972170933137,7.17702359754204e-05
0.0098748144196943,1.2450123103144656e-05
0.0117477461085616,2.744635417639242e-05
0.0123213037955029,5.628513308265354e-05
0.0115090058867122,4.61354073820609e-05
0.0085548096878385,2.5652667134608876e-05
0.0147018236355161,3.5241397418196886e-05
0.018554931055432,1.7488386315798757e-06
0.0025912061647783,3.741433092166213e-08
0.0103508688072381,1.1610034333881913e-05
0.0022612465275623,1.4344422260613828e-06
0.0095771795836121,2.3776308221693113e-05
0.0130951278934431,4.131160017993619e-05
0.0099444824531915,3.378532272066969e-05
0.0064011255625944,9.730378201167849e-08
0.0105371165845598,3.347653601533218e-05
0.0143149746625019,6.34833939951321e-05
0.0043869909868155,1.9007202182523056e-06
0.0130464996770479,2.9120223108445278e-05
0.0142759942559965,2.4019339379715498e-05
0.0082137368234823,7.039251705710669e-08
0.0041385848115113,1.4977715272396967e-07
0.0140772828726546,7.379841436676475e-05
0.0191489806616166,0.0001461263018667862
0.0053387965645742,3.9152130158765754e-06
0.003167142853527,8.057168307186244e-08
0.0162818667279974,7.304386064179538e-05
0.016307904120841,6.465125144932924e-05
0.012943483156396,1.8682703406116487e-05
0.0149634420914132,2.0042181918033052e-05
0.0181154033227646,9.47696365834026e-05
0.0142969957224341,0.00011276366212565027
0.0104357749039711,1.911221973247485e-05
0.0184658005072292,9.290796682268094e-05
0.0184418422217611,7.964446273337752e-05
0.0154844382919002,2.5570918799809958e-05
0.0145682028696887,3.904694056629394e-05
0.0013510791119543,4.899780453397446e-06
0.0025434927770484,1.1570866028532265e-06
0.0070451288383062,3.150920089976222e-06
0.0081228426547449,1.47171164350309e-05
0.0061207368558374,1.5370602614208911e-06
0.018390403058065,6.552431857808066e-05
0.0091245272441375,1.8225559168458446e-05
0.0179482160047464,1.7148226222256373e-06
0.0054959114944821,1.1341426575328239e-06
0.0096602245894708,3.2967773840654565e-05
0.0024238846128008,4.519668486814403e-06
0.0191604006514032,0.00012358397598063986
0.0007066238576316,1.0380997452874965e-05
0.0016017868843154,3.408620798565186e-07
0.0048144264298649,1.969769529366968e-07
0.0089451432563932,1.7541359225091644e-06
0.0141210496712319,5.6532340898538964e-05
0.0194592763303778,8.619517673218585e-05
0.0144097035147135,2.7618059915533268e-05
0.0015613409967267,3.559565615340208e-07
0.0026062433646789,6.730474657129243e-10
0.0164319723029852,6.00480044068215e-05
0.0112650992883349,1.9097852253967207e-05
0.0182775017618527,1.1181690845057237e-05
0.018681146094744,9.62735365780434e-05
0.0028687210947821,2.1226450255218694e-07
0.0114296556837461,4.1709819569011984e-05
0.0008399421564889,5.426206418856315e-06
0.004682423547576,3.2192369224443365e-06
0.0145464820918701,8.237587091772003e-05
0.0127917253030993,3.50753940743258e-05
0.0160769613265101,0.0001214441333329116
0.0179774837563082,6.993251523320229e-05
0.0071290893586623,1.2433015814469943e-05
0.0095555473925524,3.99035634385117e-06
0.006582018817457,2.9812577341009896e-06
0.0191316098331433,0.00010138787833394713
0.0125997747421803,2.0872286506296734e-05
0.0058569184872723,4.2979143653722115e-08
0.0166581856278949,8.381605804583665e-05
0.0111666807347886,3.843479567490848e-05
0.0192937304457303,7.202738995269296e-05
0.012819752578665,3.0459255150860592e-06
0.0076328004310924,7.826234505793349e-06
0.0106283036910392,6.0907460077853444e-05
0.0142912498991776,2.1445379042871613e-05
0.0169750109269807,6.384109745215331e-05
0.0072831611934064,6.575021336441555e-06
0.0035680840777084,1.0055697231341155e-06
0.0087862501981872,1.0624676229410992e-05
0.0007252163752964,3.2577841255137914e-06
0.0111764963394644,7.980087828289727e-06
0.0060989425269186,8.234656996801502e-06
0.0092098142276546,7.543696112602081e-06
0.0159267371681714,5.6690575894961724e-05
0.0004962574635125,8.343155693052663e-06
0.0134697934131229,3.3977256810636874e-05
0.0136608170841746,0.00010662898466986562
0.0138921164622007,4.2369298948524065e-05
0.0066215169084037,1.4282356452598381e-05
0.0177383729760483,7.72252414716966e-05
0.0063159174170956,2.006358519072435e-06
0.0100035813520648,1.1649470737718043e-05
0.0146519450432523,5.282366315942819e-05
0.00459230810725,1.2861966737099504e-08
0.0017443407740606,2.0388681762009764e-05
0.0028300983904236,1.2180707213596506e-06
0.0199701845663514,4.54358962595856e-06
0.0062107838910385,2.1442543258742644e-06
0.0018474229042006,1.8865844143357133e-06
0.0172099872729091,7.575414097711942e-05
0.008423834176983,1.899814460771846e-05
0.0145926861577966,4.6300830016180414e-05
0.0177021601024762,6.26829577762552e-06
0.0076564022112483,2.5200767973527806e-06
0.0058747659129651,5.380076820428899e-06
0.0063826048223808,4.780844340873643e-06
0.0019105679377098,3.204573240321565e-06
0.0111977104944355,3.10943692609197e-05
0.0182609954134927,0.0001284597500147889
0.0023697510185205,4.215709457441882e-07
0.006776664026531,4.9844262274105285e-06
0.0155862012589423,6.487276708982001e-05
0.0160829378272367,1.485745127027398e-05
0.0191160100742354,0.00011705728490146996
0.017455438154367,6.42332575271834e-05
0.0040037206773901,7.891831688509773e-07
0.0024348788965021,4.6787890899471706e-06
0.0065221819004874,8.14119303973856e-06
0.0124197112076023,1.781450699013956e-05
0.0012680262718161,1.190634270132223e-06
0.0176139932374534,1.7066767296421413e-05
0.0168136561427983,6.514017738422385e-05
0.0117010144036427,2.9023113878460975e-05
0.0013943893442267,2.468051773704671e-07
0.0092581809453322,2.5958256319221017e-05
0.00093468484332,1.184273191519338e-05
0.01940963872999,5.5122587905842917e-05
0.0059695278773466,7.449137924864239e-06
0.0074289425192742,5.602005175322702e-06
0.0011123701142351,2.5797260614958455e-06
0.0192781166780999,9.339610334058094e-05
0.0156606382037911,6.071310056384634e-05
0.005955049261534,5.043212233329439e-07
0.0181142182650723,6.543633788578489e-05
0.0194482970481364,0.00011489127753027335
0.0092062015600545,2.5225401885758484e-05
0.005189792731165,4.61709562040848e-06
0.0073964663355456,2.7649684150733747e-06
0.0133002411842925,4.7172793408359264e-05
0.0040305733129591,1.2653370745811012e-06
0.0196496265358181,3.958803672621591e-05
0.0192632296252081,0.00010506044985887178
0.0026716223489227,2.812372180194918e-07
0.0168536710253106,7.628648762923683e-05
0.0056869230401995,8.522539101661139e-08
0.0031524507646853,2.9498320362398073e-07
0.0095850285034077,1.2743431645884166e-05
0.0048827328266349,4.309259499848994e-06
0.0148697639858517,8.333986348482442e-05
0.0061220676219202,1.6944431574121545e-07
0.005486485772561,1.0265577827466186e-07
5.74021113725065e-05,1.3224478102605363e-05
0.0181851186585328,7.243404260740415e-05
0.016172674703787,5.7497030070083456e-05
0.0137738886350971,3.555148044961438e-05
0.0076944052922515,1.165951822466884e-05
0.0170695181026384,1.727684537503223e-05
0.0030752607831181,1.1382351038053208e-09
0.0137612054319891,5.7634467669077507e-05
0.0028784861787135,1.2142069777090599e-08
0.0002436261086077,5.0753160838986125e-06
0.0021450218277358,5.788670480228448e-07
0.0018757668592887,7.297189654299041e-06
0.0152807118752074,6.104207502178803e-05
0.0097403481968964,8.577881360955732e-06
0.0026428232676707,5.713166970423002e-06
0.0092291670594482,2.332278868872414e-05
0.0018631525871638,3.603582803488497e-06
0.0024017562705936,6.703587649959601e-07
0.01266595134563,4.4810963045921e-05
0.0084509483075983,3.9791191388885565e-06
0.0051353870569746,3.1997321077436324e-06
0.0103654614206524,3.1331480696494554e-05
0.0077940202126796,4.079280701262055e-06
0.0069143355928065,5.7887252313127356e-08
0.0099114542062566,1.3750170410895046e-05
0.0152919718786863,3.8324158432650436e-05
0.0181038695508977,9.976915928394541e-05
0.0177750606017773,4.014759622456261e-05
0.0049491667121925,2.354244998709074e-06
0.0129727800682378,4.8774267430295205e-05
0.0070870034788658,6.887932422078421e-06
0.0074552051756117,3.424820269109528e-06
0.0131422581443338,3.909913670433091e-05
0.0016304848211813,1.0983585827824613e-05
0.0191249649122414,9.451255219795742e-05
0.0103642956186821,4.893133279150486e-05
0.0143961074756226,2.142636317751644e-05
0.0031662962999061,4.85537977308174e-07
0.0094066420093134,1.921969111457523e-05
0.0078039416295214,1.0384171845361504e-06
0.0068048501082087,2.921344222622004e-07
0.0101857440557753,2.614520193584234e-05
0.0020018983026464,5.761619217870409e-06
0.0165419949282075,5.2622672687562797e-05
0.0120604985718304,3.093920809525213e-05
0.0084582982402914,3.917021040473029e-06
0.0035515272493342,5.770056659382707e-08
0.0165762001726153,0.00011992848455141159
0.0090002476037944,7.6611300948964e-06
0.0022177492965183,2.830665872748546e-06
0.0031215602909123,1.169577401366904e-06
0.0078723284843909,5.112755318031476e-07
0.0139587103323377,5.968004971558425e-05
0.0180737558406658,6.897597524629168e-05
0.0017704936099415,5.804413637661151e-06
0.0051216061163263,6.940175817233603e-07
0.0049471209559864,7.858228922858172e-07
0.0005094374489829,6.784000588032769e-06
0.0038538024230245,2.4306325636946405e-10
0.0126621593630863,3.842666023226906e-05
0.0121628555201301,6.103567533586183e-05
0.015874788277824,6.353525206155229e-06
0.006511000456531,5.412462075802271e-06
0.0084003206890245,1.9688606951237183e-05
0.0195776052769776,3.92806546859509e-11
0.0082782892140537,5.524039898601406e-07
0.0161548446296383,4.418278771916202e-05
0.0053650180461231,3.3049720474684364e-06
0.0082385372107279,9.418108271170407e-06
0.013214783391632,5.598953343072199e-05
0.0126417510183743,2.4555177489068023e-05
0.0129520211067172,3.939112286268363e-05
0.0165139527075144,5.081874821082145e-06
0.0010192334586387,3.0507699560634656e-06
0.0013020814651052,3.3828089516229305e-06
0.0165672103085413,6.965917264904073e-05
0.0184153722962593,7.716216160050384e-05
0.0083118429021041,8.840340061298448e-06
0.0098684728925504,3.118809516174977e-05
0.0020394961572395,2.721916603670695e-06
0.0006054933271615,2.3540819482534447e-06
0.0005072663923703,8.048986751940626e-06
0.0175217535472337,1.8761358978677986e-05
0.0183311795313585,3.184873655487372e-05
0.012724893509059,6.581961974228272e-05
0.0154572835019761,6.977714949390133e-05
0.0054437516679224,7.765085980021429e-07
0.007478277109314,5.3143860915074625e-06
0.0161355252840945,6.778490999927508e-05
0.001441813313586,1.7568162018928126e-06
0.0113535907664995,2.078123117073213e-05
0.007327709381912,5.4000649953454255e-06
0.0141194275522039,3.676101040948043e-05
0.0011323992652611,3.51244874361092e-07
0.0152392422504269,2.578555232160985e-05
0.0064551022411003,4.763982009914812e-06
0.0155962353761083,8.033420456519593e-05
0.0166257790011208,7.177270161745406e-06
0.0144493265306588,7.589009148292027e-05
0.0059149517417455,4.07861331710582e-06
0.016630033704776,0.0001327686620603297
0.0133419731894819,4.092809930652815e-05
0.0180533126176929,2.0145720997884278e-05
0.0037839304262144,1.35221240752816e-09
0.0032833386490921,5.4404157703804125e-06
0.0054802397292343,3.8669134102599245e-07
0.0045653012515333,1.1295083702199535e-06
0.0020962576794444,1.4126762536486589e-06
0.0149717395717933,3.23177180438202e-05
0.0154875264947586,0.00010266691297603903
0.0005661286960836,1.0087042009496977e-05
0.0193485486067263,6.230200209066972e-05
0.0018047601664408,2.8607760100535738e-06
0.0144900830096595,5.931705380505108e-06
0.0002251058928124,5.680305334904038e-06
0.0144930458928697,8.225903256009342e-05
0.0115716458923441,1.3106023469534738e-05
0.0148639714271574,8.092008781345721e-05
0.0085734572538033,1.5408253158452144e-05
0.0145763049072375,8.842368372846325e-05
0.0127627464489199,3.8969216878361914e-05
0.0147140911546748,7.093165952410574e-05
0.0116984107492258,1.7517053687773684e-05
0.015843344179596,1.9887693576883654e-05
0.0011295666887012,9.224305707368478e-06
0.0021905288736751,3.0191662754129094e-07
0.018763691598499,7.78732913490076e-05
0.0171388911133785,3.8615827475674436e-05
0.0036849584030831,1.2364831773726341e-06
0.0155464851165531,8.380860046263046e-05
0.0164359034065025,8.798421818466579e-05
0.0044660340412059,3.8337761555022536e-07
0.0146973413025334,9.052682628172535e-05
0.0106770470959316,3.6347932135205776e-05
0.0137001552585871,7.276599131989088e-05
0.0060448223546602,8.436820612325923e-06
0.0142373544478865,6.401339448742715e-05
0.0082927785347659,9.733131163312172e-06
0.0009109874836963,6.164759170981824e-06
0.0054930978803274,6.769695015769928e-06
0.0151765195358757,6.110534966116353e-05
0.0115912217321916,3.565521704587041e-05
0.0190764061789185,0.00011763107645400042
0.0101544691054305,2.8892403383791813e-06
0.0166298616584351,5.8747526604626135e-05
0.0004270916284438,7.504859632630642e-06
0.0055505466407697,4.013959369959292e-06
0.0099989951594905,2.6056192747379312e-05
0.0096579934172587,7.647235387648412e-06
0.0195324011639313,0.00013750840078000844
0.0114294671982906,4.528116093544195e-05
0.0045878265053807,1.292026799948721e-06
0.0157482625080786,9.94443460146188e-06
0.0116138785807939,3.1697872144123886e-05
0.0073298272850511,3.271113651568394e-06
0.0184780381273556,3.28072441445489e-05
0.0089211840060474,1.0637685565114182e-05
0.014947515598549,4.685722369755713e-05
0.0040910947876355,6.986815249852572e-07
0.0164272462340216,6.670014544801456e-05
0.0045907447721288,1.0678261922105456e-07
0.0089093183802105,6.404366287787154e-06
0.0182719188207514,2.7346360861622182e-05
0.0083099090073714,5.031050853393416e-06
0.0135065866385463,6.817219297481932e-05
0.0137558759189782,3.518668820477837e-05
0.0007624438358381,1.237492127298596e-05
0.014217111475274,6.451677736819891e-05
0.0078448921877568,3.3093962035544084e-06
0.0043067499198168,1.6129183079685856e-08
0.005155816711738,2.381705276669366e-06
0.018546688228122,9.639937144512522e-05
0.0192987875007195,9.843776606723002e-05
0.0186492082956968,0.00010058941885563596
0.0163180177051188,5.4149083170895165e-05
0.0156478516652102,8.414568096306765e-05
0.0198164880373032,0.00013236445336953573
0.0158860862878877,6.868483130317991e-05
0.0188379450902404,4.603207028217941e-05
0.017334027783294,9.146971841773816e-05
0.0152845891313497,4.3965660066706564e-05
0.0009438328951495,1.6859429549204156e-06
0.0092592078155718,3.1190964721781835e-05
0.0034510757073817,2.591343858607502e-06
0.0072040943171249,1.2270385969066333e-05
0.0048903101936958,5.0863192801768044e-09
0.0054224038811923,2.2707301495657406e-06
0.0092376404074357,2.303991135813989e-06
0.0105289808744167,8.465535965888275e-06
0.0015926917821425,8.107727869607642e-06
0.0004010400860563,4.370849129242237e-06
0.0113907904421882,1.271015136705934e-05
0.0029288089028935,5.128268275417402e-06
0.0131171989620415,1.1025809391363545e-05
0.019667326058593,3.3406449349198867e-05
0.0177970186240999,8.929151673410883e-05
0.0052871614419116,5.025125263126498e-07
0.0005515515347748,3.92174159226175e-06
0.0018182902296637,2.0892304283241304e-06
0.0013849601459871,3.895688847653284e-06
0.0019386072263188,2.585287339155242e-06
0.0146141418484875,7.904438734559333e-05
0.0111975487259102,7.126586244122795e-06
0.0163165815996958,0.0001073245788174585
0.0155105193375611,1.074281513268557e-05
0.0107185429408097,4.933321958464536e-06
0.0046045464242081,1.1724486381532003e-06
0.0071079345598052,1.489361996122343e-05
0.0034282028074213,1.6542433636051951e-06
0.0167283195737723,6.932314361881423e-05
0.0027260536763678,1.4805329241197797e-08
0.0157555094587886,3.381111387008863e-05
0.0145473379916944,4.265662974882112e-05
0.0043900638918867,7.5348127234698635e-06
0.0141721181804308,1.8967188102529297e-05
0.0190917830663526,6.312052672621828e-05
0.0077263427960904,1.6299765275787304e-05
0.0046144988926066,4.03406897438543e-08
0.0037270044289743,9.497380618598206e-07
0.0139570706753982,4.2308536369665224e-05
0.0014666395987613,1.3571853918652987e-06
0.0143892198813653,2.631311281041962e-05
0.0137301612016714,4.4252978774986484e-05
0.0135046434775315,4.664939439993587e-05
0.0120253270615187,1.5211195000790596e-05
0.0116334347424407,9.164189012080212e-06
0.015604333617621,6.364054696329948e-05
0.0185528585059253,1.7433612962848075e-06
0.0040234372507317,1.4919553384449e-06
0.0138755713467685,5.576996467518685e-05
0.005207873194149,1.4077481902865118e-06
0.0055649049565281,2.2488433410239596e-06
0.01530891278136,2.4507902392149707e-05
0.0196200456212179,0.00010619421652415983
0.0117739128881202,6.676314460084223e-05
0.0091665073108111,2.9581241891842125e-05
0.0128786591292199,3.7698909741509044e-05
0.0085592974611092,1.4008400343837619e-05
0.0030143315698469,8.294905945623391e-07
0.0095308421202402,1.4464251589197007e-05
0.0042581328085464,1.5135980949931632e-08
0.0184202547341749,8.792655415106705e-05
0.0194326432140648,0.0001303452810835698
0.0134574193018667,5.3191901606045254e-05
0.0117073824721548,2.4116023968191795e-05
0.0069124961701441,3.4006823062131574e-06
0.0175605178454012,0.00012559097995085586
0.0037918323765488,1.0640411858047312e-07
0.0176117615130334,7.447947179765753e-05
0.0154013106759361,3.954421270004326e-05
0.0055430990454996,7.42550221571636e-06
0.0103504862667336,1.0498586702018098e-05
2.106899131684603e-05,4.619428599946092e-06
0.0012666469005059,2.8279312437285186e-06
0.0181870116975533,0.00012402054924766137
0.0002005677847708,1.177540261276594e-05
0.0141888967558379,4.1533083122152645e-05
0.0175612107432238,7.027320163546818e-05
0.0019313720856753,3.7946856428822217e-06
0.0106265492834339,1.7050847726741605e-05
0.0096420293312353,4.3174883447965584e-08
0.0038270820393748,2.7490427706465722e-06
0.0097396863327022,1.843491036925698e-05
0.0109518199273489,3.388421933054629e-05
0.019054068329077,0.0001142051653832568
0.0051847705178253,2.1295184606050095e-06
0.0062209478970155,8.142627799835275e-06
0.0100547265978599,3.94965613326624e-05
0.0138958115210209,4.589418491633785e-05
0.0037109959583282,5.250432774480756e-07
0.0189103580957296,0.00010290308521723534
0.0157090354883229,9.139541775522627e-05
0.0105978201338889,3.873358652379778e-05
0.0069897924452252,1.7672563435601498e-06
0.0174506732789621,3.7610000980147543e-05
0.0143773983759952,5.840429114172805e-05
0.0085912707186705,7.573697211916006e-06
0.0091965666440854,1.033626559422086e-05
0.0153282559196364,2.362156628175689e-05
0.0089337122135849,4.4912519391035944e-07
0.0141408203335238,3.249104919839654e-05
0.0071690923324458,9.933516225469313e-06
0.0103487038047273,3.82668689728112e-06
0.0163905361205454,7.983102052311378e-05
0.0155914728425416,5.412876378053196e-05
0.0138444922318651,7.86223031090734e-05
0.0137351292993912,2.7228126104826537e-05
0.0056913879519012,1.3738129272223968e-06
0.0166709548631277,4.934483068949473e-05
0.0045198352964964,1.4220353048301478e-06
2.0799203572561262e-05,7.782395997701357e-06
0.0182529412125295,8.30301545314827e-05
0.0137861535024948,7.770834511482213e-05
0.0025260481111763,4.443253808753011e-07
0.0173435356625013,6.984270537327323e-05
0.0196225585945303,0.00011516178355010681
0.0091679472292295,1.320849506331112e-05
0.0054990522163965,1.556569799730835e-06
0.0089094557779306,9.83979436844046e-06
0.0121139534747071,7.035416673023443e-05
0.0081201496977666,3.6065321704585e-06
0.0108659784014372,1.6415093484901472e-05
0.0004966217911318,4.809973430967683e-06
0.0054922221789732,7.076278347676976e-06
0.0074257276780262,3.6225883551677816e-06
0.0027624254923384,9.643769498644063e-08
0.0012824415885244,1.7882043723165055e-05
0.0056430751567354,1.922577942557104e-06
0.0189960476238691,5.518079530207932e-05
0.0086532713813158,8.676605885213982e-06
0.0004232080895178,5.337275395600672e-06
0.0011112209549337,1.2909179005726467e-06
0.0127496423209621,1.642323526771613e-05
0.0081351512921734,7.2265014363014055e-06
0.0195784663501852,9.193902310388712e-05
0.0176598664944609,2.200788711360702e-05
0.0039682507670132,8.110391443382194e-07
0.0071916598377959,1.9144220717487667e-05
0.0199979885788077,7.473086686441033e-05
0.0086541189182051,7.586603680254048e-06
0.0058536864965855,3.2559140387713187e-06
0.0107196954747796,5.2026732107537116e-05
0.0033178494042554,2.6589142386566845e-07
0.0048287534320514,5.197076017920297e-07
0.0197680118559119,3.589628631479919e-05
0.0040393060173626,7.285138960217106e-06
0.0155013096404349,5.257240258952149e-05
0.0027065699045705,9.001363040123578e-10
0.0045686507697567,3.767828906542207e-08
0.0120322315368491,1.2508902552434617e-05
0.0100307476512517,5.7039554518956435e-06
0.0034391265619698,1.942005793190152e-10
0.0053046317475712,9.21669115563455e-06
0.0013555130071871,1.938538838052042e-06
0.0086575731146846,8.522333374669224e-06
0.0033442198350288,3.1289097351458197e-07
0.0053931206355473,1.641768566089139e-06
0.0121764381953023,3.6822320185976075e-05
0.0079879737883658,2.5011148480775115e-05
0.0022367948021971,2.047788504904539e-06
0.0022523957667814,1.6886541655926176e-06
0.0088856939847137,1.2533052052764202e-05
0.0190127336740916,7.000886298126491e-05
0.0119121225904751,1.5060883090835334e-05
0.0071536473790879,1.6807364679018845e-05
0.0039320434477991,2.2866378920175108e-06
0.0170398327788548,8.265293942284927e-05
0.0168147292961855,0.00015251319695611484
0.0020181071328894,5.722835945520558e-06
0.0029645550084351,9.23716613882844e-08
0.0092037821782519,1.4022888682676426e-05
0.001103750132722,5.292622715753095e-06
0.0054667618382184,6.788885066093297e-06
0.0120794214882765,4.529360307658502e-05
0.0084807330920685,4.957120389550784e-06
0.0120084380315272,2.5197475244700543e-05
0.0037634421122521,1.1543729144595165e-08
0.0055975361792079,3.921755194032711e-07
0.010338506153323,1.7406062420428038e-05
0.0183541986932817,6.98761020681714e-05
0.0146332391114717,4.197934267164892e-05
0.0176158200227021,8.76419480755755e-05
0.0051696921516845,4.264777216671387e-06
0.0167614459959524,8.850787078872025e-05
0.0169345154209969,4.3650593760346775e-05
0.0155434751793838,9.159668544556537e-05
0.0176339733295691,7.037123533280318e-05
0.0047939062625404,8.227384145011723e-08
0.0172208362088343,9.72153060967744e-05
0.0146561612926978,4.9785487234733576e-05
0.0031017211226239,1.804891694676962e-08
0.0142753977924867,8.757613256506514e-05
0.016738629274296,7.113752115202187e-05
0.0193682811868554,9.392207967323737e-05
7.674882041104114e-05,1.698730465719498e-05
0.013560731529445,2.244520093194469e-05
0.0031820363512743,2.9694144964015793e-07
0.0005316776691113,5.193003004441311e-06
0.0077305139835572,1.713166619890413e-05
0.007702495215727,4.537134784547721e-06
0.0073025085551966,1.5027502624099415e-05
0.0054690916457786,4.112026733908757e-06
0.0068747196949382,4.108166032794875e-06
0.0075558837063874,1.735946648221584e-05
0.0188297148151019,1.2043509269218716e-06
0.0118361826775119,5.721036557133802e-05
0.0101570061340914,1.4599309957192649e-05
0.0138647884715905,4.8637251232431365e-05
0.0133796090824981,1.2660659342922368e-05
0.0047902146619153,4.171346505651679e-06
0.0045545740423159,1.2694570382605953e-06
0.0021277809930352,3.5583748795786626e-06
0.0041337809552984,2.1111936886824917e-09
0.0066880692592056,4.922719371033963e-06
0.0118484861332236,2.5538255754423267e-05
0.0078727158477796,1.9196146488165985e-05
0.0049371571431211,1.0742110399695511e-06
0.002224010311283,3.976076538593324e-06
0.0036970973348571,1.2347257343575985e-07
0.0056401691731164,1.5777636507582364e-06
0.0108794681611791,1.0897909007693118e-05
0.0102534563567563,2.2387334527790317e-05
0.0004071226427744,2.9974429703721593e-06
0.0134921425962051,6.754927044765056e-05
0.0001631619280861,1.020411598001877e-05
0.0038979142549522,1.732892829658235e-07
0.0107424657572852,1.5074277362656255e-05
0.0139961283227378,5.447747619028856e-05
0.0117328739604659,8.655714941221994e-06
0.0030565803887658,2.06977712558376e-06
0.0024350725639924,1.8891346750638213e-06
0.0123441987309839,1.4217435173415386e-05
0.0121539146567654,2.8125074628030524e-05
0.0116792005794405,2.082307848324531e-05
0.0159530866792573,5.60738486713666e-05
0.0139911524343304,5.1421303111072044e-05
0.0063608802616892,8.979785426917811e-07
0.0064459748491631,3.0878652808976863e-06
0.0036938671929297,2.404651104611472e-10
0.0043323514154308,1.7625094340410917e-06
0.0029217108385831,9.375100533756648e-07
0.0140351703143602,8.221279862199493e-05
0.0167952435330195,8.18321950001666e-05
0.0035572107430913,7.824968673211722e-07
0.009283522316544,2.3124700772076765e-05
0.0174577512548121,0.00010344816271943218
0.0081072440171778,2.765350083891382e-06
0.0192191543786471,7.998502407762801e-05
0.0053601595169713,6.819187708346172e-06
0.0113887195979832,1.0206557656440103e-05
0.0016798824158997,1.8032880994929673e-06
0.0109334363786241,1.7210237416281435e-05
0.0001509471675127,1.8358204128867702e-05
0.0018964995891892,5.183040862480482e-06
0.018287833788286,7.020563184241657e-05
0.0115812682737043,3.77529458698469e-05
0.0047411652389661,5.467824413884958e-07
0.0118127301256071,1.64925934985523e-05
0.0146261295945415,0.00010366141917404227
0.0131955248342388,5.7518608645434766e-05
0.0087391757925724,8.739845929281894e-07
0.006368586762043,2.435245560647403e-06
0.0176234066872852,0.00010402193725062323
0.0186061539016078,0.0001301131929412909
0.009128071862162,2.3619638619971384e-05
0.0002955987909048,9.860315822765823e-06
0.0080264090273494,3.135886803297694e-07
0.0138139861080823,4.652420079715217e-05
0.0013521718217553,7.462347820391868e-06
0.0052015381928049,1.949223664076172e-06
0.0153878537924186,6.261252755068978e-05
0.0082290087628203,1.0130572020325227e-06
0.0122491941776496,2.2549517490724518e-05
0.0088078998565916,1.944245321592757e-05
0.0002825563146512,7.208250648112732e-06
0.0050291466779085,1.2473020632896625e-06
0.0148149061146802,7.889123814942088e-05
0.0122213372211766,2.4181719234879524e-05
0.0169251685647052,7.646831602643805e-05
0.0039962720991554,1.7744510002859814e-07
0.0137628527261287,5.7425703560252185e-05
0.0058997122803241,4.4112067758893676e-06
0.0032999629218297,8.458067219520357e-07
0.0116330625557206,5.6077808812864596e-05
0.0097326344145131,1.220707084126263e-05
0.0151701075469982,8.118958814697093e-06
0.0193481178327475,0.00011154683752056139
0.0090944478171252,4.214227857476489e-06
0.0127917577348755,2.5373097360301034e-05
0.0112632339505354,1.1480513424196733e-05
0.0183613645765323,6.565049059309409e-05
0.0055673352988722,4.535796816904836e-06
0.0141226197745126,4.4534663189295815e-05
0.0088200247339923,5.52662047112371e-08
0.005526690174435,1.363563746902637e-07
0.0048862253206801,1.7639379790641293e-06
0.0173424588211036,8.105589935347935e-05
0.0112035424803139,7.909838045109928e-06
0.0138303087411793,5.482453214607542e-05
0.0117897623061041,1.0427983972308418e-05
0.0001057843889302,9.049655111306488e-06
0.0146859465974866,7.446546568232027e-05
0.0087094404345651,1.5564913252802976e-05
0.0116390544253683,4.002777078701521e-05
0.0081591382921069,1.275818093597493e-05
0.0029757709933961,7.32400806725333e-08
0.0046764808127062,1.9039638725481842e-06
0.008153605118589,2.02157607837093e-05
0.0087447081229391,3.691267305067756e-06
0.019414812485066,9.739284318205942e-05
0.0027105159464906,1.1399211786208375e-06
0.0036008039862532,2.872007050251037e-07
0.0127156271607311,6.852256075510154e-05
0.0173230620254637,8.960337714548973e-05
0.0088867992299595,2.5103382366627432e-05
0.014115448154299,6.365393447371193e-05
0.0105858525302361,2.5754753897821257e-05
0.0176642705703316,7.320803741212825e-05
0.015899434378579,0.00011150100219284567
0.0085047478735914,1.5596528454516218e-05
0.0012963016302568,3.907439575475169e-06
0.0119607026011859,3.150997487586581e-05
0.0158202171659301,6.563437692677853e-05
0.0089563441339385,2.2678184915636143e-05
0.0179431175372093,4.267727098495117e-05
0.0196516107212361,5.6231975607574136e-05
0.0080779401070446,4.240945128569627e-06
0.0020444620384419,2.0061696539381647e-06
0.0027263244007888,1.661039975878742e-08
0.0133331825388889,3.3385708899034024e-05
0.0021232713078295,4.006650873562892e-07
0.0086057664294164,1.8362954034902915e-05
0.0162521700839638,7.31078456058054e-05
0.0148351353460508,2.0013279129785573e-05
0.0047511996583162,3.7981501550829827e-07
0.0112054775134851,3.807260999141519e-05
0.0080751196073178,3.506758828128105e-06
0.0039028487398811,4.84335562854284e-08
0.0062095710606543,3.990751763950719e-06
0.001291086033916,1.6270427550020657e-06
0.0041395186277149,1.315816065968196e-07
0.0138624016924072,2.3789467797167274e-05
0.003016296939824,1.000160190372987e-06
0.0164806303579964,9.628777894193257e-06
0.0138079372028988,9.362513440190363e-05
0.0005816102100195,7.740104577544421e-06
0.0068307995427467,4.090075131289458e-08
0.0059766324167523,9.097080991120545e-06
0.0060986431541175,8.52353038324883e-06
0.0025488397534518,1.517804238550993e-07
0.0064051274230605,5.014306558468251e-06
0.0087625882830731,2.0047918755788624e-05
0.0199734879367513,0.00017266238532058105
0.0196991940034266,5.352332885262366e-05
0.0189073833973134,0.00012284052110761784
0.0069463141467477,3.878729431122134e-08
0.0053501076332491,2.3017008027138176e-06
0.0017259289773165,3.5429748826816294e-06
0.0033598359784114,3.82242546185649e-09
0.0069576509063049,1.5977250136864024e-05
0.0156847511099135,8.68552820170689e-05
0.0196265558283547,5.18500013826363e-05
0.0057367154377115,6.41605129157962e-06
0.0101323657290647,1.8804432111809538e-05
0.0123291243823096,3.017913872690759e-05
0.0080511946440927,2.315005432963496e-06
0.014480399716649,6.211874130722069e-05
0.0016305375275729,2.451533680366435e-07
0.0135600375861327,3.428615758347068e-05
0.0110189514011681,3.35546958288026e-05
0.003192593756871,6.423977211580325e-08
0.018429201770048,0.00012052215800176117
0.0098633197760846,6.334219161696228e-06
0.0160908441478731,8.2037914409397e-05
0.0026939501060992,7.687508642964011e-11
0.0178171053613831,0.00012035146215873125
0.0024736911775313,9.270819299133265e-07
0.0096797470304273,1.551838947562934e-05
0.0014584139486887,1.18326191490456e-06
0.0095162508590697,4.927404348794805e-06
0.0078478217777659,4.314521096810675e-07
0.0104870714114182,5.271439543624155e-07
0.0110265431905089,1.6268494551809133e-05
0.0191156449785608,0.00014191024186956683
0.0056261853637794,5.219470410808689e-06
0.0192907061948266,9.662424801069433e-05
0.0142155720474261,2.8807886970379228e-05
0.0020936749689647,8.247513020429329e-08
0.001631766856357,6.6023568727358446e-06
0.0022892796200339,5.377233757538797e-06
0.0089299401063516,6.669885504720096e-06
0.0002743313247474,1.4256532744684524e-05
0.0128540757897737,2.7161021073057405e-05
0.0199155484575942,9.310247251622117e-05
0.0011593477354929,5.951605191032671e-06
0.0160982672316805,1.1442107050194115e-05
0.013291600238459,4.7789110014450084e-05
0.0141114688455256,3.611032714037881e-05
0.0054386071334138,2.1652661222330585e-07
0.0121130359736337,4.1072129396052225e-05
0.0131489562527684,4.015151790732874e-05
0.0067249758386502,7.870804833061417e-06
0.0061227128456155,7.171337779024181e-07
0.0160237997409335,6.0731239859241686e-05
0.0137634294297076,4.0655180618728046e-05
0.005060538109519,8.848858029303041e-07
0.0083909018765526,1.3200115109508101e-05
0.0055577883760168,1.6042881182308402e-08
0.0085954293870679,2.3699548791335178e-05
0.0168366272364961,2.6627993515087854e-05
0.0038225974217626,1.2416058900047253e-08
0.0055836454748838,8.310761347575982e-06
0.0028532513503966,1.4465665919767902e-06
0.0140689589541325,5.758568304180159e-05
0.0099000076620305,7.430799642678139e-06
0.0066084616467216,1.046931749449959e-05
0.0074625385157977,1.245896397510099e-06
0.0031151681756325,1.137401363389497e-06
0.0048236903743853,7.9762225010278e-07
0.0053234828528528,2.3664003688018992e-07
0.0018683804934808,2.3135441443621333e-06
0.002054116019685,6.102808891853285e-08
0.01986805422491,3.095597430622875e-05
0.0012738320640112,2.411047367527704e-06
0.0119602924321005,3.0028828261378416e-05
0.0008087753748588,7.5994794471646254e-06
0.0152552030464451,0.00010681164351322366
0.0144950262865488,3.8675272467103545e-05
0.0121364075774413,2.450704461231691e-05
0.0046694018021679,1.6152625809665267e-06
0.0042232543729621,8.195439568126382e-08
0.0125086833496024,4.812616772934903e-05
0.0063449990173805,6.018539513312892e-07
0.0045338889675456,4.2045548499486844e-07
0.0044417600701868,1.6866009087775438e-05
0.0167759860838307,1.3177840365039508e-05
0.0162095848429043,7.841005754689644e-05
0.0079020065678234,3.3908368211040027e-07
0.0131280161049794,2.430785481331505e-05
0.0135456869317534,2.6555213248132747e-05
0.0007012138608741,1.5363179446178574e-05
0.0062495471363019,1.3300532300807119e-05
0.0039270069285286,6.694238413668539e-07
0.0006890431429497,4.110876195627402e-06
0.0125160708616399,3.1644265955061194e-05
0.0079688497270149,1.1391706825961313e-05
0.003014641953847,2.209045822267395e-06
0.0080023918936904,4.323890350240632e-06
0.014080287139734,4.7296577000275876e-05
0.0148045888466855,8.388951759069707e-06
0.009315437129574,6.2484605946800535e-06
0.0133162191843422,4.0670267005110196e-05
0.0029217268103648,2.6175788842158267e-08
0.0016399084372828,7.667721385378941e-08
0.0136017456304988,2.8862167285024916e-05
0.0018394070378949,1.3270158184741815e-05
0.0169612573642867,6.628093413469983e-05
0.0029227967802294,2.936956848270293e-07
0.0028518183840353,1.2340846660053825e-07
0.010021589393158,3.7373390910981736e-05
0.0090021771976219,1.0143195464361044e-05
0.0024253419195481,9.543244106755985e-06
0.0142917562185522,5.7616737560154084e-05
0.0083098371288313,9.694282448592646e-06
0.0182401696962524,0.00010257191092870949
0.0197448559044437,0.0001009882036532392
0.013745022319112,7.209264488942914e-05
0.0035185013126934,3.3756604043588046e-08
0.0137295562659791,5.622128443561995e-07
0.0087505863796101,8.084857769913613e-06
0.0136411864794408,7.469036321947906e-05
0.0043670547471166,2.98196393272233e-07
0.0194637567667209,1.8385889520587854e-06
0.0037186192404155,2.3740330735287485e-07
0.0071274245977528,4.0510408387064e-06
0.0140165433718639,5.1566377228248523e-05
0.0067194645143886,1.259058139892761e-05
0.0079091931035662,9.120934638041188e-07
0.0112168357271603,9.70894020287744e-06
0.0047562770054473,2.0736596694475798e-08
0.0029307224648511,5.432897976144252e-07
0.0105949243091176,2.2064241293736796e-05
0.0071170731288317,2.3745315500007756e-06
0.0107158525157039,1.0223646186985109e-05
0.0167560956175375,8.503551160144829e-05
0.0073981209378749,1.1235081584596543e-05
0.0144537133419846,8.226441317289452e-05
0.0108559704216245,4.1644267955114975e-05
0.010053856977086,4.24572001319569e-05
0.0115074171348365,1.6319497520405778e-05
0.0010554466032852,6.580840245612377e-06
0.0013201327505822,1.1167025486256772e-05
0.0163115461937199,7.924594632157554e-05
0.0112458563478535,3.328957355973178e-05
0.018028704939086,9.460329264672524e-05
0.0022188958693507,5.325888485393438e-06
0.0151972510907536,8.19519252348391e-05
0.0026245605405037,9.243735690902054e-07
0.0175239419017139,7.243386605903277e-05
0.0114380756995554,1.9860075373831057e-05
0.0056392304395255,3.880207190406811e-06
0.0079920164086602,2.790078830771165e-06
0.0042624699786879,1.3668604527007733e-06
0.0166286957974077,2.858189045618117e-05
0.0082636106348176,9.070404793163261e-06
0.0170915113613866,7.92584030470752e-05
0.0189306814050933,4.428412308571911e-05
0.0147781977881418,2.827324992008187e-05
0.001674492385478,4.845161468039002e-06
0.0099009842521418,2.013588806527733e-05
0.0109058882678076,3.009317870975526e-05
0.0166292791066208,6.468832076096441e-05
0.0138445018444935,6.028824513909416e-05
0.0116069029949099,4.110079990314338e-05
0.0154834140913613,8.096902130609739e-05
0.0021129057861567,3.316996987043849e-06
0.0096560037755678,1.2061555967259654e-05
0.0196227101235267,1.9759715305476562e-05
0.0065042152170576,1.5595947657961725e-06
0.0140518552663115,5.0729993816370136e-05
0.0146695871743591,4.0089577904432244e-05
0.0171667136849558,2.5504653661741434e-08
0.0120028035969327,9.474788585992794e-06
0.0007890248258484,8.453995957182193e-06
0.0121403073924808,9.567958798166745e-06
0.0079268824237909,1.4875777118902316e-05
0.0077135951907577,2.352066957610953e-06
0.0132680131631435,2.4224996666363606e-05
0.0084239551410853,4.5465891720024275e-06
0.0048416174831119,4.076838883371762e-06
0.019603269199301,0.0001227925419599759
0.0025832918298483,3.4704146849135735e-07
0.0177698868483057,5.893799825171494e-05
0.0067124679858885,5.059258879520053e-06
0.0064104354851573,2.426887888176615e-06
0.0058666309170301,1.1070226042420513e-06
0.0181856102809548,9.496568351395641e-05
0.0077793720867947,1.1022275197516428e-05
0.0177676165578689,6.284088114296023e-05
0.018886998317151,8.339350371032908e-05
9.003105432048964e-05,1.0958377934098297e-05
0.0007165388045941,5.200823984038485e-06
0.0017527760721768,4.321467596570848e-06
0.0092641732249212,1.4433328469773635e-05
0.0032030662595947,8.610483549239297e-06
0.013454146792462,3.9088700369005096e-05
0.0175468944659022,9.529834019403906e-05
0.0155895170939904,4.0700272697878554e-05
0.00459526767205,3.0869441357259503e-07
0.0013268208461178,1.0383122133044103e-06
0.016901628469239,9.133614698368178e-05
0.0068066075435139,1.5257852974553062e-06
0.0157255632053869,7.994991261737939e-05
0.0193475788733439,2.5480196931396578e-05
0.0179917680014427,0.00012285983371032583
0.0074983602385197,1.610720435680975e-05
0.018002065365511,5.274717324356714e-05
0.0190417040449476,0.00011281903697860034
0.0153830501921282,2.7916331241088434e-05
0.006439152196066,6.166702349565084e-06
0.0136183479113281,2.97457179574317e-05
0.0023938305440013,5.584405443966868e-06
0.0003067348762473,3.515499751546513e-05
0.0170592061967474,4.697851243937157e-05
0.0179013629720816,0.00012445298719564835
0.0089373309785691,9.872949737350186e-06
0.001494647105735,6.104252486648107e-06
0.001345473374135,3.830941602719948e-07
0.0199552847769857,2.71052669874794e-05
0.0095876718188178,2.2902710370604112e-05
0.0082237128211546,1.04443691773669e-05
0.0152365602209503,3.578799406955386e-05
0.009021751971333,8.65419118269448e-06
0.0035423996318099,3.724278825015e-08
0.0061391958582953,5.362913648781805e-06
0.0025779889371543,2.0628953070767155e-08
0.0019529366267401,1.540862193942789e-06
0.0110614391470769,2.5847367673287735e-05
0.0050798863384477,4.3732891027826856e-07
0.0157908818228309,4.764789167361079e-05
0.0184932508616306,5.012910081483476e-05
0.0187301260980654,1.7689089525265822e-06
0.0092672323912498,4.3774659470195904e-06
0.0199044318580695,7.327570394602553e-05
0.0134182573108191,2.2508671849852968e-05
0.0030280901754728,2.1353863488604656e-07
0.0094767231290549,1.1024240568699804e-05
0.0084699526095111,1.558532625879566e-05
0.0024008937237506,5.34094461111405e-07
0.0055072816266479,3.6013625302475426e-06
0.0055304555983213,1.107334303917346e-06
0.0022201481335903,7.434167726808747e-07
0.0081023655253078,3.5947903592371897e-06
0.0049405366204761,1.2029746630462788e-06
0.0148402406663433,8.585123699961044e-05
0.0152149162151567,3.730606927367849e-05
0.0169174057223157,0.00010267161490646039
0.0122631345769955,5.170513725215862e-05
0.0077840719976561,7.590548179573411e-07
0.0095487318176216,1.7381233133884886e-05
0.0097773067597473,4.443310347325053e-06
0.0186700762421242,8.687870025605155e-05
0.0184553380217677,0.00012435021652647333
0.0064985497763729,4.147639380854793e-06
0.0042599634076938,3.7293685599703626e-07
0.0161627491010343,7.611286457071846e-05
0.0147345911773785,4.560317058639815e-06
0.0180321004675308,7.069357430027695e-05
0.0022352361690413,2.054025284683736e-06
0.0115111851414083,6.432613045919995e-06
0.0053587299022173,2.837234549950681e-06
0.0075601935029339,8.365719753341588e-06
0.0028183455469573,1.945604518165737e-06
0.000525665345871,2.1234048589477497e-05
0.0191700119766137,7.651693172306353e-05
0.0165973052503844,7.376710205212543e-05
0.0070658101164927,1.3022081988371423e-05
0.0044390182700481,9.24552205670562e-07
0.0194107493781188,5.7294576771632236e-05
0.0079256396786464,2.0988306589202125e-05
0.0183637132407836,6.0523669524437196e-05
0.0107847772853561,3.416516786240364e-05
0.008712068320935,2.603749510247155e-06
0.0048677454224924,2.154455566365267e-06
0.011573586740365,1.9132922105014933e-05
0.0170772304688099,3.9814392065441346e-05
0.0125626241197347,4.8720055532536266e-05
0.0034507765227332,1.8288371098964663e-07
0.0178327597818777,7.627610116196299e-05
0.0173012110056416,6.284192731449306e-05
0.0004676939779221,5.933245638491077e-06
0.0150507358452024,4.4492932782534766e-05
0.002873276620688,4.385679778460861e-07
0.0182359051111566,0.00010802823730796752
0.0026900060882894,2.98304348707257e-07
0.0111781802118912,4.680982323896531e-05
0.0050467351830299,5.089293690261379e-06
0.0085367884474446,1.3303447746751052e-05
0.0024763273510352,2.9637569008550817e-06
0.0172615212392544,7.198024186770787e-05
0.0045710123222069,1.6449173386542446e-06
0.0041800183627261,2.4942063139004505e-07
0.0087691607896838,2.643556472108363e-06
0.0049535813420919,2.7863389886149813e-08
0.0019788958036024,1.5589118844021104e-06
0.0004621326023334,3.865822398053247e-06
0.0044020657173352,1.300082364431491e-06
0.00179799935242,1.0051000228939111e-06
0.0189636225616579,0.00010008423609608036
0.0067488407476195,4.767173237869326e-06
0.0043685484595846,1.952561002717688e-07
0.0071224839841282,7.707503072041093e-06
0.0077463975885901,1.5563019118244397e-06
0.0056681532636505,2.176713199448608e-06
0.0096495833995683,7.172081440545347e-06
0.0192738099338248,9.989768489330873e-05
0.0096349886857944,6.605428198464743e-06
0.0120242716949854,2.4013700983420732e-05
0.0109425676333539,3.635735457286606e-05
0.0135921006879899,7.34437914313663e-05
0.0187196013965576,2.7424101202545568e-05
0.0057917442824078,4.943550003085922e-06
0.012698633908736,1.5600266656259923e-07
0.0157877199518964,7.902982155256074e-05
0.0107076461388377,5.372125688819658e-05
0.002027247997152,3.147089356329875e-06
0.009287464183057,4.502449554858819e-06
0.008162724680489,1.5736904800511258e-05
0.0052260043646468,1.068440451904118e-06
0.0136485777025972,5.780819537177834e-05
0.0012208098643998,3.947572724240067e-06
0.0080389076173542,3.809741504442612e-06
0.0061732038663586,9.836830135572351e-07
0.0097789665856363,9.330826629038773e-06
0.0054407375122834,1.3131181095781048e-06
0.0103901801461322,1.9133792627149822e-05
0.0062233664226379,1.2718823492844593e-05
0.0017161290782286,1.0158150990384819e-06
0.0074830855332609,1.5201574894762094e-05
0.0082557946587493,1.2544942460107396e-05
0.0028528277797295,4.923214695412048e-08
0.0123949385654859,2.70709883615341e-05
0.0128398230300344,3.901227957753159e-06
0.0141013335011966,3.414869316827376e-05
0.0110271034755752,4.77794868725605e-05
0.001195571383778,1.1742492314399719e-06
0.0112960616300052,3.358342228576299e-05
0.0018337675577768,8.001173644098311e-07
0.0167820066334157,5.7678539849327194e-05
0.0098058068064435,6.205132050314671e-06
0.0028078262873793,1.1901512525068555e-06
0.0131638252488878,3.5416015367912476e-05
0.0115218345883934,4.3378659600631205e-05
0.0119205871638165,2.7853785806164617e-05
0.0161542986519523,3.85363021936054e-05
0.0030933934235397,1.0305851039318167e-05
0.012634694225562,5.4534576422971844e-05
0.0065079008288168,7.264816389448395e-06
0.0007832294987073,6.802305496710222e-06
0.0183600865645645,8.524518612572008e-05
0.0199521480371638,5.444889752142845e-05
0.0057351922063611,8.436848081923817e-07
0.0007755639669918,3.067236732871334e-06
4.3083529470180347e-05,5.334597595211734e-06
0.0008429440809787,1.4777192446049164e-05
0.0150231898257573,5.509961807361505e-05
0.0003307049783075,1.1453698686342613e-06
0.0126227902581757,4.473921099189674e-05
0.0060401389937745,6.935474397215828e-06
0.0080427992265993,1.0232902763037296e-05
0.0133977500799277,4.61974230222289e-05
0.0038530714044348,3.432385828434959e-08
0.0122330618688598,3.488205656540359e-05
0.0130664375051378,4.256350902985964e-05
0.0041129219412247,1.0584431449935139e-07
0.0137649462171887,2.952663334200619e-06
0.0140304412927919,3.357902168445818e-05
0.014523646447608,1.4910071548528318e-05
0.003169958869756,3.6942604800334313e-06
0.0025253559845785,2.0262267772717796e-07
0.0079484851438204,5.6510925584276105e-06
0.0122453476499735,3.188287508143085e-05
0.0119448441462325,8.094068364730461e-07
0.0016744033434686,1.3145938665987917e-07
0.0018173678207332,1.4553596512488367e-07
0.0180639666488517,4.3252415031985625e-05
0.0104781242555104,3.0572459006010336e-05
0.0075777208139487,6.8047373367075454e-06
0.0154228851495421,6.122170616355671e-05
0.0056065662232282,6.907158070240465e-06
0.0112289134929755,1.699963213937492e-05
0.0004954779532244,2.154610040376512e-06
0.0106544034685661,2.5641879588219084e-05
0.0150118262024601,1.5709779877403204e-05
0.0055625873217557,4.13437442636521e-07
0.0004713216873942,9.312351467635638e-06
0.013600765317064,7.241467326960616e-05
0.0122536886498089,4.852080234648731e-05
0.011964776699011,4.7121506084858555e-05
0.0113491716456939,2.680494368029686e-05
0.0033301456946867,3.27963108439253e-06
0.0178380614732114,3.884423903047434e-05
0.0111164105213932,1.4350160289154742e-05
0.0044205212562262,2.723724669708234e-06
0.0057850528129126,4.1227690285103e-07
0.0061906216757054,1.4087540336506345e-05
0.0122874864925464,2.974175039523418e-05
0.009060813693239,6.9425080263609285e-06
0.0116865846015981,1.6697900596672276e-05
0.0063090347120293,2.68777356904434e-07
0.0061504442193406,4.807888351411084e-06
0.0050191735192507,3.0809769597713055e-07
0.0006517082900397,3.941292798040629e-06
0.0081763970805184,1.9059345304389406e-05
0.0096723661079726,2.5364670213418536e-05
0.0191091099580838,0.00017595068255975827
0.0090712351937499,6.940567125334549e-06
0.0196907766028035,0.00019973000589521445
0.0023038883929248,9.913512866884767e-06
0.0082804214810744,9.06630567907277e-07
0.0052848721471361,3.168654676452426e-06
0.016953816623552,7.370939587026138e-05
0.0042651591463938,1.1103180400194146e-06
0.0013079279578722,5.05113086878923e-06
0.0092891554237594,5.3263763271449914e-06
0.0188397775807695,8.810546457314765e-05
0.0046258271915159,8.419810025620377e-07
0.0007307360376826,8.40924710190271e-06
0.0177578348015154,1.9560695138417124e-05
0.0187059907749444,4.90858556068148e-05
0.0024126702140734,4.360658613971923e-06
0.0095019511259458,2.5207285948229394e-05
0.013211011996076,6.71722654322425e-05
0.0075380422642613,1.4714106130463508e-06
0.0020614043234794,9.95104711457974e-07
0.0171193268871954,7.585371707154158e-05
0.0186485121789543,5.64811836552347e-05
0.0002840812607607,8.681457683067352e-06
0.0107012527158779,4.058598547438621e-05
0.0168557458295191,6.706085698898177e-05
0.0177517950650441,6.143562213246676e-05
0.0112232584198463,2.1219462614802844e-05
0.0007333063054385,3.180774440105769e-06
0.004042479010694,5.159820294194024e-07
0.0093870385195102,2.0189215310821726e-05
0.0180503661017411,3.010648049747888e-05
0.0022494383764388,1.7433915519290826e-06
0.0042759314461453,2.036932668494943e-06
0.0139153352036597,3.352596839373783e-05
0.009582439807346,1.8499148268343153e-05
0.0064161277210865,1.065459045259806e-05
0.0152569112711391,2.730692905118504e-05
0.006721992104498,1.1416622458981306e-06
0.0096898464914325,1.6934871744166844e-05
0.007151615972795,6.51702107703439e-06
0.0171311926707052,5.436848475638188e-05
0.0013197995860323,4.483055602417397e-06
0.0151597873836181,1.890844332338103e-05
0.0104690795218487,3.119483570090546e-05
0.0100471018865674,2.4988391346565175e-05
0.0068972945285585,1.1119733380777278e-05
0.0185508010257625,6.16593320484364e-05
0.0194922825857871,0.00011878955950031228
0.0187954727125189,0.00010987162804204402
0.01097413806938,4.311373160715327e-06
0.0075757483044765,2.3816156177600387e-05
0.01716571594345,9.628273617677672e-06
0.0112901534751447,3.819691265627336e-05
0.0187623623270631,3.966963701768765e-06
0.0096080962875206,9.329255848148082e-06
0.0016629618629832,2.4113996827220962e-06
0.0007566435495092,5.71757009650413e-06
0.0074510666173054,1.1557303532464338e-07
0.0169217641041668,0.00011621497590365659
0.0085185592191317,2.4839219172982095e-05
0.0052983846709539,1.082921005176613e-06
0.0148516448746337,8.642752509788912e-05
0.016815801794459,9.154001078818395e-05
0.0078151950096393,1.760245017546517e-05
0.0147782157108087,5.983300258147683e-05
0.0001840896039411,6.302037169008716e-06
0.013174227060957,4.8593378165863194e-05
0.0174597058743142,4.453839128818048e-05
0.0120788899250095,5.2637847558110796e-05
0.0185353407298353,8.399537700355863e-05
0.0170804616334725,4.288601994190519e-05
0.0003858217852879,6.295472523406448e-06
0.0114898224747607,2.4349234284290075e-05
0.0165599176194171,3.595207377715028e-05
0.0043651042146458,9.962510119128389e-07
0.0148079076397231,6.75545897055876e-05
0.007168993236944,6.1627197645464705e-06
0.0051588771130477,2.2359874642480207e-06
0.0148768322961756,2.0848414484864973e-05
0.014525390901477,7.464246862992719e-05
0.0064528536667002,2.900167889343694e-06
0.0011964663134076,3.2737147623065777e-06
0.0099869773601185,1.765122110961981e-05
0.0189587075603779,0.000187884250351803
0.002269696571199,1.8234573004141696e-06
0.0081948667938297,1.8766709247925167e-05
0.0014975000135014,2.7532735399392835e-06
0.0169365886780091,4.3178813238261785e-05
0.0054505474061894,6.581116921359119e-07
0.0087266325204053,2.2948565560660683e-05
0.0125542766064058,1.444974586594531e-06
0.018567111922669,9.897283915257509e-05
0.0051053698266998,1.3504905549153607e-07
0.0069380144045413,3.442368025285048e-06
0.0102014659707571,2.66149841563009e-05
0.0159236245907164,4.6835793626165885e-05
0.0095420652133048,6.295213119130866e-06
0.0057519207477489,5.104149162458774e-06
0.0004180340774917,5.137727224035175e-06
0.0010523945222312,4.870036237412725e-06
0.0070444209996701,1.4620798183803233e-06
0.0161529018681673,6.557211401097331e-05
0.0021085645869568,1.3426261668044904e-07
0.0113904959535392,1.289250539097775e-05
0.0162016360351398,7.925304934465981e-05
0.0173309650592865,0.00010795039662552783
0.0063683816113084,1.1365739835795841e-05
0.0047957675717704,3.6697129416172723e-06
0.0056939916678143,4.202249935378572e-06
0.0103812932609586,2.650134642340826e-05
0.0092119544765269,2.2344940184095604e-05
0.014471521374991,4.783625150500771e-05
0.0095849536752754,1.5927322928170395e-05
0.0033443736182569,6.140654641576085e-08
0.0114078027845985,2.8994541448299337e-05
0.011247434637169,1.8810414741622764e-05
0.0137175759177589,4.988937621455223e-05
0.017334817338745,9.40096467134709e-05
0.0128563225208083,1.9545484663191724e-05
0.0060835098135354,7.848578122974537e-06
0.0061569321360013,5.423532107507938e-06
0.004474512338692,2.9625365461091456e-07
0.009492196263345,2.9019718063895593e-05
0.0077544712288818,1.2317385319159432e-06
0.0110355386610801,2.2702420068892414e-06
0.0024598076259883,5.951596444296463e-06
0.0184268386366339,1.9030403711855388e-05
0.0177832461425939,0.00010091590901675936
0.0033703320285543,5.295237256144877e-07
0.0001779331366985,9.863071055479954e-06
0.0030673678010688,2.2164674126641338e-06
0.0097078599657402,2.8125032887347308e-05
0.0171575808910561,1.5784232700829465e-05
0.0111637326721482,2.3853457033662902e-05
0.0147740389628323,2.3033640380004346e-06
0.0133749959232709,5.99873056829992e-05
0.0094561840273464,2.9206089522859552e-05
0.0178176734856708,7.486686983885626e-05
0.0174442771421891,4.247907631331925e-05
0.018992490491611,0.00012590261409394304
0.0191770561311722,0.00011304574454916051
0.0109681059760461,1.4882404607735802e-05
0.0119311080787332,1.946644930154365e-05
0.0112156312917558,3.2077103359525535e-06
0.0158044348981536,0.00013345277518555357
0.0076383224216098,9.354524114130706e-06
0.0143236992880852,3.685406008766246e-05
0.0114146578274384,3.8443299531457395e-05
0.014054829694351,1.5206014755242724e-05
0.0095994893869785,3.082127216549709e-05
0.0193367410335917,1.0331227230334077e-06
0.0160905754277751,8.869141442174072e-05
0.0078909400375037,8.407110674812469e-06
0.0144093759694918,3.3771584102412406e-05
0.0181088942431396,8.620270412129716e-05
0.0115565652950323,2.124822487423503e-05
0.011302319398576,2.9071229850858087e-05
0.0045183550051392,9.932220350101712e-07
0.0105797227096242,1.808600310709059e-05
0.0124842868521452,2.844490681786676e-06
0.0065724812765552,7.101182971900856e-06
0.0151994865452808,5.43209931830423e-05
0.0031880659478675,5.611953953150126e-08
0.0142612096746396,5.964177549061609e-05
0.0007705459800369,7.86456655093614e-06
0.0013708333370497,3.2068889346264732e-06
0.0186184021520173,8.028170587082556e-05
0.0098187464420681,3.549200374527227e-05
0.0022127246808857,1.523427868241534e-05
0.008104050000131,3.7180304614621777e-06
0.0134808960737374,4.6663477617171145e-05
0.0126540869996481,5.221587059427117e-05
0.0082577390732072,2.5991850740799983e-06
0.0154103109717848,7.3773294919434e-05
0.0010467555883119,1.427585461109782e-06
0.0117737081622988,1.6218784695488742e-05
0.0170220581453009,3.228761877291845e-05
0.0016595971192328,1.0161317584527435e-05
0.0163971839351857,3.475485870543414e-05
0.0085318838414061,1.354743242007219e-05
0.0188232117044499,8.49541581794911e-05
0.0168218607582404,6.764340860450044e-05
0.0093805554393555,2.5090010196351832e-05
0.0003825814060417,7.593199824913283e-06
0.0172015460711188,5.666210476024577e-05
0.0174713123699291,6.871946908162394e-05
0.0020735331514458,3.5151004934825983e-06
0.0136997106489517,4.4440980233154305e-06
0.0159525621064933,9.394331063232447e-05
0.0071104959650003,5.997939385721869e-06
0.0101092829157013,1.1177314410990786e-06
0.0069408950334197,4.693929156653953e-08
0.0007990463430855,2.9063032219278727e-06
0.0026170926607801,1.226976225691064e-07
0.0102011662051352,3.3102159154309146e-05
0.0155577818994531,9.019825423009148e-05
0.015825143355381,3.078792733387868e-05
0.0172465709165571,2.0933806580866427e-06
0.0047727384234743,1.934698299329869e-06
0.0101379730045606,4.282105489086483e-05
0.0015529896834238,7.2301813774710565e-06
0.0133512240542232,4.8805468444610804e-05
0.0191289273275748,6.418156106864299e-05
0.0010636838853593,1.9166554023374876e-06
0.0140077271500738,2.000052548263481e-05
0.0078848037849576,1.1307594492028492e-05
0.0090510801142191,1.3765932039024504e-05
0.0108604236711498,2.0883099573996495e-05
0.0159184682091766,5.609768407293761e-05
0.0054252820588591,6.61766752874857e-07
0.0171115671468662,0.00010840951996778817
0.0055442123996253,1.0179780752685338e-06
0.0058435536887314,6.21789759801552e-06
0.0101792961022343,3.6832022909978283e-06
0.0084516843030968,3.6291749002753695e-06
0.0022862675730814,7.144363863726719e-06
0.0024996862164509,2.9122096642953313e-09
0.0047987637953363,8.047429919956048e-07
0.0194465894502673,0.00012139544173556998
0.0032481993023058,2.871639683600002e-06
0.0047085060307122,3.2931422273915844e-06
0.0003003513985982,4.006657974872366e-06
0.0069589427616471,5.768443182828126e-06
0.0099428002570935,4.144757997607493e-06
0.0129883561643907,7.386947457122049e-05
0.0003808853557632,1.1686413110413871e-05
0.0065134917566673,2.1980076691825575e-08
0.0084967830681483,2.370470701141284e-05
0.0159595780645175,5.720859160519379e-05
0.0046400177929693,2.768606835575616e-07
0.0113004683615386,3.569094997349262e-05
0.0082543885488998,1.0314033432472724e-05
0.0146106137904296,9.650510776002573e-06
0.0073469672154972,1.1847589167305241e-05
0.0008335454445076,1.2646363214261699e-06
0.0181546092035517,0.00012153037954072134
0.0106234083066167,4.388670994618238e-05
0.0043633941962219,1.0184260749367805e-06
0.0021021546746049,4.226909732030615e-06
0.0028595383248905,4.731782254663607e-06
0.0181972362435007,0.0001189239415067862
0.0074696099080539,7.2933479946092856e-06
0.0094476760189204,2.140187684883625e-05
0.0146796721270177,3.856957369196572e-05
0.0126204285236229,1.4652131187767907e-05
0.0046878921786638,6.953803476444859e-07
0.0022653354989785,2.551927295243509e-06
0.016776233225719,6.35206316918986e-05
0.0119875683287979,2.3855756856804837e-05
0.0146220627491536,3.453136409951461e-05
0.0117484136360685,2.9346352271441665e-05
0.0081747052621876,7.533353829375457e-06
0.0131780467192479,3.570074767489778e-05
0.0031749869085777,2.682892371495488e-07
0.0144807886969163,2.8814317728294398e-05
0.0045898098451766,2.1439525943769317e-06
0.0014355980590299,5.587677676302694e-06
0.0002853728755279,5.920217966431691e-06
0.018025382582953,8.648017431106935e-07
0.0187622059333191,0.00012342205444191477
0.0184110423251436,8.674625574850259e-05
0.0136733321174404,4.6549581277505456e-05
0.0124212281789566,1.4190013601701814e-05
0.019997958696185,0.00014845353849770164
0.0177062843335386,8.015683413231901e-05
0.0078710283167996,6.308402493620229e-07
0.0028912124495291,1.3082949012689369e-05
0.0195329228456558,0.0001261030589414987
0.007632896060485,1.0962255744598712e-05
0.0169401684931331,9.956921001165478e-05
0.0081846753243972,5.6628271163645595e-06
0.0128213553818378,1.2121480061665777e-05
0.0042473676291696,3.4067865338791837e-07
0.0063124017670461,1.435994483156718e-07
0.0113336286707162,4.01395904121103e-05
0.007845234897334,1.196136545559766e-05
0.0197798042027497,0.00011676812426803428
0.0163708418844551,0.00010956969845403023
0.0094718406919195,1.4173735043787968e-05
0.014249165392861,7.814435050313028e-05
0.0063459785660142,4.998387823821594e-06
0.0019398728141811,8.226494451042874e-06
0.0030157052532556,1.8500782866037349e-09
0.0007491078448303,5.0138388973468635e-06
0.0053297219462206,3.0338441588258027e-10
0.0124717469578798,2.973323865844128e-06
0.0110214721423221,4.8680808405918475e-05
0.0063911560268591,6.900121083666273e-06
0.0140195079945817,4.9617518473709416e-05
0.016451708941971,7.037764621743658e-05
0.0043457964244611,2.801719658764924e-06
0.0163774721067063,5.7014074428890975e-05
0.0131280913908373,2.688262605848783e-05
0.016397986521876,8.737437656850604e-05
0.0132883391802148,3.41325475427938e-05
0.0010547042091429,3.7000746742647365e-06
0.0150137327461549,7.836810484614914e-05
0.0155407465133416,2.8247202603250822e-05
0.0102930204546421,1.7672190313493297e-05
0.0045080117438201,5.258531443056408e-07
0.0173743161522358,0.0001016175872946287
0.016623328000649,0.00012099828843639778
0.0034574811543254,6.716870771942434e-08
0.0089018286051539,1.1704256758711902e-05
0.0082288025315241,1.5798227590612802e-05
0.0112620784224244,4.845788458376774e-05
0.0187781745996307,9.028109510744496e-05
0.0021038729763428,1.2437000398327129e-06
0.0136558365032204,5.0633426363956085e-05
0.0082529309411626,1.7148920208723337e-05
0.0176795072752783,8.175154631707822e-05
0.0034488683861533,8.281087187052399e-06
6.13571051523265e-05,1.0991458265353247e-05
0.0062089906796627,3.2955675016003507e-06
0.0144542235215728,5.342231604888367e-05
0.0097459099914867,3.592473790673141e-06
0.0057142622648957,2.069021747514839e-06
0.0173467519211969,9.423991020910319e-05
0.0063442593307839,3.5273867299490736e-08
0.0016584315495832,1.2315674429337086e-07
0.0125112790339137,4.735166108679322e-05
0.0110605296297429,1.5803790438723827e-05
0.0156038207596906,9.213673694349067e-05
0.0054428149597273,2.753492854675658e-06
0.0043529695918362,2.402556541412834e-07
0.0179536785598514,6.0004720344612474e-05
0.0025944935971187,1.3313568392449908e-06
0.0037429471739245,5.7459331663836544e-08
0.0147677318579929,5.125909138331659e-07
0.0134329025020762,5.9048343912901806e-05
0.0187126814114283,4.979948261516497e-05
0.0069119162843868,2.6957389622987485e-06
0.0011681678914468,2.976515506264753e-06
0.0193805432588344,3.866281990562989e-05
0.012831017613708,4.373339586193995e-05
0.011966282579181,4.460389621806649e-05
0.0126092481222514,3.617904308264451e-05
0.002641058224031,7.628006624148963e-07
0.0049640527404426,2.0885165231564384e-06
0.002964787175531,2.944846311966911e-06
0.0072005263568671,1.1774437950328191e-05
0.0148986384291554,6.652445128396845e-05
0.0173775939777415,9.080172764503824e-05
0.0141230686000335,9.429927299319095e-06
0.0018036094525644,2.3959897313090134e-06
0.0102231479471661,2.9005204549136578e-05
0.010275598623392,1.7085700441011964e-05
0.0173802624804246,9.29257494685784e-05
0.0137399661151551,3.109284440291377e-05
0.0034260283959208,4.961957450943294e-07
0.0070833558728617,6.026130032515244e-06
0.0058052159942456,8.504107565875473e-07
0.0006800550523882,2.2189354992444644e-05
0.0138242993142555,5.309673404781855e-05
0.0129658829522655,4.3271855636828425e-05
0.0143830032488599,8.378604832176964e-05
0.008501978481383,1.4053554036403358e-05
0.0132482842635609,5.3465646260731836e-05
0.0055832340451642,3.1495230419274817e-06
0.0129765579509853,1.9207591622953306e-05
0.0015190406650181,1.2407936902317485e-05
0.0005656912588374,1.8227174310608902e-05
0.0024887445907578,1.2015565487880274e-06
0.0159511798572491,4.784723078698518e-05
0.014768751736445,4.2426956847574925e-05
0.0167277772585392,9.81732083595659e-05
0.007116349471906,2.490771726858702e-06
0.0026369162361811,4.162361627474234e-06
0.0190298509246559,0.00010345662493867998
0.0118844903145932,5.590595641555501e-05
0.0158303394241398,2.6975957428226966e-05
0.0086549945721817,2.971619551219584e-05
0.0082112807294868,1.3790281350693894e-05
0.0150936624154221,6.376287466421038e-05
0.0168082897759723,4.016476695443464e-05
0.0059023648215461,2.9036585351899707e-06
0.0108654371312144,1.837892464626691e-05
0.0031528996289476,4.1735550812421996e-07
0.0052628939711883,2.5776986537535828e-06
0.0120702279962967,2.9560182402707404e-05
0.0158724316407218,4.267574934037699e-05
0.0025007981151825,3.708364751964456e-06
0.0097438277901004,2.3165668494013857e-05
0.0094951450204102,4.660453564265999e-06
0.0076221184050099,9.054835803512089e-06
0.0111535389183577,2.652118418336222e-05
0.0052394816559599,1.5250488831276174e-06
0.0076167596581239,6.994266965948426e-07
0.0165825128074204,5.995248568908862e-05
0.0022600286494017,2.5939712627371836e-06
0.0140639290713218,3.61168815575234e-05
0.0025184768358882,2.0645316296687776e-06
0.0092757988441704,1.591515287481423e-05
0.0187414164590927,6.468922282547571e-05
0.0024345238558581,1.1890793412320469e-08
0.0130734315540792,4.747765167352439e-05
0.0007051963194653,4.026343107908357e-06
0.0188630686438542,0.00011389510218445865
0.0027830318277929,3.3265836789956765e-07
0.0056017165005561,4.476918388437125e-06
0.0134549693003969,1.3749462381325443e-06
0.0002591796694926,3.545121161180332e-06
0.0004996687548987,5.519791812849771e-06
0.0015785762722268,2.1964516748828733e-06
0.0170745881979326,8.244086476060014e-05
0.0078941904355372,1.6465996794379531e-06
0.0145004372316281,6.644140958503188e-05
0.0028166836764612,4.7651979257891687e-08
0.0038556248475404,2.049892616353825e-08
0.0016418678173188,1.8422950444348733e-05
0.0060085956696287,1.6822786454888802e-06
0.0173970758018632,3.676914220409326e-05
0.0066578899550115,2.534548276825242e-06
0.0030786029269269,4.1545008731742467e-07
0.0007774256561365,1.6694098907357918e-06
0.0030242483656353,1.2090031669037477e-07
0.0101894221906461,2.4220239889775404e-05
0.0032321689083558,1.0076209396356758e-05
0.011595035054008,2.1086850031439443e-05
0.0195604493160164,7.282979007793495e-06
0.0178543064013759,0.00011092484119073974
0.0090326988188744,1.1509902177449869e-05
0.0114955586719301,1.8948933134013173e-05
0.018840631332215,1.2124296894825213e-05
0.0180194388830418,6.47072985940286e-05
0.019601296225743,2.9200254185424975e-05
0.0040550741674155,2.8847941059323607e-07
0.0161680291052492,4.733050832939543e-05
0.0148646010800721,3.07101272700535e-05
0.015349364901583,8.055870291058175e-05
0.0016281407872365,1.618488794739665e-06
0.0156993685208371,5.0252941257913184e-05
0.0005239954148945,7.950480341175782e-06
0.0144409674449373,5.2115453018566306e-06
0.0070837168204041,4.74094329701971e-06
0.0168649057337931,2.9859102803720533e-05
0.0120451237914186,2.4752071692225666e-05
0.011351025986263,3.1772043645916e-05
0.0088871062246596,8.422084408736302e-06
0.008935925609496,1.0225004353575032e-05
0.0079186130238822,1.2377786985266973e-05
0.008318710234989,6.069069106283513e-06
0.0178693614095333,8.526625223581669e-05
0.0126631961696437,6.457610487229819e-06
0.0060893078615741,4.723418796506762e-06
0.0074311568905371,1.1635529840032986e-06
0.0018578821710461,7.0735660552401945e-06
0.012542762259628,9.835672308722638e-08
0.0171248817594792,6.756268887750428e-05
0.0066509120184873,5.916290170738296e-06
0.0127291955738953,3.694510530837542e-05
0.0182101437094662,0.00011770274850458819
0.0090174512100035,1.0864493677648247e-05
0.0083388730374114,7.066339883195617e-07
0.0173370159085782,3.381926582619156e-05
0.0183262828792794,7.483506180583909e-05
0.0099166480997256,7.875398818003407e-06
0.0187694770049716,0.00011832674886268582
0.0113835922208978,2.9848083123251385e-05
0.0002925351230624,3.4054578201718995e-06
0.0153320577311477,3.4967789938539906e-05
0.0061503610853284,4.7593431221412545e-07
0.0172748828119893,0.00011451157882105156
0.008458503715463,1.0351667333848738e-05
0.0067834055896418,1.6144706753945244e-05
0.0073258295491016,3.5409153541540097e-07
0.0022868610628447,5.4633472956905555e-06
0.0014057979107586,5.307266251317209e-06
0.0152894065393182,0.0001333472201647613
0.0070292065911715,1.021356820903107e-06
0.0024526933439801,4.7373391279124804e-07
0.0165292954269556,5.5929070933054575e-05
0.0161903377965908,1.9254443576389408e-05
0.0037460599218942,1.2537615981998913e-06
0.0125785995377605,3.931871244906301e-05
0.0108899178393387,3.752440533119535e-05
0.0082491554916918,3.4889526826618208e-06
0.013226990435859,4.9591349985096785e-05
0.0170209627731545,9.229926107436949e-05
0.0046800481418183,6.387101637823692e-07
0.0024036417172559,1.269871208065302e-07
0.0098436190804933,8.15039537174108e-06
0.012083367215762,4.982749848502373e-05
0.0093721764758566,2.529719455451493e-05
0.0048728425398873,2.656305548376488e-08
0.0157662562156979,1.5584174315605592e-05
0.0169376055243068,6.65234979435382e-05
0.0170750446100965,7.414416765149394e-05
0.0180027195819531,5.41852450442171e-05
0.0014605625357198,2.3339714317918158e-05
0.0068636138401811,1.7034885168399707e-06
0.0146899139814664,6.479105010856261e-05
0.0141479244385307,1.2082696506121838e-05
0.0064397747401219,4.373520884085602e-06
0.0001155348170895,1.0518185860943803e-05
0.008283552317173,1.4048214495923578e-08
0.01828405501764,0.00010013690178391657
0.0124489923266151,1.8331857187197245e-05
0.0028970315963696,5.667403680209957e-06
0.0155410008915667,5.74116889120482e-05
0.011692696237377,1.5896928972241635e-05
0.0170618379322625,0.00013324149633281063
0.0187324185867721,0.00011318277310566464
0.0073837958478558,1.766777069901457e-06
0.0160000331940781,5.870745666847231e-05
0.0098521083104548,2.0827520776199764e-05
0.0057668861919228,8.435270281973836e-08
0.0095332663904726,4.7162941492027244e-05
0.0090907956664374,3.1661499490606734e-05
0.0027404739654471,8.178132407892633e-07
0.0088916524309577,2.1747286335597326e-05
0.0132497279407853,6.860340687860017e-05
0.0004761078625621,3.6746943950165983e-06
0.0033152478490461,7.0054953577645185e-06
0.0019809994622287,5.670490417322686e-06
0.0086202291025263,7.47335498930044e-06
0.0097373291979776,2.4553145241292927e-05
0.0006503383590637,7.840539266242312e-06
0.0080035269101941,5.212067732794206e-06
0.0149243281485154,2.8750781008401043e-05
0.0092582965210319,2.1839176855177612e-06
0.0014535581460463,4.315389781850685e-06
0.0035046586332214,7.136632381123713e-09
0.0161139659766536,4.982327098847387e-05
0.0093119760754468,1.0199738346428137e-06
0.0026206043827344,5.535540891609796e-07
0.0134970580572354,4.785639554970523e-05
0.0168856097107268,4.499153183359949e-05
0.0094407001302394,3.0558596338853835e-05
0.0039321782703798,8.305213196255573e-07
0.015022949188095,6.390783630875609e-05
0.0194521684873144,6.995629746532363e-05
0.0002818530623613,7.5546115161293905e-06
0.0192015553322594,5.144715855388466e-05
0.0016836742372814,6.759967606224033e-06
0.0116121149426134,3.304387747191275e-05
0.0193394485499767,8.218478052627869e-05
0.0092209059767417,3.4061791731362866e-06
0.0052658793604288,1.638391347735074e-08
0.012678478816013,3.253589866995297e-05
0.0132477611110785,1.4038500553680646e-06
0.0113858128582033,1.6565421137954003e-05
0.0136051788142937,6.227751706692811e-06
0.0198577554919728,8.831769413959972e-05
0.0027218164936054,2.575475449339612e-06
0.0128234032424493,3.0496804437315596e-05
0.0054181206112419,1.5964485197923826e-06
0.0171242273681197,7.291364134892469e-05
0.0063009997160354,5.437116592258694e-07
0.0173248373549381,2.659440766433263e-05
0.0129848395690776,5.6451158607090446e-05
0.0173471829770097,7.169453440098014e-05
0.0015636044588706,3.030151927845545e-06
0.0148241659784349,4.4097148560673415e-05
0.0155612656744827,5.006442031931122e-05
0.0019451994343993,9.942693072604354e-07
0.0130109124517934,3.430642915666531e-05
0.0018111262227511,3.272209140479028e-06
0.0053119976553035,9.057747702400147e-06
0.0044960086079919,2.0413327752892627e-07
0.0120654551670492,3.681292681853998e-05
0.0003779093156337,1.0358497368303113e-05
0.0135392213153827,2.7168796352365807e-05
0.0119353888502513,1.2882029321375817e-05
0.0027333541463079,5.516098194514862e-06
0.0143956322908473,6.40616293668504e-05
0.0102216900806606,4.90674014356377e-05
0.0001697950788826,6.4387209451622305e-06
0.003055633782492,1.4280622371848544e-06
0.01718963536014,0.0001255688848510207
0.0115739956123102,6.247042662972352e-05
0.0109589236341461,3.4509409463085663e-09
0.0097011604127933,3.3628528880705646e-05
0.007649634767286,1.106962456147042e-05
0.0085313325307016,7.365761838538631e-06
0.0134578726342763,4.299621622321273e-05
0.0020408506971599,9.011907791662248e-06
0.0122626116998448,2.984334604330672e-05
0.0097921655246893,2.9529278083920723e-05
0.0118533219634527,5.6034914939125974e-05
0.0036428883350122,3.993189327820716e-14
0.0043916805756072,2.2069244421191707e-06
0.0152320827679938,0.00010597978154102162
0.0142168011981233,7.928841983887321e-05
0.0004584359376968,6.827733830237106e-06
0.0014891572838187,6.649932903968313e-07
0.0196538061644626,0.00019664474009095756
0.004143097040258,4.6797872771068216e-09
0.0078235739031093,2.15217850976269e-06
0.0058192066560895,9.000152573856315e-07
0.0095642854801183,7.3550551837495325e-06
0.0073468696809184,1.2192237654738641e-06
0.0083225075104525,1.7250039961869686e-05
0.0123943047161304,2.5223177268646223e-05
0.0192516852342113,0.00012549251816416085
0.0065472546741437,1.0505632067075142e-05
0.0047444368678679,4.750377525419588e-06
0.0181043755335135,8.346424811526214e-05
0.0127529691082681,3.4941141920851586e-05
0.0171678757993003,8.025148751389327e-05
0.0098952511731311,2.98539878688244e-06
0.0051177052980457,2.472828606372435e-06
0.0121686248271754,3.2585565692816694e-05
0.0105880061685709,1.846752222176608e-05
0.0196503154753315,0.00014621207078534482
0.011185211303885,1.4735456436786688e-05
0.0169627954787544,0.00010340110490148075
0.000192210516471,8.549537374632718e-06
0.0050083226481647,3.4344525785130305e-06
0.0197877514785871,9.095034708643014e-05
0.0023764520605554,4.694551033487706e-06
0.0104434497297357,1.3684990217842239e-05
0.0038237056910452,7.484830375377868e-08
0.0060754874382269,4.816412873099049e-06
0.007014456705489,1.1161572221218152e-05
0.0013754817532225,4.086332784425861e-06
0.0189616847230241,0.000100391924321304
0.0150038760770026,4.236764759775781e-05
0.014952875894004,5.2244022135884844e-05
0.0014111479467337,5.047673125370379e-06
0.0145635813889411,3.119435094131254e-05
0.0178058207872963,8.939925362034435e-05
0.0024401518418974,2.5108842872071135e-08
0.0117196155113683,2.0879879754706572e-05
0.011467476412106,7.643808134732363e-09
0.0141548039157883,7.01568058761668e-05
0.0072559053348072,9.190044139647858e-06
0.0149157656009845,4.925730773716186e-05
0.0183600313119301,0.00011102724851657278
0.0063413570068086,6.096851721931924e-06
0.0151014947285994,4.222440490002145e-05
0.008478703150693,9.476815227940838e-06
0.0185570961262623,9.711268344409957e-05
0.0065590619164414,5.018660521727108e-07
0.0099346400208195,1.2782945591409897e-05
0.0075149775544987,6.222466254425624e-06
0.0125256692892373,4.991622531539754e-05
0.0032790460400827,1.7309072142804153e-06
0.0060880905450964,9.392456752484367e-06
0.0068672168791195,2.0500721912352922e-05
0.0070609465994224,3.0385463382737055e-06
0.0112687431746623,4.6926006987919145e-05
0.0023775989755307,4.5496005159881e-06
0.0143172021570665,3.259745242483895e-05
0.0048847685007741,1.725733208859279e-07
0.0137362633606405,5.4596366372683436e-05
0.0002197159202779,8.061271035634613e-06
0.0149490454741741,4.3173730731235004e-05
0.0158652233836452,3.430010748904199e-05
0.0149076527783186,1.9129354909199827e-05
0.0082179753715663,7.00526186116808e-06
0.0199525674537621,2.6251226166909037e-07
0.0114568468799738,1.4514750362095023e-05
9.655274051601826e-05,1.0821204256663675e-05
0.0039770245218566,1.7951342318071639e-07
0.0064182880458506,2.0600103606083747e-06
0.0005102915719628,7.085533044645606e-06
0.0107498435913936,1.827616542335305e-05
0.0012169231527874,3.4922437252455975e-06
0.0063852387167158,8.270431725332813e-07
0.0155189064138432,4.1157196815408405e-05
0.0075904945378921,1.9347818481796278e-05
0.0069065315242515,2.7257887142947664e-06
0.0108341080634909,3.709539701822667e-05
0.0048220247979302,3.894102957625165e-06
0.0009914128237378,1.8952989594426027e-06
0.0016437216605837,1.8386050238524685e-06
0.0063638822145183,2.413225016717028e-06
0.016625622862973,8.032420300373405e-05
0.0023022966983403,3.6030177624761137e-09
0.0013873117459968,2.2189762334821497e-06
0.0018020361204863,1.5953913806350878e-06
0.0194616024626912,0.00010695383529618501
0.0011361441464215,6.787383974350702e-06
0.0156062733447377,4.215628847920818e-05
0.0161619516126942,4.421183918743892e-05
0.0106114613121593,2.9876865985026313e-05
0.0038333153616149,1.473140782906836e-08
0.0110143028292207,1.2534300641083296e-05
0.0082086684299057,1.0678675583509317e-05
0.0031063649266106,1.1008762773471868e-07
0.0183496739830581,5.815789679048714e-05
0.0051439700212169,2.4978022948027663e-06
0.0103096071122455,7.021197012272362e-06
0.0170001191626213,6.489701760134394e-05
0.0182531327479487,3.130032073770265e-05
0.0140374190358236,2.9141144472820142e-05
0.0070252224021512,1.0285939710060626e-05
0.0011127602738589,3.8636856892618074e-07
0.0036356173818474,1.3397790838916372e-06
0.0011457686436268,2.8604846317903167e-06
0.0070438486396635,5.376809014821635e-06
0.0076673527898471,1.8924703954656123e-06
0.0112353403998859,3.796534062944884e-05
0.0182159391257475,4.507415809150935e-05
0.0146237645660413,4.737985147813327e-05
0.0010222290716089,6.617250979014695e-06
0.0117886214627195,3.389437198550145e-05
0.0094007627072386,2.8227185078751115e-05
0.0170206944038554,0.00011312066089949868
0.0150209350247178,6.772141036333549e-05
0.0113280843606624,4.433539316191516e-05
0.0069817358925012,1.4235445931634346e-05
0.0136806641041662,2.0641067137745248e-05
0.0196396898734924,0.0001641694233953977
0.0094057188052219,1.8739441199618443e-05
0.0171938569865053,7.519955011276934e-05
0.0079744011022036,7.988608523884986e-06
0.0122857735152987,3.6339009504548333e-06
0.0092250032924471,5.15674170619065e-06
0.0167576526848503,0.00011472556854125953
0.0087392653678673,1.3157335817462818e-05
0.0053532809671702,3.7705901198746e-06
0.0049373566899843,4.3102755444217686e-07
0.0037366627360716,1.3005193075279316e-07
0.0141642912081648,8.154899394801206e-05
0.0054755047420676,6.819748262543981e-06
0.0013238452983445,5.112368090727903e-06
0.009282981565331,3.868437887311763e-05
0.0197912383167175,0.00018339331987904327
0.0111605941433448,4.969948440471509e-05
0.0137411610968458,3.903087030891432e-05
0.0048953278380997,1.4451952677730825e-08
0.0003107673313711,3.0794920797322037e-06
0.0097622236541406,1.630690955044321e-05
0.0061764984257303,6.481567098959294e-06
0.0182092451170618,8.37659892664723e-05
0.0007803782464421,7.432938447903216e-06
0.0009770428117445,7.271219939322641e-06
0.0130715444027276,2.0247390977642854e-05
0.0168015257269018,2.1659398994406196e-05
0.0106013397499693,1.9987739803477936e-05
0.0137520077418844,5.0499292572394695e-05
0.0186653557263253,3.511893363368913e-05
0.0037456028745647,1.6799110832110167e-07
0.0179145565538133,2.1869771845969737e-05
0.0061768403637453,2.0459976242527362e-06
0.0113839330290089,4.301283822131107e-05
0.0097318913600426,9.080692758188152e-06
0.0071559625698041,2.6844986305184305e-07
0.0060863838490655,7.64970893025415e-06
0.000971221667267,3.0745553008444446e-06
0.0036421466233508,1.5255999463547414e-10
0.0125939589489873,1.1126048581338627e-05
0.0199923699447102,0.00013485253208122034
0.0080666318882774,1.6924579701437223e-05
0.0186803206503389,5.761194720866871e-05
0.0128857060453775,2.4326891634667657e-05
0.0054850782215027,3.59970234358283e-06
0.0167378723674601,6.73313164665653e-05
0.0083162895855368,1.4764834805626317e-05
0.0137917839666626,6.561445838254882e-05
0.0061125629157375,1.183078778685055e-05
0.0194500505258252,5.743987793381926e-05
6.251177363054916e-05,8.344348184968721e-06
0.0151100313421777,6.507334590555213e-05
0.0068020325921793,9.195473343505989e-06
0.0035562589127947,1.5440095758846409e-06
0.0198652851169557,4.6961831606497965e-05
0.0047645584604748,3.667903999538629e-06
0.0090418636638223,2.484168039404637e-05
0.0017692942626514,9.893586287074723e-07
0.0008640612092964,8.501171015540153e-06
0.0047988872516508,3.862320422673383e-06
0.0160417912132486,8.26156808692395e-05
0.0012360562080945,6.176052726678467e-06
0.0180603356879953,8.867411873456948e-05
0.0129924510294937,1.2115926663684092e-05
0.0121456341805392,2.862041373636999e-05
0.0197653368768345,0.00010794343625087468
0.0159901761739623,9.258095171952064e-06
0.0165461279212554,8.539881575428179e-05
0.0067725110580856,9.349071488868195e-07
0.0095473436434944,3.604182928101777e-05
0.0046850241838205,2.3683175777278736e-05
0.0126746965785368,3.368012199540263e-05
0.0029496317827063,7.14010674473857e-07
0.0078065606254207,5.983727655126211e-06
0.0094943740235519,2.389829834430538e-06
0.0167700855370243,8.68790911454391e-05
0.016144014605497,1.921860294718782e-05
0.0190847104248767,8.548224518963099e-05
0.0106147979438221,1.689603980388735e-05
0.0125586869069181,9.596047279816256e-06
0.0171542055482473,7.665107333711745e-05
0.01552814376799,8.828351625304232e-05
0.0020991847056086,2.0953614137224995e-07
0.0003157389243426,3.99225426843832e-06
0.0148957965514685,9.812033472908245e-05
0.0142331400716823,1.9932312492815233e-05
0.0115058807299716,1.887641613962141e-05
0.0114336317498852,2.774321605208973e-05
0.0185230393574024,6.414898606611186e-05
0.0169683824132037,9.899720387615534e-05
0.0181206466461583,9.084150297407043e-05
0.017666361478266,8.730978938745535e-05
0.0020024047319837,1.5400744978907682e-06
0.0062824509586196,3.415133123375829e-06
0.0179879760093255,4.813604295557467e-05
0.0167765101416936,8.028273248746684e-05
0.0198827820575961,0.00011928181379427037
0.0006592243775268,2.562664412710906e-06
0.0057580460381534,3.7522204511679882e-06
0.0034206537838833,3.5188935237498915e-07
0.0167788068527456,6.602687540189496e-05
0.01541559624763,7.230581123860423e-05
0.0022466001280093,9.26647390192083e-06
0.0045639083804372,1.530805393457715e-06
0.0179719446286337,6.789729267752729e-05
0.0141969311853668,4.447930086394347e-05
0.0018467398400362,2.6221960114729215e-06
0.0184030506102167,0.00010864551246375385
0.0076579568656171,4.24253879830524e-06
0.0047430399822479,2.769081215518945e-06
0.0070793671307393,6.030900598304672e-06
0.0120888400532792,2.2075860319068113e-05
0.0002400330576307,4.359775262898898e-06
0.0026354496958725,1.376598846969368e-05
0.00571412481129,9.158857314886114e-10
0.004096916518335,2.6511335339461595e-08
0.0011066187120977,1.2593625952257002e-05
0.0050159813248724,1.4261743401751827e-09
0.0161796518772748,0.00011692817096065292
0.0048240615612368,1.7533440331227354e-08
0.004784245984229,5.457498034578318e-06
0.0191626813785297,5.637699842789647e-05
0.0107011283982239,3.5137982983678713e-05
0.0164074744888971,0.00013501593930261092
0.0035392273144582,8.653880664000969e-07
0.0045965987693453,4.54922350469328e-07
0.006574548483163,1.621881789233116e-07
0.0073438982294784,1.1718184541500018e-05
0.0136264219121116,1.4650899003303933e-05
0.0113612191043322,1.6831582121780513e-05
0.0016574444100125,1.2827318680659424e-06
0.0022471067032451,1.399767559982364e-07
0.0118745122261538,3.185106780267229e-05
0.0002577628581733,1.0941063551543457e-05
0.0062831310157419,2.62530623623097e-06
0.0143255131327623,6.900506174593517e-05
0.0193920780808737,0.00011417722390528669
0.0035123453114637,7.791472076741336e-06
0.0157298055091272,2.725514563009871e-05
0.0179301602939364,8.754504455099419e-05
0.016972646416327,5.632359818572067e-05
0.0116674163019492,1.2878671284236986e-05
0.0145015022578163,1.6049936849977985e-05
0.0016432320761267,1.7418297178586459e-06
0.0190152821309305,0.00013076595486456456
0.0195581276843802,1.09948386820252e-06
0.0074849408861389,1.3304433075090485e-05
0.0094395779708107,6.554024862730598e-06
0.0158918482538524,4.110854352659651e-05
0.0038252195571056,2.131310965025262e-06
0.0082001383600168,1.313962846284667e-05
0.0055487934211521,2.0860821604208046e-06
0.0152169326548863,2.1659686315146388e-05
0.0089751284911031,1.052616232484249e-06
0.014677394225747,6.43694838291607e-05
0.001048023000741,4.493398854162534e-06
0.0185917518887334,4.8585367052562284e-05
0.0023186788367738,4.919443767547587e-07
0.0176790304765293,5.625726106380145e-05
0.0010739938238415,3.379273503583618e-06
0.006911626109252,1.1130438939143266e-05
0.0051175555861464,2.3029849403242787e-07
0.0108623794597215,1.1361534157847511e-05
0.0178941670192204,1.7524742268445e-05
0.0146948238611195,7.476517199890283e-05
0.0002318337220504,7.803701573327307e-06
0.0035048379987684,4.600246460894256e-07
0.013535991210526,6.68767556249092e-05
0.0043518748827742,6.972240690076956e-07
0.0191435274481968,5.267780587212316e-05
0.0026718350646975,1.9270967096470168e-07
0.0039528642810621,1.3827773265570857e-10
0.0083428827237087,3.3380712515853284e-06
0.0195815680174678,5.548618179126982e-05
0.0122814916007216,3.321667826686405e-05
0.0024475772189759,4.884778884770746e-07
0.0194258416570072,3.489193052176769e-05
0.0119537853556522,1.759642976993624e-05
0.0013866488045092,5.081897440104273e-07
0.0145224553945375,4.580543420464534e-05
0.0183896537516642,0.00010987215927150233
0.0086492681727264,2.4201561169922153e-05
0.0091158128115211,1.9725120148908043e-05
0.0090788387583807,3.9954809277294074e-05
0.0148485783962384,7.146922270069205e-05
0.0122923318312314,3.753918344110309e-05
0.0143377351916185,1.3960023706006949e-05
0.009719020337323,2.5617659247159926e-05
0.0075042297964444,2.0250079175302552e-06
0.0015095824915142,1.2797754558496168e-06
0.0040659200064145,1.7581307878854403e-06
0.002889202916878,1.4412091160438613e-09
0.0158494797807222,3.073152319835894e-05
0.0145372244680304,5.024023074421061e-05
0.009358564615474,1.5159447033698794e-05
0.0115130095129133,3.194320425618958e-05
0.0152418328729178,5.687392676003307e-05
0.0152907291290045,1.702351955458402e-05
0.0055566313143838,2.2101632798848364e-06
0.01573495453994,6.729112054295283e-05
0.0068748304030029,1.0587284378361846e-05
0.0168451028125994,6.765592464194592e-05
0.0172919235870034,3.406554126646789e-05
0.0185118138637709,2.484938163410654e-07
0.004711775165593,1.4708828695902098e-07
0.0197898627423329,8.939308665682847e-05
0.004632966502244,8.458819014886779e-08
0.0063159996213856,2.3293566059271658e-06
0.0016011868762521,9.672522804801082e-07
0.0006643319552974,8.467880678504132e-06
0.0173053734413003,2.498543738981059e-05
0.001362862700352,2.9628585139653298e-06
0.008459046784028,8.339486650172679e-06
0.0194221790962227,9.717351906573453e-05
0.0044673385609386,5.122767907951342e-07
0.0096265599362657,3.569083329016671e-05
0.014613741773145,2.9384023239346295e-05
0.0143351714262696,5.190689549907135e-05
0.0184567455221631,0.0001007085783939519
0.0176783075517286,8.353261878349135e-05
0.0162162730385318,3.6790985721080726e-05
0.0050541478510307,3.6852114489691276e-06
0.0174707973787785,4.9833377063843184e-05
0.0107058313549138,1.368761649416841e-05
0.0098752675676012,7.535127754065401e-07
0.0096922351144403,1.0856745137706594e-05
0.0148920075725846,2.360513738088186e-05
0.0090560806221772,1.6712939108756744e-05
0.0118289502165695,5.642630320429609e-05
0.0028149358166782,1.370933531306301e-07
0.0017900283361457,1.1214682709281415e-07
0.0093065094253944,2.1943099081166533e-05
0.0175910167866294,9.228247349198895e-05
0.005220081362247,5.999204219466698e-07
0.0170618770652787,1.7370765101160925e-05
0.0077308139593919,4.471556086433148e-06
0.0171653721903651,8.345980400053507e-05
0.0063642730263263,7.891410321601709e-07
0.0173127225766288,3.220279709764776e-05
0.0132352795626757,7.040395895778155e-05
0.0072789716326298,1.487344659555168e-05
0.013415543754989,7.634242905682559e-05
0.0149581936335848,8.232216052693741e-05
0.0019831322732304,2.422385715277763e-07
0.0153449146303758,0.0001436833715254823
0.0073731922072703,6.169227310977759e-06
0.0130415326875281,3.016533755804743e-05
0.0131470344288205,1.752196797436682e-05
0.0128040188300309,3.622962221542881e-05
0.0086398592751869,1.4507070227609847e-05
0.0151541278125979,2.978905198829433e-05
0.0089566588857103,3.111956596616537e-05
0.0067563675964438,3.784121420889446e-06
0.0104601484304071,3.083566943123754e-05
0.0014197696619312,9.473987104592408e-06
0.0187241170998247,9.500448265215914e-05
0.0045783873686067,2.996689078043556e-07
0.0018769787750517,2.4791491980859947e-07
0.0176582033095591,9.573154785650434e-05
0.0021170244190338,9.341062566028076e-07
0.0157568149255662,4.9382281384033535e-05
0.0190366221801803,0.0001100223921638483
0.0025231941565755,2.0537475712739087e-06
0.0035209756730945,3.312350055086848e-07
0.0191956526235355,0.0001118113079727763
0.0017002621990409,2.942714233361782e-06
0.0064017988137392,2.1254837900813798e-07
0.0135257567354392,5.07130603530559e-05
0.0076365665906812,1.9515468412888766e-06
0.0066424516211843,9.805438766189489e-08
0.0052096020438896,1.0876010788525781e-06
0.0147289106077509,4.369156916436079e-05
0.0100281862872317,2.085312210345758e-05
0.002142183216001,3.090649661375853e-06
0.0190278524187546,0.00011854907095245223
0.0093597918983211,2.4955725035222114e-05
0.0089231935957388,1.2057934037620269e-05
0.0159971445663254,0.00010990914759314884
0.0195812278909946,0.0002056349615080845
0.008484833353323,2.223315488882402e-05
0.0125542505148266,4.290448135019624e-05
0.0032326790994914,1.2776140693569844e-08
0.0162154738783161,2.2465377399558198e-05
0.0191140412115507,8.938213576086031e-05
0.0129245397021014,3.4319352695480156e-05
0.0193668531110906,0.0001932082091667476
0.0175564948218473,8.6518286824289e-05
0.0056400176021257,3.665054624906588e-06
0.0156431508905642,8.143653268120347e-06
0.0189390109526219,0.00010759387803367368
0.0115800449709179,8.201754824571633e-07
0.0014273971739464,1.8196577389924777e-06
0.0056760677225701,2.0551983608219297e-06
0.0138315744250807,3.189382497049635e-05
0.0012760973527585,6.57999123054957e-06
0.0090442570167719,1.6848210095627343e-05
0.0075094673444205,3.7879294423470413e-06
0.002788658546674,1.0107965098221293e-05
0.0023289328796072,1.0058538809815566e-07
0.0159177507223969,1.631741425610401e-05
0.0071977672969515,1.5640685178572373e-05
0.004587643063455,1.193244493353364e-06
0.0106500660058827,7.498016884266594e-06
0.0093626205472753,2.1422583185032532e-05
0.0163262261601282,1.4241263908308347e-05
0.0135502194287904,5.213059015619063e-05
0.0167514715846887,5.4504312782532403e-05
0.019615570169223,0.00016908452798604332
0.0056381661517947,1.282749432873054e-06
0.0051084530602217,1.5654406985459685e-06
0.0126872602085471,4.841526489681914e-05
0.0157628106817161,3.592125488085416e-05
0.0070486264867817,1.583918498698386e-05
0.0008343240073303,5.08801752164001e-06
0.0058966004388693,5.399227361929931e-06
0.0122916414487828,3.279917526568757e-05
0.0061711564600697,4.336871979762215e-06
0.0046054494639425,2.98537115488997e-06
0.0130034959136832,2.402405091039422e-07
0.000276020735281,1.655040661053484e-05
0.0023182074313347,3.869331022963895e-06
0.0178577090421096,0.0002220216607976504
0.0178626742083654,4.0901855008933574e-05
0.0016861557740029,1.7894159641285515e-06
0.0166725437830841,4.336469655594309e-06
0.0045154617082734,1.1760298131253436e-07
0.0183636070516688,0.00010860312993300548
0.0088566024879765,1.0544356583901124e-05
0.0054939715215186,2.645106662877923e-06
0.0035445515615881,1.9203665974787016e-07
0.0044115861081134,2.8933342171823567e-06
0.0002582040391759,8.90862895999639e-06
0.0062981866014378,5.065181580494014e-06
0.0045274268725189,3.913655736741662e-06
0.0070664502100431,8.757660208184493e-06
0.0105717013653871,4.094764548926341e-06
0.0155821964141156,8.314031103449991e-05
0.0189213365802423,0.00010354310351271394
0.0165482472490422,1.758896398742303e-05
0.0062608065588812,3.718630012711974e-06
0.0126211287837878,2.95681703260847e-05
0.0088754741152511,6.296924917441563e-06
0.0128485127678641,1.905370854747523e-05
0.0102917560157039,5.190561259295336e-06
0.0128130388492263,3.972343573874329e-05
0.0017167764303906,1.1207626221019123e-06
0.0091634273361546,7.510292845595625e-06
0.0086519908893182,3.1233412032344825e-05
0.0122681101400843,1.3886872020492867e-05
0.0066512888164818,1.7545628548142227e-06
0.0085009254370209,1.0904001615257735e-05
0.0045010030339651,3.431794606693697e-07
0.0061484003950823,3.927053618516345e-06
0.005008436688618,1.2284269127845675e-08
0.014582313466123,4.5569271327976604e-05
0.0184286234574096,0.00010711255040157624
0.014306228491176,7.678464024244092e-05
0.0076282301005908,1.3481284908033841e-06
0.0098688261347428,2.9564620754538406e-05
0.0010060260787761,4.86386312070241e-06
0.0009048732302923,6.563945236269826e-06
0.0041891881321173,3.805270309021001e-07
0.0059643140566452,4.687662517751074e-08
0.0103493171556037,2.0609023589574665e-07
0.0141680509085891,6.579548824871108e-05
0.0158237401904739,8.658549450847922e-05
0.019187481967733,0.00013075597960793704
0.0009802896579871,1.5552492714138436e-06
0.0192444825428861,0.00014856122510899721
0.0064823457522214,2.073680534721457e-06
0.0010100636904554,1.0299087833182592e-05
0.0105310657973643,1.4738242322437593e-05
0.0073152624019699,8.031539452826429e-06
0.0154409948855343,3.5012537962781245e-05
0.00430229351514,9.78915263795448e-07
0.0137719221479759,3.7016665774710244e-05
0.0091973444104894,7.167827463922703e-06
0.0013019010166124,1.4160815078352323e-06
0.0020727986785551,3.692822655907955e-07
0.0029242732886316,1.4660400910066546e-07
0.0153852551435753,8.36994034677405e-05
0.011323307432891,3.593324210331973e-05
0.0166766373649714,7.836221399840911e-05
0.0183747213701179,1.9500010927786623e-05
0.0026729047946246,1.2598862318584767e-07
0.0073898203370548,7.771443084554797e-06
0.0045388302294546,1.6324028684159957e-06
0.005862749599656,2.2748709983737313e-06
0.0119129555369841,3.0422703298279096e-05
0.0148077498059763,1.6562580778142397e-05
0.0081324419459428,2.2885227272612468e-05
0.0069050274777885,1.302470659728269e-05
0.0167203479187802,9.8529165016294e-05
0.0147598215472301,2.408378211157729e-05
0.0146013761949832,7.546352537855355e-05
0.0089619022328467,1.876307858921165e-05
0.0130114872072666,2.412986821891222e-05
0.0043821882366036,2.8418644878440517e-07
0.0076567888829797,5.770067523095696e-06
0.0078424831724458,1.4729708312566056e-05
0.0149288969623939,6.363781160893829e-05
0.0113585830389646,3.160342982525384e-05
0.0179129218635046,7.507543819642714e-05
0.0028938218106966,2.1689225434811122e-07
0.0170058535640972,8.339160206657178e-05
0.0048249809101862,9.505424153614414e-07
0.0127803588630776,6.281164843737766e-06
0.0037659299857468,1.3039776030696838e-06
0.0069600362938537,1.2628550330406095e-05
0.0124399608890437,3.988916121918439e-05
0.0188372352481262,0.00012277720272954265
0.0097050394139487,4.2450814791613145e-06
0.0070960484717121,6.429899114999402e-06
0.007448775229576,4.3683125152508996e-06
0.0119773069974253,3.266208276448478e-06
0.0026523062985237,5.2371496952907176e-06
0.0142576678037527,3.0140454020690682e-05
0.0134598136100682,1.8030770326465246e-05
0.0014715260952895,9.286368921786223e-06
0.0032580752776294,1.387916462850583e-06
0.0190203744066857,4.454263122768148e-05
0.0003207984875792,6.686409266421401e-06
0.001595482995189,1.4446422577798842e-06
0.018381412387979,0.00011320837636286963
0.0005235014959999,3.095505347633573e-06
0.0169120615049002,7.874775734904182e-05
0.005967576392319,4.6191734596147e-06
0.0008823212239799,1.5117616466297144e-05
0.0029500432641786,3.6792547827070373e-07
0.0016105698351922,3.697554811607318e-06
0.0067885572068392,4.509742495907863e-07
0.0065280264104107,2.0910349761563043e-08
0.0014870252693945,3.9756574584834165e-06
0.0122623647134537,3.202867527672146e-05
0.0123526484422171,2.7085031193357087e-05
0.0134499434701461,6.713909982867368e-05
0.0139789865625275,7.240933126829103e-05
0.0131236048260977,2.7254730649936553e-05
0.0029771748536389,1.2832414496089405e-07
0.0034815653293676,2.3103132415031977e-08
0.0177715378196489,5.6521001777879774e-05
0.0052501677309797,1.4358020250172173e-06
0.0167403128576201,2.340173052689947e-05
0.0133138171852048,6.367903391492825e-05
0.0013081095732347,4.769222009337762e-06
0.0066496567870538,1.1471721792484433e-07
0.0119544644189063,3.145699679009765e-06
0.0069047297246761,4.372709183618215e-06
0.0089659134984474,6.877173503362502e-06
0.0010793206035215,8.820607407631664e-06
0.0065447353894836,2.256475142260398e-06
0.0028299025049999,5.358817521433551e-06
0.0129543379027574,3.3313716616201104e-05
0.0140377667118775,6.038024169518922e-05
0.0112004486953464,4.694129245766401e-05
0.0045298092821629,2.7073225803510706e-07
0.011669575170871,2.6294118931765474e-05
0.0147114184235679,8.67314424354244e-05
0.0028541795779436,2.1317840180877208e-07
0.0017886218403325,7.626542589887999e-06
0.0114748892344575,3.0501552853892645e-05
0.0150928797606458,3.145268387217241e-05
0.0182037391574257,6.296902437967804e-05
0.0132081119935165,5.4346109879824536e-05
0.0025231500797811,2.4672050024397365e-08
0.0160830324138501,4.2709617994121494e-05
0.0198029973169851,1.7017925766212157e-05
0.0170789786983026,9.415445921712682e-05
0.0173114392794097,6.390861098345223e-05
0.0051521460809386,1.1609157663649941e-06
0.0008251903864798,3.2966347265060004e-06
0.0168430675043885,2.822808855466064e-09
0.0059327511666187,6.249161833051262e-06
0.0167427251855896,9.640151906368511e-05
0.0194177811470778,0.00013122769678105588
0.0060573992310577,6.81714347168571e-06
0.0178897682078791,9.194158024570236e-05
0.0137050995174105,5.419348697302899e-05
0.014134171963616,8.12785210324834e-05
0.0172194631523701,7.23841200925431e-05
0.0140876902149141,7.754636074679074e-05
0.0103397285529141,1.0270123416227923e-05
0.0122266861451768,3.8449498847701656e-05
0.0041932433002932,4.408354872658977e-06
0.0103082157971251,2.8463569532079367e-05
0.0011127030288959,2.571034408149095e-06
0.0109221782644919,1.5215554063277484e-05
0.0078204571189843,1.1293608058457547e-05
0.0154457921263514,7.823244467709016e-05
0.0010137174011659,7.816570999983452e-06
0.0065585826551028,3.8120801995989427e-06
0.0166781958063151,4.8126896653034766e-05
0.009373881920506,9.796352925615052e-06
0.0054906232494243,4.466743394635268e-06
0.0056906134787636,1.9088437157349133e-07
0.00146926407751,2.7341156970015555e-06
0.015206695466614,4.631510841894428e-05
0.0096887597956033,3.348486002438209e-05
0.0073120705194546,6.082906620550515e-06
0.0196098555092645,6.937925924514216e-05
0.0030304300410997,1.323375002940158e-06
0.0116552221989258,3.242248020496139e-05
0.0158446862248236,9.600150473945863e-05
0.006685649976814,1.4621042348142125e-05
0.0016546139340145,3.3023653614636726e-06
0.0161995644161347,1.974042212997556e-05
0.0109517261363334,1.0662139810372995e-05
0.0184578230298231,0.00011617835735151558
0.0140243396453558,8.09203263977058e-05
0.0111246134032708,1.876050034614873e-05
0.0197629118376444,9.575526997172084e-05
0.0148089761883349,4.497974760095897e-05
0.0059636358744881,5.568213448125096e-06
0.0153966207240722,4.3903460003838246e-05
0.0074121134764103,2.3384248589034065e-06
0.0143404572334438,7.267051233310039e-07
0.0118335095122283,2.3902747279916907e-05
0.0178405584520018,9.567854613040333e-05
0.0180830157617779,6.112141156571689e-05
0.0155648135377173,6.206888121007728e-05
0.0168600787000901,7.555338517776397e-05
0.0121372726725681,5.0548490298246154e-05
0.0113656142343887,2.4803610289828445e-05
0.0132218469530581,5.3613251442106905e-05
0.0023243435073114,5.11984095115061e-06
0.0006432138513119,3.834015267087373e-06
0.005220687683891,3.2157946312155566e-06
0.0131378100984215,4.327240538807167e-05
0.000222999866665,1.5935181806077655e-05
0.0151320578481585,6.665145322730718e-05
0.0173966388429913,0.00011742224282937251
0.0093555944506457,4.180924315868567e-06
0.0139868602533659,2.653724060251475e-05
0.0112335666280642,1.2671132903113254e-05
0.0047623931730477,5.717923482836722e-06
0.0167386088949801,8.496367433433175e-05
0.0195346888693392,9.496122236694712e-07
0.0187865928642459,0.00011507759922480864
0.0036994028140504,8.687040216725543e-07
0.0132647585744977,5.68506199019638e-05
0.0085543720351281,8.391019756368485e-06
0.0131322991637061,2.5787123265236308e-05
0.0132848892609041,2.079962676788869e-05
0.0162515155062686,7.381666513039393e-05
0.0069967849614676,7.483647551460407e-06
0.0177837463675748,5.699938496897079e-05
0.0070743917076168,6.604688263903328e-06
0.0173677521935543,6.622934739093887e-05
0.0179167725667236,0.000118986663197447
0.0165995052648828,0.00010450266258264555
0.0023296103142217,1.1392134302105307e-06
0.007304341506725,3.7139822044190413e-06
0.0052557404239177,4.1081178768642274e-06
0.0167832200112386,1.896184459274953e-05
0.0076280293646532,6.655738078246188e-06
0.0110760386767658,3.124904934168845e-05
0.0077228880714587,5.888756001715688e-06
0.0069111884974906,8.457219190527555e-06
0.005975823575936,1.6875633016883556e-06
0.0015720404955868,2.6643055164893938e-06
0.001786531948494,1.3635202430399836e-06
0.0145261598032804,2.3251560480234725e-05
0.0112993683400549,2.0336376595827337e-05
0.0010329905610425,4.585780786730979e-06
0.0173353980062127,3.319977987418398e-05
0.0136316395487898,2.1238197717973954e-05
0.0174961129945416,7.568457807595424e-05
0.0185675569505014,0.00010096701333366646
0.016222377801503,7.156871157859176e-05
0.0030720299404283,8.490255893629456e-07
0.0041797610082838,5.94235432644303e-07
0.0126383411278867,2.205923785663149e-05
0.0112468535752904,2.813572016416691e-05
0.0194364285880279,1.3630099406784916e-06
0.014992845165445,4.7243459355813764e-05
0.0142810024742734,8.591637545158091e-05
0.0016386563583544,1.0466655131490389e-05
0.0037918017144996,1.0592277261995245e-06
0.0197159891331545,2.0841331301694377e-05
0.0082741884598331,1.0844157302190825e-07
0.0080870109004608,4.521373857759826e-06
0.0067631909463405,8.560803444399299e-08
0.0038326713868704,4.919318059644866e-07
0.0006419324560553,1.5563952922154152e-05
0.0138156562066256,3.733277545604134e-05
0.0147855877555958,6.1028665767861054e-05
0.0083449329223024,1.7863578987042656e-07
0.0003188693121899,5.98959327342595e-06
0.0188735129149527,7.619468984920517e-05
0.0014566409796981,2.4887550739337816e-06
0.0054552183664875,4.02161614344502e-06
0.0138746488217721,3.265352068781571e-05
0.0153671480750388,3.433292590546538e-05
0.0120171893583486,3.1807319689449394e-05
0.0004753446263396,6.236747485259511e-06
0.0187443238463994,0.0001535255843447786
0.0098750601706529,3.57352285059391e-05
0.0151546459039061,4.949387726670524e-05
0.0121248818075518,5.8516701996489715e-06
0.0083446309369731,1.499367067979256e-05
0.0184475015435027,1.5636379935889363e-06
0.003233150279424,6.198191964607714e-08
0.0068684886914246,9.992192415567555e-07
0.0120669783336583,2.5567257881752114e-05
0.0071022413933014,4.918512956428864e-06
0.0091877343392905,4.8163277007864015e-06
0.0165879768233467,5.750064943720162e-05
0.0162773429626481,0.00010778541745800252
0.0138785101383801,5.025007862530332e-05
0.0152685291116387,2.804946660609609e-05
0.0126499924457746,1.5314952559192643e-05
0.0100607484599565,4.903215674475797e-05
0.0054991611623738,7.424257751238026e-06
0.0099650253217875,2.1870913792026546e-05
0.0061740012044272,2.3966148641836917e-07
0.010814432455276,1.894392094808141e-05
0.0043844313376776,4.5002110317894755e-07
0.0136685746117152,6.484407912369306e-05
0.0034946144247092,5.975253811673081e-07
0.0142248637299461,4.121547465075291e-05
0.0025583035603556,2.125510380002869e-08
0.000125500828536,2.6237467749572214e-06
0.0165400959882078,6.39220049257343e-05
0.0144078706474026,9.008337967506184e-05
0.0009614678121275,5.121226115560931e-06
0.0107597220530859,1.79599235547755e-05
0.0152936942976968,6.409438324596651e-05
0.0115061663771096,3.940038577273429e-05
0.0197783398230124,2.1362763185660644e-05
0.0083340933336318,6.091029772961304e-06
0.0107506226717917,4.430013066571491e-05
0.0073786393162375,1.446092113980681e-05
0.0015497960055048,2.2589942988554763e-06
0.01242507233372,4.791891811881715e-05
0.0058443242734887,2.1213770787424736e-07
0.0114013201951426,4.650897784391121e-05
0.0190537638206659,9.551437375566903e-05
0.0066439536454584,1.2754426357106326e-05
0.0123455968405396,4.223151813799907e-05
0.0180775395964895,0.00012888336452461936
0.0086694595605523,7.298093615732299e-06
0.0116157860719032,2.3983679461175946e-05
0.0038693742337244,7.881019841037787e-08
0.0026779881733459,5.302230856439959e-07
0.0132862985553835,6.742297311056781e-05
0.0133771106170216,4.174797172475964e-05
0.0158270661906605,2.4933741244965927e-05
0.0017278889899271,8.241256270171174e-06
0.0123362339457001,5.013852302781015e-05
0.0095313635481362,1.7421695298430113e-05
0.0168074943640019,8.956467001688563e-05
0.0166587678917163,2.5803706698574453e-05
0.006061051751062,4.586327986629987e-06
0.0086848594533125,4.867117569909519e-06
0.0070397535094576,1.0813070776599957e-06
0.0120219055155295,6.606153719511458e-05
0.0075086750567894,1.0526675116073042e-05
0.00906686672192,1.838524336781547e-05
0.0199335756099532,9.884870885928185e-05
0.0067202673371507,7.324660121459263e-06
0.0132366621741104,3.2483623586884834e-05
0.0043292733012945,4.5384652316927286e-07
0.0010772181681357,4.808402381753987e-06
0.0165378488280847,5.396271066879081e-05
0.0065463795752032,9.267263635730272e-07
0.0142901643436678,5.064142015397881e-06
0.0118461024372952,3.646007019663246e-05
0.0086472891959245,1.7677147334550166e-05
0.0117656412511739,1.792850458260606e-05
0.0078145234816803,2.6167598436489655e-05
0.0160969352077654,6.471671438273706e-05
0.008823140114953,5.1796913187978625e-06
8.230833447933073e-05,6.3777509821544425e-06
0.0057733769320811,3.6047421783672365e-07
0.0197325328403606,0.00010540384036547632
0.0155185180563505,9.019788750659075e-05
0.0185452952492159,2.3587458740895e-06
0.0181604697494524,0.00010173646783078127
0.0094968482727235,2.347548292706755e-05
0.0180332705974727,1.8783974158710414e-05
0.0022362957326143,2.7197545843205636e-06
0.0109698897688147,3.187125469789658e-05
0.0010233187384714,1.8029989142811624e-06
0.0051933571494552,8.335226829529519e-08
0.0119364345763623,4.636052729943334e-05
0.0170887792618084,9.334893519495114e-05
0.0199997497559323,0.0001170383676446974
0.0013128438297312,5.60364256792545e-06
0.0191529332184281,0.00010000505172331473
0.0132898681172556,3.747977101255781e-05
0.0057740159240603,7.844776309779956e-09
0.0164958328875545,5.629170787948721e-05
0.0026071959171604,5.014358688013632e-06
0.0153097466872113,2.8355804726086303e-05
0.0153333666599014,6.781998266531688e-05
0.0055943165604549,2.62148152093401e-07
0.0118067980412221,2.1746823923361068e-05
0.0137329385714485,5.7517027992790694e-05
0.0113468519077652,6.862388973498478e-06
0.0069296672929774,3.872237477614142e-07
0.0095478059924462,2.329384552884974e-05
0.0172184259083487,5.907232520008228e-05
0.0053287821532108,2.5965341313094057e-08
0.0019416412956632,5.099018961521144e-07
0.0034695455805398,2.0918169603132975e-07
0.0028297910867283,5.383673915755571e-07
0.0100058192141138,2.082103385497689e-05
0.0095542127310822,2.1730704872345235e-05
0.0199343514750494,9.71401799928187e-07
0.0162684074493253,8.937780403337817e-05
0.0163955426221588,2.344038196622754e-05
0.0114606744767004,4.174320433452522e-05
0.0158026346380948,5.426147481575937e-05
0.0192987726532635,8.805396894050958e-05
0.0037343192060313,5.580398084212534e-07
0.0032580426986679,3.9441554108510344e-06
0.0088613963073929,3.1530674179441895e-06
0.0173145611115184,1.3634637994622283e-05
0.0054219292472811,1.6384886091161788e-06
0.0173355911979677,0.00011043409903500956
0.0077633499677627,5.143404086482792e-06
0.0107180555318333,9.62046478584417e-06
0.0003313188837716,8.596401615268096e-06
0.0096622223060724,4.2112067712192725e-05
0.0015269138693038,9.005883631720745e-06
0.003338542022706,4.044283909238649e-06
0.0078149758205755,5.652766226885626e-06
0.0010440171385458,8.41057444386337e-06
0.0184813662039836,7.798515971653222e-05
0.016670772559774,7.766443906188272e-05
0.0021970210631989,1.738083710603559e-06
0.0018231398270991,3.905702975478376e-06
0.0176639473857797,6.868188007545721e-05
0.0185403261171167,0.00014598314901026962
0.0043121555395828,8.971060939256091e-08
0.0199437328223723,2.088119665805987e-05
0.0031589764010743,2.0705868036684587e-06
0.0166726521988877,3.075103841300371e-05
0.0082590851748207,2.283657563303299e-05
0.010322236628508,7.964697242022155e-06
0.0145830344396005,8.189543695056812e-05
0.0132625244803546,5.977512470737089e-05
0.0159978937404731,0.00010698815694796153
0.0153734860271272,4.093832173207742e-05
0.0004005620470235,2.676120139246227e-06
0.0184565549374506,8.85505608672506e-05
0.015497605316913,6.335884348155228e-05
0.0162276813067003,9.795134827271889e-06
0.0196091618325238,0.00014642494584647203
0.0072145568558508,8.91539150249713e-06
0.0165831609180244,9.636092804817556e-06
0.0156151704790814,8.683293124364627e-05
0.0190599215506815,9.448146703020431e-05
0.0057696195920769,4.161156551376297e-06
0.0072898493828582,7.313410552001119e-06
0.0020740084926103,3.044467938493457e-06
0.009454226616211,8.271279275146488e-13
0.0020764582673562,1.746444322143503e-06
0.0058489576097559,2.471344359007543e-06
0.0167155915307846,7.050355062799268e-05
0.0042232521868738,9.958783352033138e-08
0.0056255844702418,1.1205702155322262e-05
0.0052489350710049,1.1215051226355925e-07
0.0037667170050235,3.8521910956756867e-07
0.0026788773768343,6.128839439481397e-08
0.0163244398629052,5.126563166540535e-05
0.0093892430991428,2.045058542075061e-05
0.0143116359134788,8.63840716166539e-05
0.0070404649680835,7.4651091341384384e-06
0.0007717020452714,6.5900363686320155e-06
0.0117815274237902,3.9634048367947214e-05
0.0013038852044997,4.3052264803206615e-06
0.0071345908984099,5.762554046237171e-06
0.019294963740243,9.396576929136611e-05
0.0047294244727013,1.8348224871327656e-06
0.0119043491684088,5.586546781087689e-05
0.0161117580253256,9.506246621463526e-06
0.0145116398902074,4.274222468691362e-05
0.0191929824769311,1.9683320695368052e-05
0.0100057148414305,2.020103988876144e-05
0.0071744810392384,5.898310407207582e-06
0.0049367922389961,2.6247929245629058e-08
0.0164431420641855,5.4446774397155654e-05
0.0160564323212671,8.488960485975733e-06
0.0082976553156277,1.4201118374193245e-05
0.0138803247107988,5.14989504736341e-05
0.0096822328451931,4.529064808910376e-06
0.0176653169725088,8.493546311278362e-05
0.016773481077832,6.189278439883578e-05
0.0036792205657481,1.275758187276257e-07
0.0076721971626395,1.1708853561130675e-05
0.0022774733637035,2.3456920578654306e-07
0.0017380105032145,5.7308458535339455e-06
0.0115057069302593,2.4065746103561455e-05
0.0161516180933603,4.174486936788842e-05
0.0020741773866322,1.100364982224687e-06
0.0130021199334878,2.588738929786815e-05
0.0002575595071496,1.144846534738404e-05
0.008612559426565,1.6059096385174225e-05
0.0047914797671447,2.666169705000373e-07
0.0161372059343355,6.16607362257087e-05
0.0044696890412062,4.62411555882355e-07
0.0197573537541303,0.0001479551815505905
0.0001745496600845,1.1357895149793855e-05
0.0060957490572191,3.44969197331898e-08
0.0073326083633632,1.1911107654336485e-05
0.0195826974772353,4.4776292715725427e-07
0.0037077404170688,1.0246628780252193e-06
0.0091729735899613,1.9055662847744093e-05
0.0138597385520677,5.3422372200624e-05
0.019364989046059,0.00011890423962613469
0.0074442185821045,8.992096855652247e-06
0.0165955992766867,6.694514585065592e-05
0.0141924619297911,6.808645762483448e-05
0.016481194224033,2.3322913503620605e-05
0.015077765609594,7.256593421307358e-05
0.0165353651163518,9.16723110315385e-06
0.0051114535030131,1.192198618507885e-06
0.0084674310189023,9.633840111785852e-06
0.0157081841619119,6.170983741107323e-05
0.016275677627307,0.00010032760992996709
0.0029887279514716,5.107904540222238e-07
0.00844745216738,1.0304826026031164e-06
0.0126047457415899,3.7627468006602396e-05
0.0162281177689087,8.293436992070345e-05
0.012595639465464,1.2883437956192677e-05
0.013819111570113,3.3705408015281057e-05
0.0178881717731557,9.750962280753179e-05
0.0063052778521886,2.2877648085133047e-06
0.0066526834154157,1.946624574143495e-06
0.0195418499184935,9.998722891714138e-05
0.0009420993080904,2.179038968574532e-06
0.0126188735675505,2.350337904417312e-05
0.006065726440064,1.7740319893750703e-08
0.0098380766532247,3.106819839131024e-05
0.0194054158428483,6.770598994392821e-05
0.0141356483233725,3.3588393175172505e-05
0.0131309145698132,1.0828084687171612e-06
0.002129232410794,7.998038224197508e-06
0.0056664632770277,1.3144352653908933e-07
0.0186860808907512,5.39815620106388e-05
0.0130266149512083,3.1861847692343287e-05
0.0025226640611864,2.1358145999664075e-06
0.0167638145365523,0.00010110339503381204
0.0171355667837737,7.30267955111519e-05
0.0172373768392093,8.543664389445544e-07
0.0024545692934134,3.206725317490512e-07
0.0008097885285331,4.392850291484858e-06
0.0188515320121138,3.131427585794524e-06
0.0088294083838418,1.2223283531456275e-05
0.0189935014456972,3.4881855492904626e-05
0.001729185160495,3.0786217069196383e-06
0.0066389931569755,1.0126443396189105e-06
0.0175903645083992,8.540545524538785e-09
0.0127299082265938,3.102004906677615e-05
0.0149400861569613,5.4689921618757155e-06
0.0088933224996171,2.6791792035738873e-05
0.0030709968017947,3.66199127528565e-06
0.0194653169697477,0.00016095426034151838
0.0144376870330806,1.4579820303614684e-05
0.0111175252513524,1.6397920943086086e-05
0.014671108743994,3.363646182225118e-05
0.0030913366943167,1.2192664370433747e-06
0.0002161750077914,3.1951382456417336e-06
0.0097388270139748,3.231766156957113e-06
0.0130408710865407,1.0482452847984018e-05
0.0088022817362745,1.1899478332309485e-05
0.0060829367823369,9.023562480899975e-06
0.0037258717777348,5.856887095809474e-07
0.0088165080036765,5.907608765978461e-07
0.0072986230283539,3.3528202830982345e-06
0.0105146115894285,3.6858218333605195e-05
0.0063239147587502,2.242187963076557e-06
0.0154890824500382,3.7624074175972186e-05
0.0007390493760758,7.845266711648976e-06
0.0055421121519025,4.641276865398468e-08
0.0076614366478717,6.618135363987328e-06
0.0062602055681425,2.358583955672721e-06
0.0199087970739061,5.87197450077718e-06
0.0174640531596235,5.854746187570137e-06
0.018673142340959,0.0001074546543665793
0.0030144760117086,4.975287825929297e-07
0.0197192078048621,0.0001327928390933563
0.0081483605974194,8.098143452247342e-06
0.0115901043123929,4.540954066692679e-05
0.0090169408399076,1.4597503803426158e-05
0.0178805970776705,3.71272137898754e-05
0.0045372049786717,1.5071270365352623e-06
0.010934636727027,1.8858106322615532e-05
0.0022290343518169,3.641914818864145e-06
0.0198079571061864,4.566511047121596e-05
0.0182043895043562,0.00010718139414300415
0.0097128354913359,2.152767387912478e-05
0.0168843791734673,7.814710443095376e-05
0.0107794016786075,7.94386921967247e-06
0.0144563875455432,3.855059326223237e-05
0.0007987258589405,2.665756012163582e-06
0.0065455156134266,7.788608477763411e-07
0.0124347784197786,1.2022320905209435e-06
0.0040513229280127,5.267340527879656e-08
0.0077689868744107,2.1007118976297487e-05
0.0061061424985181,1.0944328911382788e-06
0.0053612934108771,2.900266541020965e-06
0.0084268897666645,9.673599913967743e-06
0.0051756264306973,2.9156950776184197e-06
0.0027210045428637,8.686682492055603e-07
0.0114091819800133,2.6908172171126684e-05
0.0084184151976355,1.5142309406534222e-05
0.0181330077835378,5.020697832266131e-05
0.0093155320625464,2.641463260743634e-06
0.0115716248393083,1.2894676822327268e-05
0.018126175202581,1.1056633659102817e-05
0.0128278560847436,4.699097886666993e-05
0.0161875087052521,7.683596852434859e-05
0.0142490706794874,1.7189296997907334e-05
0.017855471459018,9.199122303000231e-05
0.0071120780003153,7.288281038493309e-06
0.00314724513232,5.744414809693143e-07
0.0089803899380639,6.7756007792161e-06
0.0073317139067288,1.1491632896027523e-06
0.0021189067158965,7.400886835113869e-07
0.0166442734663552,1.4909983955315865e-05
0.0199647867077926,9.488400357693921e-05
0.0157192198314201,1.40620594900559e-05
0.0084638985843903,2.0351070704950126e-05
0.0159289914597301,4.466747750737881e-05
0.0160660726403126,4.943513618594075e-05
0.0141897844000521,6.400569820985225e-05
0.0066704382952378,5.561318576337381e-06
0.0010565407490738,9.405496923018205e-06
0.0173479934845196,9.047357183013787e-05
0.0117764213197111,5.530954857065737e-06
0.0015512750653928,6.266092598133938e-07
0.0117992191486989,4.8723990481712085e-05
0.0195119247310503,0.00011802923744833768
0.0034612677483753,4.616813225584742e-08
0.0144154808098935,6.111375691403748e-05
0.0006246004801315,6.0960875971620744e-06
0.0062344765355071,4.440305323790038e-06
0.0054165000311068,8.639790757970687e-07
0.0078581523572402,5.829728904893285e-08
0.0135345774725659,5.187635391986309e-05
0.0054735236805451,1.90929783314333e-09
0.0047165874817978,1.5093070197053005e-06
0.0030676192167078,7.974273735099902e-07
0.0060774311593672,7.360346087940737e-07
0.0027918093517819,1.246121606785957e-06
0.0110969949703248,4.61594544605921e-06
0.0122489787006779,2.873593061868333e-05
0.0056056994750389,3.302300753473762e-06
0.0053364424841159,5.1188097856359196e-06
0.006130165937036,3.7673818121684747e-06
0.0050054462076728,7.57320254969979e-06
0.0156054215918356,6.368289104871443e-05
0.0048236850171398,3.3401819769950283e-07
0.0194368094117284,0.00013288345624402594
0.0165514671977329,2.7019529100464406e-05
0.0139092329513761,1.507291334811081e-05
0.0144636226512173,5.214612095477806e-05
0.0068022105333545,4.738552830877894e-10
0.0197686639983587,0.00011042797294880548
0.0192753434904865,0.00010108522279437077
0.0121407318924608,4.928864464884625e-05
0.0196743848951115,1.9760877505902777e-05
0.00126922892505,4.861883703440828e-06
0.0172387477992648,5.750930815788307e-05
0.018167410498638,7.965402422222178e-05
0.0057514641190434,3.051698596207454e-06
0.0143443643026074,3.363294914928351e-05
0.0051502870843377,8.475140119589297e-07
0.0123084013565264,3.281783868032373e-05
0.0150045514445116,4.6384302422616336e-05
0.0068688807352249,2.1149954250419414e-08
0.008658146136316,4.441594960693663e-07
0.0090314675011439,1.8765532547391992e-05
0.0119625857980749,2.9781644910801e-05
0.014174252093621,5.617193035656314e-05
0.0042260891260138,1.0320912753946386e-06
0.0050721043723109,9.147302109672427e-07
0.0117096479869692,2.5978765421824332e-05
0.0158018801394137,7.369482215284128e-05
0.0074484181900035,1.149658268980678e-05
0.0130822804746869,2.2757602074836465e-05
0.001000602732541,1.0304127351213352e-06
0.0160883383414301,2.9967775815521495e-05
0.0006169862736822,3.3103710938374824e-06
0.0053770340361972,2.2928720489741382e-06
0.0147206176247411,9.539157656083934e-08
0.0156296595771605,2.17483902276805e-05
0.0082741646749313,2.039140741613455e-05
0.005457338739666,1.8755364347635063e-06
0.0181292231640151,0.00011360939789418715
0.0113278621419211,4.902546412697135e-06
0.0188069035922748,0.00011145507716019807
0.01423404212319,4.645334377038088e-05
0.0161102924320466,3.6605844107527134e-05
0.0081655027310501,2.4190965546163484e-05
0.0151153794673752,5.281497806122031e-05
0.0119979356347132,3.970110530670383e-05
0.0035395224467508,9.533300345027143e-07
0.0028485393625984,8.317335623072147e-07
2.9053082084893324e-05,3.7303555402799613e-06
0.0189356757192022,3.1170693712227556e-05
0.0147162215175578,2.8491029366130027e-05
0.0162062026379402,2.423642032987052e-05
0.0138589810559579,8.652026548660345e-07
0.0149970966584975,7.796618813217053e-05
0.0147461165206233,7.799918616658568e-05
0.0025985147880563,1.1844200038857996e-09
0.0015743847215603,1.848413759033778e-06
0.0075445047473913,1.9287006968598055e-05
0.0085545561632096,5.5477040390304e-06
0.0109497448624659,5.361303263917132e-05
0.0111896890820282,2.6358172507607646e-05
0.0187325256841712,0.00010868932022020745
0.0120906406079399,2.411381307359966e-05
0.0154377040187021,7.53655934515423e-05
0.0010709019347899,5.7623982589463225e-06
0.0046273260171516,2.110894681263693e-06
0.0103354623496795,2.69957804464986e-05
0.0185293058233266,0.00011359680088206961
0.0108227448593479,2.856241726096732e-05
0.0077877475920561,3.2265042024575377e-06
0.0168342764196195,8.686652941716486e-05
0.0003425855438947,3.1375547580492604e-05
0.0092349840163029,2.2965716531954834e-05
0.0130340089317219,2.5256118174756988e-05
0.0198769683297602,9.722152556574892e-05
0.0113655845574919,2.5992563675242585e-05
0.0149564542270133,3.2764381151213584e-05
0.0147644214114513,5.3581051890518304e-05
0.0182424251263159,1.6193570860872583e-05
0.0120013612414369,3.401097143010461e-05
0.006390233042733,1.7713316540718595e-05
0.0064711021338373,7.297958694309379e-06
0.0106086059572228,2.219296096823914e-05
0.0035819709645412,2.7104181740106342e-05
0.003486664162313,8.426288774973096e-07
0.0112387195880076,2.5176882615149377e-05
0.0157144325473349,9.28641045298066e-05
0.0126638170008738,1.3100688785936619e-05
0.0165119141979322,0.00011558462216145237
0.0153460931747061,7.301972587199336e-05
0.0146911608660202,4.651287796416065e-05
0.0030214604828688,1.6806801241238557e-07
0.0163651670209731,0.0001152955953083334
0.00152935776808,3.4878997392667786e-06
0.0107259026567963,3.843102711616547e-05
0.0158376367927532,7.714061583997375e-05
0.0137675031584011,8.615141517750812e-05
0.0157843681431415,9.455349981118329e-05
0.002751699387858,1.3202382916152546e-06
0.0163756836125384,6.512549933459384e-05
0.0097223438093883,2.6937309457248106e-05
0.0181221760840487,8.160664007932323e-05
0.0022192412488473,4.360908602605937e-06
0.0189678901888189,0.00011108787350676539
0.0083429048025693,9.154013353881065e-06
0.0094020030641395,3.1085819942108864e-05
0.017907658010909,0.00010335138091216686
0.0048519041432465,9.619381853042533e-08
0.0013118771527443,5.808676117230434e-06
0.003049482164323,1.7234345285728988e-06
0.0196689964599066,0.0001110101274382967
0.0025532218957045,1.2241699005359393e-05
0.0113440740369625,1.7630825368139956e-05
0.0102194416010844,2.176641564009895e-05
0.0003370555048522,7.261836311799501e-06
0.0012788495093553,3.4747131239989913e-06
0.0173827137138467,2.9846792321280784e-05
0.0020039719975065,1.3153789781067114e-06
0.0160883020854194,3.319369146273232e-06
0.0069837131880658,6.2890337035905575e-06
0.0181446793247402,0.00012334863269449484
0.019218720294165,6.400547736643189e-07
0.0168987547057024,9.637201707978056e-07
0.0088432355249616,9.963341003040828e-06
0.0119554370473902,1.986644690143295e-05
0.0035571983956044,8.181999102873494e-08
0.0040984612177318,2.5107548959502247e-08
0.0164406180304487,6.839244261096286e-05
0.0015732877576676,9.81393503388271e-07
0.0126797668560877,5.8129491832631905e-05
0.0095041122502068,9.66887221912443e-06
0.0100116675057834,1.3434616762747452e-05
0.0160535402833469,3.6089358206698366e-05
0.0025297760877936,2.1955545285110662e-06
0.0197316230936153,0.00010586952624420479
0.009770051941772,2.2020293806221556e-05
0.0030588153721615,5.154087170236811e-10
0.0157390464407351,8.00268431566046e-05
0.0013547901947666,5.176521085353865e-06
0.0060906364004645,3.571339601108e-06
0.000491241012754,7.684928350764964e-06
0.005304282098293,5.646949255550572e-06
0.0138199213038149,3.84318842071115e-05
0.000171379203444,2.7545095739996034e-06
0.0070272647200423,1.732293078564501e-06
0.0110671617258526,1.0525982333330029e-06
0.0192192904311038,0.0001168859995754832
0.0001444116336289,3.650713760167833e-06
0.0133497521554678,6.824970703609459e-05
0.0083119247481326,1.4111009418693902e-05
0.0038193812761635,1.6334073039790056e-07
0.0102263653153431,7.113265067769082e-06
0.0123695800223232,4.533304086401129e-05
0.0020171572104346,3.4119711371989163e-07
0.0142245717434091,6.720495377931089e-05
0.0134384901141351,6.565961853157289e-05
0.0061267572008701,1.3986460076751413e-06
0.0136968692405568,5.102467775859776e-05
0.0160977225806757,6.574188854669325e-05
0.0085537826934875,1.0701462201042704e-05
0.0149139346271623,3.470137138512139e-05
0.0019524709234132,3.5466209838227257e-06
0.0088737971664893,2.4677330249797648e-06
0.0196399720759853,3.977846934268319e-05
0.0169044133252385,6.405550403487621e-05
0.0105923229754952,1.4859789697162171e-05
0.0130690697011767,6.41880586792642e-05
0.0071119846596397,9.186929452870984e-06
0.0181531923946913,9.452519583540763e-05
0.0033096270624067,5.064127932140127e-08
0.018823602627251,5.867243325363465e-05
0.012270766833209,1.872744017722009e-05
0.0034581817805328,1.3738906326410606e-08
0.0064534626845945,1.4860291418195859e-06
0.0113072871241373,3.5273091719255494e-05
0.0003088127690959,5.691386496351725e-06
0.0049342483264816,8.624537101982177e-08
0.0130634211134503,3.546112712755847e-05
0.0061713635193211,7.520531430904192e-07
0.0065988804354624,5.3653329638109124e-06
0.0055562590722295,7.3977628616386616e-06
0.0048237342951986,6.244299805160751e-07
0.0142018973259491,6.472085115607697e-05
0.0022782980084142,1.5415476153792815e-07
0.0007068735699484,6.703362021078097e-06
0.0139190298916687,6.68313952831932e-06
0.0079867285952863,1.5127733586676198e-05
0.0092372647807474,3.891541756092883e-06
0.0159617754048699,1.1627180415802373e-05
0.0177657064223319,3.3868341434154816e-05
0.0170549603774315,6.578292312296292e-07
0.0107730459932811,1.4053251496284213e-05
0.006037019663213,7.899773301133394e-06
0.0004079786045634,5.912402008640503e-06
0.0194704476099588,0.00010735450681727894
0.0032688812247362,5.30921502626064e-09
0.0047762205280821,1.9232312372680217e-06
0.0186624948864629,0.00011225911019310487
0.0159826118632396,7.33090850319429e-05
0.0152105544954708,5.183095323959309e-05
0.0107170276050116,3.9699637998131905e-05
0.0147079595785964,4.765173731480328e-05
0.0046917575873051,1.505008739483471e-07
0.0030828888616806,9.732778171365247e-08
0.0118274450348757,2.428463505836761e-05
0.0175565255157585,7.122201014419728e-05
0.0032029398642029,2.0929696792415573e-07
0.0163648352931988,9.920934614766684e-05
0.0151410577116539,1.19058780156985e-05
0.0032313832942791,9.93631206312392e-07
0.0080971199616203,1.4908588014669113e-05
0.016515175283231,5.396903872169657e-05
0.0008589439816853,5.209253397448371e-06
0.0064015930073521,2.60514834685772e-07
0.0089057501823704,2.719567941119974e-05
0.0103994543100179,2.0664309967450806e-05
0.0157879937844484,0.00012990932856431873
0.0063400962558944,7.02282545729429e-06
0.0033797565054147,6.908546479065847e-09
0.0145124630900657,6.874732368267188e-05
0.0068704592828239,5.372789105476503e-06
0.0038557184615451,1.1116102625328273e-07
0.0173634198399782,0.00011287540079616299
0.002650031946345,4.839689158546332e-07
0.0065781569614576,5.316380175476053e-06
0.0179811133314119,9.21858389155563e-05
0.0186304892911918,3.396849534459612e-07
0.0075568756600712,3.1862958162541615e-06
0.012439763981452,1.6927287319141907e-05
0.0029067931880343,1.2525778513875814e-06
0.0034403905019403,3.2240589866014115e-07
0.0149242547948031,0.00011885394311903244
0.0165100294394084,8.473293603038452e-05
0.007201249134487,3.733776286799129e-06
0.0107812749702488,4.395661051324447e-05
0.0016638544283548,5.362101888008262e-06
0.0073848600649121,2.8365752264373265e-07
0.000517559689327,8.526601997786575e-06
0.0152111040070213,7.853197405738282e-05
0.0182420131598245,6.289277040140728e-05
0.0069140191703533,3.323632924719764e-07
0.013786429686143,2.9758270569964362e-09
0.0036534959506671,3.582190972751411e-07
0.0055627160918662,1.5330741939542943e-06
0.0030670734453806,1.111806034162185e-08
0.0143315309190951,5.7881428092549863e-05
0.0003454168656644,8.100931232646773e-06
0.0050067530426251,5.600514516763889e-06
0.0042587568649457,6.333649265079968e-07
0.013675505774076,6.428606991443621e-05
0.0082858152172355,1.787230181721358e-05
0.0175367754663093,2.8062903985265506e-05
0.0178489852622472,0.00012779939627399512
0.0031922225600943,3.839856100853481e-08
0.0127149447077752,2.9125068723637227e-05
0.0108532089657023,2.1621355939575105e-05
0.01888012916985,7.01371393973814e-05
0.019475403299937,3.4787148675980365e-05
0.018919812292367,0.00010564871905504703
0.0186979691442289,0.00013215464316453316
0.0093786155444439,1.0912679346831788e-05
0.0009747060853838,6.659981412375941e-06
0.0149910933168396,4.8968661903115674e-05
0.001344828988298,3.774565035866131e-06
0.0009377703624175,3.7156902332620524e-06
0.0084438877687375,5.448066994997041e-06
0.0143817508183366,7.085629829630912e-05
0.0186849314463693,9.145569488230969e-05
0.0112680753106468,3.895421387101179e-05
0.003224758376742,5.345207067826626e-07
0.0065735700063874,1.2032514706719524e-05
0.0157388384248863,5.633033010395299e-06
0.0075033918641639,1.4435631626356601e-08
0.0180647252243092,9.677356276617011e-05
0.0036738994960277,1.0485291933575052e-05
0.0054111179336449,2.5108961980470547e-06
0.0060601643888971,1.047083512037695e-05
0.0126384513794425,7.205059832984596e-05
0.0091153414843522,2.0398797905470028e-06
0.0138566221170224,5.735063754047918e-05
0.0021071500541675,3.7081706558287297e-06
0.0194116537636431,8.718164048716072e-05
0.0074451505973994,1.0470825282256779e-05
0.017930747930258,9.600585201190131e-05
0.0186139099699629,2.64282648261868e-06
0.0008634113579956,2.3950658308339118e-05
0.0167864700026177,4.9779547740611784e-05
0.0055558039120191,2.992708016352008e-06
0.0171916926034627,6.828087339543124e-05
0.0077089877340317,6.532471347237191e-08
0.0114067588642406,1.4123791054763013e-05
0.0162256001500312,5.527752215697953e-05
0.010782623196196,4.111518822643397e-05
0.0012228427270649,1.1480264418574412e-06
0.0016492294658947,2.176610480054512e-06
0.0196228026493576,9.750472518442901e-05
0.0138979238486615,9.508213862302744e-05
0.0143091192054377,4.12767181394793e-05
0.0133786230265664,1.8885345227234366e-05
0.0055160467648957,7.268027613040853e-06
0.0064010573846505,9.342293575756422e-08
0.0121565318856519,2.6188772278550863e-05
0.0021724981412572,3.6114260764781933e-06
0.013922957110669,7.942095072719427e-05
0.0149140446661508,3.2894980516913865e-05
0.0121315301566131,4.294748061134621e-05
0.009573314378163,2.0485321319258247e-05
0.0061042210018586,5.723146794396544e-07
0.0006691081182731,2.0729862274500324e-06
0.0021014989408811,5.704426629244243e-06
0.0101789710290021,2.5170117877734905e-05
0.0172189117595151,5.5173294765267074e-05
0.0057253169990847,5.796933104659236e-07
0.0063826796131864,2.2274280315327145e-06
0.0132671883155518,3.501546417490574e-05
0.0044428883040904,8.734900121496433e-07
0.0087601833891602,3.2210779268489245e-06
0.0146027763126478,5.496007423244046e-05
0.0189372029198787,3.2452600518481994e-05
0.0034856454420698,2.3646192618752255e-07
0.0120117061445193,2.3238816743787226e-05
0.0147422608269245,5.1654622836995355e-05
0.0188849892912667,7.529834631299234e-05
0.002981682118977,3.099197880810807e-07
0.0140069394970845,3.068314988826892e-05
0.019833270070751,8.611244452192694e-05
0.0149347290627586,5.219761789153335e-05
0.0124740443169478,2.795359087037443e-05
0.0057479441288488,5.737119543447913e-06
0.0137647578220787,1.9066594684430213e-05
0.0062599883115558,5.7615418828180686e-06
0.0014341586048814,4.263411752905947e-06
0.0014441331927974,2.409119518023446e-06
0.0097512382178106,2.5732086698648424e-06
0.0079147220177703,1.2077487377972264e-05
0.0034946812652978,1.365197165782311e-06
0.0052651935269551,3.276078335954437e-07
0.0135452771750378,5.291936272150237e-05
0.0095880184048424,2.2580581022720636e-05
0.0084522284370394,6.985244885357393e-06
0.0182108587594212,0.00015347920386297035
0.0103102661205908,2.430427841901646e-07
0.0125953002004014,6.517612391977895e-05
0.0025146391244171,3.7147049306605257e-06
0.0166179161658179,1.3685023659691323e-05
0.0129440624474096,2.8577713851559042e-05
0.0133927430567686,2.0591668643565625e-05
0.0096198390302496,2.5839350606325406e-06
0.0131551623066209,6.991949810691652e-05
0.0184223086728916,5.624755022997498e-05
0.0079022009667131,9.315527830075207e-09
0.009077365401092,2.444629930780369e-06
0.0184320042657186,0.00011621992616439483
0.0122885288344669,1.5213837627156065e-05
0.0126331838795794,1.5516490341446014e-05
0.0013317036129658,5.543032203227459e-06
0.0162144059580681,0.0001315064817537408
0.0131289076182759,3.166677620991316e-05
0.0129875118027562,4.8774092850469817e-05
0.0160194203351478,3.493404943528447e-05
0.0192876295452345,7.1637147664318e-05
0.0122854799159462,6.0083165873012266e-05
0.0007906654780058,4.964342454613592e-06
0.005133454796712,4.220848900740995e-06
0.0076051870677336,2.3461892890308164e-06
0.0124591536261659,2.6016626674188453e-05
0.0008590578800907,7.212659121634717e-06
0.006123971194635,2.792250065873784e-06
0.0071599867232408,9.27718332687941e-06
0.0086781032078698,1.6378338697844763e-05
0.0008406341678341,4.548736020122983e-06
0.0195420357394004,8.807478271190982e-05
0.0145704141249173,4.233028679865369e-05
0.0029701581627035,1.571143623758054e-08
0.0162575303077846,9.339372869677609e-05
0.010108442765894,1.8706055064417524e-05
0.0034483204067487,1.387271640614869e-07
0.0183089038348541,0.00011815959634656243
0.0095660598474361,1.3805328740052368e-06
0.0153155335858249,6.769246289916476e-05
0.0030167278543014,4.637949793682882e-06
0.0140543489394576,2.536772387929638e-06
0.0037459482121666,1.4468086478393402e-06
0.0087781142387891,2.2170682785121878e-05
0.0142997897964082,2.583416884628668e-05
0.0054696209393125,1.945837711220897e-06
0.0075314967448765,5.038461846721736e-06
0.009017653211936,5.6799258682597755e-06
0.018973609702181,9.022625401762245e-05
0.0198022030408239,0.0001460795775666792
0.0029747625181455,2.591042090899801e-07
0.0101506157578109,1.823086467823097e-05
0.0128591844373325,4.9628947897043674e-05
0.0043112789484989,4.797304196613426e-08
0.0144883725787006,4.243853414648208e-05
0.0109548933713336,2.356306892482795e-05
0.0077219546450264,4.708820807879976e-06
0.0145054869614445,2.5134681653828327e-05
0.0186454569165551,7.5399917861501e-05
0.0005264818537346,3.3473198593414803e-06
0.0194970339712862,8.1822033146615e-05
0.006541802828778,5.294208262847221e-06
0.0126144210509539,1.8357495880992034e-05
0.018380095788261,5.3369836048592156e-05
0.0153236951516493,0.00011439529815048808
0.0037460206551527,1.2657257273438753e-07
0.0174617813475731,6.370500510113245e-05
0.0187389051890078,0.00010458195892871217
0.0157091178311102,5.691164812336425e-05
0.0055400561003254,7.446882241543046e-07
0.0073138566285521,2.2182171611787067e-06
0.0074190879811832,8.780837323274495e-06
0.0182730532517831,0.00012940778286735116
0.0134928422699061,4.605385415992228e-05
0.0062308692816493,1.8210945886298995e-06
0.0107655597416748,1.9919507836199217e-05
0.0151430598563795,7.34441222823067e-05
0.0126088199512565,1.7010134177784814e-05
0.0151631643324608,4.8334947241189005e-05
0.000836170760287,4.5598474124449765e-06
0.008606883976102,3.2113606346080447e-06
0.0030404295170974,3.128018021484042e-06
0.0079718901588166,9.816606652480602e-06
0.0059149007701505,5.440350044308304e-06
0.0130922133564333,5.667111489794247e-05
0.0159897089813708,1.2869979126400588e-05
0.0189868621776613,2.4747052389430785e-05
0.0084616453692624,1.7656012624948435e-05
0.0131074937200518,2.878360303265696e-05
0.0124443380189876,6.261725884559571e-05
0.0092170236850106,1.3261095209996956e-05
0.0056825139630886,1.1427771885503944e-05
0.0195821604607313,0.0001190971499543672
0.0022258600994488,6.337852945632369e-07
0.011331827728102,1.4086339384739194e-05
0.0077994158233948,6.308878452466303e-06
0.0030687806841476,7.995451198930454e-09
0.0090164644919527,1.7259847977558446e-05
0.0188622521939558,8.372782414074867e-05
0.0195834890841574,0.00015327070704438103
0.0079097676989076,6.03118567306969e-06
0.0187886518654265,7.758963070359488e-05
0.0116055657047319,2.6916582915081606e-05
0.0108568501702076,1.9073617896051475e-05
0.0104697576075779,1.5757750673615416e-05
0.0154184285850515,6.95161219750854e-05
0.0051095237879917,1.0539621258008084e-06
0.0026346753516732,4.05108196574292e-07
0.0050578529183713,7.180392451584038e-07
6.415054610860783e-05,5.966807050087323e-06
0.0112157089390969,5.977340449099563e-05
0.0080461906790326,1.2162550852870676e-06
0.0105221431377085,2.9843052090135382e-05
0.0021220159962035,3.6468721901617564e-08
0.00131405350945,5.87994819305653e-07
0.0003258750174093,4.273241779948869e-06
0.0044113438551153,1.8688917361257422e-07
0.018820920127779,0.00012130601438159384
0.0122539345328063,3.539037833520031e-05
0.0141865450746092,5.7013153387569937e-05
0.0184172378127763,0.00011800306102141873
0.0130160255631355,4.1365222362475913e-05
0.0144170288868117,4.2999253615813646e-05
0.0160696736478293,1.2712692093894946e-05
0.0180091102143345,5.6638081006369e-05
0.012981277563536,3.5137740338709085e-05
0.0089382709552065,1.4160399427172506e-05
0.0188159299501382,4.6654908565541024e-05
0.0017337662567617,3.2512108335360415e-06
0.0101324516523008,9.803017930092855e-06
0.018164624517778,3.0441266111048545e-06
0.0085811083386524,4.582948568482587e-06
0.0062657159958072,4.362110486885388e-06
0.0050821146291595,6.2595355890526645e-06
0.0189310801616673,6.274913950437881e-05
0.0189551823120243,0.00010615063869429113
0.0050040210047008,1.2112441021123432e-07
0.0035965633772333,9.154646246317869e-07
0.0056474470742976,5.813193079833333e-06
0.0153118446066106,6.898450535116902e-05
0.0182250576229541,2.7546162278767057e-05
0.012132550470907,2.0356746921775592e-05
0.0018738915540047,1.0595113204052652e-06
0.0136814614576113,6.039101991443564e-05
0.00084932945882,7.829900128691623e-06
0.0083752909874615,1.4619368450449821e-05
0.0069076931579064,2.9114799567002236e-06
0.0149050240703503,3.9262679703097576e-05
0.0024663745225147,2.378896151352712e-06
0.0148206132584027,1.6505655429213103e-05
0.0105140919429808,1.5111623839406545e-05
0.0073991661006926,1.139296777716237e-06
0.0167603340248603,4.2593653669488014e-05
0.0107788186114327,2.2500306428474342e-05
0.0120877484425988,3.7373896343256463e-05
0.0118233995100797,1.9211865783325535e-05
0.0105929468983673,2.5676327578476988e-05
0.0008088226420616,7.2598871195048995e-06
0.0080658781586793,9.852766380511307e-06
0.0054886881110082,2.2487645309398625e-06
0.0072349638529425,8.049716951231116e-06
0.0195105555520074,8.723244888210384e-05
0.0103900072305372,2.249574724769108e-05
0.0098736276824077,2.2357265924178134e-05
0.0123698087440824,2.9329281004460603e-05
0.0177754068957902,9.49504453448724e-05
0.0183168322809054,0.00010253442734428865
0.0069684212916767,1.3196915035934475e-05
0.0012982685318142,2.3223453319896864e-06
0.0074275030590137,1.0869112150009745e-05
0.011114539626472,7.172454426494613e-06
0.0125805495536854,2.5886519797376744e-05
0.0066712341160783,2.6576026482412393e-06
0.0044749269279157,1.0481131834787788e-06
0.0154285045059911,2.722032960374419e-05
0.0084894849479037,1.018390392646801e-05
0.0008985644362158,3.784355373375395e-06
0.0078971011967935,4.558483687579158e-06
0.0019690034395118,1.3699977035150336e-05
0.0137001880322145,1.9759411661055137e-05
0.0080456618070939,1.8247389923082718e-10
0.0072741530869355,1.0524142828321579e-05
0.0157351680437091,1.6191841136571097e-06
0.0111156931523869,4.458640816190157e-05
0.0056490208432955,5.742523336124668e-06
0.0130377815026264,5.034242209667164e-05
0.0010891883058285,7.752837860612723e-06
0.0075879427618408,1.1128447224165588e-05
0.0176148009654193,8.808587306650006e-05
0.0008142696061235,6.553981944752751e-06
0.0050934928233878,1.3976853413907948e-06
0.0015391707584792,2.7838557300837685e-06
0.0192125589698785,4.466601812181863e-05
0.0188471411233905,6.19871121073659e-06
0.0018017594285339,9.645789359989756e-06
0.0017178643822474,6.736298940824578e-07
0.0035338312729703,1.1829000055038333e-06
0.0033228691943279,3.494885265025673e-08
0.0154831980738993,5.968844983802578e-05
0.0125783454869848,2.024317282889806e-05
0.0081583712750856,1.1681275020570786e-05
0.0169894126278538,9.226479495014756e-05
0.0042446112762102,1.9887879794173607e-06
0.0082060920606982,1.0822645581753216e-05
0.0181957747942355,7.099004960654136e-05
0.0056112157127708,9.093345700319708e-06
0.0113734907494366,1.4859574366958586e-05
0.0063367863987877,2.5140034659656207e-06
0.0035176582244313,1.867436025968427e-09
0.0180372409821894,0.00012764716947171956
0.0191604270185091,7.93077816540392e-05
0.007601435307372,1.1717341828731878e-05
0.0138405235181287,6.707193434779119e-05
0.0144789994630418,9.746107312640568e-05
0.0131374713690167,2.8958155071772524e-05
0.0063435563651893,3.980336565971324e-06
0.0015433676328357,1.0838564220784521e-05
0.0126622187491497,4.89994274491275e-05
0.0052533344503743,1.0271153783681292e-06
0.0081211595607108,2.4940915150589435e-05
0.0018786109903444,8.511433000858494e-08
0.0161832147590438,3.3503346654079805e-05
0.0158631130246237,1.3091951139684071e-06
0.0154762335649922,3.417179120357956e-05
0.0071747004757579,3.672054451915077e-07
0.0005831192183785,3.178937342806391e-06
0.0149176195942884,9.549860899036489e-05
0.0140695386029647,4.7946930445424603e-05
0.0097542044686936,2.3510151938452156e-05
0.0179815978151596,9.976545178996826e-05
0.0071714779833045,1.454224201218746e-06
0.0156970417677044,7.049331495196756e-05
0.000997646184605,3.231465416664822e-06
0.0171848078441339,4.147339095689954e-05
0.0164709479754132,3.897761329826344e-05
0.0015467180510217,4.68485246127879e-06
0.0010017995927852,9.248522118274212e-06
0.005818374482448,2.8922434855907476e-06
0.0016011200214451,1.8509113826368431e-06
0.0159539156636425,4.067721073980029e-05
0.00576301146793,2.713671049088331e-06
0.0113257394888381,1.842727847933188e-05
0.0018827056733977,2.758584573871432e-06
0.0174149344502793,6.326605693643547e-05
0.0085548616769471,2.1505568994805867e-05
0.0147215415378718,3.2471693070441635e-05
0.0092830724672122,5.370283884613783e-06
0.0137647934749252,3.575040763385906e-05
0.0063221008442358,2.588759614648578e-06
0.0003591671225898,9.218034336054117e-06
0.0119776360469358,5.265839029770157e-05
0.0060174775829562,6.8251834547959075e-06
0.0191411308291222,2.9761598316378902e-05
0.0037076879482641,2.8128001655769633e-06
0.0078871246278742,1.996485381924197e-05
0.0168139518609217,5.835531056025969e-05
0.0107116271583156,2.52513870554601e-05
0.0017211220939477,4.359372764046839e-06
0.012251294613106,5.07801173923644e-05
0.0090694750936043,6.853596172136292e-07
0.0101588965193692,2.0178413785095298e-05
0.0189021953756421,4.645506890802915e-05
0.0019918171553533,1.2910048818144079e-05
0.0188575408944434,8.165135332474374e-05
0.0038525125011242,9.54242160854224e-08
0.0029820065914203,2.643858441287369e-07
0.0034533873203975,7.219999535074243e-12
0.0198090420759737,9.132126729970796e-05
0.0105129909687975,1.4702987243504702e-05
0.0198147948527149,9.948212536533527e-05
0.0039947818853056,2.0967625389134118e-07
0.0096796184454956,1.6578927312360423e-05
0.0025444778603678,5.263036176198989e-06
0.0145800938854955,8.335057815078817e-05
0.002162030625212,1.1772369518467757e-06
0.0175520088967386,8.904924293353677e-05
0.0018724064254155,2.906417180427138e-06
0.0033963574280375,8.473681790043137e-09
0.0005785459769626,5.763095505402136e-06
0.007793873329447,5.9427528071602405e-06
0.0033005821730933,1.3577114498180507e-06
0.0125626137863981,2.612917468033507e-05
0.0017045427744358,6.650784497676111e-06
0.0133247860867319,3.6667969274458343e-05
0.0086272642182508,2.549660113635211e-06
0.0037120270435951,1.7201004354534238e-07
0.0099810087225852,2.1648504961928178e-05
0.0178139089979191,0.00015312371968745456
0.0156377546928946,9.62368940128342e-05
0.0086690839390906,2.539096911420977e-05
0.0021608276179104,2.2970021545806527e-06
0.0157155955037675,5.607352496850202e-05
0.0006061827252615,1.1507202430412243e-05
0.0087020551916193,6.571130917833493e-06
0.0014262465240168,6.466131396524672e-06
0.0048561359564086,3.6967164482689176e-07
0.0119944151967964,5.505694477884122e-05
0.0027009507301321,4.798274621463077e-08
0.0137879095393921,6.361742058870805e-05
0.0008462898334661,1.826513083304079e-05
0.0147834677067651,4.981189056752997e-05
0.0074601213480894,1.0553497441696504e-06
0.0133101351648793,2.9099188776702173e-05
0.0056776030615277,5.573492903879389e-07
0.0036950775017526,2.4609019135227916e-07
0.0168865626079543,9.864398094435161e-05
0.002551487021376,1.0729031337000198e-06
0.0064905099670853,1.0860524840576406e-05
0.0072000873061843,2.9497411368648122e-08
0.0124689678664148,4.733227979710589e-05
0.0014958198810073,2.9471821375564594e-06
0.018674103033558,0.00014262791581473084
0.0137890444417918,5.479879015804729e-05
0.0054617128299243,3.5393485103970615e-09
0.0013293085747048,1.6179062557247522e-06
0.0065075562899545,1.962908670620026e-05
0.0087207720370442,1.0774385213315943e-05
0.0057888935452001,2.668072287485165e-06
0.0067543656682061,1.3310910848605693e-05
0.0080690370414222,7.68190909656541e-06
0.0087977614983593,1.5596406961767838e-05
0.0022476203713454,8.753757268945554e-06
0.002297170282865,1.1738319648207592e-05
0.0044914065510132,9.12322302517977e-07
0.0045118238419856,3.966947244969811e-06
0.016607027377194,4.4258871254192546e-05
0.0052372007526225,9.752386017623927e-06
0.0117946364901816,3.938599948746654e-05
0.0044863573624081,1.9344746590320144e-06
0.0034254491387408,2.411765997678194e-07
0.005247053465274,6.453828404373256e-07
0.0090603335474027,2.2303944173647282e-05
0.0116410494357093,2.9626638379261376e-05
0.0007081378388185,1.9602744226560866e-06
0.0140375246394959,7.523725376802005e-05
0.0119796090246021,4.049469701929916e-05
0.01742260052414,2.695092947277638e-05
0.0156311666175589,0.00011204508677346807
0.0019144678737084,2.7230148549815607e-06
0.0035246971067231,7.055608529163934e-08
0.0066710976065982,3.4024627274419717e-06
0.0189511470721579,5.815360435285996e-05
0.0148405683621169,6.916662852245066e-05
0.0102397615581409,4.992004192057919e-05
0.0041777243803531,2.526900908270142e-07
0.0057226384766506,2.2301454682558097e-06
0.0049339387295566,5.513967003219929e-06
0.0126384206333999,1.444130870607803e-05
0.0002696383940012,8.548860410703004e-06
0.0027202539712941,4.29931869976168e-06
0.0007569434469949,5.9989521615674054e-06
0.0006070829682851,1.009832765233606e-05
0.0090784096648841,8.935434078442389e-06
0.018357012994603,0.00010199723020794889
0.0047475548044274,7.983332388199444e-07
0.0167487538881395,7.316320439313462e-05
0.002981424786884,4.7213678264151e-07
0.0072382853786904,1.4678145669922721e-05
0.0016639665460668,5.865760668763838e-06
0.0126218035975264,7.234145222091834e-05
0.0077959361564746,9.31241977189269e-06
0.0167672406959775,5.498897880816377e-05
0.0016786951044204,4.034205352861024e-07
0.0165793036740802,7.779818919279781e-05
9.052831505635297e-05,4.415621252889261e-06
0.0083820705346321,2.139883579065063e-05
0.0050151291950312,2.841538575219347e-06
0.0142809572258544,4.224298664419924e-05
0.0003460032857308,4.428355335600059e-06
0.0161851010470602,5.88057885868587e-05
5.093011322784502e-05,3.4127291158267637e-06
0.0123028748924037,4.45610603475812e-05
0.0150400263863057,7.654511746735859e-05
0.0157985910102919,5.1227444170799495e-05
0.0139434704015186,1.9322157251785055e-05
0.0001660607416498,9.361398080704728e-06
0.0142652076581039,7.223378190092974e-05
0.0155466743166867,4.4528596468358914e-05
0.0106911745883871,1.9130849995378165e-05
0.0194295865514791,1.6070421283192485e-05
0.0031702065008091,2.771722773994756e-06
0.0046750866676557,1.1313486479480628e-08
0.0131589019470356,6.120285664846221e-05
0.0156218341932171,2.121378525357271e-05
0.0125769448838509,3.8993081444968876e-05
0.0059719099508289,1.2915212917885074e-08
0.0017376601931716,9.814781225173393e-06
0.0109410455343464,2.1703261403519794e-05
0.0183188825495603,0.00011225736487305676
0.0108288664147403,3.198849785293283e-05
0.0086175768824388,3.8838206989063074e-08
0.0153643436045913,6.503096879505092e-05
0.0056732031577408,8.744177727315147e-06
0.0037207253635602,1.9956531744573063e-06
0.0098715836116867,3.119895712422849e-05
0.0036194585810305,1.0638850194310386e-07
0.0162520827148219,8.03165961855528e-05
0.0091218825424494,1.0175240714774146e-05
0.0081088496388832,4.2911578316873254e-06
0.0024299129223843,1.4910010685554088e-07
0.0101891433605502,1.8223430911830356e-05
0.005028306678523,1.7156556811606313e-06
0.0170821495463086,1.3078591127850982e-07
0.0175155514547763,5.689739117392575e-05
0.0174234598291822,4.937831984641242e-05
0.0085545752557268,1.733987159734025e-05
0.0044544776733634,3.674566347476166e-07
0.0051962735117276,1.3612869277445385e-06
0.0140507336579821,6.957954181781402e-05
0.0087407715830367,1.0943518174517136e-06
0.0174459811105799,0.0001254159925540458
0.0092695093297558,7.882271620388216e-06
0.0003293828405188,4.344127067978585e-06
0.0137899320769803,4.966790362982752e-05
0.0121809235376998,2.2392826574475673e-05
0.0170576237705087,0.00010570203204445171
0.0194861266695142,4.898432145857791e-05
0.0083319150387818,2.176884758116009e-06
0.0034415424743359,4.776965141989973e-08
0.0096246631552514,1.7611712900097792e-05
0.0025177024908259,5.563516823413574e-10
0.0064303030378021,1.020943806050941e-05
0.0057011867478226,6.345632058166983e-08
0.0131036970186232,3.575207916119589e-05
0.0025863845432245,9.026242189955662e-09
0.0108017671025767,5.4975754305362497e-05
0.0052176975507637,2.849481690455112e-09
0.0039161406163315,6.722116469561095e-07
0.0190617884427365,1.4649169230336206e-05
0.0053032916386769,4.0208781414775615e-06
0.0117384390116314,2.5852671659915934e-05
0.0012971172243342,2.1555688233785562e-06
0.0069596349619455,3.653745524587557e-06
0.0039822388959748,1.1810407050677202e-07
0.0186407939259144,0.0001030975047756261
0.0145978102957523,5.940011389627505e-06
0.007713322423598,3.2953423408475254e-06
0.0168124887360039,0.00012067496967662521
0.0063782227712498,7.315185668145005e-06
0.0060525950595076,6.681672950333064e-06
0.0018876896978522,1.0292997059172428e-07
0.0024341360133565,2.8691176272199845e-06
0.01550803319252,2.915045544154556e-05
0.0011421297495673,4.195399896400241e-06
0.0088302436423457,2.092223266121785e-05
0.0173346239421734,6.970161991549108e-08
0.0097977087157183,2.8793056539302922e-06
0.0126539639793582,4.028925633531947e-05
0.0055615882656746,3.6821762901678826e-06
0.0079555654283511,2.2873360107572734e-06
0.0046269120623422,3.1029848634739895e-06
0.0002984127175416,3.501955256330813e-06
0.0179333937696983,7.444734162347067e-05
0.002368592486701,1.7012500480738195e-06
0.0030137020013589,1.5416301517937505e-06
0.0132334148669528,1.2075510793999418e-08
0.0003202011386703,1.537963836935645e-05
0.0153393121649344,5.2515229791703665e-05
0.015896777599592,0.00011420603910132339
0.0053102305942393,1.797776985782099e-07
0.0159549579752516,6.0233256627986633e-05
0.0012766810418229,5.176521358073872e-06
0.0130812570735046,1.5477246282970337e-05
0.0153511919334696,9.314103671373352e-05
0.0111596984276313,7.483175197485671e-06
0.0066112217463122,2.2874063327437e-06
0.0153220501290534,8.837089798258946e-05
0.0015473700812194,1.3934234194564966e-05
0.0197281904938129,0.00013748246868582588
0.0103000396642019,2.3861337591544177e-05
0.0177626000869441,7.660003362595711e-05
0.0002623691290788,1.2318717214398626e-05
0.0178310253228191,8.585651080336725e-05
0.0137569808968047,3.547611551201708e-05
0.0158828301646215,5.148309002803545e-05
0.0150794131505743,8.26370214355741e-05
0.0140659503518489,2.4194656686982233e-05
0.0112629015095626,1.5345816183611368e-05
0.012590115762598,4.61328693696489e-05
0.0157639401273771,6.136397390895452e-05
0.011776859886431,4.633318132100189e-05
0.0077798264613487,7.081530966552064e-06
0.0069193340470727,7.643675982778874e-06
0.0106241030788435,9.15578862565152e-06
0.0055087241390023,2.3229818487806186e-06
0.0099323438329682,2.8050928461173054e-05
0.0160925998618601,8.963364106986946e-05
0.0043355792796347,5.215780202466257e-07
0.0171948922042976,8.517419389281984e-05
0.010392908150608,9.048956260874886e-06
0.0063435079977389,1.1872426929622962e-07
0.0064737322788423,2.9289595817164226e-07
0.0056452383616898,1.3116495165207852e-05
0.0042264016023407,5.879732201992763e-07
0.010307675021321,3.951474642604299e-05
0.0099322606892195,2.6044208517029086e-05
0.0090398719486264,7.854604653324505e-06
0.0054396389497661,1.9884030269130194e-06
0.0146100689549361,1.386889418483068e-05
0.0188739144082481,0.00011370136077055009
0.0011133191569649,3.899336836686471e-06
0.0080378722361097,9.726280798527669e-06
0.0187399377095218,0.00016038628293032787
0.0129465836325798,4.054323878249847e-05
0.0162027458376848,8.528009257001036e-05
0.0047741576160456,1.3850016303907321e-06
0.0028034505976065,3.237672122162571e-06
0.0193915112511634,0.00012021344789006317
0.0133375274240626,2.6469197872825476e-05
0.0069787407475898,5.4856613102589486e-08
0.0099131298894761,2.3790623333562833e-05
0.0111489813885829,1.559866264329791e-05
0.0076432860710267,4.472998361775097e-06
0.0088227691592192,1.4060445878358094e-05
0.0075288755684258,9.192973054488341e-07
0.0152782324443702,1.6992491572956785e-05
0.0032106364002988,7.065450086056048e-07
0.0130283863580595,2.4623462602423295e-05
0.0132478540561329,3.836276467473212e-05
0.0125106488939535,8.000265858423985e-06
0.0045110801290672,2.384412615490342e-06
0.0040535166088687,1.3283881173530434e-07
0.015822380765208,2.8748919922689934e-05
0.0052253820185449,5.648282598983282e-07
0.0043532676918733,1.0119588316907235e-06
0.0106779724699718,1.633668125376476e-05
0.0195893942881171,0.00013743177622802967
0.0139678769022386,2.8715848450410107e-05
0.002186238871928,2.9150632078056383e-06
0.0195575439921908,0.00012102915559202277
0.0032766679460408,6.935899008340913e-08
0.007525965374212,1.3881724440044599e-05
0.0145539977519734,5.5590742383923705e-05
0.0150550418253315,3.079576998688083e-05
0.0150058452366823,1.6808397497390555e-05
0.0078226806301206,1.3748136057094112e-05
0.0070850347550918,5.196392641734553e-06
0.0174375477655042,6.951238257057694e-05
0.0052220856345045,8.802999342174092e-07
0.0108728684778228,1.7848566549615167e-05
0.0110994054439594,3.682142601703667e-05
0.012011488832808,2.8608407721172567e-05
0.008555840534983,1.3675724444400422e-05
0.0014147850608914,6.244407952391228e-07
0.016910799665596,5.9844343363008556e-05
0.0102378667385672,1.3401750779128031e-05
0.0141391120521445,4.904354783986219e-05
0.0019975120775073,3.460296919069141e-07
0.0149669708877472,7.267671384902218e-05
0.0044371345985881,4.913082681515998e-10
0.0089903400819669,3.8919910322757785e-05
0.008991360156076,1.5449476089902603e-05
0.0073869108836017,9.801595273235106e-06
0.0088674328319471,1.223898244961713e-05
0.0094258283020953,1.695297499614573e-05
0.0184994053628054,1.0345588750112868e-05
0.0191414737466128,1.0526427241227038e-05
0.0102242838906166,3.508017938879584e-05
0.0027117024570503,3.04238844695475e-07
0.011177775041722,3.212357838483567e-05
0.0031024391619399,2.75307499629895e-07
0.0130355484563159,5.112980559862566e-05
0.0037126821528875,3.0481849618072645e-08
0.0193973003559608,9.531390020092282e-05
0.0106582421941899,1.931707962392666e-07
0.0093529822403713,2.180358457334653e-05
0.0039153214180815,2.5074352654854268e-06
0.0187149454340107,6.446441539845984e-05
0.0100271751717753,6.06446179736523e-06
0.0081102895232194,1.5156178813599732e-05
0.0143422426533142,2.1681725806761668e-05
0.0193328390825647,0.00011854608845011281
0.0179289040046663,0.00015578874922673577
0.005850871518332,7.877168787127011e-07
0.0153351177853595,4.395093607732388e-05
0.0166289300016454,7.828163015862468e-06
0.0174341787091179,6.786629662426298e-05
0.0044033334650475,1.1702313715210244e-06
0.0155952823575262,7.197783390387357e-05
0.0032506687754727,4.965398959890843e-07
0.0140780066117956,4.19609663105735e-05
0.0198211538068814,6.01954913812043e-05
0.0106713081439832,3.8326448444650356e-05
0.0046564365803206,2.3306045849162993e-07
0.0061171927520803,9.074639792818539e-06
0.006614866014929,9.790781653379587e-06
0.0178805576025475,4.7960067495622516e-05
0.0072394298185319,1.2315242689892052e-07
0.0163431653811199,9.68306707744795e-05
0.0151993984327799,0.00012591058579814615
0.0105858004340395,3.830495470169946e-05
0.0192332318687191,0.0001029731418838851
0.0043325139199398,2.5308523794476937e-06
0.0197205167981785,1.0752123394708203e-05
0.0034848358202664,9.725543319195028e-07
0.0110139647729027,3.3807601109415644e-05
0.0195925532383529,4.88573156136134e-07
0.0173734094044415,1.4115116629802617e-05
0.0125069769631414,5.3297579980017817e-05
0.0171912860707658,0.00010906163705363604
0.0173167789520248,1.7403558112711902e-05
0.0096858438067718,1.3599532240937226e-05
0.0111656854039603,2.6822706673967077e-05
0.0119862604085188,1.2601538833222045e-05
0.0030027421100339,8.071289338367783e-08
0.001874143078002,3.9569099954716035e-06
0.0135785874516819,5.82832055531914e-05
0.0063177682544337,3.7802802640786904e-08
0.0085490298132586,6.140738440635992e-06
0.0139172446887461,5.9478330537418544e-05
0.015871277403006,5.3766845878406876e-05
4.741692143089615e-05,6.316709154318314e-06
0.0124353646769541,5.5101144564885494e-05
0.0073633092336362,2.1915447035490008e-06
0.0124348805437892,7.219305880774324e-05
0.0129142198557252,3.217924252167347e-05
0.0020906179458371,8.221701120365265e-06
0.0150801265031947,4.4692916335655756e-05
0.0152995977163054,1.0104008302401154e-05
0.0059727672885116,9.366620005576845e-06
0.0054807638957859,8.323603906825829e-06
0.0118635029099857,3.1254164949656835e-05
0.0065109879047242,6.587346393591488e-10
0.0008030447330555,3.1117747130011817e-06
0.0092223158745292,1.7231268448546275e-05
0.006124671454478,1.3227459206969353e-06
0.018025617330968,0.00014307266766300307
0.0126082435021968,2.2462542448506316e-05
0.0046545790445077,1.1064794679588356e-06
0.0045981245449359,1.491814050513402e-07
0.0136112726328939,7.198442026794404e-05
0.0187091337564299,0.00011268787281140194
0.0134004412297351,5.823480266563684e-05
0.0035828653917241,2.3894010919244376e-06
0.0093789966727016,1.4597385147560255e-06
0.0062801297234001,8.373073772149669e-06
0.0120807563993827,3.015087701729664e-05
0.0157008121657516,4.8313815139481064e-05
0.019918624663879,9.29307076704695e-06
0.0001907484918624,1.0330931343389955e-05
0.0090325304783801,3.87162508647249e-06
0.0103936719073557,5.287272883406502e-05
0.0074966634855638,9.024685699600485e-06
0.0188036658096166,4.1226396620381565e-05
0.0117944317809258,1.114900025458807e-05
0.0083632084545166,6.69040126754294e-06
0.0151505203952002,7.595091507318177e-05
0.0156914566717946,5.660339831840871e-05
0.0024188541768114,1.1244121612850276e-06
0.0067113110067333,2.7827520704774346e-06
0.0159008702380269,6.513438364089769e-05
0.0149137485083066,7.793098930920326e-05
0.0129795624484777,3.730009293398146e-05
0.0184340195023272,4.161492297735773e-05
0.0019666998365214,2.315601917267382e-06
0.0159232991659332,5.7313172657970574e-05
0.0110358552609854,2.8492031778120328e-05
0.0105879798906097,9.603734200565566e-06
0.0081040780174405,3.0014825678443025e-08
0.0033594007262113,4.2552083159473504e-07
0.0055602064790596,4.808317415311001e-06
0.0023871156751147,2.4636857456202534e-08
0.0128064597745053,6.605984117146439e-05
0.0089389890964926,2.0222585786006094e-05
0.0067006270287515,9.063665269353621e-06
0.0180728129934186,0.00011374448239106306
0.0048388540374389,1.7616070850123836e-06
0.0106629969311758,4.6703427420890195e-05
0.0137143535533533,2.302403686456195e-05
0.0030522264443886,4.077793688401238e-07
0.013675966772156,4.0859929366188834e-05
0.0178309578517105,2.4905972469207874e-06
0.0140956533516501,6.07832616814288e-05
0.000568641413864,1.2865339724704077e-05
0.0087591165103057,1.61014393107778e-05
0.0146157589214981,6.26266398912129e-05
0.0179701050938636,2.327623151565196e-05
0.0197684089135702,0.00011927279732511868
0.0141982580664921,9.713757185946889e-06
0.0071404645622265,6.972882876930549e-06
0.0188053639532902,5.127578243829114e-06
0.0144798744759445,3.5965764013203253e-05
0.0183795453312315,3.924675925371937e-05
0.0093912513157852,1.1625122536030789e-05
0.0106372956642387,2.611322341928391e-05
0.0167928976227752,0.00012916017020905027
0.0063814950865336,2.2227859772918854e-06
0.0139080089116808,9.137511677022456e-06
0.0067031413668474,1.0241741429501523e-05
0.011656344679753,6.102221733801613e-05
0.0153951068652366,4.961183146678181e-05
0.0048513995673689,2.3497810896500934e-06
0.0156353659124021,8.14316447089226e-05
0.0006297741228243,3.927703400377547e-06
0.0082005453476981,3.635682409237626e-06
0.0174603272154774,0.0001485815178262258
0.013631969892609,2.7382449264287254e-05
0.0056292727144611,2.716900345562904e-07
0.0043134490763284,8.331330818741039e-08
0.0058837053581954,2.8054516019666134e-06
0.0039586296222962,2.1117406793403094e-06
0.0078668375054227,2.341922014143843e-05
0.0196070158317196,0.00010712828482408788
0.0182849974852611,1.0400557438910963e-06
0.0047668728896857,2.8852383101587587e-06
0.004942758784669,1.723732557795587e-06
0.0086830465112098,5.843191100791315e-06
0.0109426414999571,2.1116906541611207e-05
0.0087760097464296,3.082348909205798e-07
0.0110268188042707,6.077171156879345e-07
0.0042787733049468,1.1253779371361176e-08
0.014051478075023,1.7439729277908624e-05
0.0160068796095051,9.738262190002159e-05
0.0005166952980388,2.8296766835720505e-06
0.0009380556029699,3.1374033029080707e-06
0.0019543432536097,5.00933639302189e-07
0.0153462598617596,6.401200290482065e-05
0.0109187549738718,3.7001261577807226e-05
0.0102865086621735,1.4897850287908164e-05
0.0169590355676961,0.00010791961345092716
0.0044196535196405,2.602171781340684e-07
0.0021570450380179,4.777616385612131e-06
0.0132027849821688,5.408270709755802e-05
0.0089202094538954,3.925607975834047e-06
0.0179573076487108,2.152880665738112e-05
0.0021500327648948,1.7319534683458113e-07
0.0167052900191386,2.297361690257157e-05
0.0030266723815016,1.315817718843867e-07
0.0147741729964209,3.929121987955673e-07
0.0064454070444025,1.4401391607004426e-05
0.0172434581530169,5.1775312925383405e-05
0.0061245713503493,2.0263162603010674e-06
0.0189304460459113,3.165086124706646e-05
0.0184260151579961,3.873308693644836e-05
0.0061938020186051,6.547900786163934e-07
0.0144616095157851,5.4256291800252564e-05
0.0131898800146383,1.3331748915043438e-05
0.0056786985705519,2.8689923860807965e-06
0.0031923487073351,1.069955964358282e-06
0.013726803506199,4.529538282173533e-05
0.0082929028492597,1.3748803951080493e-06
0.008537817534898,8.833886053292935e-06
0.0053405045282376,6.372275021023709e-08
0.0086861134652308,3.1448824866251476e-05
0.0082261474872558,1.3079394251514784e-05
0.0152914328880377,0.00010362569282317092
0.0096869819462344,1.0119382679360918e-05
0.0024332163696996,6.545637776352927e-07
0.0191574079881983,7.294550368007325e-05
0.0040470481030262,5.398065934253291e-07
0.0075261832846188,5.359436055038874e-06
0.0023474146662391,6.876961660155863e-07
0.0195940411967583,0.00012801309818967263
0.0111626208588395,1.907195527404396e-06
0.0054842142319224,1.3523847689457267e-06
0.0038185264289951,8.458893954871762e-07
0.0079930384838355,2.177371407934187e-06
0.0173349910372839,2.5128891016549548e-05
0.0009131178473007,4.172026917233753e-06
0.0045429951923587,5.01312308660964e-06
0.0159844555820686,0.0001127291540881011
0.0068258372495148,9.09107632629235e-06
0.0042881608167393,1.0576067165091133e-05
0.017296295098386,0.00013505771104470072
0.0176087877006756,0.00014137337426162484
0.0029282904243799,1.942768348359863e-08
0.0170072132917972,0.00013496001104075644
0.0116534760668252,3.960729211817247e-05
0.0118883275149997,3.5399891364942616e-05
0.0070158619202753,3.0679518063173767e-07
0.0018688233736159,3.1358065574166497e-06
0.0107517806074073,2.2168131780986187e-05
0.0179084763459762,0.00011785483524856821
0.008252293500191,4.495381364656611e-06
0.0037795551170816,2.9777119507963525e-08
0.0034550190724391,1.2077328674973153e-06
0.0071109850798783,8.246656579406364e-06
0.0190791005405639,7.611821121515532e-05
0.0008496409276307,9.498099419678054e-06
0.0169552234633244,9.536148487194072e-05
0.0181697553676177,0.0001365966919003717
0.0040948862724353,2.163472306343578e-06
0.0103018565146958,2.8806206889308465e-05
0.0018362570170879,9.02949808280442e-06
0.018800780204947,0.00011338577651989487
0.014571356133523,4.92816933129504e-05
0.0074121230431644,1.2117475938083206e-05
0.0058510591269012,5.658474231686455e-09
0.0151674371976491,3.405503056544243e-05
0.0091928925422877,3.493907360794273e-05
0.012258158579577,3.277143549197602e-05
0.0156761867327569,8.04140941133474e-05
0.0162423498957649,6.5780064310167e-05
0.0019734160658412,2.278714950710232e-06
0.0162497779224558,8.876686625314922e-05
0.0154659390750321,7.930712273648397e-05
0.0135376717051069,9.132269531303614e-06
0.002052951596325,1.5420051619139515e-06
0.0140170471036857,5.450630083679745e-05
0.0096231218098528,1.546833714342918e-05
0.0160617287180679,2.295532135122244e-05
0.0151979258934892,4.881950356854396e-05
0.001220145864006,1.0197763193815524e-05
4.22584310194174e-05,4.830716102943402e-06
0.0061515483235694,4.843468214542133e-06
0.0058596085876543,8.708524346772372e-06
0.0173900207421324,0.0001107961692122153
0.0126263966258546,3.0846699301917164e-05
0.0065223959969864,3.2790950604883576e-06
0.0008944916072341,9.407353218555678e-06
0.0196433399892089,7.028315232562879e-05
0.0055591121798323,3.880801324713288e-06
0.0149294982509773,7.309914113838754e-05
0.0005422695014183,9.447500365641757e-06
0.0035078455068938,3.552118989215149e-07
0.0098041854098196,1.666980571582769e-05
0.017093797693532,7.88289981044226e-05
0.0139111493408203,4.082778685979287e-05
0.003140800911177,8.212494302231297e-07
0.0132492183677989,4.868877910856981e-05
0.0055876232871746,7.585524470203719e-06
0.0131058263030944,3.7962361812215544e-05
0.0019742070883381,5.378093562135308e-06
0.0086873196446772,2.0750223896469674e-06
0.0065309121267304,2.9742174752662948e-09
0.0084244100766226,1.2009019912618339e-05
0.0053648329947193,1.1812215450182083e-05
0.0058078241401522,4.2301834691057023e-07
0.011282378647525,2.684741207794577e-05
0.0061747479415877,2.634081045780248e-06
0.0192339500275993,7.496301006983503e-05
0.0083014185726825,1.150319605075101e-06
0.0083976672672183,1.4582166551940392e-06
0.003259694493997,2.808852135019587e-07
0.0049570033353975,2.8240120094811934e-07
0.0170085083565838,7.810781661938236e-05
0.0185079643777827,0.00012084354188954351
0.0010429528130041,1.3361204622781276e-06
0.0161830616513721,6.363374152496294e-05
0.0126832448273395,4.536081148302444e-05
0.0176367315980338,2.213538685449644e-05
0.0195356823272953,0.0001322486333635331
0.0175675402025224,4.705871511472617e-05
0.0154875255808455,9.167089638876377e-05
0.0141345511416127,2.9735153725046235e-05
0.0170826466381853,2.371454590542055e-05
0.0038030102375243,2.6480646098010733e-06
0.0186910002696221,8.606175823694226e-05
0.0134385463826096,1.8858870880854147e-05
0.0026285360551929,1.8038819802804508e-06
0.0186592242052314,0.00013750188927823845
0.0191012508698812,2.3606590562504668e-05
0.0114974743935432,3.20508137126261e-05
0.0102733939515221,1.927623903997967e-05
0.0099314397778469,2.0002114581288792e-05
0.0088878868107402,2.029379468632867e-05
0.007294066961682,9.775529004384682e-06
0.0025587530294644,3.644690684562039e-06
0.0065946152362487,7.668777265616883e-06
0.0156757854089468,5.33227623456149e-05
0.0064088155100624,7.90984258895451e-06
0.0146139764671408,6.561814706026057e-05
0.0199869963484079,0.00010746255155244224
0.0064038400509534,6.879202418402014e-06
0.0171169837163116,3.172803054628506e-05
0.014488470220579,2.051412484185732e-05
0.0082555534942682,1.9389825502610923e-05
0.0151761066472358,5.7701020498130884e-05
0.0102340819280583,1.3765296421456724e-05
0.0089843379774008,7.250396747822086e-06
0.0044537858533136,3.2512863242603027e-07
0.0167824504464657,7.960288833590301e-05
0.0115314552120675,2.799568389944786e-05
0.0151681259116953,7.777209230096754e-05
0.0088401706383507,1.9463989648195614e-05
0.0169871044898188,5.940046633244778e-05
0.0039536649794327,9.150733461133044e-07
0.0140736410144195,6.254013367293215e-05
0.0163650288927722,6.262629835074792e-05
0.0132793007819227,1.3333992104750646e-05
0.0054529816850159,1.3712635201148834e-06
0.0180153972426451,7.175213726532512e-05
0.002169996194909,6.091228119515132e-08
0.0016282045964636,3.1771449616297883e-07
0.000182566864381,2.1671709776535306e-05
0.0058505463821862,1.2023897268552635e-06
0.0144608060260387,4.46518232587915e-05
0.0066269257893191,1.092202254979231e-05
0.0011314682211616,7.572808155222452e-06
0.0088355423768034,4.800079233853688e-06
0.0124745837713554,2.0070065888068753e-05
0.0183689195040743,0.00011342131389132328
0.0137993275412701,3.688878418714759e-05
0.007815444296388,1.3857779189985706e-05
0.0130368867160699,4.665592736403274e-05
0.0117419495151206,9.769933364005102e-06
0.0095779429932445,1.1537720369537748e-05
0.0009511191219906,4.7376034323133996e-06
0.0157308671959224,5.0718715526888856e-05
0.019413719063349,5.543557241954559e-05
0.0096425203078112,3.6044861024589963e-06
0.01602821413302,4.473524094933141e-06
0.0062216729112481,1.6987783067928972e-06
0.0006773595094673,5.354115143667252e-06
0.001749319127621,3.6598847314771305e-07
0.0121103088525323,2.890785394329591e-06
0.0137601844650999,5.548625125171273e-05
0.0092400307228032,9.538448651007849e-06
0.0140303815839816,7.396556384842673e-05
0.0007111508682175,6.05525905651023e-06
0.0020066653971821,3.8067485571246097e-06
0.0075840782937598,3.067342032830885e-06
0.0143014601472479,9.050899585476734e-05
0.0147050962472445,5.9343549588576875e-05
0.007530074214091,1.4242255146728019e-05
0.0152978487399858,6.0530771082819284e-05
0.01800048027728,5.94912631928108e-06
0.0033165401470002,6.726106560937626e-08
0.0080627317649368,1.0972242984669614e-05
0.0006382864024471,2.496267161807411e-06
0.0169321456183189,5.533026198779358e-05
0.0021880632742474,1.2728106390197881e-07
0.0175809831039379,7.188358532904644e-05
0.0161362194719542,7.243633729798411e-05
0.0002608672001161,3.222949204149429e-06
0.0103060168013316,1.313520138029788e-05
0.0128792712969238,6.125996811696422e-05
0.0036846006206505,2.0878412230126653e-07
0.0185776007522731,0.0001219689529737586
0.0057031452414498,1.4753793003012813e-06
0.0033922516797991,1.2776142552433539e-08
0.015967766595087,8.036716523177332e-05
0.0010677915242512,3.1194806048428832e-06
0.0100929418951049,1.5732408523364752e-05
0.0145619321132692,8.245231597891255e-05
0.0038216506736513,1.0813212471775985e-09
0.0071964299568162,2.3617310336546192e-06
0.0105842145157671,8.397138196059737e-06
0.0006859818025718,5.185366329234161e-06
0.0028477130851093,2.8416795188401786e-06
0.0003850527501238,5.668332690079938e-06
0.0040024296158835,3.6353066985764523e-07
0.0125707653942275,2.9596189398957644e-05
0.0194718199996528,0.00014072057747606238
0.0047675685079,1.8173161148121076e-06
0.0136768642275132,3.417714725894402e-05
0.0047706739396171,3.2353743535525463e-06
0.0164643050770624,6.670963259793968e-05
0.01442918848725,5.034727078303295e-05
0.015664272327422,5.2071991202108784e-05
0.000416360368373,9.619990830812651e-06
0.0177834365757263,0.00010050836213092439
0.0131392782886545,6.206935604516991e-05
0.0036057837606883,4.096407166613124e-06
0.0098715921192888,1.4777197049991114e-05
0.0069850767263385,1.068572776851097e-05
0.0048061260635799,4.219056010624098e-07
0.0043158676825735,3.2293565447548824e-06
0.0081266337189753,8.795817783762283e-06
0.0050219384499918,3.36286675348404e-07
0.0152451627860566,5.344766278321043e-05
0.0016981452071237,1.6689885380896302e-06
0.0188915852654526,6.576539351491265e-05
0.0074401766535109,4.3756085322673974e-07
0.014709577990847,9.744484246095446e-05
0.0118253064104031,4.172753174427644e-05
0.0008867126802211,1.926146154763564e-06
0.0053679712250748,6.410401585437224e-07
0.0186222020149989,9.336951776458523e-05
0.002414150212408,4.824933549656551e-06
0.0105668978610619,3.13483912560445e-05
0.0121250385086536,5.214101520036404e-05
0.0024568488830278,2.888975723516484e-06
0.0013458703298054,3.828260725245281e-06
0.0152133477366336,2.086291524684556e-05
0.0157821131264225,1.8444959448969697e-05
0.0081989437876584,2.4262091614015767e-05
0.0034077491817157,7.144517669966222e-08
0.0156917862049181,6.218556793265772e-05
0.011321512961904,4.526360906863607e-05
0.0103311416144915,3.386943977431863e-05
0.0022895353406497,5.871312774624434e-08
0.0161413211599647,4.5616885166967595e-05
0.0107247059640014,3.805956622711788e-05
0.0077819216994491,1.0832875375132912e-05
0.0167434849838032,0.00011700711215617234
0.0183515474541128,0.00016729442192097335
0.0055688865052683,6.160732446670935e-09
0.0181894722692988,8.463556776603318e-05
0.0108937581362271,2.1517248522631962e-05
0.0021845154754417,5.15958725425592e-07
0.0061788157128498,1.836710758313755e-06
0.0157570240474334,8.338427992966559e-05
0.0180193145140397,0.00010152716511752183
0.0085298843358402,1.6817305012168463e-06
0.0124831449980637,1.3227395497857534e-05
0.0061388836601782,1.7096732159903618e-07
0.0153728893435418,1.664569022058504e-05
0.0140297707715957,5.300339265755297e-05
0.018568977418768,0.00012198829592754759
0.0192353951466226,3.415329050406272e-06
0.0158012010741262,0.00010628374760840786
0.0179520678270757,3.316896542572011e-05
0.0001024216787188,4.881086727828512e-06
0.0176232307703357,8.1991232730922e-05
2.36295840872014e-05,1.5719335099980658e-05
0.0086113439068028,1.2144062153215001e-05
0.0147125368492151,2.5915289534189374e-05
0.00743858003339,9.146723385152715e-06
0.0041286913395465,7.130814966438188e-08
0.0080294317926518,4.126351737864005e-06
0.0093787694165316,4.615910869473951e-06
0.0029207015892829,9.081543727325572e-11
0.000484601848526,3.6962186763182373e-06
0.0027599972557527,1.6841805894027105e-06
0.0039984801679966,3.1577437416310076e-07
0.0107606150673762,2.3228592231662608e-05
0.0164046207181084,7.098778901087984e-05
0.0054118619652541,5.9117490166587925e-08
0.0057944536690255,6.222174978236321e-08
0.0066538762013831,7.687255241234867e-06
0.0031789863187737,9.69331980796422e-08
0.0081784847801549,1.7291273299445172e-05
0.014796634230157,7.019683012659456e-05
0.0031533194758278,5.896902258357015e-08
0.0140932004833452,6.448016630338004e-05
0.0037581476651084,4.024551068998394e-07
0.0129173938566515,3.1843143429079994e-05
0.0158137131573176,5.950003122384559e-05
0.0064107000390028,3.3027615792898746e-07
0.005641625643893,1.6677782278721418e-06
0.0195780035423,5.0862522001284146e-05
0.012006183957824,5.374075272875084e-06
0.0134198856282269,3.2695845890742886e-05
0.0101532051783828,4.454766965790809e-05
0.0017372149595545,8.864625208376408e-07
0.0108861644241667,4.035709145273886e-05
0.0062305328888732,8.939330095096683e-07
0.001922994499938,6.3729622087743354e-06
0.0134998478654534,2.1117607798538368e-05
0.0128515779568023,4.943764566550814e-05
0.010785107706233,2.241017337642368e-05
0.0187658701358183,4.2414063394288595e-05
0.0148228692849787,7.488134289376411e-05
0.0157919360958678,0.00010372194712789908
0.0119318372272727,3.992315924002637e-05
0.0181897172059226,5.5130432588777756e-05
0.0122330617320744,8.326641744122743e-05
0.005112935346779,4.713495865482533e-06
0.0050190826317095,4.178875580165871e-07
0.0120168798484464,1.6643404720065844e-05
0.0155988718663544,5.561585476060278e-05
0.0122731973743983,1.8964927418370568e-05
0.0010353661027615,5.024823543239511e-06
0.0101619128185532,4.717970931001864e-05
0.0055125505840899,2.2977619059633916e-06
0.0033817168374047,2.9819883002219116e-11
0.0146192853085984,1.9982166571074465e-05
0.006111146297808,3.824669553690287e-06
0.0028173179022514,9.564378700477717e-08
0.0135315914178953,1.3239346590293119e-05
0.0088403294555404,2.9095387467350836e-05
0.0136429885751591,4.2675575778990425e-05
0.0029939810834063,1.8261878186188175e-07
0.0119338374873884,5.843208048451496e-05
0.0101572374159071,2.7644248984634683e-05
0.0146822264212069,3.766588978791183e-05
0.0007350744737973,8.55580456682163e-06
0.0149336388810452,5.558348709107501e-05
0.0128441740064639,6.36917575720914e-05
0.0110790802707286,1.8362838420918085e-05
0.0004367470951078,8.33715397353734e-06
0.0162815242010732,7.183445014775444e-05
0.0175078171903318,0.00011269757473691521
0.0031089986000764,3.617466482110111e-07
0.011420875888346,1.7934609586684436e-05
0.0046158954319431,1.0218018269315295e-06
0.0169332266872877,6.703135171496664e-05
0.0006706413763103,4.191976593917834e-06
0.0061638781439327,1.0575693895063297e-05
0.0063093562587784,2.2848558834151644e-06
0.0129463958467055,3.5441481378157816e-05
0.0173768334702036,9.923896339974834e-05
0.0066594581363819,5.1365216463498566e-08
0.0028931333191678,4.785410571395571e-07
0.0059683709932723,2.624052402487297e-06
0.0120750714813816,3.548170741987277e-05
0.0146534092337857,7.802228102187257e-05
0.0159993898625068,9.602332902650291e-05
0.0161176156549283,5.503277498579878e-06
0.0140118642243076,5.529196228382799e-05
0.0185039112830386,0.00012979142702792266
0.0117017566873551,1.6111929741986188e-05
0.0122394343892,1.0281889797456048e-05
0.0191595993686389,0.00010392194664349796
0.013863242432401,1.724749604565594e-08
0.0096466074045586,3.255976435642932e-05
0.0131148768151323,5.683438153400242e-05
0.0120958115077599,4.858834190405525e-05
0.0009047476808416,3.349740408729368e-06
0.0190098243867221,8.67003990061935e-05
0.01995870636072,0.00020524578779722988
0.0141284887251796,6.473272142195638e-05
0.0126685745744866,4.545235374768605e-05
0.0044374606442253,1.1233058382510999e-06
0.0142631832119039,5.508090738347139e-05
0.0085098650421216,1.6229615710008125e-05
0.0131292554271431,4.674809433537951e-05
0.0044146571030515,3.8240541263978746e-07
0.0171297913384084,0.0001448417640067673
0.0196575228651911,0.00012188077169193326
0.006782621762012,3.1014319963877286e-06
0.0153710479001813,4.2047256458133e-05
0.0173903093126482,5.584121624221999e-05
0.0101765862979715,3.844004070670382e-05
0.0066064679352867,3.800878633448449e-07
0.0099489179156501,1.2706507039256211e-05
0.0110375651165605,1.215429535107672e-05
0.0050666440184746,2.73672177259e-06
0.0186433783151384,0.00011387338214503535
0.0017415742204761,2.912641303357623e-06
0.0117643173593452,5.6098806978109814e-05
0.0087499346588209,5.08535887328667e-06
0.0079995771649566,2.3281714947814966e-05
0.0116560328508359,3.733526880389375e-05
0.0081147351056058,1.2091735302022478e-05
0.0113454167115871,1.7216709685065765e-05
0.0128470045010972,3.9050657337747026e-05
0.0087044887568353,2.4254479712864533e-05
0.0087402022961664,2.1027096192654115e-06
0.0128936298248294,5.527271827440786e-05
0.0114741331562249,4.6106457184508005e-07
0.0188286327242802,0.00012562053917077872
0.0147583314857489,6.728702540156706e-05
0.0012384226954943,8.0382134794038e-06
0.0088279763461388,2.7195839483988092e-05
0.0188585123382794,0.0001504097668840608
0.0063736307889345,4.463149478293767e-06
0.0109019221049197,2.9379822890087723e-05
0.0007403806806057,2.0906927783481314e-06
0.0047036026917686,5.063758337256116e-08
0.0105160936006223,1.0823404000464175e-05
0.0042944015898726,1.860201360335332e-07
0.0077334865194044,3.4417327930134643e-06
0.0064177309367062,2.041952403757109e-08
0.0089099593915719,3.835305247018761e-06
0.0085110604981081,2.7571066101778747e-06
0.007473565452954,1.3240692959735346e-05
0.010032110842367,1.319685823991937e-05
0.0060412338373059,1.171201805728687e-05
0.0173389968419385,2.9568927473492208e-05
0.004930158932715,1.2516524698868755e-06
0.0150458886673161,5.506564800407954e-05
0.0084981693292857,5.101185835297299e-06
0.0114675590725553,3.923349588809746e-05
0.0033632338741118,9.72239877297194e-08
0.0078804377303227,1.5056436693986502e-05
0.0064688691387847,1.3319132950369353e-06
0.0009500428399201,1.7962551803565267e-06
0.0061668146125854,3.7153672061209985e-06
0.0085573589009328,1.9853897197569025e-06
0.0049528497475587,5.37058500006839e-06
0.0069365718299603,2.4469326840207293e-07
0.0019019521373296,6.104080154341913e-06
0.0164689042358017,9.185139816975616e-05
0.0179060887282624,0.0001281180251336827
0.0023522322371368,4.967896466454838e-06
0.0081618031112504,2.5091646721572417e-05
0.0104439701066872,2.139869842328719e-05
0.0143394630254703,4.949990596267117e-05
0.0071901588114343,7.869717485951857e-06
0.0092800422787711,2.653515062419534e-05
0.0069471485266084,7.790284053046579e-06
0.0197207873990903,5.2772293870536536e-05
0.0135396132024459,1.4900998706943308e-05
0.0150947863923681,2.7432632256611785e-05
0.0029142310925513,3.41776151759865e-09
0.0027022301697843,1.1358262380891467e-06
0.0009782853424861,2.411526419554295e-06
0.019569068979197,0.00014325195444116895
0.0112412896476129,6.296857747008431e-05
0.0183483644988292,9.574612688135282e-05
0.0079016487431993,1.6688791581728934e-05
0.0037586823955619,1.889190790675408e-08
0.0178977196416611,0.0001207748388950329
0.0056806082085097,9.76034623414802e-08
0.0181966822470207,3.42460089975204e-05
0.011826171234731,2.590182678181078e-05
0.017487215978174,9.497956681751289e-05
0.0130115873603545,4.010744429362146e-05
0.0101757086448452,3.183518111081592e-05
0.0172114282241945,7.930614742895263e-05
0.0054501736064298,3.341028323938916e-06
0.0054340229715137,1.0183342410597386e-06
0.0043845464202677,4.81419236023112e-07
0.0167787970471647,3.487339913503642e-05
0.0190923536303829,0.0001710713816007697
0.0074904364525077,6.324396853081822e-06
0.0094376745535836,2.8475435655347732e-05
0.0087611270194959,1.2295083754743155e-05
0.0176344552075025,0.0001296295161453842
0.0018708190558569,9.978791269593094e-07
0.0161537367767902,7.846063672021876e-05
0.0162463869030554,8.349452220027964e-05
0.0148066691208355,6.24648250189907e-05
0.0175047600501538,6.163393083368733e-06
0.0067963091908817,9.514108865575918e-07
0.0178234785803829,7.843965328339782e-05
0.0041870432570944,3.404898373162841e-07
0.0112889687675807,3.308523555147532e-05
0.0143132936904677,3.7013841381430646e-05
0.0083496765916346,1.8837220506403365e-05
0.0090490814949995,2.378479192870631e-05
0.0136680605302417,4.827430994195458e-05
0.0148404588852392,5.575363732225102e-07
0.0069331048248612,1.6150474692446103e-06
0.0012884531368114,9.190108792340584e-06
0.0048657601549878,4.258415053596021e-07
0.0179501042090491,0.00010345941550108639
0.0007232571055587,1.4886586809993137e-05
0.0103739893315953,2.389289171860802e-05
0.0003684793041771,5.0753356051262535e-06
0.0003721778843471,7.303745408977139e-06
0.0076859181106643,9.33701414955414e-06
0.0004429411926098,7.882747039813098e-06
0.0055687339898502,1.0198439684655e-07
0.0059775407897162,7.317145278105813e-08
0.0198704422334966,7.412722123569737e-05
0.0047485682777347,5.361040206188228e-07
0.0054919641329029,8.869916879887787e-07
0.0129786075685326,1.7070973129280114e-05
0.0164266583525817,4.364679890796715e-05
0.0190682314931133,3.609109278377189e-07
0.0026729633731015,6.228750587073208e-07
0.0040602600172813,2.0904907245513802e-07
0.0044509249667659,1.2317609981511792e-07
0.0193352731308873,9.147689468990723e-05
0.0141451356067171,4.449009569116872e-05
0.0108719925108169,3.302473139628751e-05
0.0043095074771463,4.276054779013526e-07
0.0108898056606704,2.2921897949333514e-05
0.017708375419027,0.00011016959643230023
0.0124002110831794,1.9417750468593516e-05
0.0033637822079641,4.3979011449095135e-07
0.002615000766848,2.49890145023967e-07
0.0076437794399519,2.4077627446170995e-06
0.0024218935433157,1.8101553132626618e-06
0.0043722145705441,1.5586533722462516e-06
0.0031219685961647,8.328437856156897e-07
0.0065255038318808,3.1085383252527603e-07
0.0149200157500039,4.2138095605740815e-05
0.0171994105383044,8.146571269733797e-05
0.0035290236147036,6.208232258886178e-08
0.0078653559264575,7.985635005435032e-06
0.0032853942379832,1.8555947747341378e-06
0.0079632816308808,1.6563573885833912e-05
0.0133314540225823,3.192536734668806e-05
0.0003899871133084,7.410390750648541e-06
0.0191603526546739,2.2999277514344398e-05
0.0178219729046332,0.00012146327345318195
0.0197931621231212,6.452989591636645e-05
0.0162991470628224,4.6639018673167076e-05
0.0068557031126098,1.1344504058463133e-06
0.0036360324550257,1.737378480289271e-06
0.0140587172771323,7.052334746696989e-06
0.0088697149027692,1.851208855645315e-05
0.0136717160114517,2.3787839885030804e-05
0.0141621738384633,6.699038373082645e-05
0.0011536916352424,2.1296913004822607e-06
0.004948732769869,7.355898396533588e-07
0.0178459600483223,5.6413454110272196e-05
0.0163924617690306,6.980885521004611e-05
0.0048413183753694,1.4681209906073096e-06
0.0134080734207874,4.81971760257294e-05
0.0163858974508754,8.495620544936012e-05
0.0087326044069154,1.3686728907745545e-05
0.0043564435872778,2.7905311922356365e-08
0.007475800284079,1.1392034943989377e-05
0.0199980596665251,8.985594886803686e-05
0.0171063827877871,6.89784209142922e-05
0.0011739512952908,2.1228294800701174e-06
0.0114365599792262,1.0856898438236275e-06
0.0090437077065923,2.7254313244602427e-05
0.0073615649320516,2.203182896791496e-06
0.0091373261075699,2.8844968567212494e-05
0.0076422934649226,2.017593672026053e-06
0.0004739073419393,5.1141673424428835e-06
0.0032779038623638,3.56713651652045e-07
0.0037818082187015,1.3643390787449023e-06
0.0093273240281836,1.5589941232163142e-05
0.0149345336044916,6.658104897436583e-05
0.0120847058910132,4.437340448899723e-05
0.0172566385255873,3.858371785222871e-05
0.0039397615189194,9.820513121142399e-08
0.0179406852845619,9.590661502840983e-05
0.0036174545806388,1.8969774087052018e-07
0.016937115442452,6.581691272256353e-05
0.0069112191404078,1.2669118839740974e-05
0.0074165838754708,1.1887888299416681e-05
0.0093576456256209,1.932416442302256e-05
0.0093262559971768,1.1456283448868592e-05
0.0180500807427184,4.410968673097816e-05
0.0011025218328598,8.645841180918497e-06
0.0120709309180963,2.9077841859466107e-05
0.0175337197342807,4.670187044711553e-05
0.0035020640271675,1.7279286834264913e-07
0.0127411546756186,4.974376560140879e-05
0.0065366094081489,8.108617261909505e-06
0.0152948532776061,4.1885115251754744e-05
0.0130223034328135,5.173475273470773e-05
0.0145617723026175,6.718489612321209e-05
0.0188136388528475,0.00010006469375437376
0.0132410314672645,3.5692777945907485e-05
0.0120100339561105,2.683860548412367e-05
0.000854474116711,2.9508846688926146e-06
0.00192621547583,5.280871073488297e-06
0.0147740178591155,6.038337020792484e-05
0.0066279456899114,1.2549938997468502e-06
0.0030317827028644,7.121167239108014e-09
0.0026830196486791,4.042533996084989e-06
0.0068566932940835,4.372552510928709e-06
0.0184054147449536,0.00013896029196744405
0.0136110416064531,4.9665695940933794e-05
0.0173878567825725,6.989845137498731e-05
0.0003172473713566,5.241014190322363e-06
0.0037826748602916,1.2693910773733698e-08
0.007621010700264,1.2033935429009668e-05
0.015348422243671,5.870608044706134e-05
0.0014879370470125,1.2795576998610282e-05
0.0034110849849834,4.138179998344629e-08
0.0097442795156609,8.919276836231392e-06
0.0083800237226812,2.899749481095351e-06
0.0048991319765512,1.5896911159874092e-06
0.0016148167371963,6.029579419495239e-06
0.0100299086271792,2.404505526361729e-05
0.0128032522414397,3.289138995688299e-05
0.0050270513342873,1.2663001981701186e-07
0.0078117781593601,3.5148497499296476e-06
0.0080829997764031,1.7836538832537698e-05
0.0157054778605059,8.104609912436012e-05
0.0030596766060468,1.858460004983914e-06
0.0003678338850816,4.550289195284826e-06
0.009745746687743,1.2423398596854495e-05
0.0180860110930207,0.00013119431201955148
0.0142801047242853,2.1281390064974402e-05
0.0182888702082359,3.0691436456939195e-05
0.0059167594352142,1.118018861180236e-06
0.0031701248566571,6.338671323784097e-07
0.0038247853108876,5.793499669275197e-07
0.0075568944237891,1.2133360767531594e-05
0.0066645519183003,1.091358295363223e-06
0.0189515237005254,0.00012193068797437557
0.0080942990785865,1.8294132534072355e-05
0.0013432210465827,4.9259452477244495e-06
0.0150592541499003,4.0053612342853016e-05
0.0158373777747562,3.8890354646333786e-05
0.0124457248727676,4.917140477806454e-05
0.0069933623588823,1.4088841226009226e-06
0.0130243922640409,3.7540066807261264e-05
0.0092677775435195,2.666241949956762e-05
0.0044109366251496,6.781491369764852e-07
0.0189690643857006,5.604518098626131e-05
0.0001642482884347,4.765696747763683e-06
0.0182389026880307,0.00010545882331344385
0.0084377110241577,3.660497595635579e-07
0.0046819835193818,4.074642668129789e-06
0.0047690696826894,4.131184191190159e-07
0.0097598825339186,1.578353614952526e-05
0.0139364162650611,6.541130963986547e-05
0.0048327148905809,5.179170086528193e-06
0.0175292970872439,0.00010450597324666563
0.0157748380859071,8.69629186544911e-05
0.0031805145655328,1.1669249546630984e-05
0.0003034281682475,6.010846157359999e-06
0.017798732334089,0.0001373795465074552
0.0137205141975307,3.772248980864493e-05
0.0031783095288488,2.602150031054379e-07
0.0037934193596375,3.623279765536849e-09
0.0143770878767857,6.842356796262548e-05
0.0123775201961201,2.897908915540932e-05
0.002921313299655,5.487312822940045e-06
0.0011400308278593,2.6866884870023017e-06
0.0132427299590657,7.651940661487997e-05
0.0079696507057931,1.1726188680004339e-05
0.0018928691588046,3.2101297469536966e-07
0.0038418985305634,3.524032409512147e-07
0.0093267221711015,3.5322889102367693e-06
0.0108932507090082,1.2890652764852907e-05
0.0028359951237478,1.2837793480956672e-10
0.0116636917237037,4.560548810023667e-05
0.0187283710692929,9.577095132016098e-05
0.0125165872138673,4.083280735586517e-05
0.0121819965329938,1.7187274031457394e-05
0.0080664402831742,1.0482857480998665e-05
0.0075627516111743,5.726284190412651e-06
0.0061736395917477,3.4064718403055454e-06
0.0120839855507407,4.666757156973438e-05
0.0030665162405826,2.511619993832973e-10
0.0043814673515029,3.117166369839457e-06
0.0079828678559984,1.1898543760927373e-05
0.0159434628994726,9.84113527640977e-05
0.0118590365575904,2.6949790176892582e-05
0.0196519191588372,5.372597761274367e-05
0.0069667881813826,4.00599325996618e-06
0.0156787463312708,7.404995654737676e-05
0.0187591240651473,1.346735831819244e-06
0.0149813067301637,4.729571769821534e-05
0.0029949118856571,1.8183881990233475e-06
0.0170966800224855,0.00011041664117083573
0.0154948867631454,2.9991622560135962e-05
0.0195376806103205,0.00013501643126110214
0.0138913459282708,6.322377521233545e-05
0.0057589911808983,3.8701815083648045e-07
0.001580160602224,3.4045604659554955e-06
0.0104912309532353,4.101424370328958e-05
0.0168589403028718,9.869712442985944e-05
0.0001634951950387,1.1505018641542327e-05
0.0183783603350992,0.00010838994914050565
0.0006612096193402,1.121098084698837e-05
0.0039779087562672,2.3271271889734086e-08
0.0015306906267125,3.383352080348181e-06
0.0113531115024208,1.3666314072855935e-08
0.0116995377385209,2.2502794843632033e-05
0.0081162746502174,1.2619232066061057e-05
0.0094779365503873,2.546509211438354e-05
0.0197548318271829,9.78018209701751e-06
0.0194026444157297,0.0001354155682897374
0.0192766704798061,0.0001431677750354352
0.0009433740969969,4.487571590628453e-06
0.0037916536954957,6.560845770268789e-07
0.0179020544840274,9.208371811411004e-05
0.0110226846250421,2.1226366183454405e-05
0.0007551989975185,4.395186379521139e-06
0.0017503638607677,3.1820768394563224e-06
0.0139335560707824,6.419351572231797e-05
0.0158477452737396,8.46126720769102e-05
0.0120253129603763,5.710579991713461e-05
0.001830006603788,1.6254986490623012e-06
0.0199439025192058,0.00011001723129771716
0.0034041714860281,9.427069641984135e-07
0.0104580569056443,1.5730435751198012e-06
0.0053445506310231,1.6218777544989427e-06
0.007660034692977,7.500908187394848e-06
0.0147174310611414,0.00013526492304556542
0.0076711518987205,9.068544000427879e-06
0.0164457185337349,7.685155679059724e-05
0.0025048499804623,1.2049507539628085e-07
0.0180531802746232,1.6080324098165462e-05
0.0178616541781197,8.175246834730897e-05
0.0141944258047296,4.903176548786801e-05
0.008906229987537,2.6130993652813136e-05
0.0140373508701621,1.7934697298676192e-05
0.0129134483740329,7.677530017364262e-05
0.0162844597315663,7.452851739902586e-05
0.0118785973073752,8.275797447161418e-06
0.008441813834572,5.615769783817431e-06
0.0070485667078638,2.2363011923056935e-05
0.0145394563937827,6.731955318499533e-05
0.0105653920749015,2.09726576875403e-05
0.0086369957848539,1.6189214600517014e-05
0.0167548734440233,2.2931189557463177e-06
0.0150049240275909,8.353070018004876e-05
0.0060947457226799,8.270168868908134e-06
0.0004723554347726,4.562878662091078e-06
0.0186301060434793,9.518747385281755e-05
0.0131883378299736,3.2197486916958065e-05
0.0025783070266482,3.1526486381738133e-07
0.0062487858970875,7.3864582922938826e-06
0.0020495151734297,3.963845021745489e-06
0.0061244837518517,3.057814977219764e-06
0.0149535652828018,7.108042842956952e-05
0.0100753431852869,1.5635862981464987e-05
0.0018285185195185,4.57456175531635e-06
0.0171681201719798,7.792963509158718e-05
0.0017876702715275,4.2374368866233783e-07
0.0003977444450909,9.75569993897907e-06
0.0140239034917038,2.1350824325693992e-05
0.0003311538571308,3.5037374204711856e-06
0.0190910879076078,2.3720392169955966e-08
0.0183126239743297,0.00011212478286080162
0.0079354163596367,2.3050121363059435e-05
0.0160641609176059,7.626880415702948e-05
0.0046870403741323,2.503935160356335e-07
0.00965318837227,9.615101812231394e-06
0.0173099041582425,9.030482316346463e-05
0.0181388587612377,8.937473655843939e-05
0.0199600470756791,0.00013246772910030164
0.0129341568224141,6.474212388097123e-05
0.0133808923524222,2.1982881276481197e-05
0.0017570784113437,7.106765062056405e-06
0.0175753836331485,0.00011311974019271617
0.0080000444316089,2.8967555453520645e-06
0.0113149049799035,2.6793965103170885e-05
0.0125733505310189,5.50611095257108e-06
0.0030103076842166,2.0814220467463632e-07
0.0019488335588738,1.3222864518022324e-06
0.0172871154957086,5.631682701420741e-05
0.0171049690268061,6.925085062959286e-05
0.0011529451865152,1.6048262227901027e-06
0.0105627160104887,3.484501282694798e-05
0.0112294947914678,2.2050453347696186e-05
0.0075885680970115,9.913484154511752e-07
0.003920942085224,7.450902254208279e-07
0.0050776612960383,2.3334437959274216e-06
0.0158960583466067,2.9434275877229267e-05
0.0173696944385154,8.238727707997781e-05
0.0148786506530683,3.782595124483994e-05
0.0091782355915543,3.435845936949407e-05
0.0036340477382152,8.032796602502791e-07
0.0155917207901147,8.062964754230673e-05
0.0084877145998295,9.523517442597493e-07
0.0041344825303298,2.7469017936247613e-06
0.0115450504710584,2.755024817156555e-05
0.0069571484517707,5.139308227428188e-06
0.0017779265672187,1.6589941783974973e-06
0.0014750011884253,3.001009763399593e-09
0.0042270096363987,3.6347316540051486e-09
0.000941061546032,6.337253250250071e-06
0.0034683832570322,2.3812648972440065e-06
0.0185705558580252,3.239702403975051e-06
0.0107287332662075,1.4000453704802555e-05
0.0067748779787165,3.924293788391351e-06
0.004321674117744,7.595202494995188e-08
0.0176285826745069,0.0001341699444452361
0.0102141737134376,2.0954195299756354e-05
0.0035869772666872,6.306417692273545e-09
0.0174302990890822,3.915498537918856e-05
0.0017875683651101,5.88870247885142e-06
0.0191907141329228,0.00010399229508064189
0.0023212913423286,6.519459766497455e-10
0.0117525777316202,4.860169699444591e-05
0.0121245471326557,2.1032816988205337e-05
0.0119318702578907,3.636270199625153e-05
0.0074100542867863,4.03927503109895e-06
0.0070644072088227,2.6098735464595333e-06
0.0057820762528691,3.5298358764208306e-09
0.0060353910474758,4.56516307613409e-06
0.0061366348873601,6.452939232581575e-06
0.0010857398192754,1.6354299635065926e-06
0.0087319729345074,1.1485914410100672e-05
0.0015449116607034,5.381644673420837e-06
0.0181413178017483,0.00013715645735498506
0.0014636366858496,5.038975227902446e-07
0.0169787202993051,7.40490977369555e-05
0.0078831399394025,1.3091309842478964e-05
0.0135162889524714,9.360236183636036e-06
0.0191542964075025,0.00011735659252188347
0.0090424229826405,6.469614529638897e-06
0.0091599544286546,7.685126876007418e-06
0.006727171417353,9.633853139862634e-08
0.0019528473836327,1.397660708029391e-06
0.0156957649191502,6.887424897151747e-05
0.0005909390142124,1.4587916260579854e-05
0.0075094231724843,4.1692369619464615e-06
0.00723976659705,1.6821363352334654e-05
0.0079408118059848,3.1239544508734826e-06
0.0041428489618887,2.9008327434890253e-06
0.0083206711546126,2.185310932859338e-05
0.0115465651280485,3.016174487797422e-05
0.0142910153030674,6.393262346063129e-05
0.0065822491289935,1.7526171766000334e-07
0.0198808134330155,3.078710658425359e-05
0.0018772490175163,2.7098791564800914e-06
0.0179546775095031,1.292549796919065e-05
0.0091248180414793,1.5356973787534624e-05
0.0181083176524094,1.6379949327458837e-05
0.0198103325812155,8.102751549430399e-05
0.0102703858810408,2.461756175675853e-05
0.0104440077914561,2.031975774269959e-05
0.0020323693406489,1.1130908190494522e-05
0.0060899591687871,2.363683769820598e-06
0.0143708707726287,5.5402707643050144e-05
0.0079910162816901,1.9035605001531884e-05
0.0011705018854638,4.329919265671381e-06
0.014981480983039,6.195941187617751e-05
0.0095671043472459,3.203823409846191e-05
0.0196476950705067,0.00010753763838993953
0.0071139949020427,4.447026063083913e-06
0.0031685976753137,7.589076515252968e-09
0.0034374484726666,4.870480154024078e-07
0.0019799595655462,2.1700312206851045e-06
0.0071307442815565,1.8934884630734665e-06
0.0164783686901722,0.00011770938151225426
0.010716159138107,2.2024383435788147e-05
0.0041287433941837,6.073516158040156e-07
0.0067901939831463,1.0924425818194804e-05
0.0055711473252557,2.9708185758618867e-06
0.0041865659607228,7.919702820724806e-07
0.0197069051263061,0.00015112258912315633
0.0129002280259395,4.5591303411193486e-05
0.0172355102276596,5.054180802313388e-05
0.0109049287932934,5.4777873729777684e-05
0.0066783977699152,5.400584268690414e-06
0.0180446215063795,3.310363272487047e-05
0.0117569320725929,5.7353663029246494e-05
0.0106538865081559,2.5939881516501047e-05
0.0198424471227679,7.473673830911241e-05
0.0049313337002307,4.039016866880937e-06
0.0130646126743785,4.2018763394903704e-05
0.0046586490521322,1.2938903716721462e-06
0.0039893942823525,9.887873810417543e-08
0.0104374841628359,5.134160739122384e-05
0.0029785982811038,7.944037365982008e-06
0.0080824010433811,1.1057266121962157e-05
0.0021257823370074,9.877957364401853e-07
0.0118611863348029,4.321583027099639e-05
0.0186622973509048,2.249496878331326e-05
0.0055723236611993,7.241984619979241e-06
0.0076963766951225,7.6166084377359285e-06
0.0046049140849071,1.6067470368743053e-07
0.0015939953167765,1.0285347982009704e-05
0.0182522455015953,8.804082606301032e-05
0.0143469881117328,4.8153620096529346e-05
0.0095292808524008,2.0988911171410227e-05
0.0118546182539539,4.1603126680111166e-05
0.0040362903454136,1.6218973725114818e-07
0.0169857498453298,4.5670661861548506e-05
0.0160185559261651,4.170815489416067e-05
3.841158495558439e-05,9.10149548306841e-06
0.0024461861243561,3.801162002334036e-06
0.0138192091486182,4.6417727757384506e-05
0.0086536404481455,5.438846231470243e-06
0.0191126608266709,4.955116070348623e-05
0.017358854688278,9.405040171726115e-05
0.0063128839384306,8.869153047100817e-06
0.0037575271080119,4.424716268358167e-09
0.0197230808912781,4.1720153704897626e-05
0.0194367110186328,7.888080290240459e-05
0.0052866452434214,7.1875488987961436e-06
0.0018910821448761,2.153931789890768e-06
0.0118394184725155,3.120559619210815e-05
0.0199687079792561,3.000794542429095e-05
0.0042970941578265,4.0891187195997016e-07
0.0058883423710455,1.3195499783360954e-05
0.0145281482010494,5.301765526654726e-05
0.009912314804928,1.0119754875980507e-05
0.005595689989565,1.453883536711522e-07
0.0081148863374386,1.8973780400140644e-05
0.0058148454157485,1.778155322918594e-06
0.0197044853829869,0.00012975441334633203
0.0170331046598454,4.226800543379763e-05
0.0034818916287471,4.71530282024315e-08
0.0189073029572587,8.677940787387292e-05
0.01538005499062,1.5970196689324283e-05
0.0035483272563814,6.583654477540261e-07
0.0119455738220545,2.1839515780710434e-05
0.0009122387242233,1.0147425368315606e-05
0.0031092750785913,7.350759938260077e-09
0.0029306449688724,3.75303295798173e-09
0.0169350828889464,7.472561863192147e-05
0.0083789387441516,1.7452899117043407e-05
0.0183185288493783,8.962038124217592e-05
0.0147524488668166,8.42407339424841e-05
0.0126506082383396,9.078157391392243e-05
0.0192137981841815,8.921941100619749e-05
0.0171832938277798,0.00011169987139790448
0.0157362641213754,7.964448160901986e-05
0.0006161540638621,1.6415547365962124e-05
0.0146188515753335,3.928968739026328e-05
0.0058542705772845,2.8942797326722923e-06
0.016987444206668,6.969730778632761e-05
0.0038864220417426,2.8613309489410986e-07
0.0052810122945321,1.131224983266579e-05
0.0097437997982091,1.4798965245796995e-05
0.0139107019481479,4.818839961240856e-05
0.0017710373840643,9.858940231676526e-07
0.001658520823868,7.210040359039252e-06
0.0196094489712054,0.0001516226046376135
0.0143917547381078,1.0834669769401825e-05
0.0165792340126041,5.991381745898377e-05
0.0024156847572922,9.183352490330125e-06
0.0181877795920592,0.00014000059592105473
0.015750785248204,4.696404506851678e-05
0.0145071924680946,4.6390009472481245e-05
0.0126054325295083,6.772647560673685e-05
0.0153715208341324,8.070816912734235e-05
0.0123873678761648,8.190318362602895e-06
0.0010962685773771,3.4974707969287305e-06
0.0135936685692589,3.480715619859785e-05
0.0081951075903709,1.7768800035663064e-06
0.0073199699197106,9.773983389273342e-06
0.0148640563066129,6.625292108490458e-05
0.0197733868876878,9.932588010069355e-05
0.0070732045735247,1.4242599300843056e-05
0.0008019831903381,5.176247750728581e-06
0.0148803557591499,5.6300107203282255e-06
0.0016811416656076,2.2426336048660868e-05
0.0119865180126877,2.6856474222503915e-05
0.006462961794235,4.9997008600774365e-06
0.0045463355023018,2.2127805489747583e-06
0.0018471333024829,1.2276552983380982e-07
0.0017539905917021,2.300651739693243e-07
0.0182009038266464,8.48123745467799e-05
0.0076317363997591,2.6417909232020025e-08
0.0135709166976076,4.800670136208424e-05
0.015472394165637,6.36347830718832e-05
0.0155476973675172,5.040314953189894e-05
0.0181696818377602,3.6323581636561025e-06
0.0131250809193695,7.114815727329087e-05
0.0038370148289302,2.5197649293222462e-06
0.0016014540250319,5.421107721622964e-06
0.0045896896006038,3.232362914166124e-07
0.0004357771399765,1.621822946125961e-05
0.0018839663465858,1.3748810616057098e-05
0.0180477173985284,5.654021004860344e-05
0.0189320777072893,0.00012593839266087194
0.0047279474770588,5.334426988801184e-07
0.0027772806841067,1.7186784051000514e-07
0.0130887182902827,2.9139146884567264e-05
0.0113993004387234,1.7257461673683814e-05
0.011891373255224,2.9179440463449554e-05
0.0179105361829002,1.0865121146886939e-05
0.0085483142029101,1.879325999055504e-05
0.0185300523537462,0.00010597368156111107
0.0077211488408495,1.5855289009683405e-06
0.0066474803490726,1.2659253592094955e-07
0.0160790030963764,7.273323867093438e-05
0.0119221595223209,2.762701494588187e-06
0.0114625424424142,2.2672685209052136e-05
0.0173791404054131,7.771589523079665e-05
0.0151189248835032,5.3880309949983254e-05
0.0027944247115897,1.1615492025626626e-06
0.0149701651614569,5.301763624249586e-05
0.0198405098200691,0.00017468922478338871
0.0069069254306318,2.018522659625614e-06
0.0122747815605847,3.667556866291781e-05
0.0087915142743318,1.076817670937129e-05
0.0062426039592681,1.4568466424045188e-05
0.0130933370998606,1.8123807083700997e-05
0.0125609755360425,4.802523487583156e-05
0.0102392290483762,1.2820022759023579e-05
0.0106285858581626,9.176636249723175e-06
0.0005482756886687,1.1339829625196598e-05
0.0025266467801333,9.30772846028712e-09
0.0129573275480331,7.258795886003384e-05
0.0158121510353595,3.5288672629762515e-05
0.0152231918908083,1.796592522564177e-05
0.0132567601935802,4.353409332732449e-05
0.0162999556598502,2.8476084523768147e-06
0.0129489730851513,3.531710504576931e-05
0.0025443527568027,1.2307468703033165e-06
0.0156699407505702,6.192340870141638e-05
0.0198440704065397,0.00011658916402769266
0.0085689948424029,1.2340558005698116e-05
0.0033793353499334,2.7607068377870145e-06
0.0008483890040283,2.8699549912868917e-06
0.009445271856653,2.995246929654798e-05
0.0061600674037001,5.906548239852574e-06
0.0048112123820039,1.1088101141190536e-06
0.0187880178060922,6.77369976089788e-05
0.013991497495593,8.328698089984003e-05
0.0180287012667479,6.903963215953675e-05
0.010865201028402,2.1002343844350592e-05
0.0071712551293899,1.212578029666141e-05
0.0056304974394318,7.655255758119869e-07
0.0075352131445627,2.0902770010895463e-05
0.0168785880222414,0.00010365210447020506
0.015682408599535,7.324135633249038e-05
0.0130619264112643,4.6797419001062144e-05
0.0135944096224709,5.051963655906285e-05
0.0115058845437572,6.276472395999975e-06
0.0138653805832032,4.675014307070097e-05
0.0068958668805284,6.406543829223079e-06
0.0072422544891839,1.1458070342901315e-05
0.0184807454591384,0.00013363361836124204
0.0018834524826291,3.6709505815020664e-06
0.0040162527291138,1.7009168980516956e-07
0.0082320932963246,1.558868331872847e-05
0.0195745543349736,0.00013822455362534427
0.0190432534860995,4.318688693434704e-06
0.0190367342426606,0.00011297195664009529
0.0124289211250709,3.8988076698648755e-05
0.0109309644978529,2.988550465299476e-05
0.0078165140463152,3.0892557109528895e-06
0.009299239686589,1.7324031821622555e-05
0.0118028134996224,1.3263999646496428e-05
0.0053249112508097,8.09789617496019e-06
0.0003367538028402,1.2205855398134477e-05
0.0041342086979429,4.0196257164439655e-09
0.0195369438300283,0.00010723889251142252
0.0189215107049092,0.00016808310297457475
0.0040405283272821,4.965357570484133e-06
0.0194685706683578,6.70544706974242e-05
0.0082725987735529,7.07686656016181e-07
0.0084820314101397,2.9378243859211347e-06
0.0032196182553945,3.942870419011505e-07
0.0134260895843186,6.883181762304759e-05
0.001361050373461,1.7380424393487466e-06
0.0195156271983685,4.659570579605334e-05
0.0046403315662338,2.589292309317419e-06
0.0007387928907657,5.143009624796156e-06
0.0038191557916936,9.58955414160983e-07
0.0179771395323617,9.505801084696167e-05
0.0087717351913396,1.9814796867722406e-05
0.0042383942702669,1.804667337632252e-07
0.0155292145973664,0.00010185429552760032
0.0107613421523554,1.912832327411573e-05
0.0154965538242608,7.230836976492269e-05
0.0056033257598994,2.6324751868597045e-07
0.0181481450763437,7.772849807624693e-05
0.0029447086850014,6.875361079369407e-08
0.0072977006355392,2.821902869815507e-06
0.0174555920232933,6.212336755997271e-06
0.0114788182880915,3.7680828938041315e-05
0.015412745523607,5.4219727376152274e-05
0.0141838010210619,3.400112364843986e-05
0.0161558201367626,4.84764450284303e-06
0.0122078742665595,2.1949785564646186e-05
0.0004882050492666,2.422679967468236e-05
0.0142172956966233,6.28258506947914e-05
0.0045703694166311,1.887982650302948e-08
0.0005529338999994,9.267026825211843e-06
0.002481704759127,6.6694868523870445e-06
0.003957714063423,1.1836746173848203e-06
0.0004168313046758,4.771807427979059e-06
0.000750854187699,2.608943729398805e-06
0.013065931552358,4.7591804129115236e-05
0.0082817474974977,1.8631497534882886e-05
0.01986210539556,0.00013751232634001042
0.0084154470799849,2.126795579947927e-05
0.0076921422000193,8.396118073576684e-06
0.0028526696454758,2.6199618006732615e-07
0.011401865260236,2.5280284925643983e-05
0.0056677850797766,7.49815172472615e-07
0.0136879805954667,2.1668574657047567e-05
0.0117462817248854,3.256550009826594e-05
0.0020548164303226,1.2945014753650298e-05
0.0055607469927287,2.4240332430731365e-07
0.0055606366760926,1.4389600361419439e-06
0.0171575573819388,0.0001231445548881718
0.0005107116725064,1.3430581426590642e-05
0.0066864202001577,4.959037376852736e-06
0.0130642242120069,6.209321642136532e-05
0.0020492726924403,1.6754256340048638e-06
0.0043584381202466,8.154721659677996e-08
0.0116079031745327,4.796511895111453e-05
0.0005466829362689,1.008261734684781e-05
0.0071686331689649,1.3287578487164457e-05
0.0088460715749469,2.4975004040872147e-05
0.0065625273980094,1.6317682063667552e-06
0.003933032901524,1.785107872876711e-08
0.0026197472290851,3.456412080971917e-07
0.0193467326669578,7.72458846871675e-05
0.0072672509263048,2.9611423966542156e-06
0.0021976104616211,8.877051929853869e-07
0.0115191822619367,2.0367428928141818e-05
0.0057127793897794,1.1023489152919378e-06
0.00623709757736,2.741509617159171e-06
0.0056279900551582,8.688519652733521e-08
0.0111893678862161,4.609001569255753e-05
0.0080738877610693,2.4025281271746387e-05
0.0162039721794194,8.678010505613026e-05
0.0028879414578765,5.005052433634017e-06
0.0155947269017518,6.456816886288568e-05
0.0129166419463019,6.8829477570162335e-06
0.0101455147543978,2.9133730344538086e-05
0.0186059535981632,3.463259930553164e-05
0.0108215439218802,2.944749659499148e-05
7.673138533151214e-05,6.332699606931144e-06
0.0100840408976813,9.20182642158291e-06
0.0150842737620501,5.637938533166498e-05
0.016495527961787,9.165501270848135e-05
0.0197036752718921,0.00010080684218931813
0.0004345704388119,7.016913354994775e-06
0.0086896451370854,8.839639836629712e-06
0.016287217944828,6.147772417852876e-05
0.0066868716582942,1.0904255866112404e-05
0.0015824304008185,3.37068160214554e-06
0.0045153569175179,1.4437869354788976e-06
0.0061604405768315,5.2833756958691826e-06
0.0066601568064177,9.220191524823236e-06
0.0107294666508451,2.4136315405089396e-05
0.0016552980263387,1.1948713565951106e-06
0.0132389635781238,6.141676950831981e-05
0.0088501686315744,1.801188309824574e-05
0.0181272600760715,3.389708283781373e-06
0.0064891119857546,1.2153976438688745e-05
0.0077291594046242,8.810427617564036e-07
0.0118048501211579,2.9439436138053387e-05
0.010437538605735,1.3819432404187518e-05
0.0114093648825105,3.2548838458218356e-05
0.0007260470318156,4.322562161498179e-06
0.0158704854662063,6.0963538370802304e-05
0.0062277612918645,4.8758226121593805e-06
0.0025421369484534,5.3471152286736606e-08
0.0035911795859099,2.1848651963305092e-07
0.0057807154790167,6.893882705153172e-06
0.0176240861689146,9.136524636739479e-05
0.0147931482645563,5.5670957787830195e-05
0.0120204904748783,5.7223933552961536e-05
0.015242363673914,0.00010854864854784297
0.007225701254931,7.189140914732342e-06
0.0010587645881827,2.4316337565102063e-06
0.0029006354081782,2.9461984307306674e-07
0.0096901377653713,3.1541397681328604e-05
0.0102523012040174,2.6876250530469452e-05
0.0020778990798008,3.5891407177799398e-06
0.0056780691094107,4.7848100931804345e-06
0.0120756627851094,1.6489880209242798e-05
0.0079770242840295,2.6178444186153983e-05
0.0156443878339163,1.3928060633223466e-05
0.0040048884360254,1.6479500232151173e-07
0.0069916093590234,1.5125968525221766e-05
0.0032142385887993,8.398454387217587e-07
0.0109804263522796,3.569325913125602e-05
0.0069548829375733,2.8328846336748626e-06
0.0096305750883652,3.0211720347863518e-05
0.0070245624812391,7.515512398967866e-06
0.0194326181059203,9.150987983853472e-05
0.0159662892673869,6.773183228367699e-05
0.0171451873555871,5.331418140605284e-06
0.0069295953077862,4.877677836403404e-07
0.0022506366661187,6.299229513227352e-06
0.0161146932838939,7.882075438011439e-06
0.0197699674650763,0.00020753870474047673
0.0146034411287882,3.94464933814324e-05
0.0164600806345903,7.491153214150797e-05
0.0056762623139705,6.5884107801768774e-06
0.0112177228784595,2.9013347739017785e-05
0.0059554049919007,6.970366008030278e-08
0.0021087003656039,3.53323783628482e-06
0.0178440457494163,0.00012814523138848758
0.0050081827794479,3.6335581326479065e-06
0.0197399874602003,0.00014503335224340315
0.0168249086077179,2.4632583574408934e-05
0.0120911212648689,1.9053660301573186e-05
0.0131224213952143,1.2935905645419348e-05
0.0071738169603806,2.462510343255668e-06
0.0037319531472438,1.2672420017946712e-09
0.0067591830153082,1.3940536529424698e-06
0.0026484329327983,4.6941148355442224e-07
0.0182889129659695,0.00010752162288697213
0.00884948834661,6.654323424987247e-06
0.0033838232815116,3.248814126341943e-07
0.0142047197413005,8.243511822586656e-05
0.0076930047262961,2.4130489671336944e-05
0.0009067685170372,4.637825792353214e-06
0.0056291695548605,4.089970446092803e-07
0.003893681106748,9.319963115900898e-08
0.018858572358999,1.4983323578079389e-05
0.0018832933015846,6.62041288047708e-06
0.01306038940942,5.754121950399314e-05
0.0107764040550367,3.36987489965249e-05
0.0086361544987357,2.916454083024922e-05
0.0109151224135784,8.275999514460652e-06
0.0050898780954971,4.793275229244436e-06
0.0104510505443432,1.5736473924331263e-05
0.0166435364042784,6.708822751982764e-06
0.0116270100855215,5.49669034000704e-06
0.0185154539720727,0.00012391024469246139
0.0069119478840724,1.0591768463869352e-05
0.0198294254367041,0.0001466996182369573
0.0178349561521291,5.615113241077405e-05
0.0088641259064786,9.380651195012076e-06
0.0052030385243053,4.0847401830554783e-07
0.0090657583907779,1.3519984935850168e-05
0.0114666487095576,1.906162661838957e-05
0.0153280975628958,7.235182180480743e-05
0.0086170675246864,1.0566277016102557e-05
0.0061775674891499,9.165758156892779e-07
0.0109233045285505,2.0759034225979658e-05
0.0040491847929256,3.921348580116174e-09
0.0025409570952181,1.7405836937905063e-07
0.0091988889502663,3.0529229287579685e-05
0.005845678658932,1.7219669606255427e-06
0.0166234041978327,4.588869394727814e-05
0.0063019569442369,3.1319430396814723e-06
0.0129584269444001,6.789305476446454e-05
0.0040972691750397,3.629620107797747e-07
0.0178396574667914,5.261430295091984e-05
0.014321184514591,3.986351363747201e-05
0.0002221513558706,1.2720034071608609e-05
0.0185401036118555,9.428145143241569e-05
4.335451725347994e-05,1.0157976694408221e-05
0.0040506270432144,8.938820491430808e-08
0.0168669227919167,6.351261818490299e-05
0.0053803667292331,1.0676960229239073e-05
0.0067071984828598,1.6453542252161579e-07
0.014279363409196,7.383284223129001e-05
0.0186208074072169,6.681209942046705e-05
0.0061617736273813,1.0428833120676844e-05
0.0088231735183971,2.1770522434473452e-05
0.0161849407948141,9.528460103950127e-05
0.0179081985343589,0.00011455647206504011
0.0011042016586322,1.4537382713479545e-06
0.0068624892363457,1.2900885583541849e-05
0.0073641179252404,2.1990370526281166e-06
0.0018106203584113,1.0574893928286372e-05
0.0024173533519345,5.996402720250625e-08
0.0023975170732846,3.110621887382471e-06
0.0168168243239871,8.142581750145804e-05
0.0100707336304038,1.7264962384827103e-05
0.0063864563495576,6.777395398031221e-07
0.0111442925043268,7.643648175580608e-06
0.0147703579288627,7.43434218596618e-05
0.0081813834522308,1.0904434666782886e-05
0.0079901008118343,7.756185385957383e-07
0.0079794796245169,2.965492764335368e-06
0.0037332979649366,1.1331268639911778e-06
0.0057992170350079,1.119010344637677e-06
0.007846047787179,2.1367091171823032e-06
0.0091626107752982,1.2659595934251818e-05
0.0011656203467337,1.642836746133765e-06
0.0165990493407114,6.461229969661358e-05
0.0057445207113056,2.5842543636296874e-06
0.0140947863196124,3.9152169915179156e-05
0.0090287883643755,4.5715822968134935e-06
0.0081163987347743,4.487234251837257e-06
0.0065187529338185,5.567275969214934e-07
0.0132410668539635,5.5387489644935387e-05
0.003553091110847,2.7142802312715227e-06
0.0096324729331492,2.1460626241703664e-05
0.0179637348578333,6.195225300625862e-05
0.0154617810592808,3.703071599009344e-05
0.0149301600301486,9.701998274507914e-05
0.0155433056658695,6.538781639674199e-05
0.0094500239963263,1.1003569457420325e-05
0.0085017158192649,1.7790454234946444e-05
0.002455496052097,8.486055311316362e-07
0.0071984820670834,2.481142502047822e-06
0.0134004687926556,7.35497315756445e-05
0.0004442317941511,8.0371585809183e-06
0.002128148560442,7.950212099000654e-06
0.001360670705373,2.9642289437300103e-06
0.018391937778577,5.2916167649468445e-05
0.0093786046473244,1.599752474906253e-05
0.0171002474237117,7.864179341345315e-05
0.0193165125564152,8.287109639207049e-05
0.005559462374033,1.1546606906981026e-06
0.0066445116762313,2.078720437141034e-06
0.0089827524809087,1.0009316052614522e-05
0.0177498636162252,9.715488185643076e-05
0.0182857545367964,4.59410106245767e-05
0.00459727446517,1.8698257019980383e-07
0.0155099821519631,4.640018746105221e-05
0.0119221695581201,2.7032906643382994e-05
0.0015135860157796,2.7904486633386137e-06
0.0088819170085015,2.7788478992966156e-05
0.0057268432754955,2.1052256163818758e-07
0.0151954763411349,7.587004114874479e-05
0.0042015630175319,9.440381055178836e-06
0.0018062658606382,1.1700007507164318e-05
0.0057628880125612,2.3139038441372872e-07
0.0054874066932176,3.959911303572566e-06
0.0134410136879124,8.107940676446123e-05
0.0077080791443912,1.917245611388739e-05
0.0145897576869253,7.731089025368841e-05
0.0158580350715889,0.00011226489668024733
0.0037969366119562,5.257095461811219e-08
0.0045169767886806,1.2057473332441405e-06
0.0037971417710387,1.8112398631273948e-06
0.0134393098681155,4.387739757840493e-05
0.0170148444069967,6.678260206461707e-05
0.0031855338357743,2.447368931563585e-08
0.0110292876329248,1.5185248253189413e-05
0.0100414104347273,8.945008916589863e-06
0.01385846834131,4.651283616631355e-05
0.0047632976788964,7.787056180006449e-07
0.0061560526192352,3.539968395709712e-06
0.0007265039275181,4.297084958380161e-06
0.0050492860435894,7.631550517900932e-07
0.0064786768849583,9.016144551643375e-07
0.0111457764183916,4.80291721836865e-05
0.0083076107012769,1.012872839325119e-05
0.0177416303261086,3.2389180788002087e-07
0.0149514613131593,8.422033958459844e-05
0.0076577142677662,7.115319100524503e-06
0.0100857208466968,3.7688084169573406e-05
0.0021654585257178,7.317392045748303e-07
0.0047883109852705,3.6246506722421523e-06
0.0180244948582541,8.277100904386876e-05
0.0175945159342272,9.553635646423255e-05
0.0018645134554633,3.272659458688536e-06
0.014054230730009,1.1096319963803259e-05
0.0019825094593724,6.158377232447649e-07
0.0089802401514375,3.785030845470825e-06
0.0021902913923539,7.383067421810105e-07
0.013507928261107,4.714567977214302e-05
0.0147350244747732,4.028001952518467e-05
0.0166159541645167,6.77834774050279e-05
0.0002333582152662,6.918415156609992e-06
0.0074967002067971,2.147864697113395e-05
0.003497204297315,4.141055101548407e-08
0.0049309066652787,3.2487547137303297e-06
0.0118935180045946,1.2975770481526943e-05
0.0077699275592827,1.0295814256562995e-05
0.0140234801840351,6.269174931235516e-06
0.0160697780964372,7.541199098102276e-05
0.0096636475133355,1.0250732664068856e-05
0.0155741357976984,1.92563164583698e-05
0.000744401113014,1.5631743761953948e-06
0.0165920223109869,9.58417995051662e-05
0.0146653294979848,7.508985512869312e-05
0.0130199677153763,4.295901752782477e-05
0.0117680342376288,5.676444184646963e-05
0.0163465367812742,4.988816232607429e-05
0.0053356532821257,1.4188139474657137e-06
0.0125093757932384,8.965156742179123e-06
0.0083617160324686,2.505962470227684e-06
0.0023498471414634,8.913005217328867e-07
1.652249483197199e-05,1.8664769216087097e-05
0.0179637065934833,9.345085066265582e-05
0.0194839032338786,0.00017027113243989732
0.016982414860125,0.00017153109647272274
0.0016976090403644,4.8514403229983225e-06
0.0046711599501708,4.323973327227443e-06
0.0051899261384249,4.7086228375538053e-07
0.0004832498682134,1.1465964693409714e-05
0.0021776674394919,1.3183221328707098e-06
0.0141046929759641,5.329727409867784e-05
0.0030514963363438,2.008747563528799e-08
0.0128336755906075,4.879001808838089e-05
0.0124831583889939,3.2469988416647036e-05
0.00882288483944,1.546081155500417e-05
0.0130251811161755,8.281371067928582e-06
0.0190638318028565,3.346922149725225e-05
0.0157371204929729,6.125005075905978e-05
0.0122630994093841,1.9872143844272107e-06
0.0194507752450835,7.061385780510106e-05
0.0007387295459557,1.1599364436257985e-05
0.0055164919674231,2.023229661551668e-06
0.0105210932471865,2.01994898817162e-05
0.0058897604285531,2.794566561309134e-06
0.0112283121074211,2.7320290672837904e-05
0.018324463516987,8.91273342312859e-05
0.0185296014574727,8.588984838188535e-05
0.0145270041642245,2.1735403847949285e-05
0.0108493848778555,3.8770367405925124e-05
0.0154336534952946,5.87186309571567e-05
0.0155470343342364,4.8731153578104096e-05
0.0157125056269763,5.964349683799036e-05
0.0144113916515322,4.998967071440892e-05
0.0076306733835051,1.3025414851383355e-05
0.0178585621738011,0.00012005620527913807
0.0022244092943623,2.2709128420352275e-07
0.0069652433088236,1.288955716171479e-05
0.007299394055356,6.664289717492785e-06
0.0191929170796232,4.024551665739947e-05
0.0188834518811936,5.163218906972647e-05
0.0106440430525764,3.6636857860305e-05
0.0119950417136284,6.230150362683853e-05
0.0032322534362547,3.8266701287855255e-08
0.0038593443850481,1.1666210245573156e-07
0.0028625988889254,1.0247408330871519e-07
0.0141938782597179,3.46560520242656e-05
0.0092238563100212,3.0315683672698025e-06
0.0121573939912067,3.524003152890942e-05
0.0124166013991687,4.066534650592121e-05
0.0081810846891358,4.133047982773426e-06
0.0119551110928542,3.641952068501043e-05
0.0196300971083906,0.00012891366716565218
0.0009280710526491,1.2803848193966134e-06
0.0130042148627452,5.384867533328148e-05
0.001885829377709,1.9678695140719625e-07
0.0155196218230503,1.2267651769689258e-05
0.0174900503509533,9.784365732090249e-05
0.0023595663920155,6.946858720817192e-07
0.0171773517798902,8.100902949972463e-05
0.01279007619554,3.37423331099234e-05
0.0147815621934691,7.19698320956797e-05
0.018697431422922,0.00014593023384402187
0.0188883759942345,2.2164004891387825e-07
0.0172997110883765,6.845046873188842e-05
0.0089234222135032,2.822867464327201e-06
0.0073653321889991,1.8318708620144405e-05
0.0082265519156362,1.3746766908614133e-06
0.0153244006525565,6.886085749958057e-05
0.0020097591301188,2.710110202013369e-06
0.0090492429462847,4.450950018036811e-06
0.0123715485983068,2.235313253255872e-05
0.0194104270152861,0.00010117627326288214
0.0089845610139702,1.5035400958621174e-08
0.0047625234189775,4.1652999682731635e-06
0.0150443839483563,0.0001125699954643566
0.005507564940552,2.873154235667712e-06
0.0194537430744189,0.0001413644546781244
0.0108611928576095,2.1513739004585583e-05
0.0038246469517814,1.1793524791052298e-06
0.0155594819543433,3.468161462875612e-05
0.0131063365139149,4.8883673069638137e-05
0.0026723894536985,1.142794180444353e-06
0.0020805301283969,1.3586530688072935e-07
0.0070009210204898,4.442652764361225e-06
0.0183412262282683,8.364468204023019e-05
0.0014102237262487,4.209462203425386e-06
0.0036665588952663,1.4075417866678027e-06
0.0081995602219589,5.68214052132728e-06
0.0142655714482019,2.6725852010943967e-05
0.0085596622904026,1.737433772837798e-06
0.0104784594847674,9.923819925412365e-06
0.0176343841269522,8.178849021494933e-05
0.0034081208382427,8.097830489428694e-10
0.0014582274470432,9.944217805756056e-06
0.002380882518223,1.0870065103872162e-05
0.0050339043039571,1.113627944926667e-06
0.000140771820317,3.554312012313394e-06
0.0188316364156987,0.00016665659830317068
0.0098994417820628,1.84226212230597e-05
0.0163467525642331,9.089677179224766e-05
0.0127769655367312,4.762579280657626e-05
0.0073096889949669,3.4866522488934865e-07
0.0135857424816851,1.3883796934374978e-05
0.0195783526095461,4.0186576856452794e-05
0.0159646664211114,0.00011008991695783922
0.007156909771601,1.7101101493356447e-06
0.0010694746498238,1.6537776829894049e-06
0.0048327602867143,2.5737488675510262e-06
0.0188991764187404,5.467742154217022e-05
0.0111668941987945,1.9622845963009408e-05
0.0018550597772195,7.776951549395161e-07
0.0199284644433571,9.072911814857964e-05
0.0078580999023475,2.4044145457744952e-05
0.0152541143365286,3.852708080303618e-05
0.0102931588685095,1.8673691113114825e-05
0.0037316068553409,3.4093520066287124e-06
0.0101829358314362,1.2845632762700618e-05
0.0197880259379796,0.0001238693656123361
0.0045248933603092,3.0421224034451587e-06
0.0199970972855995,0.00012130231364496846
0.0015127988279204,3.880507323825037e-06
0.0028437491786867,1.8383499763650918e-06
0.0017497791419666,1.0821050849529205e-06
0.0143623367255292,1.8521248063300523e-05
0.0146811424842538,9.742148522099598e-05
0.0113252939159582,4.474623688932065e-05
0.0068411075731598,4.23481067776705e-06
0.0002689084286952,1.20582322500038e-05
0.0124863891501473,5.660066503399781e-05
0.0021344734586376,5.332988751665594e-07
0.0178273294822463,3.3026082333089435e-05
0.0166443014717516,8.179435824343612e-05
0.0062508029113591,4.791209988662186e-06
0.0086752666613026,2.2082507504998814e-05
0.0041430104348466,1.0105923729793964e-06
0.0084148304383875,2.2032112616290664e-05
0.0152192227869842,8.599899808563965e-05
0.0085751663782183,1.0009892123658342e-05
0.0129305800520635,3.349088537084374e-05
0.0036171982487978,1.7065754014911838e-09
0.0062214160364153,2.113533733430182e-06
0.0007998683800757,3.6030505812589507e-06
0.0131643156559844,2.5056704811809968e-05
0.0073464881972432,3.3124848092812686e-06
0.0043620041543963,6.496807817823841e-08
0.0053953298074444,3.453844280191307e-06
0.0105099143324059,4.2710129570999596e-05
0.0033384320263628,1.525085265289829e-06
0.001124541904841,5.819363930808096e-06
0.015399779378051,7.267612755669776e-05
0.0127512919128393,7.261093842115393e-05
0.0178335089113734,0.00010311584745872408
0.0121312927585791,6.801588682788091e-05
0.0004111610258066,6.950100472643808e-06
0.0111835322635722,4.056483310446209e-05
0.0179066618359293,6.949108372009844e-05
0.0142350168669528,6.078943994597368e-05
0.0137188266465506,3.819293222087491e-06
0.0151519456977026,5.074358786039446e-05
0.0065621440030512,1.2089128505133274e-08
0.0097092955445207,1.7568608639741862e-05
0.0091347831634162,4.057164669104596e-06
0.0080072496211944,5.527429963644497e-06
0.0054170809889069,1.0119266595768066e-06
0.007163045626157,1.3906385360550435e-06
0.0059196103723898,7.4173362377543415e-06
0.0136294795048931,1.912902006614169e-05
0.0006623516785042,3.0259887128830548e-06
0.0038547269459211,4.513009385753848e-06
0.0010821203266472,4.543748634509336e-06
0.0073282871656996,3.84662495020207e-06
0.0079490689052177,1.9425133049550326e-06
0.0158921636615094,1.973191516774562e-05
0.0195622187918273,2.8050790380965264e-05
0.0149905232551378,4.2971017956544847e-05
0.0133627526973741,4.1608161099749106e-05
0.0151649868623711,4.334441594910091e-06
0.0182597921990416,0.000144516288589279
0.0144669941128119,3.273024243476463e-05
0.0050748375366339,1.5144075403349911e-07
0.0054308038941109,1.0641499722531982e-06
0.0151885682526021,4.158680168256686e-05
0.0166096606935984,1.299488926097059e-06
0.015833932683301,4.217422970669587e-05
0.0134259622981009,3.1330748733451615e-05
0.0140846503489649,5.580426348346307e-05
0.0001832760383883,6.188761649900815e-06
0.0077950540216552,2.3930067323832818e-05
0.018366511033804,8.776371047557786e-05
0.0158295498953407,8.459487742349924e-05
0.0020750590004806,1.0146640307681498e-06
0.0174102053481645,0.00010010347632925833
0.0091917904971689,2.1529857819465976e-05
0.0058629398521113,1.031019344936478e-05
0.0054321931543969,1.3191100125913788e-06
0.018298227635195,9.743477981874593e-05
0.0093111340270512,2.109042501475363e-05
0.0166322225032904,7.939948166208877e-05
0.0042352489510303,2.1460439812765415e-06
0.0027972534799627,1.2124115906664027e-05
0.0102135904609431,2.9310532140847517e-06
0.0065053419610154,7.4512080558442e-08
0.0121064908957607,3.640330567620298e-05
0.0087552069486296,1.552501067220021e-06
0.0080223493933195,2.4026652695341733e-06
0.0080310021844868,2.5022306089600245e-05
0.0026260374284723,1.6412879171232276e-06
0.0090987727815232,3.129947750738991e-05
0.0095907644567128,2.9043662179800524e-05
0.0031817726226783,6.330043220902826e-07
0.0091131386084388,2.1890191857797467e-05
0.0195411339256799,7.103712896831331e-05
0.0022839622490936,4.4516660698516224e-07
0.00622171193564,7.814025174162915e-06
0.015257782094526,3.614789472341464e-05
0.0146084222326024,9.579295885391506e-06
0.0026353164775155,1.2871998821357342e-06
0.0114259753826828,2.7383247844667964e-05
0.0078136132417166,9.258899424043128e-06
0.0038355836519286,1.1219654955460014e-07
0.0130712678082604,2.374311591425353e-05
0.0134750054995934,4.742054613965325e-05
0.0062907161828764,3.211194160428258e-07
0.0171860692754358,0.00011362103678250329
0.0049433348910974,8.942274429630658e-07
0.0088310839190003,1.2633065637114012e-05
0.0195606691987495,7.266502730396635e-05
0.0186532920439654,4.4557877266044124e-05
0.0132393421227802,4.371011323944261e-05
0.0188251731751116,0.00012094009152395547
0.0171512049818253,0.0001011552213172425
0.014881377689957,5.937737115448867e-05
0.0111567217942826,4.1253942876633364e-05
0.0066821759014183,6.808459609214762e-06
0.0041228728750012,1.6665710223060228e-06
0.0049950583879706,2.6730665557347005e-06
0.0057658688369052,1.3648921370804396e-06
0.0054005738840748,5.605315377841076e-07
0.0140997177977897,6.210971901758225e-05
0.0165816351364486,8.811574547309027e-05
0.0173458394833537,5.671993998073139e-05
0.0078810598511391,1.9402819669403005e-05
0.0098384491672152,4.1490152443223535e-05
0.01713475406769,7.326848315131413e-05
0.0179369459332877,0.00013005524731623099
0.0103177104081328,1.1091219395697952e-05
0.0017503390510596,1.120515949354494e-07
0.0003942852992924,7.585954444374478e-06
0.006842838097584,9.006529223611735e-06
0.0189740098424014,0.00010813830436149552
0.0193669971940194,0.00013177472132355907
0.0125826851945426,4.366052323982564e-06
0.0071401580679177,8.420937654358911e-07
0.0026914131497846,2.2128582123815843e-08
0.0033476569898335,2.154062841193438e-06
0.0051368220938954,3.719091117922869e-06
0.0014883220277033,2.494793566479867e-06
0.0109541159005674,1.9219809018619207e-05
0.0007694446360281,3.9296543206989506e-06
0.0049947520971898,7.786469221624323e-07
0.0021037053366553,1.8560087404613874e-06
0.0084016742718732,1.3196395162818143e-05
0.0198811966818396,0.00012751598858455748
0.0149723715326558,1.3703426908597746e-05
0.0023517491530394,1.1193605021133456e-06
0.0042866011146778,7.236381689642128e-07
0.0004999493160998,5.533500921822657e-06
0.0115365541012656,1.482343313606383e-05
0.0165318680506143,8.413181377774919e-05
0.0165494250534805,8.261256042311586e-05
0.0070498537634582,1.6349014180927241e-06
0.0030590561290428,2.569466768706048e-07
0.0002002144688091,9.260991033345743e-06
0.0044693392533121,2.1050789429047969e-07
0.0187110982410201,7.314079272892003e-05
0.0051045932853793,4.473975888369831e-06
0.0052861912114151,5.879632097993853e-07
0.0104609820762812,2.4412792874053495e-06
0.0180842498760213,0.00011370549528236648
0.0195898358438985,6.156656620858689e-05
0.0016448751074273,1.2566492836164468e-06
0.0028959997690428,8.024157570435694e-07
0.019226824013194,9.661166310824041e-06
0.0117876091497765,3.2897725325779595e-05
0.0060820607371268,1.5689903832452005e-06
0.0141660707940461,2.7570442175508826e-05
0.0148988904180059,2.3075499448101317e-05
0.0162542834042315,8.951069746123494e-05
0.0038929677006117,1.2213770311032657e-06
0.0172189547776225,8.38682183254935e-05
0.0052494542820775,2.5016163097960535e-06
0.0026281256003389,3.1013875879045414e-06
0.0014245113492142,1.4768395433196738e-06
0.0133768583371125,5.655695206007063e-05
0.0197330859849491,0.00014197736547907284
0.0158431251392716,5.846858094014948e-05
0.0165344383191019,1.729686820614175e-05
0.000884707119777,7.470596368979391e-06
0.0177273273416178,0.00012962716629232843
0.0180047257583432,9.450258150834136e-05
0.0120667406451604,5.039304936809107e-05
0.0011492438265608,1.0908911350980253e-05
0.0018329472044734,4.388444771825691e-06
0.0158964438194218,4.646450006337268e-05
0.0116038759397467,4.066047885348413e-05
0.0011278330370755,3.07689119732808e-06
0.0114640251454338,1.608196030313786e-05
0.0072382136256374,1.3659205549731401e-05
0.0060983980977628,1.0045458009583941e-05
0.0032168928905909,5.001158249957832e-07
0.0091319746947827,2.088235515713415e-05
0.0192897151066193,6.810792937016838e-05
0.0188719137524457,8.948436582109343e-05
0.014635489055391,1.1444759089000583e-05
0.0064232540101393,6.213357041391835e-06
0.0056294000850954,9.391155944673223e-06
0.0120887821638319,4.55525830533838e-05
0.0064568331043679,5.029254092677262e-06
0.0095935408626513,3.2005885704265534e-05
0.0188125610727042,7.242936872722984e-05
0.0170987235156309,5.689661011365145e-05
0.002374698686927,5.12060398412191e-06
0.0176623867681612,9.388814253252844e-05
0.0197813545032669,7.278543221948538e-05
0.0146853118061182,5.600769481637414e-06
0.0057840790013017,5.397948256699377e-07
0.0027588613297892,7.183332206431207e-07
0.0012701401286751,8.667023540187976e-06
0.0045359856597726,2.501948930526508e-06
0.0082909124655352,9.537574445897968e-06
0.0027303890538184,2.021898325090343e-08
0.0041475872924396,2.493428807034998e-06
0.0075731987733484,4.532606979876522e-06
0.000966906874784,7.456470611430569e-07
0.0103666444271869,1.964446416529838e-06
0.0057925222636237,7.367608966477301e-06
0.0044128521444456,2.902412796649325e-07
0.0077333149604462,1.317752807461961e-05
0.0108915054854544,3.6678113801128924e-05
0.0199973148736453,0.00015350332229999912
0.0046765033396014,3.6946628737972036e-06
0.0092586123887031,3.439150742740893e-05
0.0055673784737934,1.1047908215705034e-06
0.0075472488804667,9.902625769359253e-06
0.0112471748992228,2.437161220879998e-05
0.0136809586418506,5.377000964240805e-05
0.0068278232497402,7.284649800633818e-06
0.00547272489834,1.1242966404182772e-06
0.015594735579385,6.707123047747055e-05
0.0126071112640326,6.552104256970006e-05
0.0088014003806425,7.827313920531684e-06
0.002617882741003,4.290967343530757e-07
0.0094504973308177,2.6984573663425403e-06
0.0098744401911009,3.943386173434767e-05
0.0019192434317654,1.7649638574333263e-05
0.0120503423363411,3.715705917684608e-05
0.0146244692982549,5.536852156745244e-05
0.0123403957061632,6.042068432593982e-05
0.0036873195055389,1.6982934436470325e-07
0.0123572700469948,1.327461953164828e-05
0.0106242139294028,2.423910500603912e-05
0.0075319788406746,8.540218136127132e-06
0.0088622843525308,1.525278964660558e-05
0.0184211365439076,8.95242380920247e-05
0.0155925103779615,6.062968843580419e-05
0.0180773816627006,2.9718641104912524e-05
0.0113896982000275,3.5886809101611585e-05
0.0118050430634724,3.587869359415532e-05
0.0175658830372631,8.931128459457424e-05
0.0009737775570211,1.7046286281380196e-05
0.0116172144527613,1.5056837492109714e-05
0.0056479001214081,1.7111156157649248e-06
0.009513496521755,3.2749066345290096e-05
0.0128181604434397,3.5974479180408e-05
0.0056489276644432,5.746650833716361e-07
0.0072862977749944,2.0541518167282458e-06
0.005263461664296,2.2364604443827367e-06
0.0082671664095942,7.783716227670488e-06
0.0058324620545628,4.4879071273344665e-07
0.0171075110494623,6.251087763219935e-05
0.0061474215986183,8.562112873289652e-06
0.0171305883558075,7.407899629997316e-06
0.0100905419493966,1.718438409634358e-05
0.0127170523989128,1.114267552648323e-07
0.0155594366635535,5.800636658643126e-05
0.0118626356814574,2.831483324451902e-05
0.0059816048681319,4.156935160611851e-06
0.0082657209212619,2.0984889398680235e-07
0.009541959253796,1.008603956079584e-05
0.0052259861259707,2.5093308856321737e-07
0.0190701836480725,7.774579737862852e-05
0.0067026254880538,2.45961167171544e-06
0.0081952271623693,8.892857465819625e-06
0.0105851849119043,1.80965043948779e-05
0.0155938029323485,0.00012392241759891915
0.0186716828107349,0.00011133210635660213
0.0008942970809713,7.789741513856323e-06
0.0032149107850621,1.2994876929328074e-07
0.0055852235940184,7.105049561089413e-06
0.0021214491385913,3.669635735321482e-06
0.0168549212844595,3.283262540495061e-05
0.0029528357831742,1.4866443748241939e-06
0.0040885619766902,2.1087340616938666e-07
0.0026777021738931,4.523674990962011e-07
0.0120133295525019,2.003554297503174e-05
0.0181766278202279,6.653478706045598e-05
0.0018194799142042,5.715318419711567e-06
0.0023230618901049,1.4163710264756046e-06
0.0080603406588885,2.0636824725924306e-05
0.0021853264707514,2.449412629246164e-06
0.0055702414191548,2.950408026262485e-06
0.0189333466565596,0.00015733613540845414
0.0145891465687826,7.345453256135223e-05
0.0131912792046702,4.68710336222486e-05
0.0159700868748181,2.487361287264356e-05
0.0066697308298445,5.388213400123199e-06
0.0017272648505923,2.2236460002931854e-06
0.0170068976545094,3.4955473240132005e-05
0.0164685175445027,6.790798248532634e-05
0.0165855410971542,6.943840054626037e-05
0.0046466265211103,2.563050345086789e-07
0.0058349488181606,8.841468616445387e-08
0.0024723772470719,2.424729359652108e-06
0.0055004386647967,2.3035035428746174e-07
0.0174883689808002,2.9657721405148808e-05
0.0170118556402474,0.00011395498740070924
0.0164300282519341,0.0001223893344190394
0.0196004702060994,2.1422198393945565e-05
0.0004501851335094,9.295038450935527e-06
0.0172416319473692,3.4558821055394785e-05
0.011983839653242,4.894958103678684e-05
0.0140384865937536,6.070643864817002e-05
0.0121176332964503,3.8629017751344386e-05
0.0046696428805767,1.3927192920810879e-06
0.0069455174652442,1.4706329941662327e-05
0.0057214026410327,2.0461853786512935e-06
0.0107037378440973,3.0915494766137976e-05
0.0015744305144634,5.098968060269536e-06
0.0190538876697087,7.358941373677294e-05
0.0169969803325307,0.00010441648292910857
0.0001372298401923,1.0428085913539023e-05
0.0011559485862726,8.7477163893346e-06
0.0068414189464265,4.148151386778272e-06
0.01906614151475,0.00014051581424657765
0.0074371090341888,4.450373917812329e-06
0.0198005987488474,0.000124898799990772
0.0010460365194762,3.1202578996732856e-06
0.0116808333119382,3.0214387470090856e-05
0.0084803489748293,4.204010309964428e-08
0.0008371386676659,5.807605793238214e-06
0.0105771964392028,4.270315612390008e-05
0.006147591548518,1.7233248415781715e-05
0.0163833725701296,9.761724558550729e-05
0.0067825004062287,8.620885495419669e-06
0.0146122078697555,9.977627240871981e-05
0.0066385926854923,2.641656194389906e-06
0.0114318789361259,6.319879493476016e-05
0.0178434646040277,8.646196161226563e-05
0.0071328326702432,5.548147257233354e-06
0.0187659244851225,0.00011584272500197849
0.0196673819781626,0.00011064004174447734
0.0136902697710995,3.862859592934322e-06
0.0095291733681402,2.0262607938380704e-06
0.0027568542339844,2.625085168999191e-06
0.0131831963634301,7.471202992946246e-05
0.0082278758809391,4.699098138924644e-06
0.0078202256223819,5.880705856063987e-06
0.0014297097320977,1.6283187190484572e-06
0.0068072616176703,3.6199339342199655e-06
0.016767417194449,9.118834470328844e-05
0.0150608662927836,0.00011463428157796558
0.0133011263866954,2.4108368440800876e-05
0.0127881763566026,3.820814696628953e-05
0.0013372105577043,6.526092900464e-06
0.0055570930752311,6.643572039632762e-06
0.014927723011629,3.5931787900118574e-05
0.0145969150954843,4.2958680043894356e-05
0.0165508181204595,8.047579540648176e-05
0.0176479022997867,6.517399153774188e-05
0.0139062704442747,7.840857306815661e-05
0.0177619575667413,2.7545019486841968e-05
0.015942816731006,3.251631146597284e-05
0.0166685878308284,3.776974036666904e-05
0.0025047631274686,5.749051482769315e-06
0.0046646955920586,6.46112508934888e-07
0.0143455351245274,2.9051152459906665e-05
0.0117590944143771,9.876048488801597e-06
0.0053153262823077,5.416898775881631e-06
0.0097204044683004,2.54689643155131e-05
0.0156334766309124,7.219151412440871e-05
0.006522371084092,4.572294956718609e-06
0.0045034484920952,1.0499022560783582e-06
0.0136210967991223,5.474850957300634e-05
0.007347511446045,1.7960975480384722e-05
0.0171010698793264,6.734753931412338e-05
0.0158434459480847,7.462917658522663e-06
0.0093193332659201,4.879677750290127e-06
0.008407819885938,8.105718627733986e-06
0.0077922559780783,1.9935438270365422e-05
0.0004842334158845,2.681894565825189e-06
0.0040755969053545,3.5093715146524246e-07
0.0110275474694634,1.8790058067326844e-05
0.0123326527619333,3.3727974954063334e-05
0.0134302796433653,7.665066575361687e-05
0.0178835868562283,6.853947561438383e-05
0.0106820708033246,3.576723477023155e-05
0.0196535737235449,7.475014870712731e-08
0.0060843747663907,7.699630536712692e-06
0.0058921275750828,5.3099713540315495e-06
0.0016269820456073,3.88141625725239e-06
0.0029919934301763,9.280882508495678e-08
0.0036784353973447,1.9379763103550565e-06
0.0081012079162566,2.6566285527034477e-06
0.0072529730927834,2.7172057815628145e-06
0.0001673625550255,1.2463332499889352e-05
0.0070644542515901,9.406687915312138e-06
0.000163088335685,7.235774201957165e-06
0.0197311901474961,0.00010273757033821602
0.0066663923918242,1.2498802006159035e-06
0.0064750497202009,9.226900784680524e-06
0.0039418299495807,3.6031280853104164e-07
0.0116859332179054,3.854731831946156e-05
0.0141817641224802,9.078907866818918e-05
0.0097153507800859,3.419694760366644e-05
0.0130854299602698,2.1271962671279047e-05
0.0067756811874609,4.144829264156003e-06
0.0103702839489225,1.9366397856453766e-05
0.0019034058183392,1.2152890002905522e-06
0.0189989610792283,4.581896657282822e-05
0.0138324618266987,5.368686626389416e-05
0.0140907568394981,5.48397456618138e-05
0.013401457961087,4.886456885082562e-06
0.0168731337229157,9.779081027201052e-05
0.0138790992545543,4.010278260825404e-05
0.0041063766485852,4.6036828481234606e-07
0.0097143875834272,2.653524868107343e-05
0.014951101391255,7.531013012294655e-05
0.001856286244713,9.06086978016443e-07
0.0125746350974572,2.9017264748876593e-05
0.0078651663639239,5.2098864519985925e-06
0.0181031607779155,3.656985268051451e-06
0.0123324077487928,1.3571311836397704e-06
0.0137681014141032,2.6163042984828455e-05
0.0192697748612272,0.00012205860312954718
0.0089839148640484,1.614103104021659e-05
0.0180224826307977,2.481366724507945e-05
0.005943706550961,5.279730120333839e-06
0.0164942764816176,7.69437315536447e-05
0.0184746357355939,0.00011011987987372125
0.0191511365567073,9.536379911830671e-05
0.0166800749567945,7.940142656415587e-05
0.0069451532043216,1.1530534383028097e-06
0.016743530432162,5.860872468935395e-05
0.0043355773963251,5.365457883319312e-07
0.0002337155646186,2.0041106331548566e-06
0.0141213525549719,3.549159467206673e-05
0.00515236675385,2.8038434000524585e-06
0.0088969114327993,1.8684291069917588e-05
0.001038608368292,4.722682973871141e-06
0.0143305366546421,4.040695897683507e-05
0.019709549212179,0.00012648551976487312
0.0012816859784907,4.596068864249606e-06
0.0046295349182448,3.104909181241979e-09
0.0037618706144755,5.762459118163071e-07
0.0126481859830477,1.368752967408236e-05
0.0146909858274878,4.7702064440493684e-05
0.0192214378816949,0.00011408136066850832
0.0090730114784888,2.643918645964746e-05
0.0182530440293749,6.36377036579804e-05
0.0019072299826516,7.153269356802634e-07
0.0096925874500857,1.4887689493223688e-05
0.0029794762948155,3.859799539920781e-06
0.0162876683055882,3.965782049922047e-05
0.0038439674749289,8.270081308379022e-10
0.0031266030179582,6.0384598674019935e-09
0.0067691193473631,1.1375609469666027e-05
0.0084575995431789,1.1956541091278775e-05
0.0107233540367664,1.550085752017219e-05
0.0139470987453001,4.7964385181696546e-05
0.0021286225194451,6.094514326626848e-06
0.0127963794459038,2.7714952177540774e-06
0.01496163659569,7.93354045685711e-05
0.0076703482623866,1.3063626720628573e-05
0.0151609328900925,3.980706018162357e-05
0.0006707295748541,1.1160857007193623e-05
0.0036291608208703,2.7977628243422995e-07
0.0077794383501845,2.022273252964883e-06
0.0039291437707166,3.187940516710604e-07
0.0076811121840017,3.9485183985877845e-06
0.0107133212342444,1.9914897005590004e-05
0.0013788298902159,1.2913700312250766e-05
0.0007652512157811,1.9696121329725488e-05
0.0082897177890407,1.4824530782797806e-05
0.0052410834453617,9.641082259375762e-07
0.0111029673738707,5.187526775141961e-05
0.0142693489839488,4.175106661325337e-05
0.0012795712098768,7.236557811068089e-06
0.0010209735045964,1.9006568455518833e-05
0.0067728798554294,6.672409767661219e-06
0.0018813404348098,2.3314746582499385e-06
0.0063828812814161,1.2594582009311493e-05
0.0119008343370546,3.131388517057542e-05
0.0071869828495561,1.3323267690269061e-05
0.0125268525206037,8.635465541378158e-05
0.0074203157561981,6.016820871661486e-07
0.0177727266887601,2.848357061922458e-07
0.0036047030551985,4.5273683195496015e-07
0.0086774962222462,1.294203521795082e-06
0.0111075397175265,2.870296226748155e-05
0.0004934062188869,2.6053749669521935e-06
0.0082934816956476,1.4445349605410437e-05
0.0079229333224501,9.687699440589108e-06
0.0007186860863828,7.3146435503441936e-06
0.0158549975477326,0.00010154488963902758
0.0015215441202445,3.887722771502521e-06
0.0134686545031467,7.284889877832403e-05
0.0192435205587824,0.00014043494357271282
0.0042976935286496,5.373911053815449e-07
0.013299585093262,4.795285985946738e-05
0.0042340283114125,3.869061939621023e-06
8.684799407191024e-05,5.877022198066908e-06
0.0158479965148568,3.117664965724323e-05
0.0191756325605477,8.46923579046444e-05
0.013652258878402,4.701062845593832e-05
0.0092042684975589,1.313449774261621e-05
0.016950544986499,6.374101956912906e-05
0.0186698193090528,0.00011321132087636973
0.0029186800094574,9.400295818358188e-07
0.0088290962113731,2.336191885639717e-05
0.0044489856943441,2.4894481803695077e-06
0.0009369103039685,3.2288806960434854e-06
0.0148868977139975,8.124988578879696e-05
0.0082843494679017,1.2531876618874735e-05
0.0121099573897418,3.45459988373315e-05
0.0125663106399729,1.3552576748725828e-05
0.0170157501045779,2.6661344134008925e-05
0.0157417057458435,3.710949844374753e-05
0.0057252278385623,4.6269633253486636e-08
0.0005274306518607,3.874751611073752e-06
0.0168969644012593,8.016908068929854e-05
0.010197277530457,2.4260669713297604e-05
0.0004286408713996,1.0263754481658603e-05
0.0079930118640987,1.3393057699930492e-05
0.005456036321516,1.971547800559286e-06
0.0107999413499295,1.9236563702741715e-05
0.0147743116559301,2.3209662212112715e-05
0.010248622579145,4.7573594811462976e-05
0.0158156953846675,9.771423178282597e-05
0.0172453991187165,7.340407064053361e-05
0.0150127308871382,5.028460262622491e-05
0.0131766311150337,5.9841411826250936e-05
0.015727676676186,4.3187352241552446e-05
0.0009210633020883,1.0687780877161753e-06
0.0007615623111386,8.02616792507288e-06
0.0162982740094482,5.545222046203346e-05
0.0055458659843208,3.0148608418394404e-06
0.0002799351472888,8.57157172703657e-06
0.0112839116154397,4.085712347775796e-05
0.0053025941952753,5.9928195980212146e-06
0.0100699561795356,5.486699309099183e-06
0.0022572331324938,2.1482602858566107e-07
0.0123106048198608,2.438945629659308e-05
0.0153969752569836,0.00011096733243258912
0.0042478687828602,9.86562783664091e-07
0.0030375034507432,8.045192405220835e-06
0.0095649359002565,3.441103968100581e-05
0.0111404122952534,2.0345106954673504e-05
0.0113351754578149,1.2912530929732234e-05
0.0181402822151106,9.43818564173962e-05
0.0013421127812965,3.631790390520455e-06
0.0069986747584029,2.864090525797038e-06
0.0035717229336306,1.9139907900675548e-06
0.0108045660287267,1.0839075114724119e-05
0.0178512215827898,6.204345921047698e-05
0.018922172514545,6.990592604448639e-05
0.015006429126645,4.169534615919094e-05
0.0086354580751055,2.276067935939429e-05
0.0053255257017033,1.1359001493162514e-06
0.0072716572765762,1.6847808874449107e-05
0.0155752081521319,9.428016264631871e-05
0.0080633888504343,7.043899161289006e-06
0.017528357152678,0.00012513818369977873
0.0186715171602662,7.553978969441961e-05
0.0121745275551916,5.284947221814329e-05
0.0098161148790839,6.190791948986269e-07
0.0124207718711047,2.947897987113473e-05
0.005376193127643,1.5714722966213323e-07
0.0104977566936317,8.960168371656363e-06
0.0144878986204381,9.547630539473991e-05
0.0154946652865113,5.460760016128581e-05
0.0050417511188249,1.0513920183357264e-06
0.011079336005096,3.946861196398781e-05
0.0044924140097412,1.7350503910293322e-06
0.0001230193933277,6.741660080677633e-06
0.0119751381157996,2.95212062363819e-05
0.0134679429472076,3.073974611716132e-05
0.0044425908028542,6.244340890135508e-07
0.0099691220323906,6.888814657141699e-07
0.0117540460705886,3.176029118818926e-05
0.0130191265409311,1.9024036642950626e-05
0.0177917631023056,0.00011104281601364996
0.0179649904813913,0.0001030681273966809
0.0022745705282063,1.120286748352308e-06
0.0001523397606407,7.3805449867344625e-06
0.00353191889872,1.1113732986251573e-06
0.0188867703574985,6.636399771924835e-05
0.0023436923433635,3.445816369392963e-07
0.0071189760075894,3.162554014812787e-07
0.0083381838354043,1.2540471258665287e-05
0.0072641477815953,7.119670717642441e-06
0.0147978089293895,6.897656755002209e-05
0.008846854475207,1.8163036525793324e-05
0.0050227641098052,8.882390625368454e-07
0.0058189293097809,3.2019445305660126e-06
0.0018356580942688,4.443761630401272e-06
0.0186696800147585,8.30557150876983e-06
0.008280983377864,1.2256525424743528e-05
0.0027109316309511,2.055157015098925e-06
0.0082266823556158,8.819512618803193e-06
0.0141424614775928,1.839999264799024e-05
0.0036803083685076,1.04034701252525e-06
0.0114871261794649,1.774973007247558e-05
0.0101535174756972,1.6677414936171143e-05
0.0187658787849851,0.000164452402581267
0.0077678331028824,7.115913839578982e-06
0.0029726653918815,2.3287223783510785e-06
0.0062463906766337,4.126997559240435e-06
0.0008262333018039,7.1169546431633415e-06
0.0029472635746708,8.052406841535884e-07
0.0055868910357609,3.5135277458908835e-06
0.0108689802773692,2.0996970125349665e-05
0.0133613024484885,6.168208995443352e-05
0.0147128717009749,7.110409187591699e-05
0.019260761714637,0.0001190597246321859
0.0026196924123448,7.609519397068212e-06
0.0160529873181514,7.443686256089478e-05
0.0022269248720719,8.680750744318337e-07
0.0159954678037329,2.3899079185607706e-05
0.0180721851772111,2.3482174290452357e-05
0.0080257543493585,2.6551771067437468e-06
0.0112157271593502,8.930280017637359e-06
0.0092962469956732,5.4231456736004555e-06
0.0106797483016584,2.256808543513801e-05
0.002973782848217,2.4410092855233674e-07
0.0037169103686933,4.365959030794867e-06
0.0128596889055356,2.145838077675312e-05
0.0119835488330136,9.292453011997623e-06
0.0053464641969904,3.7671541336687127e-06
0.0036629164884151,7.030585871709545e-07
0.0093067548720119,1.8292993255221266e-05
0.0117616027925729,1.4702717534196965e-05
0.0122982862928926,5.767523597561534e-05
0.0085077197367261,1.3263287453011684e-05
0.0020003053989032,7.460374070607104e-07
0.0019608347658507,4.274267354654921e-06
0.0183395317478417,5.661182030838362e-05
0.0129845246349994,4.507533938196981e-05
0.0192624647334488,2.437050809321304e-05
0.0159352395504007,3.877102701369012e-05
0.0147104422029151,3.637255773980993e-05
0.0141473750075312,4.218785109423325e-05
0.0101339766368276,2.5484963423973e-05
0.014067773969692,3.554626053032206e-05
0.0096143958906049,1.2305323440283438e-05
0.0151101830091311,8.099827416188941e-05
0.0011196201864944,3.919327471293119e-06
0.0060700780367459,1.1920064817776492e-07
0.0192874131076208,9.262135477984537e-05
0.0041224310833479,3.428588312909872e-06
0.0195248171344002,6.248922590372065e-05
0.0154360915534105,5.588705611220304e-05
0.0038560004062861,1.5825719102513853e-06
0.0196491081473902,0.00010820632713130399
0.0052012986033408,7.845585562591061e-07
0.0096727688475322,1.0309222986220794e-05
0.0130020162495601,3.426575602411529e-05
0.0078330599070185,5.124110699174984e-06
0.0093921642702561,2.2395748918779787e-05
0.0137638773076907,5.727029788942602e-05
0.007342006753651,3.3950290293124606e-06
0.0100391544004096,2.0104415393591275e-05
0.0092734374149988,3.798014392257531e-05
0.0165473791882758,8.182641879457793e-05
0.0114184468296752,1.4127027799045052e-05
0.0143131741828316,7.677710596486815e-05
0.0050431149850669,4.548116640347122e-06
0.0154414026738852,7.93637506471339e-05
0.0026817375897735,4.6509257893873726e-07
0.0155280274104001,3.2509369262786354e-05
0.0197333206747666,0.00011853746615162745
0.0137696143451327,7.499258567211031e-05
0.0106375214139768,3.3643251450155593e-06
0.0021403985586599,1.0943733384744017e-05
0.0004604765892448,1.4222292658030805e-05
0.0079649730060631,1.1382315781213761e-05
0.0013439673246479,1.3788559252712188e-05
0.0083086596349198,1.1657604382509499e-05
0.0071900984147358,1.4076202869804542e-06
0.0011820867026213,1.0363466831748988e-05
0.0187761204559455,0.00012508037207851767
0.0040738182619953,2.161870672158126e-06
0.0147917906106588,7.297278986200244e-05
0.0146943333021333,3.343584764660848e-08
0.0017243621834433,2.2536817692613918e-06
0.0149634513360368,4.5862934407380934e-05
0.012627775172954,2.0044614770806117e-05
0.0138788980923875,5.979369076136602e-05
0.0183822559778671,2.788770551151831e-05
0.0088781266511302,2.2635535845470716e-05
2.3355767774524417e-05,6.4318967212216e-06
0.0184324582353951,6.072459380729379e-06
0.0077144638100373,2.193479072090492e-06
0.0057863773889864,3.2508927517554813e-07
0.0083123388049864,2.2713606812667542e-05
0.0103949267392137,3.4122520905848454e-05
0.0030880964603781,3.3303314191664976e-07
0.0101739097412122,1.4237610410099324e-06
0.0094508133783936,6.233291776931357e-06
0.0088284825422908,6.622352751977712e-06
0.0012040993600674,7.210999832863773e-06
0.0113846686310241,3.558863488991221e-05
0.0070228655403043,1.7888669543693416e-05
0.0138047793493258,1.7484588034916174e-05
0.0114791769091872,2.8895160971597926e-05
0.0085318545198885,4.870096038007088e-06
0.0074738090049317,7.90578743633359e-06
0.0150559911884178,1.35882855493873e-05
0.0091446032272346,6.09505682888383e-06
0.0069775278577147,3.710174639189564e-06
0.0010008978759396,2.168268248553013e-05
0.0012389836820666,3.6303805089938945e-06
0.000781853402483,3.8008502520005055e-06
0.0153240744886624,7.875901282401229e-05
0.0041129504512487,9.107268793790987e-07
0.0032653670121176,2.4440605662895683e-06
0.0026064544758706,2.587062808347435e-06
0.010602770368843,1.969017596205158e-05
0.0105592551848926,2.8015266809269758e-05
0.0104054716627951,3.730891049899344e-05
0.0192216586589473,4.724401265433961e-08
0.0097889542920456,3.4436234306828267e-05
0.0159522052491574,2.1525381697770208e-05
0.0110114065640139,1.5701234952916177e-05
0.0173274344289019,3.4421161910784335e-05
0.0066765280250751,6.355733271729513e-06
0.0071465164632073,8.7162767527287e-06
0.0096215678702237,5.17578681136082e-06
0.0174826036081677,8.438066753499977e-05
0.0185933487166072,1.4271140682819587e-06
0.0148638918710385,7.590300282537969e-06
0.0183091491714134,8.446717320357853e-05
0.0054096022899407,3.3167961372145065e-06
0.0176725174280414,6.666395680838652e-05
0.0189213984156395,9.512756423189845e-05
0.0191844804054335,4.905093143660502e-05
0.0121683509534755,3.337890317879353e-05
0.0093690302326188,2.068370504485311e-05
0.0066926109461263,2.148875492459322e-06
0.0178986337609392,0.00012962187239579716
0.0035205586071977,7.058524703357725e-07
0.0199734827699844,8.797396123065403e-05
0.0180855463889864,0.0001103948614437053
0.0048698337752181,3.604651848491989e-07
0.0068552686514124,1.682860802319786e-05
0.000424118621806,4.733084958001176e-06
0.0008801697438614,3.729491077634266e-06
0.0070530277040493,5.226952206489775e-06
0.0085137780022692,1.6386199328066272e-05
0.0049879563842411,2.4784971206202553e-06
0.0051444283062411,8.225017497659436e-09
0.0152463661805121,3.606696438621039e-05
0.0058617198374997,6.572254874483559e-06
0.0051271404138241,1.1021454160372148e-06
0.0057576031617502,4.7623475087036515e-06
0.0170790350301682,5.189336404102422e-06
0.0080748416709671,1.5399960063063282e-05
0.0004688376492289,4.300005682295403e-06
0.0085332074553663,5.108716506165796e-06
0.0050175501935056,4.984826094028108e-06
0.0038146623504389,6.306930611617227e-08
0.0132025332954795,3.702391189680205e-05
0.0102911429525069,2.437859676791446e-05
0.0139353005335174,5.176130544453791e-05
0.0084190891311008,1.3025238883504494e-06
0.0012428045643505,8.695969989153466e-06
0.0199387077074057,0.0001297350703308235
0.0051538143894598,3.3048062960702153e-06
0.0028925287006087,1.1645685991196169e-06
0.00101844776194,3.5059042820701884e-05
0.0115790723628581,2.419407116633392e-05
0.0129885359720369,3.8610359745827716e-05
0.0162499841796306,0.00010410801888032569
0.0050641533350166,8.713922497999616e-07
0.0193403034654408,0.00012485206496805747
0.0152497763124761,6.1409520041707704e-06
0.0115778778577022,3.332605196688661e-05
0.00391666545925,7.777138749680905e-08
0.0062118817992934,1.776048492363973e-06
0.0128619557106856,1.6224721861861626e-05
0.0067086521460651,8.703515255476562e-06
0.0042678598585295,1.0455157998589046e-07
0.0138927535873878,6.374387461696283e-05
0.0116406513457247,5.330730932971191e-05
0.0031168467396918,2.4179927853514704e-09
0.0123530079212663,2.560311110790895e-05
0.0142696751896354,2.8585703629258728e-05
0.0083414873521409,1.055090008032396e-08
0.0031457640526282,9.083964780464751e-07
0.0156147989276198,4.429417990234907e-05
0.0044928636203507,5.127802810245644e-07
0.0069131014408054,4.347424804614298e-06
0.0150514181914066,5.549949065260007e-05
0.0156599466152518,0.00011704639508976073
0.0045572974951945,4.4810857678224464e-07
0.0027124281251652,4.2244443576134006e-08
0.0152201868323791,6.500407467252281e-05
0.0182909721475948,0.00017717183370232872
0.0101277272025462,9.56069183707767e-06
0.0100442358777406,2.6766661687943797e-05
0.0044482362694416,2.7474093284561007e-07
0.0167776678490488,0.00011229517672748164
0.0075077220465819,1.2021934452813555e-05
0.0031733568906763,3.422693350445886e-06
0.0183337605803965,8.665304021624787e-05
0.0009382180953416,4.931684380377526e-06
0.017703258068383,2.528432159643094e-05
0.0159370116037927,5.323435521621009e-05
0.0085138637644986,7.92873687662228e-06
0.0170187573137862,1.4113631861988303e-05
0.0041415698499198,1.7304392485796503e-07
0.0079603877765122,6.782329780666291e-06
0.0199205522819285,0.00015824377027786913
0.010245926357778,2.8007003052919125e-05
0.0007014908914166,2.8843419938775247e-06
0.0006879444197915,8.584096446711955e-06
0.0123792801953116,5.683572459164993e-05
0.0056889916471933,1.1720908219722495e-07
0.0087158326172552,8.313820135057233e-06
0.0034986301347586,4.0425043245768605e-09
0.0082888644079807,8.598261697973504e-06
0.0118790825790548,5.125711612540386e-05
0.0059272241474973,4.270416430441921e-06
0.008680276338876,2.502304743063214e-05
0.0058507145271931,9.729933813749506e-06
0.0008714235375911,9.10419143676293e-06
0.0176785351238703,7.842081759649926e-05
0.0008082986854317,2.910929651475914e-06
0.0141940483452318,2.8973622154636822e-05
0.0085506368314982,7.365091205489468e-06
0.0145314713575024,4.8256747406215145e-05
0.0028322594817614,2.4036837861689253e-07
0.0162618145597717,6.427239687405009e-05
0.0027619427745573,7.877635540077552e-07
0.0194960915281686,0.00018371396313486286
0.0150441668223931,1.3269770696049772e-05
0.0175583261308275,5.696577842704634e-05
0.015795969374366,6.760685392106132e-05
0.0013849573941245,3.066803012948686e-06
0.0185940383341725,4.5413913691946545e-05
0.002504529452307,9.394351179399709e-07
0.0120524991751701,1.8883700911922414e-05
0.0190672025440064,3.4390314217819733e-07
0.014872622121044,4.388730337407697e-05
0.0166600943926415,6.709023612657231e-05
0.0103168373169296,2.798619851277973e-05
0.0068887358845206,1.017445545633e-06
0.0169407009529192,1.4127228830552753e-05
0.0186449830437956,0.00011800046261044264
0.0199682017112813,0.00013694237317260504
0.0133095014110723,2.4853292294048487e-05
0.0160001038395194,5.671403929792555e-05
0.0121481197921203,1.4210617211994758e-06
0.0092272882944786,1.0266535436334684e-05
0.0189382354968444,3.876394494943708e-05
0.0182712726760604,0.0001231650331997921
0.0062293629934702,5.453437097298211e-06
0.0081001823655158,1.0445258197701012e-05
0.0099100343093732,7.557902476180589e-07
0.0097696751842128,1.1852297912295579e-05
0.018553010859431,6.0003236471181105e-05
0.016441291545443,6.243479652368575e-05
0.0106090360375821,3.585405457213392e-05
0.0168419038001765,7.251933947598774e-05
0.0177481228954945,8.394953556847223e-05
0.0166841946107693,0.00013836089438750112
0.0169973671402028,8.0900178507041e-05
0.0172669012807755,1.4391408679900134e-05
0.0146716154339796,6.373453636549032e-05
0.0170693100444714,0.00010682898991163528
0.0018474856514514,1.045040870076236e-06
0.0028869908088602,2.01992020729346e-06
0.0105348614245817,3.0115315747101133e-06
0.0009796537321703,1.7846962737577628e-06
0.0181040795547276,5.900570811811823e-05
0.0078019383667401,2.0580797644855164e-05
0.0048024480685024,3.5387942326534314e-06
0.0056043513727927,2.8854083928131104e-06
0.0003320232323992,6.77641411624352e-06
0.0055795397528019,3.0721389589281786e-06
0.0053432862415661,4.0346792858365774e-07
0.0017320284242949,8.515783886075385e-06
0.0165792451048386,5.072868937999056e-05
0.0138876053062133,2.815211928937473e-05
0.00440857413817,6.470955303753738e-07
0.0141562612424299,6.9043735317221635e-06
0.0059422887487187,4.76721852484028e-06
0.0187600329902752,9.124599075951017e-05
0.0076602452777128,3.850161333617903e-06
0.0158852820076279,7.758988260439722e-05
0.0031184963752606,1.7225349203273739e-06
0.0107330423657695,3.910231937339775e-05
0.0073538428605293,1.246955936700121e-05
0.0060513595273264,1.3876331140112947e-05
0.0177757360426724,5.089508641235725e-05
0.0199225809457035,0.00011476280660427886
0.0082001881307353,5.822220403905823e-06
0.0007614081788354,4.654201292882925e-06
0.0059810080958388,4.549537953281227e-06
0.0087013926582659,1.597736888438319e-05
0.0046361897869349,7.272003415211071e-06
0.0072861182357589,4.220167833784355e-06
0.0023295420688916,5.103110325494071e-06
0.0079985182898142,3.2952907075999745e-06
0.0188934114548568,2.1451999351397525e-06
0.0059453219378313,6.2766735924348145e-06
0.0019181280184659,6.036723426546458e-06
0.0033963359240303,9.162921822181386e-08
0.0033140564386271,3.0369582289653884e-06
0.0020653116263373,1.6468066484277712e-06
0.0052720136756457,2.1685174889705346e-06
0.0085485001445516,1.923473307846668e-05
0.0121994531170335,4.363218022175843e-05
0.0019792762883649,6.043198787668027e-06
0.0085919807998023,2.654297932923894e-05
0.0159897016586036,1.392731611479869e-05
0.0170916172955716,4.7027564201318066e-05
0.0153643755339185,1.06383070966634e-06
0.0075063503821188,2.5863878420137772e-08
0.0158494541811766,9.152728962530398e-05
0.0064634993863072,4.039896162164751e-06
0.0125413851318697,3.327571619240551e-05
0.0080905054691614,3.0748971798387532e-06
0.0130424053567815,9.90366046624751e-07
0.0084194515073627,7.774361837556712e-06
0.0100424207914647,1.4157822679590968e-05
0.0012737625909168,2.3394133130286834e-05
0.0198393774221353,0.00013034433541345925
0.0094614139389621,1.7840322358838064e-05
0.0167098494615822,5.0009470182804076e-05
0.0165199433498185,8.036759564153714e-05
0.0053652042097129,5.117215458597618e-07
0.0167887624693739,1.664099556807302e-05
0.0066322622616439,7.116296902312793e-06
0.0133862175615233,4.789090701169541e-06
0.0185283743913367,7.176168348061358e-05
0.0106827110142953,5.636796624089622e-05
0.0136039545597894,2.7862235481986136e-05
0.0175104240205694,9.771635872737453e-05
0.0107472529936652,1.7390788469441302e-05
0.0145062055548122,6.851895145963394e-05
0.0111277974950892,1.0122564291165202e-05
0.0049722754764778,1.605529722651381e-06
0.0035405809462123,3.0698836426861624e-07
0.0056676434689838,1.3448949539159637e-06
0.0110042262078298,2.485662230024999e-05
0.0037811230118569,2.2274545259246567e-06
0.0068674198072123,3.5679166064519277e-06
0.0077159150480108,6.261195490000439e-06
0.0041282632315264,6.406177226507118e-08
0.0136069726921784,8.115518576185867e-05
0.0133479622234246,3.9477047765521974e-05
0.0033720468762205,5.437200172362245e-07
0.0136745454348055,4.8801820934440736e-05
0.0113073301068228,1.4859179827148777e-05
0.0119226808599271,2.646665911083676e-05
0.0004166541562759,6.750750915720973e-06
0.0120937312163466,2.0209353997541572e-05
0.0060415282021658,6.744175576744901e-06
0.0149016673314327,7.77245415382167e-05
0.0197982548719187,0.00013102727694144987
0.0171429973652615,8.462217570768105e-06
0.0199754198980148,9.280100151104744e-05
0.0089894563184407,1.176950534450623e-05
0.0013354183154887,1.1366421585266549e-05
0.0143320271549271,6.495665487122908e-05
0.0034789609022022,2.3716812891997505e-08
0.0125722160683649,3.2246087957683925e-06
0.0034522203502252,3.7812695217266573e-07
0.002459686843282,1.1313479955745272e-07
0.0166827979729023,6.498346095962726e-05
0.0157361169810289,7.208076203485664e-05
0.015722352901165,2.3517360350707493e-05
0.0126060945193237,1.9870292148057375e-05
0.0170027610648011,7.054819318655042e-05
0.0172039816132514,9.920956878532627e-05
0.0106309158504641,1.682013178343677e-05
0.000435966603581,4.849595332704737e-06
0.0198794742397651,2.4155804779042627e-05
0.003810675496042,1.0927674527838665e-08
0.0061953680351981,5.62863143728555e-07
0.0047610345869781,7.111328701454843e-07
0.0150797720986427,3.42391881131389e-05
0.0086793197082881,2.2977464940272125e-05
0.008077103575284,7.227236203139992e-06
0.0115842005034094,5.38592441442328e-05
0.0149746591800933,2.0898715396688787e-05
0.001119199282571,1.6835688555641687e-06
0.0136106965822578,2.5876038912015135e-05
0.0152085223644811,8.174460199540654e-05
0.0130232830317211,2.6753446859013123e-05
0.0151115029237759,3.348112107452469e-05
0.0161190738204734,2.913826683667613e-06
0.0183433649989898,0.00013150858282522625
0.0154739074344552,6.456808781290712e-05
0.0063190625385447,1.5784790293437553e-06
0.0194644861672193,8.538760713499653e-05
0.0138201387808893,1.859376388041603e-05
0.0109029515659792,1.38488441450362e-05
0.0128887589207889,3.225064109301755e-05
0.0058460642380765,4.486064031720243e-06
0.0070677923182267,3.4834679939304564e-06
0.0062934753768005,5.8970511802458905e-06
0.002919565946845,1.206019458265378e-07
0.0065474765572068,1.8826411956843317e-06
0.001074355127749,2.0401317298487872e-05
0.0078626434373738,1.8144211458942578e-05
0.0016679825149111,4.400643958380941e-06
0.0073381097514072,1.027737355432051e-06
0.0093588891774913,2.5715423038231253e-05
0.0138064802911174,3.121523252945506e-05
0.0107588670846482,4.896177438425729e-06
0.0068225456990173,3.5777757840815114e-06
0.0118453997536095,5.232071322524632e-06
0.0082616436493041,7.059996897001897e-06
0.0135009059897764,4.194013654959456e-05
0.0127656390180988,4.5923887636935004e-05
0.0056019035805127,6.448600746923192e-07
0.0096717082388013,4.117880316927358e-06
0.0049720754963892,8.027754684813883e-08
0.0185200051112557,0.00015402680170599058
0.0199068962144541,6.184906349819105e-05
0.0112147209356332,4.3844675530678605e-06
0.0032227178875663,5.900917769350879e-08
0.0019123637681244,8.011718870123393e-07
0.0025975626471166,1.5297062401971042e-07
0.0085358313830221,1.8998108758017708e-05
0.0117869567805626,1.4164725228062052e-05
0.008474772577874,9.344335174001152e-06
0.018061274662815,4.472870470626093e-05
0.0048146637324661,1.8258464662353502e-06
0.0189243898314524,6.762389920554509e-05
0.01988185024757,9.121715446201478e-06
0.0120559084629909,3.637205335765466e-05
0.0195065096361068,0.00016300582197360453
0.0154275582408732,0.00010013278145777232
0.0144115652965312,5.9474749523470314e-05
0.0066412383441664,7.05619422953052e-06
0.0083566725613943,1.2547131683798062e-05
0.0150402236193304,7.507120573916498e-05
0.0139254353346651,4.699728981952456e-05
0.0182613473843147,6.176385837345872e-05
0.0044830019418693,1.0928771841278058e-06
0.004248373587596,1.1832825986771511e-06
0.000747901019217,1.0983741028067675e-05
0.0132140047744477,2.546801269852581e-05
0.0128186230844224,4.549723154843978e-05
0.0112150960557971,4.460048292966409e-05
0.0020372139437824,9.45459162176144e-06
0.0089272506145258,4.770741873055283e-05
0.0095062846978093,1.2001875681262932e-05
0.0038711178658142,1.5132559280385527e-07
0.0156482543137185,5.576877317431032e-05
0.0099202251240461,2.2109881815957942e-05
0.0062806881562603,7.776980054710114e-06
0.0054930862057385,2.9742026042281834e-06
0.0192395481540262,0.00015685336190920924
0.0040195755712878,5.304120522922889e-07
0.0133623906935168,2.8663850350998285e-05
0.0195687467938351,1.2715868012240748e-05
0.0020971022180002,3.5895493182789572e-06
0.0081184569614819,1.5929546731892624e-05
0.0161158200267619,6.363659223218689e-05
0.0139865744846529,5.792298270659013e-05
0.0121367756856254,4.7615886976142864e-07
0.0180815886013429,0.000140861736320322
0.0041135765253684,1.3838785191855738e-06
0.0007439594694519,2.717577445393487e-06
0.0099926873369695,1.591228588844809e-05
0.0174182583001259,3.5365477658120086e-05
0.003140692859134,3.775254726769467e-07
0.0119518760161963,3.560332950099731e-05
0.0056751123402168,2.7907686415078823e-06
0.0122027876420609,6.923497569895289e-06
0.0001505984088999,3.4499966049070397e-06
0.0178649215335889,4.122062906542999e-06
0.013585440108788,7.778907908318375e-05
0.0161854787726252,1.0276711533594147e-05
0.0102651641628335,3.2238383313555435e-05
0.0159308827696842,7.47396651032673e-05
0.0026800030070241,1.1824983191481209e-07
0.0140699813679473,6.3045632099391635e-06
0.0017596057020508,1.2936804831237401e-06
0.0196973188035903,0.00022282107921091783
0.0100073350603575,4.416489414313632e-05
0.0033185470685103,5.463777597864995e-07
0.0112483644445177,3.484711732889819e-05
0.0099527857243327,3.717105212999048e-06
0.0107281060150819,3.2128319294134346e-05
0.0119272498302926,3.087883792446815e-05
0.0054331441309639,5.834497235828687e-06
0.0132782099215175,4.242602159173343e-05
0.019337813063203,9.686983379333186e-05
0.0153864817833938,8.195887943408246e-05
0.0121748659120673,3.174757371029608e-05
0.0139841651209106,2.2994819875265176e-05
0.0194366186049181,0.00010960247959534223
0.0022170424521996,3.6383244712141387e-06
0.0099007034458768,2.3515657647369882e-05
0.0181747674190317,4.382188511862755e-05
0.0184476919984634,0.00011592767202596122
0.00512235456576,4.3949553106041873e-07
0.0158405449505075,2.186284965232758e-05
0.0189628781372706,9.203497726401939e-05
0.0098170711966881,1.5019720378412079e-05
0.0094079497804971,1.2009050351065253e-05
0.0031549262421549,3.4469330302409772e-06
0.0173375292747374,9.432806738502738e-05
0.0005103663531663,6.13615442655493e-06
0.0075089511758555,1.3643657098119352e-05
2.9153984907717148e-05,5.041890192393151e-06
0.011137200519942,3.422726144413667e-06
0.0182085805919325,6.282813207702408e-05
0.0158784923547579,0.00010007899367354546
0.0128190391856001,4.482121687615215e-05
0.0096104108013284,1.403758314978695e-05
0.0083910341388383,1.613504618160006e-05
0.0082220280377838,3.5912884124153296e-06
0.0080115573472687,1.549893971006283e-05
0.016824004617474,0.00011950386504012052
0.0080425942850109,2.3260754613969343e-06
0.004885942932318,2.3773414277476076e-08
0.0115789788091289,6.223983935439896e-06
0.0113544826754387,1.7838829824370053e-06
0.0039154377516005,2.686482509039618e-07
0.0192431309914441,0.000114964394214499
0.0183054636562124,2.7893066594548132e-05
0.0169431527997073,6.586391032964506e-05
0.0027579330382696,1.1321785423381235e-06
0.0096274510973562,3.83644655419297e-06
0.0056781022967963,5.407274783985111e-06
0.0058263506999503,1.2405996667035595e-07
0.007091324137052,9.237988669658762e-06
0.0061907710982994,1.0344451274421054e-06
0.0025030237102967,3.4719462911714056e-06
0.0165115879932906,1.311458348809782e-05
0.0107671109906781,2.252720964233727e-05
0.0198627945264021,2.6245576157106844e-05
0.0151954905437129,0.00010840210996379494
0.0006038645366536,8.386959317822267e-06
0.0022175335609774,1.625396174487559e-06
0.0020247945690747,2.9171472723269705e-07
0.0143486555882517,6.845931602115106e-06
0.0173147988741288,7.60180338878807e-05
0.0132247822418961,1.2468069033196678e-05
0.0081507857574036,5.092837353551342e-06
0.0120608543245356,3.691572076939885e-05
0.0097946562164452,3.183940682771871e-05
0.0190492767871056,1.878036853157514e-05
0.0087925734740495,1.3593387148329739e-05
0.0082933709064029,1.8299819287351004e-05
0.0154290167022239,2.719796304289672e-05
0.0178653390203395,0.00010918017802444292
0.0086539603995425,2.6423427332698816e-05
0.0034328149884404,2.1562819227877765e-06
0.0036614343006574,2.168275503333464e-06
0.0062085849226748,6.739453055149615e-06
0.0051713433246345,2.6112447791271125e-06
0.0070759942087113,2.9432816184894926e-06
0.0178659353999027,0.00013312039143348063
0.0094151575316079,1.3343303593126518e-05
0.0101875224553525,2.9878099126965416e-05
0.0178248731616298,3.807209231053768e-05
0.002195639308263,2.902108336549593e-06
0.0058486218273752,2.397248471089842e-06
0.0097679340820463,1.235320426785386e-05
0.0145515529814863,4.903226615005293e-05
0.0188219472937814,8.02290585885497e-05
0.0031697592643447,1.3893785178858797e-06
0.0125068415262109,5.86408626195391e-06
0.0033103161326173,1.33594362586755e-09
0.0087505586248783,2.402725388858207e-05
0.008695535683167,3.0464158461148245e-06
0.0037852181909795,8.168323814730512e-08
0.0046414391926944,4.147045521814505e-06
0.0105599538583891,4.077449318087182e-06
0.0116230019504133,4.1952337563376375e-05
0.0092515343498175,1.6754776734288598e-05
0.0071898474496467,4.234446892734095e-06
0.0135449066631967,3.0809237054867214e-05
0.0115615346701357,3.742963735083605e-05
0.019825499996016,8.048558561895304e-05
0.0084619868443562,5.035949956219091e-06
0.0002221602971519,6.418846575889136e-06
0.0076130137842779,6.14396960791652e-06
0.0027312336524181,4.7453305895409013e-08
0.0054329440286608,4.268205430448311e-06
0.0167033449920924,5.507375734996253e-05
0.0178402108743724,2.5638415193871536e-06
0.00155363704911,4.579327578213937e-07
0.0156592333510303,3.250935127222598e-05
0.0131503212993116,2.9644979875599e-05
0.0078282562085038,1.1293459134374324e-05
0.0112397116184595,4.820433042515094e-05
0.0125409946696316,8.49832476401944e-07
0.0189094862523731,0.00014310142162285785
0.0156514527129803,5.927321114517716e-05
0.0084187462431028,5.816560985632806e-06
0.0165797355107594,7.31425242178294e-05
0.0098447262162686,1.2451516715299493e-05
0.019207577226803,3.4815624321673224e-06
0.0063513020358731,1.622320400571568e-06
0.0164697702435453,4.186892102645819e-05
0.0123637469405764,5.342842659976739e-06
0.0018567856757972,9.744602183013722e-06
0.0164176174380144,8.00739818298312e-05
0.0106949104156686,9.258345598172903e-06
0.0064098672839182,4.841720215156939e-07
0.0193558165716525,0.0001323482697410991
0.0157608736832563,6.306973815524636e-05
0.0042272868113978,8.159097103174059e-09
0.0171342866912802,0.00011835693576222098
0.0024831662085312,1.6005328255931847e-12
0.009372770458099,1.810298174249013e-05
0.0096789252410207,1.8297445980944274e-05
0.0169786346307993,6.88190876501554e-05
0.0144558860294447,4.4082151355106144e-05
0.0151711413738435,6.849467599871634e-05
0.0173197395681308,9.321741445292777e-05
0.0007358537627969,4.458312991823507e-06
0.0142317382921389,5.503225487691035e-05
0.0123873037032882,5.406142436812006e-05
0.0171192825492182,9.729821705991853e-05
0.0002779055707422,1.3272950025778668e-05
0.0008276486013024,2.802317370150168e-06
0.0150510474771999,8.43494015315378e-05
0.0178121123444365,5.2571936791641034e-05
0.0132709867242624,3.15567540359998e-05
0.0152466474997118,4.516820181104422e-05
0.0008931842181921,6.678594468567144e-06
0.0116548610992568,2.4063275094424626e-05
0.0189032407578058,0.0001448506595212597
0.0188178847031558,0.00012733405987019425
0.0146160249360183,5.481655173788352e-05
0.0184903144101434,0.00012042659401465177
0.0026580986025485,9.515297673221154e-07
0.0060295815801358,8.903757559131803e-06
0.0105223802405097,1.1444018937082284e-05
0.0133251748683998,5.3112556938392156e-05
0.0007242054140291,7.309814097282901e-06
0.0165759591955478,8.810993200867547e-05
0.0125395351904866,6.735742737169047e-06
0.010026837976348,8.535026527895986e-06
0.0084407503940814,1.2420276362460151e-05
0.0164927331427586,6.325038144808127e-05
0.0096975704222504,2.1274810792222752e-05
0.0005147367229385,6.587168499238803e-06
0.0113619007695092,3.247247526315154e-05
0.019004921302637,3.9908580990226684e-05
0.013602075806437,2.00346033657496e-05
0.0089046335804223,2.1760043132177824e-05
0.0027322520537634,9.564854482437166e-08
0.0114495160365724,2.698206906612879e-05
0.0048722931624311,1.2696140376635744e-06
0.013776486731425,3.909612321941142e-05
0.0197472734960278,7.989623563641993e-05
0.01906035912383,7.469122959347064e-05
0.0172726682176077,8.790425405200289e-06
0.0187757997298034,6.438569773928586e-05
0.0142596503310141,2.5740561125467608e-05
0.001753018120187,1.1709370791455251e-05
0.0010549337869766,1.6210827446802247e-05
0.0114938479805643,1.6734577905214107e-05
0.0067622487435073,2.6920373434640574e-06
0.0121122920218845,1.7776430789953687e-05
0.0109634950443947,1.0309584548057922e-06
0.0094902342449926,3.061885485418305e-05
0.0100840271863478,3.115592077577561e-05
0.0059061077220827,5.771460966023969e-06
0.0024797852987786,4.3212200898005366e-08
0.0095381989914287,2.171435256399246e-05
0.0191647467703565,4.280759992196541e-05
0.0051260934088759,4.448808642334872e-06
0.00599793445674,2.503861610992339e-06
0.002707197967872,1.920005165386663e-06
0.0188126160213724,0.00013384255786260595
0.0162149424219254,7.851496988998508e-05
0.0110206363474095,1.7501070314423802e-05
0.0064143474975239,5.292324313169116e-06
0.0150998072392278,4.172811521456575e-05
0.0183973078177913,0.00011778392655318339
0.0127017378389801,1.3597911616657073e-05
0.0032782737691122,3.4609835985455294e-07
0.0094928787314762,1.0975500603411609e-07
0.0182353011381428,0.00011436676402570033
0.0121968257465675,2.6735821382174022e-05
0.0057256972118949,5.379282763836811e-06
0.0118677704768689,3.4739024204337814e-05
0.0075181708835643,1.4933802314798397e-05
0.0121673964762226,1.6848562185617319e-06
0.0081313591616295,9.125596216334334e-06
0.0109406458733361,1.151211750142053e-05
0.013271249934527,2.6697668670206193e-05
0.0116998847005334,3.282456374846577e-05
0.0082434392650109,4.571922118173068e-06
0.0079072503009086,2.22055015076653e-05
0.0017015140122761,1.5083106047537187e-06
0.0036086893086198,6.116842849342649e-07
0.0159415761114846,6.0687004973026944e-05
0.0077620676768963,1.6322228248735593e-05
0.013740849890011,7.597462218808227e-05
0.0170676809975667,9.095675048640601e-06
0.006974963562268,2.2810737089259973e-07
0.0196576846383832,0.00013428815252338686
0.0121657194670128,2.7021671130673036e-05
0.0042882508165381,4.7446774523270077e-07
0.0036859525904972,1.3286367914557243e-06
0.0041407011234463,1.7022305931530914e-06
0.0020710828070224,5.8454789188905376e-06
0.002765943132654,5.366115631298029e-07
0.0006236842584048,5.624716344724016e-06
0.0026266077413818,2.99702302272972e-06
0.0114797981260115,3.5558272916942315e-05
0.0090135049793049,2.6762073623077414e-05
0.0189429910114988,8.36917062941082e-05
0.0141207127932124,3.114383737757627e-05
0.0076789336207206,3.646445988126661e-07
0.0191509924076933,3.919263005332607e-07
0.0157358397989831,9.887180318227291e-05
0.0198406869964756,3.6996860637798735e-05
0.0086293478496653,2.4020535966389043e-06
0.0025815089422575,3.823615081764976e-06
0.007370552158634,9.418046232475205e-06
0.0153020379992529,0.00011973846488546245
0.0020316743005808,7.84963698104559e-06
0.0005873564745556,4.579526394945844e-06
0.0074692644308402,1.2920663765885507e-05
0.01366082377144,4.412083615203602e-05
0.0104642486559003,1.9089149030911567e-05
0.0092883324217014,2.422011364344263e-05
0.0183368661812617,1.9696455099776145e-05
0.0030408789326113,1.274294227978797e-06
0.0136448301164729,2.2325894830902475e-05
0.0080201968336639,1.7449556875084935e-06
0.0080275735764352,2.679900506480533e-06
0.0189495154445721,4.986770736695512e-05
0.014674824957415,4.025862841256471e-05
0.0074276851858251,2.498506609777868e-06
0.0063005107311323,3.908881781203574e-06
0.0087581328256823,6.379855438307645e-07
0.0156977850858836,1.8130323721144022e-05
0.0052805863067212,5.96726089754746e-06
0.0130760928493451,1.9964000360841366e-05
0.012656670144344,4.6159570312085273e-05
0.008354094511621,5.693632378382873e-06
0.0151390073615495,6.475797002376939e-05
0.0062404672692777,7.054305321157542e-08
0.0091079139850024,2.4079398894591336e-05
0.0152700136671357,4.755379753028341e-05
0.0143768666546355,7.85256598706821e-05
0.018534525109156,0.00017802941436337847
0.0102124151979887,2.554433885708847e-05
0.0147212287181917,8.10750363989489e-05
0.0065733917641162,5.613678075440009e-06
0.0073048836923391,1.244388279107375e-05
0.0139009095925174,6.789362320816659e-05
0.0118345085368521,2.097905514853645e-05
5.259215281161467e-07,7.169358164902102e-06
0.0034326017584807,5.651985193120225e-09
0.0028697289568124,2.803640450759032e-07
0.0056264462202578,1.1204191081896259e-06
0.0145101996838142,8.90350804167158e-05
0.0055026568517483,8.566592831219571e-07
0.0073263714692482,1.0527043842875185e-05
0.0062596510364854,2.9431799791908e-06
0.0071701881351166,5.801613406535321e-06
0.0190333910834123,4.7816868809903826e-05
0.0106215735594592,3.327350841583454e-05
0.0186835507385642,1.2211836467511293e-05
0.0081826899719349,7.791139416996098e-06
0.0009187364832984,2.9989719615735085e-06
0.0098994988251155,3.594262339645389e-05
0.0029253545443755,5.685289948048915e-06
0.0079388928067569,2.0086401770452943e-06
0.0115469476464023,3.500997704943585e-05
0.0163168604892611,8.844549716350473e-05
0.0191828168848753,1.8635393154082663e-06
0.0148286163350062,5.101078398114173e-05
0.0111336153578168,1.3516351939375155e-05
0.0125831118064944,5.3241728351798864e-05
0.0157845177448234,1.9838197221676502e-05
0.0144935496547909,1.352772639467809e-10
0.001829285756671,1.2092417530541465e-06
0.0103609003531515,3.205361788601258e-05
0.0112919669464729,3.79323140740064e-06
0.0199561023879486,0.00012411814814017942
0.0075841349044473,1.6739048734915207e-08
0.0096269130776122,2.674631824851041e-05
0.0028653065743687,1.4537472445491224e-06
0.0195636347933532,0.00011976794346228844
0.0046665625426976,1.4040557432482231e-06
0.0145418381362877,8.134994255520364e-05
0.0015008620841367,5.751024857956781e-07
0.0011849184268158,3.2739353390040527e-06
0.0176243237140591,8.300865589124879e-06
0.0128909683963199,2.250413727386296e-05
0.0167452232559117,3.9456812790841484e-05
0.0199338712186086,7.256635777158518e-05
0.0164394912661732,3.073171947665923e-05
0.0070536047595616,1.371681832385243e-05
7.277690832068196e-05,8.497803115431236e-06
0.0149927487674132,0.00010488879949710806
0.0163176106112889,3.0039186935247987e-05
0.0062892164314005,1.8232940878630173e-06
0.0127612976324776,5.746347334632005e-05
0.0179538566797126,9.585017905385953e-05
0.0030957913674973,4.6879566572462987e-07
0.0065152522505575,8.70993718086919e-06
0.0170322167069814,5.034083807850126e-05
0.0182445444271745,6.903500204324413e-05
0.004998214603761,1.3773556065757387e-06
0.0079832663391249,5.616457844758243e-06
0.0131568867900617,5.5475929722674925e-05
0.0065881998358117,1.066905054666955e-05
0.0074269397783364,7.1513530049767815e-06
0.0018047116764811,1.1870293509512195e-05
0.005806746747711,7.235913799587274e-06
0.0148578372063316,8.997341431692021e-05
0.0097894626656859,2.429707966181754e-05
0.0181373545152283,1.3896592467949565e-05
0.0032624983727201,4.126659385301462e-06
0.0190652209946764,3.267226099985984e-05
0.0168597223094433,3.128445105902971e-05
0.0178222153186321,0.00013321009664551774
0.0143791604748604,1.6937344229988766e-05
0.0089278020894078,1.9020850628185522e-05
0.015787155130445,7.526693508263543e-05
0.0097818837241991,2.225079618425409e-05
0.0026999283496466,5.1723493222414285e-06
0.0175137300190896,9.222567047858845e-05
0.0103674333770558,2.424454777467037e-05
0.011143998264078,2.327887001767818e-05
0.0071344179616124,2.2201711493616064e-05
0.01951020717666,6.185546658330492e-06
0.0147870780335254,5.133994052169275e-05
0.007899605773702,1.0665973173078586e-05
0.0043101293563991,3.54913512526229e-06
0.0136271466235991,8.009795641784274e-05
0.0054787746163623,1.9817702813069837e-06
0.0056145582256217,3.669213485946922e-06
0.0061039213959447,8.719006102497917e-09
0.0092111091382008,1.4874242892942516e-05
0.0171886574403732,0.00010041196838942659
0.0189590296640514,9.805990614547443e-05
0.0068045536032773,6.055935039020972e-06
0.0075420277446999,6.50550682243996e-06
0.0179297268044445,0.00012765674548074793
0.0034233441086251,2.862024508355968e-07
0.0173737200539429,0.0001285348290969887
0.0051790211478157,4.476810501914848e-07
0.0089562352547813,1.7784770800681364e-05
0.006244297543263,1.2606612554872168e-06
0.0133816175301016,4.1583323564210654e-05
0.0060040186328549,2.476458144863323e-06
0.0019149392828816,3.2626599531712527e-06
0.0166927416493319,5.723659432625087e-05
0.0177553381350427,9.985584441620459e-05
0.0147480084139039,5.6912457806966754e-05
0.019856797693292,2.1547856477143717e-06
0.0056167885981088,2.4848247394749665e-06
0.0149963487570547,1.527378025313105e-05
0.0028995197541884,4.148450285823386e-07
0.0090210399146662,2.9182960063688775e-05
0.0018562503405638,9.315757573570909e-06
0.0098622034446365,5.4930785643778704e-06
0.0187934056938556,0.00010284325975056035
0.0030491285401068,2.330119127187723e-06
0.0048239268600473,2.872340193307254e-06
0.0037465653567398,2.4679278978887906e-07
0.0064702894640112,1.5015952991447774e-06
0.008051896244841,1.8496221029815695e-08
0.0001476222986638,8.745828851794367e-06
0.0103617847066082,2.617763418200396e-05
0.0186903838463766,9.999760842390788e-05
0.0042597487082104,1.6056931971080991e-06
0.0092233611263141,1.923577842057388e-05
0.0020141173658055,1.0175090074984267e-05
0.0067680545418819,8.697814101949763e-06
0.0055797724917121,1.6349646948848774e-06
0.0165651286324508,8.539432866220518e-06
0.0091065877874815,1.760976507413169e-05
0.0081156084661728,2.541925617407421e-05
0.0186709756908815,0.00011942102811168962
0.0179040532678211,4.47357160957207e-05
0.0182417063480904,8.306694934027933e-05
0.0045925368964842,1.5862316992063303e-06
0.0034137271094702,1.261412920234425e-07
0.0032885851894404,1.5553808873021323e-07
0.0075276669705147,2.0114014190552304e-06
0.0083414048594802,1.2083114613296082e-05
0.0145094166181448,2.231750546507908e-05
0.0021560145643752,5.66542594408667e-07
0.0197613745590751,6.107921814081765e-05
0.0012393186037305,7.67960074410251e-06
0.0139478357785856,1.6303083464427972e-05
0.0152361187281375,8.086849940835034e-05
0.0006422699237227,4.752063970848688e-06
0.0176161766908285,0.00015712223079415727
0.0120933678293027,3.646678716966175e-05
0.0041729742982445,6.517115013549311e-07
0.0173581393435608,6.337364398217448e-05
0.0037158530281558,2.4882310272946702e-06
0.0175098205680409,2.8099971697749817e-05
0.0102690628992164,4.211306342318067e-05
0.0142428798068129,7.432856977767113e-05
0.0139745390370644,2.2897440781946124e-05
0.017978173675226,9.13572803501692e-05
0.0085062935439527,1.2286579190182879e-05
0.0087266438241576,2.0014130270609728e-07
0.011702173457477,4.6295641561206805e-05
0.0037519521075375,7.1870482612354044e-06
0.0007597596113884,2.8889447924750142e-06
0.0079708306524991,1.84822889815006e-05
0.0086414397109714,8.428397055046426e-06
0.0040865990571834,1.6699754598142467e-07
0.0198075502652495,0.0001247358413744268
0.0007421670251923,8.119881913689442e-06
0.0022275248316665,4.615996685390668e-06
0.0188212924864043,2.2485991602732006e-05
0.0139603296721268,5.160777633730321e-05
0.0050711038875437,2.031091484642908e-06
0.0049341346620805,1.4089136311151704e-06
0.0059272034249122,1.1303475225149088e-06
0.0191112647695856,0.00011963306420047962
0.0168013139882189,1.94271845787768e-05
0.0029837655479092,7.673783994633935e-10
0.014201088924905,3.468858697988888e-05
0.0023025099531965,3.500994953283543e-07
0.0060540441032943,5.953208094462006e-07
0.0016984619556491,1.3229271937787028e-05
0.0102498806199231,4.457451716191031e-05
0.0024529063754418,3.803764219589651e-07
0.0142708487038317,2.1591777473172302e-05
0.004610435766751,4.785107218680739e-07
6.586851788501492e-05,2.022873658483078e-05
0.00480921402214,1.2056211645517487e-07
0.0136705742498153,2.724829313301168e-05
0.0034054414781261,8.949013374891398e-07
0.0183238639022044,8.930561227629053e-05
0.0097983155492731,3.231323649070248e-05
0.0167268943816097,5.374236989585268e-05
0.0057789295528957,2.572154744834517e-07
0.0106942801475556,3.163361719504155e-05
0.0172901482505756,8.301245185991371e-05
0.017337988517364,3.9860442301518003e-08
0.0187794852640569,0.00015245431865029522
0.0128802984110191,2.6096172803409632e-05
0.0117555982167174,1.7243198605903954e-05
0.0021760139019756,3.712092113023527e-06
0.0003821554432633,4.376406803120926e-06
0.0080083891337321,3.885040061394985e-06
0.0014359925736372,8.208235495731487e-07
0.0039950756040824,2.5977902435212245e-06
0.0088015629900592,1.2361316527722555e-05
0.0175139307269774,9.409238912676913e-05
0.0173255124066763,8.270416099221551e-06
0.0182766164842944,0.00014685880353560902
0.0077686804746149,4.4258827192105215e-06
0.0033250925052964,9.471425403057625e-08
0.0096920186507212,1.844236246064919e-05
0.018787658167793,0.00011292934804000109
0.0025369571472339,1.0105949301284497e-08
0.0030218596290939,5.010780316933498e-07
0.0174124243434586,6.178325339031614e-05
0.0192410320810033,6.250252434834903e-05
0.0096318863954514,4.677455388868702e-05
0.014461411658401,7.2440991180840056e-06
0.0193782658535661,2.6880817503653846e-05
0.0025367281310473,2.172085642161269e-06
0.0158974487256364,7.193497828002714e-05
0.0027564408022332,4.760895469383392e-07
0.00710841409841,1.5069035680155892e-06
0.0152598492154397,8.381243796104337e-05
0.0099412904360412,1.190204396091403e-05
0.0081066780652337,5.638039420226927e-06
0.0056343412480901,2.4984612961789447e-06
0.0099270036242628,1.0154884208592325e-05
0.0064683503952822,1.0317302665455605e-06
0.0161568533584432,5.1700351920997826e-05
0.0161157420020841,8.396547389104132e-05
0.0094236193295194,2.388162128186315e-05
0.0059207295553407,4.539533669184943e-07
0.0017628543808242,6.064315763576067e-06
0.0177676954704795,0.00012175349171136982
0.0084831819783877,2.039690644175936e-06
0.0188414913894599,7.379718936092573e-05
0.0059239680683843,5.863420730965127e-06
0.0125084521509781,5.3854981318749686e-05
0.0150648666604928,0.00010517559792859949
0.0070829001137356,9.574671938921913e-07
0.0115169717843103,5.126403646488074e-06
0.018569636779714,0.00017548590145923147
0.0167836379414364,0.00013970686636836094
0.0085914477494911,1.343777895657312e-05
0.01782823301765,5.614761640836114e-05
0.008052889485721,1.342915044433388e-06
0.0185590712146099,6.364035136856454e-05
0.0175545523177979,0.00011703666979194171
0.0173203617820696,1.3454970166927008e-06
0.0034594310471675,4.902330899862274e-09
0.0154975096438252,0.00010884270509336598
0.017740099993659,7.911130346274604e-07
0.0062364309232648,6.7942702262540986e-06
0.0018655697467338,2.129814841307746e-06
0.0069528760717971,9.453605982706764e-06
0.0193946037771614,2.322948803733008e-05
0.019073644915958,8.459198225960501e-05
9.14282445236636e-05,2.4314115648604813e-05
0.0069737575603934,5.835194250104753e-07
0.0089438038677081,2.0443457956806863e-05
0.0161761550751134,6.685520146888735e-05
0.0164114957528951,4.1653594895370625e-05
0.0102086482791203,2.0888564599715678e-05
0.0159071804753478,6.338541472443374e-05
0.0089583237788689,6.23617915871526e-06
0.0148997623342345,5.277625521928828e-05
0.0119894989217241,2.4220259805345527e-05
0.0073631350627014,1.5067966774549106e-05
0.001405899608483,3.1966331428507554e-06
0.0193378962578218,8.151322268804688e-05
0.0128067514277955,4.0267425594496954e-05
0.0073274944768465,2.216037560759939e-05
0.0048475430035546,3.320407968983897e-06
0.0057749401599875,2.1512393447414776e-06
0.0130370048649062,2.2537748821496643e-05
0.0184371112836605,5.984719096598793e-05
0.0065237053508019,6.8504996670312916e-06
0.0175785618791131,8.977278912735905e-05
0.0136646095873148,5.829590569231747e-05
0.0197455113250589,0.00011847593814825231
0.0066516079172552,2.6650267432442324e-08
0.0103680662228585,1.8965122116265683e-05
0.0189737416089621,2.1953802090817404e-05
0.0110593979749003,3.7967380783034055e-05
0.0087617712230449,2.0600918259271554e-06
0.0098343679965333,5.799811529284191e-06
0.0199353579137027,1.3451891306547068e-05
0.006784220925256,5.0390302293231425e-08
0.0144372919946567,1.4221261571244096e-05
0.0151097719297507,8.091220921749514e-05
0.0196801154720063,7.132945143912032e-05
0.0093956330162568,2.4276886089616323e-05
0.0078245308677584,1.07613502432303e-05
0.0024151112022938,1.4206334315772375e-07
0.0123399599707287,5.860204021331906e-05
0.0033987469321879,5.449571911653983e-07
0.0056817833343694,5.065829407574927e-06
0.0040790031601533,1.4048923664206217e-05
0.012916878360912,3.4597459714315254e-05
0.019167224217126,5.348149915762294e-05
0.0174826976023216,8.407407628435995e-05
0.0109350465940543,7.764931469453265e-06
0.0126832443077826,5.299949496014967e-07
0.0019273662779677,1.478521597525072e-06
0.0026835646955234,4.0983050170199637e-07
0.0067771243332042,1.6859246887729851e-06
0.0071252907753098,1.759456570489155e-05
0.0126378374307195,2.4516406661739497e-05
0.0031038066368217,4.1815483728489195e-07
0.0051433225450636,7.827009648141037e-08
0.016300538031853,6.544336972332006e-05
0.0150816392910789,1.7351400440792024e-05
0.0035976679669308,8.948588210304244e-07
0.0152798410443886,6.280177140553291e-05
0.0034723645850249,2.9444717720140727e-08
0.0093863547085017,4.1317580513679e-06
0.0004119991513891,5.139513074293494e-06
0.001889079554646,2.8453211492335025e-06
0.017759458878557,3.313257416600809e-05
0.0080408205923354,9.352781617917748e-06
0.0032225003512947,3.275278609361063e-08
0.0122408852164163,1.273278130062329e-05
0.0029572561272288,1.2714284127087396e-08
0.0056677508593774,2.9237430802990057e-08
0.0093056302938126,8.285317802868195e-06
0.0036764894363285,1.5049608766689686e-07
0.0065409037354679,1.2164153919286156e-05
0.0084238912633551,4.278011886490466e-06
0.0043235759422955,2.7194556858447517e-08
0.0013704747106422,1.6683214871329146e-06
0.0005553195328405,1.0114395874767561e-05
0.0135604376442096,7.217571007766585e-05
0.0086859945615501,1.4117954078766455e-05
0.013647549231742,2.947617516608268e-05
0.0146467473297225,6.249370387484757e-10
0.0124246374932256,2.1105238052678758e-05
0.0035271826952017,6.012513430242613e-08
0.0046483850421262,4.840020494649908e-07
0.0126705599358665,3.402799142838102e-05
2.1887473038535445e-05,1.103116381968068e-05
0.0166321843936904,4.981660259925351e-05
0.0097008230757004,8.534042516091538e-06
0.0099781995795912,2.7671114700990266e-05
0.0158535045871808,6.339816800239645e-05
0.0186785132781068,5.065040784468477e-05
0.0005888945776619,1.3904325333048258e-06
0.0093949364552885,1.4883734626424115e-05
0.0036145441310552,4.612443410196223e-07
0.0056838502064291,3.825228061016645e-06
0.0105247876659445,3.9360908254958746e-05
0.0159842293915161,8.808524554640539e-05
0.0173620068928946,9.375642855911294e-05
0.0124483990571801,3.24942290547421e-05
0.0188006732689196,9.819740769771083e-05
0.0049056071688203,1.0415662538001924e-06
0.017842122830837,9.07020059332767e-05
0.0040489113237011,1.6330847622407148e-07
0.0004767531501899,7.767960752287397e-06
0.0150639439943092,4.118826948360465e-05
0.0002075343132603,1.0144767943019611e-05
0.0084867789156068,1.6790142390452954e-05
0.0014091913553349,9.558595682316342e-06
0.0009582085881352,9.209412848717155e-06
0.0094318506572712,2.0953257531891724e-05
0.0155148266514765,5.604520155038581e-05
0.0103457887280444,2.046561999404191e-05
0.0091164666854498,6.368372229939109e-06
0.0025325006085756,8.016902892867166e-07
0.0038028230734226,2.324499396528486e-07
0.0007414118139283,7.5434960774242855e-06
0.0190845996143934,9.619806957215257e-05
0.0111657804229122,1.8603450831093297e-05
0.0141057240185767,1.0356778635274947e-08
0.0155597075314423,5.40059952333501e-05
0.007704625478849,1.2872033400266326e-06
0.0095490815047119,5.345908568397335e-06
0.0118292817247815,3.652409287554675e-05
0.0136414420292368,3.23570665803489e-05
0.008420785180294,2.8054211237520957e-05
0.005150068478559,5.835700071339584e-06
0.011688576419417,2.4710607274451885e-05
0.0031196489558606,5.485813491087403e-09
0.0054151063263829,2.2666489482856065e-06
0.0018122467838115,8.693540532806405e-07
0.0043917299612281,3.871566958147305e-08
0.0064563304725473,4.234501102019772e-06
0.0148602279211269,1.642742518283812e-05
0.019782832864986,4.913196388418163e-05
0.0010547767491667,1.4097640502247414e-06
0.0029599544461435,5.437401008846989e-07
0.0061901814841677,5.846602518797153e-06
0.0137755913624531,3.7372917459395226e-05
3.424747284114016e-05,8.105310010736784e-06
0.0169535683952549,2.6217264087603565e-05
0.0138382820795948,3.4682839989825076e-05
0.0072623830184956,7.657011918142515e-06
0.01096817502287,6.480633217533558e-05
0.0166891888002479,6.1942967055231e-05
0.0152135007807351,4.681456364146447e-05
0.0039252415455306,2.179516075906814e-08
0.008406850321545,1.3322636930363256e-05
0.0102642155628121,9.4757278207854e-06
0.0021112404281203,1.653048411031843e-06
0.0025060823124365,9.108476458219998e-07
0.01506225605837,9.227910678171444e-05
0.0180759320004112,8.867391549815183e-05
0.0054806341084005,6.748141713956492e-06
0.0110445588225766,3.18375854726789e-05
0.0004997001722339,6.102075407529991e-06
0.014783204754923,4.154125653016092e-05
0.0041541354130978,5.0334785190411804e-08
0.0195564265253188,0.00012319757115092754
0.0010914737844553,1.9844929975191064e-06
0.0151106961729885,6.053903829871645e-05
0.0158562730188736,8.195819646223345e-05
0.0196257925661627,8.175370065344836e-05
0.0154042196399728,5.713186999416015e-05
0.0146369385791486,1.0509242378474242e-05
0.0009702710314428,1.8746362303573343e-06
0.0132562839033131,3.089044159198999e-05
0.0177258865951966,9.453649446903309e-05
0.0130518985745802,7.46488922649851e-05
0.0024795602593493,5.65231024595675e-07
0.0094087820876521,1.3076007661456864e-05
0.0051771937781875,7.500799950862526e-08
0.0020271537164236,1.6029915172529867e-06
0.0186983791598013,4.555008182841692e-06
0.0081380512135397,1.5072818581639788e-06
0.0175357612359327,5.838646049500946e-05
0.0043405793700589,4.0286249437619854e-08
0.0174617278592728,3.141451744600088e-05
0.0026815510210023,7.05933903839161e-07
0.0179418840895944,8.484194466024419e-05
0.011100863558521,4.307709256011242e-06
0.0114436988806717,1.6507591200087583e-05
0.0033243707557142,8.043312095604774e-06
0.0032213628291969,1.7080187939612503e-06
0.0179033795379678,9.697758123432978e-05
0.0115273995674111,4.2945554647136104e-05
0.0117004213933171,5.8239299752151805e-06
0.019676316989159,0.00012885247529786014
0.0005662143118625,8.991859046427777e-06
0.0131696877809279,6.433896457344485e-05
0.0075734731253934,2.8266179273667438e-05
0.0103533735704551,4.632774808938796e-05
0.0066702225423345,2.8875728352743465e-07
0.0091339928831802,2.5677805218558912e-05
0.0044667372716415,1.3621121749573759e-06
0.0059792333747998,3.6953481814622765e-07
0.0131820215365575,5.374687973300225e-05
0.0011235874657814,2.246450014335083e-06
0.0187516833843349,5.667411265643411e-06
0.007764125753763,5.1698462118561556e-06
0.0184841691159352,0.00011216093264534494
0.0162597500970364,8.045408440777131e-05
0.00408062160499,3.1706487726646702e-06
0.0185871354367908,4.1760224940915165e-05
0.0158725966047778,0.0001044502444050097
0.0185570796367204,2.4506340397274887e-05
0.0163573165511457,1.932381583451753e-05
0.0168585920572927,3.877561074322814e-05
0.0131632218640451,4.409381315668722e-05
0.0110298222126318,1.590089822924267e-05
0.0156588850483405,8.806115177774613e-05
0.0027490825195001,2.637737186694106e-06
0.015262384178811,7.44172716253029e-05
0.0136091980816007,2.196846000963777e-05
0.0013209018405689,2.938053684814518e-06
0.0163165383195231,8.159054994717733e-05
0.0179508820800957,1.5780093801699096e-05
0.0063199148944661,2.9135824107799647e-06
0.0115901789396106,3.7218449643471223e-07
0.0007305409178738,1.1560873720951162e-05
0.003774927826695,3.923678958864274e-07
0.0051013686558729,9.012735298989886e-07
0.0184695253807344,9.87646144985345e-05
0.0149365899255257,0.0001055222265979476
0.0158975176646982,8.488225525488184e-05
0.0063401188956019,6.078132798451201e-06
0.0060833576455772,4.458395567335056e-06
0.0004986821413322,6.120728327856704e-06
0.0093832047980189,2.5424174451379025e-05
0.0103579922505057,1.4070674605190507e-05
0.0184694522815294,0.00013098754972410166
0.0109461839645761,1.1189742363672492e-05
0.0015109488356564,1.4991822758614422e-06
0.0077905330472142,1.1390342163117243e-05
0.0132712274145794,3.5724985999000063e-05
0.0050061047510669,1.1344561227195134e-06
0.0169611401007622,2.7652283851668836e-05
0.0088531784730932,1.2075386569840178e-05
0.0082089942907938,3.8817737715978355e-06
0.003251635309184,6.895337935122226e-07
0.0020955298283911,1.573651341936112e-06
0.0003141708857206,9.794172709649631e-06
0.0101562775061558,2.2185117190521693e-05
0.0087093314820741,1.810527077438142e-05
0.007002278556747,1.2987700435105983e-05
0.0091879698545762,1.882078915698674e-05
0.0074300276781649,6.023947340614789e-07
0.0149594625516746,1.0012460920419363e-06
0.0189509190162845,9.290967303071367e-05
0.007605814728946,1.287087397097866e-07
0.0049818759677702,2.161361756629776e-08
0.0088558998120493,2.3288734163315493e-05
0.0193089718756869,9.220349573675598e-05
0.0012370993065681,6.594591386298628e-07
0.013118005070551,3.491800631032825e-05
0.0120120067375034,4.028573507614004e-05
0.0053988629476169,2.2128224545803088e-06
0.0033542534385238,8.68116150639547e-07
0.0020720336836369,5.209170926484759e-06
0.00558511173603,2.117907811208509e-06
0.0167140352005881,0.00010748383545928394
0.0029277600113775,3.3348306024880613e-06
0.0016725642793201,7.545878471021199e-06
0.0077006288699121,5.058639548529015e-06
0.0195616493073242,5.7916873113289377e-05
0.0115776833568001,1.686932077998763e-05
0.0194921803594322,2.426010931615855e-05
0.0136168100690625,2.526193116250215e-05
0.0100322446482452,1.2044445670703308e-05
0.0084062662770983,1.4769410664273123e-06
0.018331682361886,6.701322347768194e-06
0.0009473244377402,6.6129117585346865e-06
0.0090638566814696,1.720211772425956e-05
0.0018523503367959,1.0925705931382494e-06
0.0174569080542134,5.3681475544890904e-05
0.0187853267575595,9.574096267077369e-05
0.0182308865133244,8.64430686142462e-05
0.0187612995982018,0.00011333478956652434
0.0174098124232403,7.489187722453892e-05
0.010212074583343,3.232226754796341e-05
0.0190652265974132,1.624175297744807e-05
0.0038843971864127,1.3552574878188926e-08
0.0198014850465496,9.870316372582854e-05
0.0156002428296582,2.665448366286248e-05
0.0063777636003243,7.0789411539095065e-06
0.0121606104514234,2.20879306496769e-06
0.0146742344026707,6.440068592287306e-05
0.0194444143467712,0.00014133132261462717
0.0095841899463876,2.3496595839426016e-05
0.0033120125635465,7.36154577204099e-07
0.0048233315659966,4.291325027988043e-06
0.0021058954014628,7.528987792273993e-08
0.0004301195883586,3.7918518097249468e-06
0.0061353398777049,2.59380568486269e-07
0.0040815817689413,6.944203079625785e-07
0.0112101377238062,1.2740228489732534e-05
0.019554079370728,4.452286745709869e-07
0.0088433030060398,2.6263794116332333e-05
0.0123933452174596,1.3225838933218547e-05
0.0125070170068116,3.54878929617358e-05
0.0114055972268045,9.891802571456337e-06
0.0172597484845251,9.417931384072475e-05
0.0084789391679371,4.44845691388206e-06
0.0102847782137333,3.0162462151881035e-05
0.0079402534651396,3.822924397119198e-06
0.0031073550419421,4.370182399568665e-07
0.0024294463921209,2.8405271048798095e-06
0.0102351278203211,1.051060821088705e-05
0.0159271526601259,2.896451505411177e-05
0.0064908498662508,5.709295827719717e-06
0.000172418980612,8.829867317689785e-06
0.0089119314239256,2.357356119003663e-05
0.0110988779755282,3.925671296274767e-05
0.0026606100759545,8.078310313365417e-07
0.0130184455004332,6.784937986696287e-06
0.0117293171694697,5.236977548713648e-06
0.0139357896542659,4.0676714141433877e-05
0.010771155238875,3.334262608697887e-05
0.0032426544187417,3.062362060068656e-07
0.0052014967794643,4.2506284757686295e-06
0.0003404261904667,6.753303567055698e-06
0.0054067432024536,2.046843544483523e-06
0.0036144125852193,1.3297710237815504e-08
0.0159090945345463,7.680643639841543e-05
0.0015895059674131,6.594884496061495e-06
0.016812685935017,0.00013367489279345033
0.0036443358348649,7.697896600797586e-10
0.0199403192702116,0.00013877369020470374
0.0040563372074229,1.5305825015232505e-06
0.0062948725098058,1.2166872693617508e-05
0.0147877636765488,7.117113715402105e-05
0.0029676716410888,1.9554306759231947e-07
0.0071858887533433,4.8337621971940715e-06
0.00014879614218,1.679098108872463e-05
0.0138036701844781,4.422152607472393e-05
0.0030654730015864,2.66539027142722e-07
0.0097413140065853,3.0143982455850996e-05
0.0116502909961908,1.48669316765212e-06
0.0158179967111968,3.74053494298934e-05
0.0088474175134583,1.137534193193873e-05
0.0136871184984538,2.9479180490700893e-05
0.000443040138562,2.1596552401566738e-05
0.0066596087378728,9.784252953255974e-06
0.0073254747313063,1.1102350250160902e-05
0.0105762101462569,1.6976283426398387e-07
0.0021247622457701,1.7127937714410137e-06
0.0145998393240667,3.3878630270583584e-05
0.0199190914552711,0.00012948340817017605
0.0074839987351699,1.867097634181876e-06
0.0052019241758557,2.2931219535308068e-07
0.0102080935237057,3.0361203398467993e-05
0.014572123295502,9.955656858095368e-05
0.0022530482056881,1.667677390003268e-07
0.0128350153378428,3.3091475233976004e-05
0.0053692577738498,2.3977791944184197e-06
0.019037389047572,0.0001222848995484684
0.0012309369000569,7.143055442749943e-06
0.0109040222560012,7.233505985710378e-06
0.0049207770600613,1.4269799409606865e-06
0.0087828152007031,1.7540832061588756e-05
0.0146956120758251,6.502179880741297e-05
0.0036643306733563,5.035886005597339e-07
0.014089284251439,7.61492217903387e-05
0.0039235463358773,2.531883530467095e-06
0.0135646835791036,5.272568080835886e-05
0.0154149968966017,7.451543495898834e-05
0.0005171748406491,6.303507611602283e-06
0.0014036505947618,2.264894802563738e-05
0.0094866849796872,2.1635757737185218e-05
0.0182984030106165,1.4153701297953422e-05
0.0185293513397483,0.00010080103134430259
0.0132313291125512,6.860871516043836e-06
0.0011889788526367,3.4077091952162996e-06
0.0030037435179261,2.539311203484798e-07
0.0163551233002826,4.479662170673357e-05
0.0149469068212899,4.0308064414274324e-05
0.0036210771790461,3.021185280218101e-06
0.0102952561732068,2.7446835333698067e-05
0.0037520435064269,2.134893792714156e-06
0.0029702589286879,5.836845960806291e-07
0.0196611940936387,6.603692157743451e-05
0.0005710833428224,1.0172379331009883e-05
0.0047610248596879,1.120238988954852e-06
0.0125607883141423,2.1522372669184362e-05
0.0170745590389419,4.704354298691041e-05
0.0151557393859912,4.609188684082459e-05
0.0139028447402898,1.4066942970695794e-05
0.0148419115414807,5.618070986021152e-05
0.018294138873512,0.00010863920101467398
0.0114643679230906,3.768467695062908e-05
0.0193955241170932,2.8284091730188964e-08
0.0055351740857173,5.483522642535233e-06
0.0027274398506477,1.6743006415542042e-06
0.0198029210098809,0.00011036137783116231
0.0079319158923079,5.773172521431907e-06
0.0083159738996983,7.048085126621542e-06
0.0099941854757841,3.8333377025221834e-05
0.006123073429361,1.7881422563530134e-05
0.0037211725521412,3.7901741095856844e-07
0.0113124291084316,2.3907593709438393e-06
0.0135734472488245,6.502595468634405e-05
0.0161112708342619,9.641812647648499e-05
0.0055551926883662,1.0094881876145619e-06
0.0195569273585404,8.583354400129342e-05
0.0159505204462172,4.107951382876635e-05
0.0091220750546545,1.1223968895486444e-05
0.0106314399005872,2.3932868334215157e-05
0.0055680924873014,2.6973254860887375e-07
0.0074507667685439,5.523226745348911e-07
0.0033596290056227,1.4473323796019469e-07
0.0048407738213541,3.7464468185861285e-07
0.0062848125919391,1.9695952388685866e-06
0.0096042570442453,2.6481934731723006e-05
0.0067291560609994,1.0086837564616674e-06
0.0059995918970449,4.496808783065862e-09
0.000230555776604,6.548999569638311e-06
0.003639166386573,4.668647480532383e-09
0.002275205649083,1.030345893984475e-05
0.0030922656736218,1.9571560299349872e-07
0.0166594801358888,4.4692020401231673e-05
0.0061921867434152,1.0180403747565513e-08
0.0192066038150319,2.1071689601150846e-05
0.0170268659586949,8.143198588314208e-05
0.0188512329674657,0.00016187339109305102
0.0091239644811709,1.1457605157807348e-05
0.0008098704638662,5.919811230673937e-06
0.0127336187841198,2.9482431741331396e-05
0.0054774436299883,1.8065670774267611e-06
0.0199307574529034,8.308884711579163e-05
0.0001175089113052,7.820435723465998e-06
0.0143885159367693,3.871246947580714e-05
0.0033588801951644,2.696793400091082e-06
0.0011566127365518,4.094942167773288e-06
0.0051503488492386,5.016994120986353e-06
0.0160944195040009,6.080429571071956e-05
0.0186026955702985,2.6229652749135287e-05
0.0168412884061867,5.696488720508562e-05
0.0078960906038475,5.3560320121742556e-06
0.0178075402419836,0.0001100245670551971
0.0059979096322284,1.5785624925580544e-06
0.0183526398400633,8.019837925302202e-05
0.0185433266617277,4.2469952835175476e-05
0.0131036456894925,4.862371851206257e-05
0.0184372562435225,8.664979131641168e-05
0.0069142302783804,2.436135863640361e-06
0.0181045381363365,1.7073097552176356e-05
0.0016859618762213,4.9272479144425095e-06
0.0080450408398957,1.006076725089383e-05
0.0092648040435015,9.15192703917014e-06
0.0148647524214649,3.794853441900571e-05
0.004849701253421,1.163069869295498e-06
0.0130198811729823,1.6153563031866226e-05
0.0176765824186288,8.776290413288891e-05
0.0031933614045573,1.308211530393544e-08
0.0081091978022072,2.6123276334486294e-06
0.0099335672927241,6.630879048250475e-06
0.0163689552188143,4.844946596938285e-06
0.0149089341366872,3.111427350620095e-05
0.007222407260374,3.013128340987864e-06
0.0160750133659209,5.272693302765942e-05
0.018295074110747,5.3126141657568006e-05
0.0122795615618761,2.9544469354774475e-05
0.0184655259157595,0.00016288689642044474
0.0169549088592159,4.062076917187174e-05
0.0158759714396967,8.194165166545124e-06
0.0171814321960947,8.212460294988104e-05
0.0088902849000738,2.002302914413825e-05
0.0070937210878096,4.045764484215353e-06
0.012416325765802,2.016595427503562e-06
0.0035721207167827,1.8918432166601052e-06
0.0190104833780141,8.521526960397676e-05
0.0136597818014024,2.0050183130165403e-05
0.0007184115363386,2.991434420687004e-06
0.003183160278614,1.790686902356055e-08
0.0116708699887733,2.681452508636894e-05
0.0045416701190897,5.4919720735175404e-06
0.0145812874172646,5.4741547417702364e-05
0.0121076751238687,1.3434384932174156e-05
0.0060808956092007,9.011471331332666e-06
0.0110263846419953,4.9151913133017114e-05
0.012564384582906,2.5901367462892507e-05
0.0036631986597437,6.681166070247742e-07
0.0060656148036233,4.987297828787468e-08
0.0046664520705581,1.7557529075442688e-06
0.0086156155539832,6.5628571995681556e-06
0.0079473395906444,7.758183019615165e-06
0.0145763831473594,6.11308103742668e-05
0.002680698001654,6.998413733447877e-06
0.0042803324001318,1.1248379666506931e-06
0.0114309591952656,2.6770731645248895e-05
0.0175852952283101,7.870355161800519e-05
0.0057360294888368,8.616334039580703e-06
0.0131651457574806,6.234997338389452e-05
0.012363524976603,2.663064179630479e-05
0.0127958299486621,5.9398344996141975e-05
0.0024602231874269,2.096669763382297e-06
0.0195497849719732,2.0522737475146317e-05
0.0073278147581214,2.143530940812102e-06
0.007094948259752,9.568329742760088e-06
0.0108274440878748,2.30423452846506e-05
0.0072952062063612,8.974671230363993e-06
0.0008189565181991,1.5483873602862997e-05
0.0160896988990673,6.056871089814919e-05
0.0099894561167556,4.159188705607119e-05
0.00484282340366,2.008719484262243e-06
0.017203117808651,8.574523364866994e-05
0.0168126263673504,3.3763600459754954e-06
0.0040243828224916,8.336832698272266e-09
0.0006068109274224,2.454106159712317e-05
0.0153957036459698,7.708136302172137e-05
0.0137087870036121,9.103648738380192e-05
0.0139976170965853,1.4553243354994453e-05
0.0044477049944258,2.0683845854894414e-07
0.0152668583370063,3.3777783347483083e-05
0.0011754412484135,5.5107328047267335e-06
0.0088391070421228,2.0160368697756672e-05
0.0149261961998637,5.5788408854235476e-05
0.0172294184849938,1.775264009650014e-06
0.0108900982431089,5.6188713852769354e-05
0.0051842926335309,3.3112210878088242e-06
0.0046842277506922,3.4303969372321688e-06
0.0139869399360282,6.0446290848607355e-05
0.0176978701574383,9.590648638795607e-06
0.0193409287641348,0.00011574409415779318
0.0117951381787453,1.3236347973521076e-05
0.01903226750668,1.49168115270024e-05
0.0150023848067508,4.10101112707617e-05
0.0030703576291515,1.0474607302120988e-07
0.0094869962849043,1.5357178025500754e-06
0.0122498722068231,6.132109537572341e-05
0.0014548918467096,6.069928478497766e-07
0.0038305168984052,2.226016629844457e-07
0.0039001042931868,2.270644323222256e-10
0.0145125775771936,6.066900632071842e-05
0.0073745382106384,1.2582983713912756e-05
0.0085958643154703,5.922045995751954e-06
0.0156516063014387,5.864916358596628e-05
0.0102115101699081,1.1094593371104467e-05
0.0005998412218272,2.1150439021954352e-05
0.0171351555096043,6.19877768896872e-05
0.0118346498321439,3.563181340984826e-05
0.010669423370065,3.565585151923078e-05
0.0147133333760977,4.475585842716561e-05
3.4134207013842844e-05,6.438835570208348e-06
0.0100534746631242,1.2815219692776888e-05
0.0121564894633738,5.226133635348362e-05
0.0001850895545276,5.912021774605491e-06
0.0062730437859058,1.1886693363568364e-06
0.0175278863302868,4.5933308386673146e-06
0.0179081154352398,0.0001047854050578123
0.005122787213879,6.101650318577366e-06
0.0146666774753072,9.889562636651182e-05
0.0095266753818791,1.916464639159978e-05
0.0022647378122347,1.3697909755970659e-05
0.0006005255354531,6.384554808240305e-06
0.0045051562211473,2.8801070646832837e-10
0.0007937570655833,9.352429705100307e-06
0.0166545597246421,7.2197590726748384e-06
0.0027197078265388,8.187795086602398e-07
0.008438815029899,1.2650016160957852e-05
0.0164177134967891,8.228632816772931e-05
0.0114078381981542,1.3094844478063922e-05
0.0003911517955675,8.411081276238962e-06
0.0048690934413678,2.0175351973646496e-06
0.0066009480853994,5.763300303816752e-06
0.0027067926250228,3.688498671324432e-06
0.0020699121209443,2.9663926480328247e-06
0.0171305287643302,9.101553069517178e-05
0.0027814933903946,2.9743160366280315e-06
0.0099101832895498,1.6338752765423663e-05
0.0176091419856492,0.00011103783192180209
0.0188847880605328,0.0001160808292835296
0.011104173578498,3.0362005305659986e-05
0.0187842015203894,3.9128132269536316e-05
0.0182924157871307,5.3932406381481564e-05
0.0190637291933598,9.828174380131197e-05
0.013145790549178,3.20196763533441e-05
0.0046661971126324,3.335386336892866e-06
0.0163967004974264,0.00012504823653125606
0.0091170196626433,1.0445708094982435e-05
0.0121969208629662,2.5537577483027292e-05
0.0188713897272713,2.1913434643611065e-05
0.0080449167165651,4.8584309780053753e-08
0.0055853571082731,6.3743007642209925e-06
0.0172090731116127,8.758793181950232e-05
0.0185584098197855,8.772368114246649e-05
0.0199155155739488,0.0001223167285747384
0.0117848624765623,4.768821421342428e-05
0.012977530273939,6.095976464301034e-05
0.0114662186438767,2.4035156689485503e-05
0.0124629055364713,2.515646225592188e-05
0.0101513863189883,2.8933423494116164e-05
0.0114686284460815,2.863370958161468e-05
0.0118175684497076,3.622569796832013e-05
0.0144837341670916,6.434868472989137e-05
0.0013372642753349,1.6275981490828983e-06
0.0091566474496917,4.131153234371177e-07
0.0145062546481293,6.318128667991504e-05
0.0164900057365355,0.00013421784214132245
0.0122681129073289,3.594185293595124e-05
0.0128483404497295,1.5010868459925937e-05
0.0015198272127114,5.4035755654667825e-06
0.0149103979030906,1.4661065529780467e-05
0.0154018562094018,2.4995698256614704e-06
0.006052105060684,8.413738260251902e-08
0.0123626697351764,2.524150831272669e-05
0.0162909037623361,3.209285059706478e-05
0.0039376835282204,1.802809901957305e-07
0.0025473544580961,3.000272892092695e-06
0.002874990720697,1.5372082058037134e-06
0.0195794147011146,9.557109343005621e-05
0.0086954887003807,1.5473330285158153e-05
0.0173191844455379,7.519293316619829e-05
0.0004033326086777,3.0443544194182356e-06
0.0080988297245323,1.820885345134359e-06
0.0129552586388586,3.4458392846026015e-05
0.0190163632849107,1.1363119503458598e-06
0.0099684977451182,1.032496978932079e-05
0.0092191665847423,2.2602279184458525e-05
0.0127108481062044,4.1665807717048595e-05
0.0020721551784984,3.2325344734478475e-06
0.0008889330155065,2.0932270534140502e-05
0.0177679193501366,4.707599807510598e-05
0.0113213904885187,3.7176390976070154e-05
0.0118942729433549,7.650042145799081e-06
0.01395611353967,3.7919675404515045e-05
0.0157812703861795,6.196885923455708e-05
0.0017258489515219,1.360840636582999e-05
0.0095462566594143,1.9402234746489352e-05
0.0138529734079691,2.0900180642462675e-05
0.0084498176402827,1.2404650639852247e-05
0.0128042754927895,2.7177815910157434e-05
0.0183250860841191,2.348123812424791e-05
0.0108075686314838,3.657658498185784e-05
0.0120774986818728,3.042462304587745e-05
0.0021341682948352,1.2198182058900593e-06
0.0059063718268832,4.741512613840152e-07
0.0155671144891943,6.560088195414639e-05
0.010903010203712,3.813259528986083e-05
0.001247733389744,4.305517513134698e-06
0.0172491496868269,8.148271051270622e-05
0.0078372091053248,6.578524711620415e-06
0.0033253765443407,2.244561724425256e-06
0.0023094666677324,3.7847667020776393e-06
0.0026241867969283,1.6439666620302097e-06
0.0141974824359482,1.819352840121498e-05
0.0095302772654947,1.9383867057428975e-05
0.0019240350826011,3.109007997343102e-06
0.0156882742378744,5.3237987764576775e-05
0.0060158715119848,5.6319975829728634e-06
0.0158357540444244,4.8630830006382757e-05
0.0065789002032979,2.6152726623321677e-06
0.014132072067576,8.174649312658302e-05
0.0094409800025567,1.2531784832669514e-05
0.0114769318589823,1.4029480096512449e-05
0.0090265127002769,1.1240506725718346e-05
0.019742735036824,6.131712371273128e-05
0.0052229654938411,5.270414412118804e-06
0.0142812246532944,6.980635599182409e-05
0.0057613584256143,2.7243166461116427e-06
0.0120970861414791,4.082320450460112e-05
0.0190968874155803,7.800407490177716e-05
0.0105277591339265,2.837023777472235e-05
0.0030938951548272,2.022384035266122e-07
0.0133171929974468,2.705933249020314e-05
0.0018635634483756,2.6753156406752416e-06
0.0129056340928687,1.4380387727831566e-05
0.0146871072411257,2.1875137508677147e-05
0.0109776731385012,1.9689682396339645e-05
0.0161762860331524,3.557209139338827e-05
0.0069440691306637,6.2181493769394554e-06
0.0021129050023391,5.642037376888141e-07
0.001879339606392,4.298750687884481e-06
0.0083309055758518,2.09070749710443e-05
0.0069306012536074,1.2923563462437072e-05
0.0173524307884209,0.00015113800961683612
0.0079558631874632,1.4842794421683745e-05
0.0042626371828517,5.959669396188724e-07
0.0135313484032295,2.1662995224343082e-05
0.0005007545074628,1.0817838541545967e-05
0.0085539823581567,3.771173980239368e-07
0.0097206557391844,1.8689144043746962e-05
0.0014860465323386,9.203581709930947e-07
0.0071771896447982,1.5153897480713982e-05
0.0043571911551239,1.140388810284386e-09
0.006176210666403,3.3592384262069892e-06
0.0023427994844601,5.123078481972935e-06
0.0150474402050702,8.555218882444768e-05
0.0187544462407676,9.848986958245089e-05
0.0150528239441254,3.575847862554384e-08
0.0060975891716122,4.546547710446157e-06
0.0102466608135182,1.2289498645136992e-05
0.0038686699968524,4.91263881761821e-08
0.0013916418238963,4.990917460934251e-07
0.0191036811734384,4.2641636746071046e-07
0.0185955797096507,7.169639205633683e-05
0.0092022440682226,1.6047805311394017e-05
0.0025842608376354,9.178030560885886e-07
0.0120788183231959,1.673524175994754e-05
0.0085983302611216,5.625870226114099e-06
0.0076175705684555,1.3488388456047797e-06
0.0141046475154887,5.9550533658611704e-05
0.0134154005067898,4.407533963557106e-05
0.0098177520081277,7.280505679457142e-06
0.0024924904485202,2.891933972244454e-06
0.0127282206784458,6.379879594828883e-05
0.0129687806412995,2.395621980611532e-05
0.0019689080471501,1.7666951467025687e-06
0.0083685730994862,2.096758705755269e-06
0.0033504730236167,1.4637391376391398e-06
0.0001554516308509,5.6160544820729585e-06
0.0040390650769054,1.655354231692355e-06
0.0075797389934369,1.223536139385509e-05
0.0103326370925291,5.5705048599718735e-05
0.0105218373434458,1.6536325249408124e-05
0.0068331899426753,6.038653066886035e-06
0.0160055519822472,4.5095443074878864e-05
0.0016779506958438,9.23369332912494e-07
0.0141511184338847,9.411942848604609e-06
0.0075248675570087,8.157884389519075e-06
0.0197716736117768,8.688951973005789e-05
0.0035578519703927,1.389361547955362e-07
0.004237820989672,1.0895138297541069e-05
0.0058953808846051,2.309509530268881e-06
0.012557981971426,1.7331664331367553e-05
0.0036744663717527,1.380968138115223e-07
0.018429678102934,6.819979695331129e-05
0.0185884927861793,0.00013683725108541521
0.0041962605375309,2.628758482237188e-08
0.0031505589716377,1.2775121503193855e-06
0.00457657486233,2.0579820580126228e-07
0.0041149106725098,1.0248616309978684e-09
0.0084013798124805,1.8977754398681035e-05
0.0141689214296819,6.65908857151959e-05
0.0145972966235084,3.1071136944284574e-05
0.0091156465474366,8.289385014883314e-06
0.0032839547602389,3.704881854222622e-08
0.0047748083937852,3.2969485777618576e-07
0.0124628931408662,4.3747677873963924e-05
0.0098658723952543,3.338569901912292e-05
0.0086262030420347,1.9728454239752537e-05
0.0145039476440287,5.4926641821749504e-05
0.0004547138715802,9.886151211184919e-06
0.0199937316111013,7.364510554350421e-05
0.0137090706933639,2.0367099396779812e-05
0.0070789709025364,1.0031185478216781e-05
0.0075749877739693,7.865213687834056e-06
0.0114935082665035,1.2032605042399753e-05
0.015931010359074,4.621481987384118e-05
0.0018086787829781,2.021611425529052e-06
0.0144243721892636,1.6822956311977252e-05
0.0108661936851854,2.5506111381704518e-05
0.0194163494341797,6.86896351995443e-05
0.008463559137027,2.3633116757293364e-06
0.0100766407227848,3.2153349448285114e-06
0.0151726898056338,3.165867870384909e-05
0.0161284052080439,8.285093317102562e-05
0.0159357012196445,3.198391135008877e-05
0.0023510930217193,3.5966494467218165e-06
0.0056780384801161,8.541291570804276e-06
0.0057441956134075,2.4302372898658757e-06
0.0187092267825642,0.00012006908716609501
0.0106571242412471,5.909066515500435e-05
0.0097845046550012,3.3157840093954506e-05
0.0133960273267717,2.2816660436910492e-05
0.007380099428375,3.888233212878757e-06
0.0162615411610304,4.9102080793168995e-05
0.0120822309392259,3.4380457522321535e-05
0.0130901842846639,5.04833104319925e-05
0.0086355664138967,8.476973315792819e-06
0.0153664634398265,9.94154598065009e-05
0.0061502799589876,3.2154208889699863e-06
0.0048428602065321,9.645884726225402e-07
0.0194783363159049,0.00012994249453076952
0.017748627845064,9.582779066029387e-05
0.0180666776475155,0.00011137857512253743
0.0040213142261983,6.969977688632947e-08
0.0197965520917302,1.8917695660369755e-05
0.0148217878293123,3.618379268851792e-05
0.007324825569191,1.743472116120476e-05
0.0037658856017506,1.0686843419652236e-07
0.0123268687211268,3.633665251724338e-05
0.0135589246521779,5.521439752840389e-05
0.0087596251407899,1.8184874962278107e-05
0.0068816196586154,4.419210003116448e-07
0.0156042367269165,8.571819995406316e-05
0.0005067975765316,3.4197347859867886e-06
0.0025195008581385,1.4240464294544594e-06
0.0142296345921078,5.3676644643540926e-05
0.0067670267041543,7.507429021708444e-06
0.012295503836302,2.974216746180265e-05
0.005214973398603,2.3085175557629605e-06
0.0035129671240954,1.4211216040065512e-06
0.0151736372302072,4.339776555022598e-05
0.0009899989450915,5.999700668237109e-06
0.00154253653375,1.6357349067900779e-06
0.0143523817287111,9.493347097690239e-06
0.0138835384889064,2.852822951125003e-05
0.0061700794217769,8.385238320092512e-06
0.0014989657568182,3.036073040366293e-06
0.0183313454788679,7.169294842491867e-05
0.0112929269672623,3.009209192835987e-05
0.0089627403230063,4.212358845334985e-06
0.0028391295680224,1.7610549087500363e-06
0.0064469929383318,2.0615161468693163e-06
0.0106142921328643,1.4025138453792675e-05
0.0001482615084494,8.147148799914386e-06
0.0186642953110952,7.870080060004145e-05
0.0024672272067724,1.114521593960152e-06
0.0117650201069953,1.662944968135363e-05
0.0099688892958222,3.1112172107358716e-05
0.0011566371100997,8.02827840007528e-06
0.0080098900211286,2.2273873655663697e-06
0.0041128319593441,7.821647314601103e-09
0.0068058418691004,4.8117359004926e-06
0.0153320145581286,2.8538013297693618e-05
0.0113859871291391,3.7234034360786e-05
0.0010705312138507,4.813499302481278e-06
0.0197191416064253,0.00012920243811043123
0.0166980031623865,5.541175774500338e-08
0.0095685020616625,2.9171009901460408e-05
0.0033967732635185,9.493701584859214e-08
0.0003323223523751,6.1262362005125734e-06
0.0041324284162469,3.745984358902412e-09
0.016035272489858,6.955171518760852e-05
0.0137822539172824,4.617526853078454e-05
0.0078428924666609,2.049747537947359e-06
0.0111141910439739,2.8442356880330297e-06
0.0163029387552895,3.451059116250568e-05
0.0065138117851173,7.938063837288002e-06
0.0191535188744906,0.0001053965256795271
0.0051340764268602,3.2729085309352403e-06
0.0017681549535295,8.543455667679204e-07
0.0130028089132195,3.6352527895995065e-05
0.0093314575903557,1.9642624245008803e-05
9.61515540012714e-05,1.0477230069772981e-05
0.0006544893078813,1.587876862311545e-05
0.010877943331511,5.276145478232525e-07
0.0104473355212221,2.44131197348732e-05
0.010178843845907,1.3257609223217982e-05
0.0151386368565112,5.912759092417588e-05
0.0196554308053615,2.908634857305257e-07
0.0022277188456564,3.975606683173972e-06
0.0006373168141759,3.4023038902109433e-06
0.0147263205243251,7.752538453195669e-05
0.0059400879425471,4.456665538979704e-06
0.0158166386752714,0.00012008689912484138
0.0054589019241826,1.3489106507771826e-06
0.0037138706674047,6.031923499035794e-07
0.0063896662356551,1.056403532151338e-06
0.014057063501555,1.7587603349718615e-05
0.0002504454774871,4.781159867667827e-06
0.0085903541121975,1.4534575500616234e-06
0.0145664602790309,3.6614790939200676e-05
0.0058237781374326,1.5630847423113594e-08
0.0146052717089789,3.729143100601795e-05
0.0073877088641696,2.996622751636973e-07
0.0105975935816481,1.2510330333245021e-05
0.0048594301624107,1.6330533536980102e-06
0.0122501863513952,4.310693358737924e-05
0.0120263321834546,1.5142217827911934e-05
0.0073457197329163,1.1563719685351291e-05
0.0154943712189957,4.689833631928677e-05
0.0159752563836497,9.02850326806201e-05
0.0012479365924766,5.811221339112728e-06
0.0192856449231351,0.00010946731126875124
0.0099257342907177,1.2239689733237233e-05
0.0085361400216155,5.0375922569005855e-06
0.0072449402610708,2.207926194891695e-06
0.0049796152411809,5.554066653073923e-07
0.0142991882662386,3.278225330466882e-05
0.016427623390925,8.57271365905408e-05
0.0108878817630775,3.299714688067001e-05
0.0094363309698349,1.8156893374000862e-05
0.0096376519881933,4.07432235702638e-05
0.0003331291870703,3.633829565243585e-06
0.0055911036958623,8.345176198378139e-06
0.019824236047056,0.0001222189247179487
0.0055648973947955,2.7657371008111306e-06
0.009743193571591,2.5245507994715774e-05
0.0099027658993314,5.927216279082739e-06
0.0175098992607518,9.416559178308718e-05
0.0071382147696368,1.026245589059369e-05
0.0046456530245771,1.4851122918404497e-07
0.013753608257989,4.2473679787963006e-05
0.016014275588435,8.361463919865989e-05
0.0114132613599973,2.0453134051502878e-05
0.014767229383461,2.6491068730174012e-05
0.0125275583320822,3.284416288005327e-05
0.0178114963452185,0.00011074823700443172
0.0014184539906399,7.877794205523811e-07
0.009878780791157,5.104704571652657e-06
0.0184561175344505,6.565757219747869e-05
0.0103855795467279,1.2880949207278118e-05
0.0131177274225576,2.7091039752634116e-05
0.0048517923534043,1.827641918130524e-06
0.0162748244757855,0.00011157451613581298
0.0041459450220915,1.6903754856892814e-06
0.0072848500401747,4.467844134870926e-06
0.0130592067676227,3.2135999234189623e-05
0.0104043743321636,1.2762641175830209e-05
0.017233352853475,5.7542439995274514e-05
0.0023820472918832,1.4468544921112645e-06
0.0143183358568325,4.4659071448295557e-05
0.0071686574991718,6.95219249898708e-07
0.0029284142056159,1.2013245066751973e-06
0.0163398117875703,7.594331677832959e-05
0.0076397792711942,1.900124381358236e-07
0.0054969356925773,1.4681362921419533e-06
0.017444906678742,2.106246575527161e-05
0.0161275653970057,6.807772073670314e-05
0.012622986271202,6.002162803302377e-05
0.0132504709016818,1.999133255001183e-05
0.0157617310501502,1.224234088018373e-06
0.0061852170263389,6.4455171152677114e-06
0.0041551142034751,7.334274972715977e-07
0.0170484228684166,2.428198939095397e-05
0.0114678380422953,2.306186144665238e-05
0.0194611685468619,9.195744553461726e-05
0.0117456964618763,2.749684426117245e-05
0.0145887387153821,5.055343824816631e-05
0.0171848518404686,6.765786643480352e-05
0.0008267679102719,4.356592516434957e-06
0.0075196908509303,2.1691881548051615e-06
0.0186165744573346,8.577672284718077e-05
0.000755871196524,9.615437630564934e-06
0.0129739124964082,5.811593713736252e-05
0.0177608667594123,8.633448715581306e-05
0.014814615933761,6.549148842957967e-05
0.0182386414130606,0.00012935787847887984
0.0160378917149145,5.450623041320507e-05
0.0028767294257341,1.7651517575953363e-06
0.0176407906275453,0.00011188655146848627
0.0051115770588618,2.36323837001733e-06
0.0177813448445943,9.343013682906333e-05
0.012911525425066,3.5964384791693974e-05
0.0096534197767294,1.1751433572678675e-05
0.0168103502051534,6.319842179483556e-05
0.007041348967652,5.117928624363047e-06
0.0176255153793792,0.00010488953630421072
0.016670229335976,8.877562818193502e-05
0.0012553253333382,2.87140021222828e-06
0.0120606421499001,2.0186027052483127e-05
0.0052838573395083,1.4103391825998746e-06
0.0086624067190112,1.175378237528406e-05
0.0091554874212217,2.0171764054490457e-05
0.0179937488704647,0.00014855271037029312
0.0155477457737174,2.025383656335719e-05
0.0022598185644745,1.6316584597409727e-07
0.0079513113918204,2.5104258061106574e-05
0.0185963443715879,2.0843249641541004e-05
0.0089753528522257,1.6650789818941425e-05
0.0088567983420843,1.5263804840442796e-05
0.0005583522794902,2.558751097048149e-06
0.0171645500594921,1.6590103126362332e-08
0.0050642344071803,2.7070599487011322e-06
0.0066027491995949,1.5575290089568394e-07
0.0111237587471247,2.621534288714075e-05
0.0172086225080546,0.0001332395556590031
0.0182679755868513,2.0629792145937423e-06
0.0092730552348636,8.565654910021195e-06
0.0179611178854601,6.246837395086737e-05
0.018953500057329,0.00011356720466840148
0.0078320977270417,1.7973395282329562e-05
0.0072435464882196,1.1924765848518649e-05
0.0037667205068488,1.1235862070189464e-06
0.015250477818427,4.740297378988106e-05
0.0078208949667412,1.0424737030005046e-05
0.0192576004175328,2.025605042731846e-05
0.0102839979419208,1.1677186761677677e-05
0.0199800127069011,6.441273546835223e-05
0.0194517019967885,8.968576688767049e-05
0.0173592725246538,8.495208556985704e-05
0.0022481799971137,2.898229097512813e-09
0.0053458918406896,5.426055304970789e-07
0.0138650891065464,3.6959834999648394e-05
0.0045062483691677,4.20250315698205e-09
0.0097573347161305,4.107964166194931e-05
0.013330916753508,2.6459001095272993e-05
0.0080647984275368,9.820412018611265e-06
0.0029705504134466,1.5367162827456365e-08
0.0078463786997815,1.502897653763696e-05
0.0017524116803325,3.823016527829019e-06
0.0086626659335647,2.1409506515240395e-06
0.0138743738788172,1.336951915170827e-05
0.0052426034374528,7.501076300495999e-06
0.0065832338414115,1.5138096890090945e-05
0.0030203889526811,7.026183233763731e-08
0.0045995927819595,1.8743805231597324e-06
0.0008317799149295,4.653573133251843e-06
0.0132776583540101,3.402557893439556e-05
0.0039250306729088,1.8650212492971773e-06
0.0019362682314675,4.82007974939957e-06
0.013615413487655,5.448120963345126e-05
0.0091716491534269,2.1644442986915082e-05
0.0122144162306194,9.408610762010074e-06
0.0040164731513435,9.036939490071009e-11
0.0102505588852796,3.439175801539388e-05
0.0167947509966467,8.41901841529182e-05
0.0007528334265585,3.676885954317639e-06
0.0120604763313542,5.740251856426762e-05
0.0071236295849493,3.0815587266257653e-06
0.0125091088413971,4.8625820337159455e-06
0.0063594702785283,5.602564754596787e-06
0.0056050515360759,2.550601067570278e-06
0.0044091151001709,9.336804623167327e-07
0.0075430945013453,1.1227485816398223e-05
0.0161144610481329,6.419501389392075e-05
0.0058808167654754,1.0808312533981117e-05
0.0124077062363108,8.629084172892313e-06
0.0022806513604349,4.0537986804048663e-07
0.0093626029560916,1.3056919819747025e-05
0.0088061005377918,5.033395700396477e-08
0.0069896686740698,3.080846180757398e-06
0.0013960467351578,5.805147941601478e-07
0.0138555793556139,5.399177813651113e-05
0.0192717280343025,0.00014398924953105356
0.0187526699193731,0.000141145987350099
0.019699825669308,1.3429514717162655e-05
0.015583967968118,7.63411803007754e-05
0.0175944996745413,0.00011273612896430791
0.003067156068503,1.4591501475033865e-07
0.0160946151587461,6.392552846416413e-05
0.018232181467535,9.468268400750832e-05
0.0178679836569168,0.00010884200728253421
0.0163970074940643,0.00010644164848636722
0.0034491844393264,9.032053595640637e-08
0.0119752843765276,5.189214930493051e-05
0.0064054236485693,6.001497218276138e-08
0.0056488970059145,2.898518726865228e-07
0.0156244111969925,7.19267191377316e-05
0.0048402045985091,3.0063152782656656e-06
0.010068469917696,2.663250077095747e-05
0.018714126562969,0.00010444383038328616
0.0171889453861215,6.552666539088384e-05
0.0026940416069286,2.4340395545723054e-08
0.0132942317663779,4.840353309697089e-05
0.0196147831376471,5.157319469584721e-05
0.0044446895462454,6.420570438564566e-07
0.0181956739770694,6.739002859186224e-05
0.0010506370247734,4.887999684623324e-06
0.0025047498008474,4.982383084214075e-07
0.00293731019501,2.5646627150995676e-07
0.0138255236019126,4.6090580763493854e-06
0.0011747486670455,2.2161098982528584e-06
0.0146004667254717,4.026527603593123e-05
0.0107870933758545,3.0001633766814957e-05
0.0136933820558913,5.370323446298886e-05
0.0007673329302574,7.317608998480528e-06
0.0114452314067264,2.0037404432590124e-05
0.0165346125673655,3.123972146983573e-05
0.0127062692765458,8.63750817187221e-05
0.009693223142925,2.2777598472181035e-05
0.0185468710037796,3.861914830179018e-05
0.0174185056841542,9.152674117852772e-05
0.0143587572932578,3.699894305409055e-05
0.0156931155230411,9.818189964870108e-05
0.0023408279510587,2.1710017966183022e-07
0.0045772932081738,2.4146748519671963e-07
0.018642470655713,2.9978612668489665e-05
0.01592801193918,5.5664003459854285e-05
0.00295049780194,3.6227683636660337e-10
0.0125385546456471,3.053074975723257e-05
0.0164200255709035,5.615086521993873e-05
0.0144960469849773,1.3576598394406146e-05
0.0161324467552606,4.484843447626826e-05
0.0110470960694295,2.443026828348407e-05
0.0170406192627967,3.1448703973517125e-06
0.0067754063793291,5.860874603567856e-06
0.0028176595002104,2.795757346091058e-07
0.0039687160384733,1.406370241588497e-07
0.0156584191917665,8.093151200372542e-05
0.0002451604234741,5.687990663073585e-06
0.0033437993343335,4.697093648872155e-08
0.0139592398400693,5.792861285009768e-05
0.017735225840788,5.373250687014337e-05
0.0001351020970154,6.910890437321806e-06
0.016713916327465,6.766821756646066e-06
0.0049485436243119,1.8216224310816342e-08
0.0038323010203875,9.570655822428028e-08
0.0052108485057751,4.270459778903637e-06
0.0052896167237436,4.257003025334818e-06
0.0080806798104542,2.8583251966826517e-05
0.0145530347796082,5.751886581622633e-05
0.0132407690279232,4.899213442934883e-05
0.0185655623754096,0.00012631958943035368
0.0124649162778624,2.2161010488165343e-05
0.0100845067140791,3.111486053114872e-05
0.010103466903791,4.5037875395898445e-05
0.0184369852996873,1.5737413655060043e-07
0.0156425827640894,6.103203270949013e-05
0.0108261739927205,1.7153465178662757e-05
0.0178330842096254,9.585080906203709e-05
0.0149379605423827,3.054711067827386e-05
0.0007983881836166,4.995743261896474e-06
0.0082121888313199,9.326674718949459e-06
0.0018017870884828,2.421375090905169e-05
0.0020853250523295,1.8568359068413364e-06
0.0149052680065759,6.441103679672306e-05
0.0068446306991918,3.4577582722524074e-07
0.0006584811417582,8.149281370995897e-06
0.0026301066796321,1.3673052697669502e-06
0.016653177152096,1.8370221935500775e-05
0.0069822305173305,3.0450399465009857e-07
0.0149690956244798,3.0374363271859192e-05
0.0146697441998342,4.766074532455599e-05
0.003885179487302,2.1793253132627342e-06
0.01757024773161,8.560902546292887e-05
0.0006659591567291,7.368954536050238e-06
0.0178387578113273,4.2658688974397127e-07
0.0013235258964425,2.519416310765834e-06
0.0019437629620977,4.5801935767175066e-06
0.0106160460432537,3.6710199292673956e-05
0.0178841264937596,6.35907107709377e-05
0.0085270139539886,1.2079830530515469e-05
0.0074776370008817,6.550200702106463e-06
0.0040653869069565,1.312246942007663e-06
0.0042476594832918,5.777360553544328e-07
0.0178925051002721,0.00013126209109361886
0.0021949909021354,1.80252443962996e-07
0.014457558941555,6.472651659217274e-05
0.0069781594918163,1.4609561345455913e-05
0.015011112441724,8.327126134075127e-05
0.0029041224118083,1.448950349526892e-06
0.0105443821915668,2.3550380518169542e-05
0.0083880125361616,1.0138196498168467e-05
0.0107099382252003,2.470966970310286e-05
0.0129611926626027,6.696239293084686e-05
0.0012729093447845,2.531696662359236e-06
0.0062294985177413,1.9398497347036016e-07
0.0085239045058539,2.1519104392595102e-05
0.0155479754858963,5.931485094092408e-05
0.0003744718712848,1.4401153210212876e-05
0.0001748097516492,1.3239663827160873e-05
0.0154371001297192,7.79823833793704e-06
0.0166405519655573,6.650252189698107e-05
0.0181563002814195,6.272042161525572e-05
0.0108019973605622,1.4736526550530943e-05
0.002674309361417,2.513588840989729e-06
0.0019739327994158,2.7128951126007704e-06
0.0083640096978587,9.731509237984225e-06
0.0062406612296051,4.4255626886915785e-06
0.016330304664786,8.407282961587629e-05
0.0182492821128275,0.00012904855983349354
0.0135772690930825,7.137508103318948e-05
0.0076766113040184,1.4936778640372278e-07
0.0003938509776673,2.7552723513926752e-05
0.007781273533944,1.3752231646251626e-05
0.01875481430272,0.0001188577699863766
0.0146860600947312,3.0162515230025837e-06
0.0195929984921427,0.0001638102131312417
0.0138336113775295,5.553631608030758e-05
0.0123050201924819,1.4053092788512079e-05
0.0065184071937444,4.530783663032125e-06
0.0098068063525081,2.0161516352452358e-05
0.0097404429729298,1.8992964671608918e-05
0.0174024653574902,3.369318766447514e-05
0.002231190475861,3.222310518992652e-06
0.0106684152477174,8.32498490958166e-06
0.005543285512527,3.6579424641394065e-07
0.0052941428325663,1.9172531346763885e-07
0.0169575015993404,8.729036705488766e-05
0.0176111387660483,1.5789025714665957e-06
0.0065727233775951,8.91498578981233e-06
0.0071637320446302,1.2868301451767383e-05
0.0156808784516825,6.458048775664814e-05
0.0099055353118539,7.396152171699854e-06
0.0137281487217262,7.624513778288883e-05
0.0121319280105981,4.9697078767009064e-05
0.0012272968176561,2.8317737913642945e-06
0.0104944481655423,3.663169118305128e-05
0.0184166680119235,0.0001139275555036699
0.0083494078437717,3.9421363436556595e-06
0.0085753773080168,7.514433677084266e-06
0.008471014120038,1.6280412498984094e-05
0.0159066507060565,6.860364749343871e-05
0.0173717752523013,2.4435318877187617e-05
0.0151139593831335,2.9658442708841604e-05
0.0162958808816952,0.00013183909871634157
0.0160713050516399,4.565524791904659e-05
0.0006106346030949,1.4919804077400632e-05
0.0099248248010294,3.051921301679047e-05
0.0124273792026164,6.0659457309733006e-05
0.0015613206617484,7.688021515523162e-06
0.0149691288318088,6.15886242325752e-05
0.0171371641127893,8.07631907253779e-05
0.014910748948399,6.739690359758557e-05
0.0111883952753072,3.102834966645644e-05
0.0042235122256658,5.30313795257199e-07
0.0026716451865457,1.2707715179435313e-06
0.0079369720531683,1.5010455958206052e-05
0.0009251244616945,1.2288514571991368e-06
0.0177852559176698,1.2328727117950012e-05
0.017837979036689,5.9506036197420186e-05
0.0150382925573266,6.53461665067159e-05
0.0163355995302347,8.309377224409351e-05
0.0015892821353851,3.249055481149729e-06
0.0195115396145137,0.000113124933720047
0.0111027361308861,8.61927652705766e-06
0.0006284685600772,2.3699204132931113e-06
0.007664876613319,1.2137721149522282e-05
0.0075657494942095,2.566779275594738e-06
0.0123657480971731,4.671259160135337e-05
0.0190030172213411,0.00012121275610089678
0.0197847123399295,0.00011391550601355581
0.0090673053736467,1.4471663870049148e-05
0.0069174936051368,9.608542320817312e-07
0.0074149408938988,2.788190246402555e-06
0.016167995010044,5.191167084523354e-05
0.0132079156258602,3.6293986398767665e-05
0.0153134533801771,5.4372746547027126e-05
0.0055646958118457,2.2310433290314348e-07
0.0124794445114028,5.5147385358856446e-06
0.0166261718110967,4.707631648715543e-05
0.0147459924848496,3.728220433439702e-05
0.0021304473625385,8.740544549096241e-06
0.0066060502501658,1.7448552221369305e-06
0.0154752165622844,6.65356036848843e-05
0.0047914264533217,1.811725989503247e-06
0.0129898217892582,1.9673642465041706e-06
0.0002289742533026,7.994237549423447e-06
0.0082456984768785,1.176390373554785e-06
0.0036349580917948,5.887147991481698e-07
0.0198588773417785,3.5922267461324986e-07
0.0185205704874247,0.00010487432542367275
0.006892597202137,1.044104200434622e-05
0.0145255704346598,5.007515818334374e-05
0.0133689972398127,1.0184249250047029e-06
0.0109857472125275,1.2743097600157993e-05
0.0133906273662978,7.231099403447915e-05
0.0081808998549729,2.0921676037676758e-05
0.0145361048786741,5.702113844898453e-06
0.0101514992725179,3.144175914090417e-05
0.0035011510823524,2.0388060662085133e-07
0.0151889472286827,2.4858618765347406e-05
0.0177618696430926,5.909499344896415e-05
0.0030384864593654,4.250224389854651e-07
0.0112424958943752,4.5163356741347476e-05
0.0158693375531797,8.747565907536858e-05
0.0170728717000566,0.00012433034152870335
0.0053744198894565,2.0846350035109433e-06
0.0046116226575808,3.375022877944931e-06
0.0106282038679785,1.7326814575130224e-05
0.0163374620161624,4.828294911528024e-05
0.0114647520199538,3.624112285912018e-05
0.0198786473282348,0.00015241949580411293
0.0081288757599233,1.3726562130608807e-05
0.0157638908591721,0.00011146763237881976
0.0055840351938581,4.541046118914512e-06
0.0011754230722274,6.954316167892218e-06
0.0058793862219179,3.260874623249546e-06
0.0142679314945016,7.307691283872609e-05
0.00596128694057,7.3375722633348115e-06
0.0162368423581124,8.724853685326146e-05
0.014689903238373,5.196258046062108e-05
0.0014577877581759,2.1183991588465785e-06
0.0077605418422862,1.6067657877651797e-05
0.0101043445666686,3.5947402346666285e-05
0.0118132908692914,2.4038955318682653e-05
0.007714658661628,1.3485254188496358e-05
0.00529464203619,3.4372193266242602e-06
0.0093683953609251,1.4137672741346867e-06
0.0100104441198135,2.5042084682600567e-05
0.014672012013048,9.558540623693385e-05
0.0179161062029919,5.000458757154983e-05
0.0130800810364452,2.257275908648912e-05
0.0155221400316389,2.6346489023290065e-06
0.0065949730494312,4.375006755399559e-06
0.0073812925723586,5.779673663512788e-06
0.0015197995582454,1.524121593103323e-06
0.0072561774502084,9.916351783486526e-06
0.0182018477510509,0.0001083154973887456
0.0049498551972555,1.6154728176760407e-06
0.0179051406060789,9.895662023848894e-05
0.0052359982319904,6.441941769942633e-06
0.0055485181675062,5.2165334419281215e-06
0.0079918161011435,7.541631833956082e-06
0.0079792474570194,2.965347501028855e-06
0.0151169004061904,4.66881241257549e-05
0.006790759539897,1.552473385514085e-05
0.0191132394904427,8.352462520072218e-05
0.000875073836568,1.880254422314622e-05
0.0082011712375671,2.241423490745794e-05
0.0119483664735055,1.716486135131831e-05
0.0012992923637076,8.126874618239463e-07
0.0151466838486552,6.754000348014519e-05
0.0189679555674564,0.00015720192787427976
0.0100283440293144,1.3155904674048867e-05
0.0174736712498725,5.4749485597944844e-05
0.0124282509665635,1.75703665220732e-05
0.005658106317977,2.9095953462860694e-08
0.0030832468134145,1.6331665765062069e-12
0.0135557315159135,3.668649486238039e-05
0.0196873617432268,0.00013668949917646227
0.0149381015977159,3.34789951211751e-05
0.0159173684051017,5.508503841046693e-05
0.0163803925926479,4.3109956529739364e-05
0.0030304323555166,2.42491757183679e-06
0.0098366710299064,7.781639024389433e-06
0.0104125956597269,1.5661203183643434e-05
0.0170643333295851,4.77341797548347e-05
0.0015411128957669,3.259093003368607e-06
0.0083725373389234,1.4346922503780987e-05
0.0042519089600233,5.40361607951895e-07
0.0168553622370793,0.00013395083660639834
0.0127159320804099,6.147043673796462e-05
0.0069296625856266,5.502792817778914e-06
0.0019578625310145,2.2299162380621107e-06
0.0135191257370302,3.793429437430692e-05
0.0197077575384804,0.00016014683857447663
0.0105067032086353,2.0909133268711224e-05
0.0126605191358821,6.307006900269637e-06
0.0182742747900789,9.036170527096321e-05
0.0028827614261009,3.5049296724303586e-10
0.0018303661085124,4.8297152028701675e-06
0.0199257213267448,5.6641186188570206e-05
0.0072797879036597,4.632059401287689e-06
0.0172069758790926,7.274715574091146e-05
0.013334948578955,4.185206575421523e-05
0.0113223217881169,4.915754278821902e-05
0.0052932901773864,6.037321156695256e-07
0.007076060126265,3.577705473867086e-06
0.005246849978963,7.272460875545656e-11
0.0009383653636501,8.772509309433801e-06
0.0083300468441421,2.3293419152064252e-05
0.0108754574970501,2.7466057057574297e-05
0.0185661156807206,9.579646545524396e-05
0.019999590360852,0.00013935376807573574
0.0122240360198601,2.549283608419088e-05
0.0069841618795798,5.276697812207311e-06
0.0098801797553534,2.92191312389228e-05
0.0082471172002965,8.313638355543631e-06
0.0057170839506503,1.8830647744883386e-06
0.0148140057327523,1.5914055856839655e-05
0.0033354134882679,3.462960825885726e-08
0.0147358162756371,8.73615414875105e-05
0.0044777320398775,3.52668702163461e-07
0.0078779856535678,7.480338586095557e-06
0.0195958501662508,9.867948261729532e-05
0.0013761096393795,6.200585300700341e-06
0.0041871195525499,1.8710279645994162e-07
0.0126621427168602,3.2621018627417144e-06
0.0072752495457699,1.188843848774614e-05
0.0119541316828379,3.416262270654876e-05
0.0155965235230327,4.451139807022589e-05
0.0139949415517996,6.061072709566028e-05
0.0071575153460503,2.812002725261479e-06
0.0123472315289838,2.2756741982089468e-05
0.0139007470305664,6.556063112085492e-05
0.0164012345962521,5.762069869419449e-05
6.048418049138027e-05,1.7463173276183656e-05
0.0043910148569314,2.5374184284536623e-08
0.0086501534706219,5.052061373523015e-06
0.0062494563292778,2.727539969428267e-06
0.0080928913206692,7.447083563756984e-08
0.0032999668163899,3.437471767484017e-07
0.0057718907998211,1.1273939042691257e-05
0.0078022454996971,1.4233370942311526e-05
0.0190493266961588,8.541783230790144e-05
0.0106262295568216,3.071769109637871e-05
0.0161209588923144,6.208602276114781e-05
0.0129901550781444,4.905446448616243e-05
0.0131195559740205,4.830371408805083e-05
0.0117493523497768,1.309207454372717e-05
0.0152244928751948,9.729286283066482e-05
0.0109845303505211,4.951721059656675e-07
0.0054025619476719,1.9210172918442346e-07
0.0111341950559984,9.872837609868605e-06
0.0145413374406553,6.603228656227595e-05
0.0135066160781796,7.755050894536333e-05
0.0072725510812287,3.658232670885664e-07
0.0151010568065366,2.9170918586673757e-05
0.0118680195323897,4.402967568237864e-05
0.0190990038068332,5.437060147439037e-05
0.0065058474975735,1.0574982711330939e-06
0.0046531356514644,3.7565414373806126e-07
0.0188151817858266,2.8922654405143598e-05
0.0090219727127936,1.877158101533362e-05
0.0073904897414439,2.562062786238814e-06
0.0066196872161122,3.3587769492298585e-06
0.0078285849787067,2.1413932667248754e-06
0.0196657799115025,9.014398538631608e-05
0.0151677933595792,2.9184499663696913e-05
0.0135664676060067,2.492863302269057e-05
0.0046870490117211,8.764363652585461e-07
0.0044953472783901,9.003343216459418e-07
0.0132176285545805,4.297331727014933e-05
0.0178772431601771,3.638887783118874e-05
0.0155237168439758,4.67112246347068e-05
0.0089390447912346,1.8947705761643934e-05
0.018855605923136,0.00012589942296300396
0.015802083846267,6.17450914962048e-05
0.0157848155472863,7.758162117085094e-05
4.128039992887356e-05,1.0362093368682794e-05
0.0120657746048728,5.480327290492737e-05
0.0105109081523895,7.277320848397655e-06
0.0030580472610341,2.3011638162981466e-07
0.0189310038349008,8.412783701823094e-06
0.0080197470370307,1.507250586932516e-05
0.0002715658743398,1.3621702423307012e-05
0.0024852798637716,1.8079863755100527e-07
0.0061682052006045,6.084636082804903e-07
0.0022138684384171,4.9405501833081015e-06
0.0009174840631474,4.38820700054103e-06
0.0022641663273809,5.003926259515987e-07
0.0009112410499389,1.8496088466830268e-06
0.0073051625469542,6.015120493300824e-06
0.001523449499963,2.9319925949688736e-06
0.0051970958533567,5.330599837627954e-07
0.0152192261827608,4.846361002581619e-05
0.0039584487139235,5.693735688202935e-08
0.0112160615126151,9.140684659778596e-06
0.002118749675074,1.6515526035595029e-06
0.0077530084640473,2.1418722678277508e-05
0.0191001775652376,8.823729414530195e-05
0.003987439044814,4.1336198392249826e-10
0.0124090599291247,7.245939665305663e-06
0.0171364522818428,7.422626005463956e-05
0.0126495336276338,3.249541932329264e-05
0.014229599434891,5.414547098985326e-05
0.0112804816449227,4.873507310154051e-05
0.0158404288708548,0.00010083451778886042
0.0050425580931239,2.356793505968514e-06
0.004189265471307,1.5197561459962258e-07
0.0140394233056683,3.2318724333705704e-05
0.0169408425113515,9.899305730321888e-05
0.0062764675807719,5.60863750192169e-06
0.0006713164983423,1.140596742744148e-05
0.0144935808436913,5.759759615322451e-05
0.0099409131140776,8.022583864136269e-06
0.0044473087493148,2.8706821110912008e-06
0.0112677243535901,1.2970807084127731e-05
0.0048321257051792,4.134477731498448e-07
0.0086577445921913,1.1946406290308345e-05
0.0141218858050901,3.6437127386534274e-05
0.0158151181244339,4.5998539813357353e-05
0.0015656330840055,2.336067121402585e-06
0.007973774722508,3.794714310412142e-06
0.0078660611555499,1.2065575094928451e-05
0.0068893059261321,2.7802255063473376e-07
0.0195905124471653,2.891913803608736e-05
0.0153322082191242,3.232878716596934e-05
0.0141719808698585,5.7632223106237105e-05
0.0074588614388817,8.423359294418272e-06
0.0017127017354463,9.149866069574904e-07
0.0098966225435293,2.7840103899544883e-05
0.00324784093822,3.7489405040001586e-06
0.0008439284812172,6.440812643437641e-06
0.0106470194934433,1.2054968430386842e-05
0.0113566409969128,2.4843423305381825e-05
0.0035041002034689,1.5974794709586099e-06
0.0033804997982741,2.0616820584640098e-07
0.0103739812939925,7.497675706887762e-07
0.0070706139355686,1.540096097202679e-05
0.019456387824079,8.204559092914311e-05
0.0126713794468358,3.739514227128396e-05
0.0011564832293989,3.8321680177201456e-06
0.0143470553214491,3.938565875275737e-05
0.0188339060545827,0.00015399597860725692
0.0064720822974766,1.581785533582462e-06
0.0102032725378218,2.106654395554341e-05
0.0043699927084893,1.1834513356928302e-07
0.0094757540377498,1.5254346862714607e-05
0.0014558715294796,1.0649225081233329e-05
0.0113950018679761,2.4116681468167928e-05
0.009893112337344,1.1973628733442905e-05
0.0191451797562276,3.387388318933408e-05
0.0013992970834722,7.599210610211733e-06
0.0018791628909262,5.066195050734267e-07
0.0042177917102386,8.443725067946248e-07
0.0141041267374586,6.131371717042977e-05
0.0055194500965061,2.773707705763349e-06
0.0075902379096789,8.656043255537117e-06
0.0054525964856256,6.437131669021564e-06
0.0104562978500177,1.5304256331922998e-05
0.00960979254343,2.3003200659556374e-05
0.0122852453619342,2.4333127711258665e-05
0.0140217298147143,3.3012472901648405e-05
0.0015103138189075,2.2203465057541373e-06
0.0159375567286976,8.978672539917848e-05
0.0079401771847923,6.740796836598809e-07
0.0013402916134459,5.038266537825285e-06
0.0166488244941016,7.60547320604231e-05
0.0102150861365572,8.392064848687616e-06
0.0198296442471653,8.195913334696998e-06
0.0188109772729677,7.942261376392818e-05
0.0074229986484365,1.5613386533322505e-05
0.0178899462628066,0.00013667910791115005
0.0169318258628052,5.968825908311335e-05
0.0104595992255209,3.2063131796180334e-05
0.0172437050305964,7.953463937091774e-05
0.0035243646037307,2.2238155537122538e-07
0.0173487708441097,7.858894461894845e-05
0.0192883717578927,0.0001029936131273401
0.0126396509104775,2.45462208346174e-05
0.0018244325492619,3.400301801751404e-06
0.0096509667667388,2.290873158753849e-05
0.0129678629467665,1.9374072732519102e-05
0.0079679072998688,2.9844181571067773e-06
0.0152852920965529,8.999372824054575e-05
0.0089770409762469,1.008418759184091e-05
0.0134245731159907,2.9085064815338373e-08
0.0053541781822041,1.8101031582150857e-06
0.0175874173047516,0.0001237513116234979
0.0072730288589922,8.21870623779525e-06
0.0185684312261079,5.0502235577732606e-05
0.0012755342871434,1.4146234796984237e-05
0.0091807701811073,2.5440030314415434e-05
0.0058062005513805,9.318863359879907e-06
0.0011416719872056,8.396688793711221e-06
0.0054861404259034,2.386725171517712e-06
0.0046642698697677,4.87646421451332e-10
0.0169819134569288,6.820090322942743e-06
0.0147287087624658,4.854218179100141e-05
0.0048491585464814,9.991191974615378e-07
0.0128821748036807,2.0944611505416746e-05
0.01508044455482,5.046147305341046e-06
0.0144964419349878,1.2333252518307797e-05
0.0158758651079197,5.500462587708499e-05
0.0186854404793353,9.256564548825415e-05
0.0021620103176136,1.636526716745872e-06
0.0007227934084732,9.954820023107407e-06
0.0086654225963375,1.8216192570621861e-06
0.0181827786406751,3.169522670158e-05
0.0049053644293701,1.6773261436335286e-08
0.0082046134786774,1.4139297595381951e-05
0.0015473343060042,5.390047752487251e-07
0.0036292245464516,3.578608437350716e-09
0.0093064471993443,8.762227394003458e-06
0.0142238117010433,5.379465270263303e-05
0.0199673808504411,0.00012582296721035943
0.0020700187582664,1.974067579256632e-06
0.0087158186233619,1.8745076303299724e-06
0.018524394304248,0.00010609169102375177
0.0155642743079122,6.59305156424784e-05
0.0048209328489424,3.2431203189248657e-06
0.002459506822556,2.2157038343960507e-07
0.013922238992656,3.623589817890947e-05
0.0065205033761828,6.807905303768134e-06
0.0164711286262357,7.373150924455332e-05
0.0119721120533427,4.4589477688245984e-05
0.0102197234318599,4.1801708340452064e-05
0.0197359074339495,0.00016608800407128088
0.0034311967221942,2.8879057277139443e-07
0.0046341547038148,1.0775201877409772e-07
0.0138910957915149,4.774097660413007e-05
0.0043768888922988,1.2021886939595933e-06
0.0038397527338813,2.845592840634837e-07
0.0052964270222183,9.292871893907369e-07
0.00589677885791,3.2541936791465402e-06
0.0018673134493535,1.3651879485659959e-06
0.0119629636895124,2.1076611759094492e-05
0.003418439388081,1.5444243037938854e-09
0.005471035152838,8.256207144720623e-07
0.0073644272828775,2.950223674782239e-05
0.0073772062796183,5.788184396457866e-06
0.0150643199125686,3.453856678290034e-05
0.0110074627691004,1.642928555565464e-05
0.0011548432273026,5.031704391556963e-06
0.0122400841196325,3.4411941430789424e-05
0.0100685080459558,9.397382367246564e-06
0.0060298838175961,2.9596576423217464e-06
0.0020126936534611,1.5067420890497848e-06
0.0103087526715466,1.4952495247459772e-05
0.0123456159008626,5.056906976633215e-05
0.0121448394863189,5.0668778540633956e-05
0.006351352594097,4.56644316975087e-06
0.0146601393400911,4.7686664566188386e-05
0.0038623802320522,1.2665204559278296e-06
0.0077574089225979,3.418028800577651e-06
0.0125781915942072,2.5912812211386745e-05
0.0110144257598605,3.585359059886186e-05
0.0076214901162196,9.520435545141118e-06
0.0177196071897024,7.702729924414653e-05
0.0187782602478465,0.00012783175052926064
0.0160539386041212,8.871764133370608e-05
0.0129584193342107,4.61199779414423e-05
0.0001837831049945,6.1255841053708044e-06
0.0051072865413367,2.466183966574004e-06
0.0033869284622191,5.632293042632552e-07
0.0162657313279507,8.776752269427327e-05
0.0034028231584617,1.433649706997625e-07
0.0146583375927383,6.525320663500378e-05
0.0054315592514154,2.762013145781247e-06
0.0091323958750093,1.9901141103787683e-05
0.0021736653888099,5.470000426190348e-07
0.0068046647617075,3.710584943659539e-06
0.0046114358364097,3.652880839231071e-08
0.011358049832683,2.770909479121995e-05
0.0133240700460516,2.756038485119206e-05
0.0002028957159985,4.153401470867406e-06
0.0168927168886944,2.8020918420960403e-05
0.0115094276255106,3.531914337394592e-07
0.0048408327416955,1.9567483030000705e-06
0.0006427029785373,4.923373374653771e-06
0.0010488493419887,1.0251523373283284e-05
0.0027256375059438,8.094311718614853e-07
0.0100313922846337,9.890839960585685e-06
0.0046889152145976,3.954620279839124e-06
0.0053553617049502,7.246608802689702e-06
0.0092656019056516,1.5731771899461531e-06
0.0099895434459799,1.807332984332943e-05
0.0058568955460326,6.995735986433973e-07
0.011614387771284,2.5279299788055213e-05
0.0146451942145099,0.00011144246443097249
0.0053174860425109,3.3341963845895262e-06
0.0065564140223705,2.868532240622565e-07
0.0134158357573356,5.229841039636309e-05
0.0088972381500438,1.041333577758899e-05
0.0126905655280214,5.906488019628081e-05
0.0091830008437307,4.076357922271118e-06
0.0084946029518231,8.324425026492725e-06
0.0100736068442105,2.93683624944394e-05
0.0007399922244436,1.779132668540912e-05
0.0053939012255019,5.29427902220903e-07
0.0012578233371965,2.425411241239153e-06
0.0144624081436414,1.5374836836070496e-06
0.0001684421330631,5.071222118100554e-06
0.0075817029042896,7.406273975450735e-06
0.0059152236472764,5.719722035743484e-07
0.0140389498286691,6.793585257379957e-05
0.0122292205527406,2.741673850663317e-05
0.0013817879153397,2.579519156687725e-06
0.0054947680317164,4.7871519981704106e-06
0.0063638124470839,2.813669350733401e-06
0.0138981113589424,2.203466176071546e-05
0.0168395684437652,3.596870310325322e-05
0.0195292338447488,0.00015554722134786063
0.0165894603009921,1.5115038802793132e-05
0.0135160808829692,6.215724157572308e-09
0.0086087687778625,7.598493786485718e-06
0.0044284828848793,7.116321855717456e-07
0.0047571385539604,5.256497837064383e-06
0.0101667550795834,2.5393427232326294e-05
0.0092232469087048,2.9609776030796102e-05
0.0100101796403904,2.0516365642065922e-05
0.0142957595500088,6.806980700160583e-06
0.0094180966715679,1.949237422350949e-05
0.0169464803418003,8.482642474561585e-05
0.0004847853969542,2.3633541742591378e-05
0.0135410375716189,2.589157272062223e-05
0.002519269860072,7.763465059340563e-07
0.0018719298126237,8.546590982963439e-07
0.0143540303517317,3.526298279427138e-05
0.0179783383475726,1.7164319146157099e-06
0.0001537816242719,6.569327974887236e-06
0.0049271644440749,5.361131219311513e-07
0.0188896063407396,8.66026578776942e-05
0.0117434230685252,1.9931046200004196e-05
0.0101201820059973,4.037827969709261e-05
0.0009303417110234,7.336992449707871e-06
0.005301573012655,3.1236019485036347e-06
0.0176008888970782,9.689490302341116e-05
0.002616835074377,3.1529971631180606e-07
0.0107711663957167,4.2642009785742464e-05
0.0041811605390345,4.466753201081153e-08
0.0022603088834527,4.192547251016101e-07
0.0026379032597523,9.062671629293061e-07
0.0105448515044022,5.010264901121456e-07
0.0022376633555716,4.1591933176179204e-07
0.009555746493004,2.6239502234080896e-05
0.0081881879082968,3.049794428495989e-07
0.0153427030813767,2.52463695261195e-05
0.0198177814954345,0.00010763025599799098
0.0071784143690042,7.628499025719289e-06
0.0002882161147676,5.685392441956112e-06
0.0164134266143562,5.7151493997516486e-05
0.0107756463716839,4.1424419431548814e-05
0.0146557586652145,3.3876233620415546e-05
0.0186396326871997,0.00013903331120677627
0.0006738797676575,2.344421221735506e-06
0.0083031624199403,4.255152013298573e-06
0.0014222815005753,2.901244908379029e-06
0.011694754228598,4.285304547053184e-05
0.012287566346764,2.9160810221464615e-05
0.0087685893063799,1.941193000348614e-06
0.0092568411583723,5.051458284411232e-06
0.0051717475413411,2.8251845368479294e-06
0.0072813673885359,2.1152527850131917e-06
0.0073984703181986,1.5046609262805006e-07
0.0083954774842845,1.817510582111137e-05
0.0070587917743935,8.449354786205687e-06
0.0036054670757518,4.3730443320448875e-07
0.0066794964607339,9.6321265952847e-07
0.0091260546846413,1.9455112814814378e-05
0.0182504771088816,4.0574315369205124e-05
0.0145847205221941,1.846906600325314e-05
0.0117281331697166,3.998596530746565e-05
0.006083923491325,1.4540383488881244e-06
0.0124803595333173,3.2012724444968144e-05
0.0145291019339309,3.850088534511357e-05
0.0028173921235132,3.2488345662152723e-07
0.0176964844117982,1.4331306091527659e-05
0.008288878154114,7.868549214216437e-06
0.0164708553039867,0.00014713846783508559
0.011640699856617,1.3831726139652148e-05
0.0032654562477473,7.978342344395874e-09
0.0126236994665171,2.4564775722644093e-05
0.0057196147867761,2.6929682093012917e-07
0.0180168958764044,7.138416842629118e-05
0.0197937665267188,0.00010553690588608576
0.0066798717432335,3.2751313782205775e-07
0.0001291036633015,9.96082127991371e-06
0.0052899159766869,4.166524884877696e-06
0.0076541354306675,1.1123441671829423e-05
0.01701177616362,8.173307534959473e-05
0.0027661504868274,2.6342939126184872e-06
0.0089301782286393,1.676835828852123e-05
0.019729545096907,8.62122437138937e-05
0.0019421513432843,6.229613414184225e-07
0.0050214571302961,9.644832624504025e-07
0.0188828470489681,4.993327724408614e-05
0.0073283166552034,5.865657828848443e-07
0.0004295279113043,1.719487910001151e-05
0.0140572204675917,8.755319930089028e-06
0.0042893001735779,4.339318519162915e-08
0.012595223651842,1.2029322273488238e-05
0.0143736347867589,4.688481507754149e-05
0.0198082600406853,0.00019973095042442713
0.0182909777296696,4.121588914947475e-05
0.0137170143242924,4.826171423053294e-06
0.0125696973992186,3.891902103540542e-05
0.0140200067993772,5.9013932184477415e-05
0.0118914904189939,4.4066176966492805e-05
0.0196276000325031,4.240728784510608e-05
0.0067636638737649,2.2495475361539185e-06
0.0120899498450194,6.224719605848416e-05
0.0038902209873516,1.1556775980022644e-06
0.0179152587507112,6.15038911291311e-05
0.011667134038526,1.546786770352832e-05
0.0075933569275046,1.3154918367898773e-05
0.0096509221063433,1.870298127034551e-05
0.0138179949151093,2.4596709423017967e-05
0.0190304452919479,8.806092010288103e-05
0.0103160480624534,2.660262879714047e-05
0.0193466535910454,0.000139924713944699
0.008898331083593,5.96902702454678e-06
0.015555892371527,9.075340840970085e-05
0.0050496689939247,2.2556167501185355e-06
0.0171990334343684,5.327829629145242e-05
0.0104798706520799,2.3389309855017044e-05
0.0156022210963331,6.886302809957184e-05
0.0030567478181154,1.54715343572963e-07
0.0109088516310037,2.7627530478139492e-05
0.0099242634408688,2.0235401531481304e-05
0.0152466646074024,9.001389169772761e-05
0.0118591718955718,2.7011699603739414e-05
0.0003583550746138,7.787097425250122e-06
0.0143561961858706,4.72419533040987e-05
0.0071519569919405,3.910864978024239e-06
0.0039630607282885,8.801831541508018e-08
0.0161232047487306,2.069609316919691e-05
0.0120430382206616,4.880763711024738e-05
0.0087575015907963,3.525198913917603e-05
0.0154725427356424,7.637088538355506e-05
0.0177309848889201,8.240764534935815e-05
0.0193861971760261,1.1197945045833122e-06
0.0039594234807765,3.642317395662783e-06
0.0147441947739993,0.00010348617746818525
0.002903631288609,6.3688567513894205e-06
0.0051021339635277,3.489714183851992e-07
0.0112807799805469,1.1966003782657007e-05
0.0196090726123578,7.614657439059744e-05
0.0188949214016786,0.00011587298666190157
0.0074726283557484,1.9853751373261354e-05
0.0030422604904454,2.9294158363687153e-08
0.0141504953082683,5.970556568530175e-05
0.00451347051356,4.421942154807132e-06
0.0161856434583991,9.952767237362985e-05
0.0170081932773934,7.128503929000686e-05
0.0060927444343679,3.6795017991728785e-06
0.0178387311907588,0.00012554132112239697
0.0039647297367548,7.648778728882757e-10
0.0189653801537259,2.7508774628291963e-05
0.0133717546281176,3.646717942698566e-05
0.0040742065983538,9.416688545246123e-07
0.0159263094712342,5.9158231601169034e-05
0.0092861648638493,6.3928125461333395e-06
0.0049971186828755,7.3717060300882415e-06
0.0105075744674769,3.364302603359271e-05
0.0078522181123837,6.425582730557683e-06
0.0023369826671042,2.224641809135927e-06
0.015026501680804,6.819627661945444e-05
0.0154937417208786,7.090016938256699e-05
0.0086919816786955,2.8545802377721945e-05
0.0055395219997482,1.3827439755238783e-06
0.0153776555988909,9.923528135769167e-06
0.0083284857987638,1.4224685621144555e-07
0.0106457824469277,4.3105871931794653e-07
0.0043487212491298,1.2385336365119574e-06
0.0048798722705531,4.712013977553336e-06
0.0120556265466226,4.5472398799510465e-05
0.0068470416646112,1.1900364965979528e-06
0.0010917677444348,1.2469977068871188e-06
0.0154993115255643,0.0001333698113223227
0.0136093482478111,6.106081995536229e-05
0.0077803338246103,4.883117870050293e-06
0.006133239717094,6.479313924338716e-06
0.0006996977110712,2.2559902460523234e-06
0.0073712582837419,9.203859762587921e-06
0.0076594167011346,3.790944011604879e-06
0.003285355861368,2.1793926589134956e-08
0.0070559433468043,3.7680445979682895e-07
0.0180134070969829,1.6263577735598375e-05
0.0166422675767542,7.09958144853881e-05
0.0193648507186988,2.219745584313093e-05
0.0112067370524974,4.040376476591772e-05
0.0009072315047066,2.115037533115265e-06
0.0084121232043855,1.8392587838438614e-05
0.0191814011041029,2.175424031642007e-05
0.005528238089055,6.537741834183335e-07
0.013042467711178,3.170955975564555e-05
0.0051841594990132,5.225277395255704e-07
0.0162369918099986,0.00010109131344859534
0.0077342430289044,1.3225402815652609e-05
0.000415280193321,1.0248389288852067e-05
0.0073207056431746,1.464044510763133e-05
0.0119942364504698,6.18068134388773e-05
0.0188019607662333,0.00012749750622662956
0.0043779140815919,6.288714294044578e-07
0.0139525801671083,5.981219341693512e-05
0.0041325701845018,3.044964755158531e-06
0.0057654056494457,7.147646628249632e-06
0.0172879570196159,6.026692684268688e-05
0.018893763604545,0.00012031573547284699
0.0025262448763608,5.8089614213903495e-08
0.0043529205301058,8.314646088330002e-08
0.013150953998233,2.8083738193525562e-05
0.001509271995837,1.8145954921174608e-07
0.0081499414074456,5.160373995599813e-06
0.0089757253809633,1.9178910232867627e-05
0.0125525134787791,8.673848099792e-06
0.0082099013866984,1.889774751526243e-06
0.0162925547402929,8.003131736686703e-05
0.0041328351624469,1.640801819028237e-10
0.0178547347080369,9.338962757469495e-05
0.0087787280486242,1.1263404283198085e-05
0.009827034968724,1.425122666404714e-05
0.0194896566998061,0.00014787052532626882
0.0193708994953067,4.889638804876136e-05
0.0086686991033446,1.4283107162979203e-05
0.0054765438356825,4.665242243768497e-06
0.018141955149726,0.0001515329967820532
0.0012989159095961,9.529730648917524e-07
0.0160008714883062,2.962980959781953e-05
0.0003217964517728,3.3829811655227174e-06
0.0029835225980065,1.9812521119086758e-07
0.0107403844513076,7.674056493409077e-06
0.0049256586309387,4.802929275125532e-08
0.0051438196226693,3.098258886321795e-07
0.0090827788618955,8.296090355441506e-06
0.0097072370858187,1.7287313995596514e-05
0.0078613277707054,4.4556975141271765e-06
0.012101479553996,3.827993201676608e-05
0.0104872334336303,2.883849101299848e-05
0.003005362624851,5.6691551589195617e-08
0.0122802924146288,2.4826215188847595e-05
0.0029120517487147,2.5783846389644043e-06
0.0055497893561224,3.2844165667655242e-06
0.0011970653459252,3.1967033514913213e-06
0.0009334671455554,3.2878592566363707e-06
0.0040533812700315,3.0976888071662393e-07
0.0147847933396454,8.744278029092964e-05
0.0024611927866857,5.4223027359520125e-06
0.0041801176822143,3.1041561223626594e-06
0.0177341392021038,8.567870225382335e-05
0.0198568083086577,0.00012029110455651186
0.0043071839962896,1.1734773723863667e-07
0.0057382194045944,1.9697822388858367e-06
0.0107005773827268,2.7518506717419587e-05
0.005574630296509,8.575998220925612e-08
0.0192142522573517,0.0001207787821115499
0.0040818316080549,5.319024288123062e-08
0.0083839949382504,1.3585296037326563e-05
0.0011069067507668,2.3988083830470678e-06
0.0092177869270703,1.018631319258814e-05
0.0085124493710359,2.0276643985509193e-05
0.0122021605028737,3.273813310874828e-05
0.0078961437226668,1.4709338535446642e-05
0.0166455835968466,8.92291157420968e-05
0.0192238964019723,0.00013793173221240412
0.0134154092397224,3.6124624112588516e-05
0.0001340640170909,3.7961329554526444e-06
0.0100192078720916,2.8730728123804e-06
0.0170746639517928,7.98538582817533e-05
0.0034606635731341,4.1246087495625697e-07
0.0175808873980414,8.649331105804124e-05
0.0114731981635981,6.003731395368796e-05
0.0166019730720465,9.601602447974546e-05
0.0124773529520363,4.447365416140656e-05
0.0186847655531566,0.00017726669041386183
0.0007363086099725,3.973954337004171e-06
0.0021121629290583,3.048603319221738e-06
0.0099232168993941,2.383586029264262e-05
0.0142006100535953,5.333033215861796e-05
0.0198249177505927,6.86194727417546e-05
0.0071705223022392,1.5435446152120907e-05
0.0017338286445978,1.3156219181394306e-06
0.0194054361381981,6.932967319875526e-05
0.0070673035789793,5.168386826827854e-06
0.0092995344541694,2.2011704259070223e-06
0.0193121066472893,0.0001059360143140475
0.01563537231584,3.457884969238241e-05
0.0123985080438596,5.2253398404797504e-05
0.0126059374953994,3.915984209465985e-05
0.0094846028293036,9.563070387280712e-06
0.0177863808659109,1.9396988239375026e-05
0.0154594559516097,5.4128009283867275e-05
0.0132010393782383,1.059434877543009e-05
0.0076772182122774,1.852776498748029e-05
0.0069949724199743,4.186463465525336e-06
0.0070028375880117,1.2858617462275533e-06
0.0035735071152921,9.544365378025595e-07
0.0173266503744383,9.971212959729445e-05
0.0099087842398053,6.122099047075068e-06
5.8367550095959065e-05,5.453698030901988e-06
0.0005345778027167,6.034386138778103e-06
0.0111747514316569,2.3819309142144173e-07
0.001727077272572,1.897454386939115e-06
0.0135922417750637,3.900888675240025e-05
0.0187951802160961,6.73667722293556e-05
0.006556990701407,2.8163280925872135e-06
0.019451611868608,0.0001599131213459022
0.0129280926191477,1.497167355257698e-05
0.007044851349604,6.86053528110224e-06
0.0190890212281001,7.132192245580928e-05
0.0159858571216029,0.00012591161175466348
0.0075142288636765,2.448726180650396e-05
0.0136819549319297,5.3490693567065485e-05
0.0150397940734316,9.130265763694094e-05
0.0192056115728005,0.00012467140724504067
0.0006998550537263,7.192850673097315e-06
0.0183397515678412,5.5704363256648246e-05
0.0198902831340487,4.36776708338215e-06
0.0185193415868235,8.731882982598495e-05
0.0135350329822917,3.7060691141292656e-05
0.0175385227221921,3.349560439570508e-05
0.0021445405533718,3.816732907895793e-07
0.01413326821776,3.1353929360670265e-05
0.0139535718326653,5.099585365578505e-05
0.0084771260927737,3.4824585674277693e-06
0.0190325183331822,2.413442447545455e-05
0.0073042580046627,6.512101604539317e-07
0.011975802434962,5.2532804814289686e-05
7.516444929443366e-05,1.0466811232823751e-05
0.0044142085839662,2.186891355484321e-06
0.0134340015256395,1.9502539955154306e-05
0.0127495065517637,5.609593784788004e-05
0.0109035518627366,3.2020414607150175e-05
0.0128430323588777,7.962018154958018e-05
0.0037426251024894,9.474119584303746e-08
0.0099758884295444,1.964229688232279e-05
0.0126429686662369,3.357709626448573e-05
0.0123402741905873,2.0542937430467596e-05
0.014312090514859,5.3084835771969964e-05
0.0195437046751766,0.00012197179565878235
0.0098826646439084,8.465063024370127e-06
0.0017403408359105,2.571157250458337e-07
0.0045973718948859,2.880656314170563e-07
0.012735652812273,6.413764873198335e-05
0.0173705511731931,7.556424355627806e-05
0.0012679978941703,2.238986118423504e-06
0.0025626343262617,4.2457267084309845e-06
0.0129682871471746,1.546180642269866e-05
0.0016808715348446,3.89781493975038e-07
0.00430166035999,9.745497791244311e-08
0.0104381005785504,3.661927717548548e-05
0.0036713324209911,1.330961129743254e-06
0.0116907304510883,2.892650746279414e-05
0.0191138565086725,4.6159552148945085e-05
0.0168876350930227,3.192167705625123e-05
0.0172451340826951,8.335171108845665e-05
0.0114474139246512,1.3163734016115258e-05
0.0018462655255237,2.3026515522506044e-06
0.0031612551129412,1.3161616011663197e-07
0.0100858446725141,9.832661319177627e-06
0.01891493175278,3.444983514286855e-05
0.0153724322424576,2.4784810948376642e-05
0.0180797616640926,5.330945886641971e-05
0.001946888750505,1.3012014263032107e-06
0.0194222997551399,6.368237408856101e-05
0.0089533790327534,8.811134842915743e-06
0.0137242718756055,3.8537558124297145e-05
0.0005628544295096,1.040906223821078e-05
0.0065618598187838,6.50375477282455e-07
0.0195920585300007,9.250183583664062e-05
0.0148512035687267,8.715861344213477e-05
0.0089865233209354,2.242604045986538e-06
0.0031430529662917,6.202198955320693e-07
0.0157879808761382,4.7155615808778684e-05
0.0057060721868222,7.253832862780404e-07
0.0121176092426322,6.9916986807804365e-06
0.0056506205006514,5.024697021944789e-07
0.0104123504200847,1.5910467819741257e-05
0.0007439966349688,3.3023243356938657e-06
0.0116750391832676,1.7127932526585404e-05
0.0060486423971248,2.980651303052398e-06
0.0077454298887068,1.3267788762101407e-05
0.0123024459631879,2.8753761742636627e-05
0.0124902129608187,2.2384607961250155e-05
0.0172955632858926,3.304863367880058e-05
0.0189428921800736,0.0001399518378076622
0.008070245620654,5.905733400844882e-06
0.0171494839286185,9.451158233133942e-06
0.0171870200100945,4.146852450543104e-05
0.0194597745052833,0.00012997726348093036
0.0049192671823878,3.952857481252255e-06
0.018419785138394,4.669691238533219e-05
0.0065765700627006,6.762632807582877e-06
0.0048725442012975,1.1435846111297829e-07
0.00625282864978,5.0129967027977215e-06
0.006806231870978,5.109441020535174e-06
0.0179151199850571,3.26310223402621e-05
0.004908202588858,3.5050341166971587e-07
0.01884931688163,6.568559641715817e-05
0.0014049703408562,1.9106376380577644e-07
0.0140731876595289,4.2448194563637734e-05
0.0058285052516149,3.652518933848503e-08
0.0171222416439106,9.67162912641919e-05
0.0065990673527575,9.913887865695639e-06
0.012257149560559,4.546676171540602e-05
0.0077504111043105,1.1722247357186255e-06
0.0121170524584023,3.8828462256064144e-05
0.0085356635804435,1.6877324997197626e-05
0.0042347253095204,2.418398030978366e-06
0.0100603927120628,2.694103871991436e-05
0.0189176304875026,9.6919528786999e-05
0.0186321434348649,9.166588888807901e-05
0.0020713256073556,5.740304478597273e-07
0.00518786958537,2.293125100721385e-06
0.0198854165915743,0.00010959862187021494
0.0088119155332394,3.909927859407488e-08
0.0189739211954912,7.521254353313717e-05
0.0061542699875885,1.995916033976534e-06
0.0068095092568056,8.325692949202275e-06
0.0090520203223762,3.4156902175060947e-06
0.0166761071581394,2.134135800891505e-05
0.0029269371659656,2.7633267932050014e-06
0.0123311795773544,2.3653653904904727e-05
0.0150352601285265,7.92784784023324e-05
0.008297136188191,2.7056983342622115e-05
0.0195479141004071,0.00012007598895878732
0.0088881357485629,8.738636698761807e-06
0.0147708671425689,6.386607495609827e-05
0.0052997485785845,2.7768361620748424e-07
0.000789157117886,3.00694954725718e-06
0.0175503421735674,6.3917638669677e-06
0.0169787157832721,6.185858843842366e-05
0.0073903483848927,8.316944253446578e-06
0.0062847037972079,6.844923763587085e-06
0.0042636594666025,3.745382961059505e-07
0.0131635989593254,1.8370037889322412e-05
0.0029606268568354,2.4202403756569114e-07
0.0130862923961871,1.7729765227409364e-05
0.0088007323686495,9.414656671449145e-11
0.0016316894798808,4.162573529394471e-06
0.0067853738854387,9.764367942832904e-06
0.0127406047553361,3.8038050383580714e-05
0.0166136660722935,9.69802998578782e-05
0.0098111675215023,3.793067134232618e-05
0.001878297722809,3.0216626530221793e-06
0.0022104152671292,1.967940987909317e-06
0.0011970919169897,1.2826418442470839e-05
0.0034927775120454,3.8080761217111135e-06
0.0178969382689258,8.123216363230815e-06
0.0117434023945582,1.3232838753437598e-05
0.0181865144869265,3.781017536291883e-05
0.0180495162923749,6.026027602165378e-05
0.0077878608771822,2.1803603992312217e-05
0.0124432846196727,5.5839503138519685e-06
0.0066242361988143,4.126036639829813e-06
0.0167459020713318,6.540760251617185e-05
0.0156219681134179,1.3411580794278113e-05
0.0069910983227767,6.200948887714442e-06
0.0191373576624197,7.42119109106467e-05
0.0059982687231966,9.72350951410267e-08
0.0160175522682152,3.681720393877378e-05
0.0034200644089972,7.800233616234291e-07
0.007559606011691,3.795359230938585e-06
0.0165585989390777,9.780701734323345e-05
0.0150514815435423,1.9319602016637485e-05
0.008670145019519,7.1538460739382285e-06
0.0013464703156162,1.5243484340770445e-05
0.0159447771183737,3.6881973429563425e-05
0.0053977341172268,3.824917277821277e-06
0.0152928722727975,5.4552108044243205e-05
0.0198696364135786,4.686120162619312e-05
0.0137202218235194,5.807511374703494e-05
0.0111544267769208,1.861628814122179e-05
0.0060854687316861,4.836027090786684e-06
0.0040296269074782,2.2046278191185438e-06
0.007708844582425,8.569630013536002e-06
0.0037638019551885,1.3614199867268435e-06
0.0172554103601441,8.314899500386294e-05
0.0041255264405393,8.942641904234781e-07
0.013701468629554,4.682615975755078e-05
0.0171777338021697,3.503692445374847e-05
0.0010773447861031,3.2034439736505068e-06
0.01722208849726,8.780708978912966e-05
0.0077298124600589,2.7585397278248552e-06
0.0012951604946032,5.376510448012938e-06
0.0059807429036395,2.3232126282783517e-06
0.0158704228672063,4.4176033607141143e-05
0.0075263330123811,1.0674201795002508e-05
0.0164063971867155,5.82222967475519e-05
0.0107249772654668,3.2965361985496936e-05
0.0071526178652854,2.23875939794412e-08
0.0072553622378012,1.3051411497131735e-05
0.0066575088464291,1.9616605157065697e-06
0.015667454886481,6.423696852496455e-05
0.0108967070545506,9.082142795516646e-06
0.0160186120750398,4.272829550492493e-05
0.0052721789097939,2.2362273587629177e-06
0.0189000956192294,3.731861045601076e-05
0.0087481458415754,2.414107394731661e-05
0.0033644033137334,8.28407484856756e-07
0.0170820175109147,4.9591872082538386e-05
0.0068649442590675,6.2929269164270056e-06
0.007304980631766,3.2878126257665954e-06
0.0113552476425534,2.4361527925335107e-05
0.0002754480427099,7.359392964926018e-06
0.0153611498099161,9.811521949747978e-05
0.0135730741912246,2.0631103399013503e-06
0.0006767630210409,4.3886323187663365e-06
0.0110311299037445,1.2254724698569475e-05
0.0155901089648721,5.661829200443907e-05
0.0174429121523943,2.9416448746014097e-05
0.0153350011342841,4.774466463304864e-05
0.0138915019740318,5.939205573184472e-05
0.0160536358448923,4.038050841343375e-05
0.0161196677637294,9.276874501194739e-05
0.0108452447709633,2.0148440036575514e-05
0.0105432827743161,1.541015455486542e-05
0.001472335152908,2.1165333085438194e-06
0.0100207614310228,3.311114939775336e-05
0.0117722234093402,2.384266860497667e-05
0.005082578115317,1.4312776798337222e-08
0.0155978918031884,3.41570993097565e-05
0.0193958627662708,5.922844448642652e-05
0.0165905615202821,0.00010904511168418023
0.0096094311185104,1.669082541111734e-08
0.0014220806782041,5.708598324944666e-07
0.009116208916398,1.5156488626432054e-05
0.0047802528621131,1.7194673875896556e-11
0.004888822725835,5.99060515044017e-07
0.0113352383525696,9.601876550591687e-06
0.0030047235362148,4.43717948760655e-06
0.0028933123715487,4.518693845327187e-09
0.0043068363443842,7.260724731598986e-07
0.0149425243943094,4.717289792101477e-05
0.016743899673884,5.274644105475506e-05
0.0177944315179101,4.261425784248205e-05
0.0185519958707255,0.00011026601317788133
0.0093413983231114,3.2205209823032403e-05
0.0138479643762391,3.9379933145511325e-05
0.0059287402897134,1.558110208317452e-07
0.0193033769460901,0.0001348098029479907
0.0176601622329211,3.448949350420908e-05
0.0063618103689787,5.122922751478202e-07
0.0188480391808279,9.409925585598585e-05
0.0095211858853201,1.5063071715306243e-05
0.0071607265313539,1.4476422779824143e-05
0.0075240870438248,5.091794437756253e-06
0.0046032626312062,4.5285763939395736e-08
0.0014460028876716,1.2722124584654306e-05
0.0188456721154274,5.414594795631934e-05
0.0089619003906877,6.841149762161819e-06
0.004258990123166,9.5230218462235e-06
0.0065219398159872,3.704124735258868e-06
0.0042844885224624,3.996947494325706e-09
1.876538272769235e-05,1.2121618255954534e-05
0.0165846112085978,6.859696814170872e-05
0.0019464113376669,2.5078079487881497e-06
0.009090034643306,5.8676187652378135e-06
0.0147732693979901,2.6846388112598663e-05
0.0123942176337013,3.7138120640147905e-05
0.0003889736930873,1.5236530407564527e-05
0.018224178641131,9.113369723965888e-05
0.0161653271307598,2.2813101874925132e-05
0.0152249818695999,3.1322747915016346e-05
0.0096741785485015,1.9158362633170215e-05
0.0076508040214084,6.91770838853802e-07
0.0102505190720256,3.1157473050453416e-05
0.017098052319543,7.159394739828129e-05
0.0029683165031803,2.9493498880645426e-06
0.0081048301587552,1.7256296938531803e-05
0.003140459568532,8.511200783506298e-08
0.0039682949953639,1.6048460698245944e-06
0.0185274638047101,8.955078203135303e-05
0.0117333773869536,3.0147702668852633e-05
9.474197904676629e-05,1.936571318323475e-05
0.0121847078216661,4.09641274602983e-05
0.0025179489812828,1.793800435686127e-06
0.0151901394743523,1.2482886608583036e-05
0.0083062716563265,1.6798171085082734e-05
0.013253363147906,4.51663832201683e-05
0.0082045688638314,2.0676643861569868e-05
0.0072563565623485,8.384775536665498e-06
0.0136537366582753,2.639670519400197e-05
0.0129542382060574,4.909866110852135e-05
0.0053214134836257,7.879453228868355e-07
0.0134134692290071,4.4622002237554205e-05
0.0020226642905146,1.7602693691666157e-06
0.0063889029156457,1.0984491844787968e-05
0.004081496542116,5.212230740690714e-07
0.0034570216349733,1.242498306659319e-07
0.0096950549516058,1.597001200328472e-05
0.0048778492060284,5.185653930932446e-06
0.0194083924084099,3.60604725473804e-05
0.0059463809119376,1.1011679774346955e-05
0.0083122030406723,1.856872535100809e-05
0.0037809059150037,2.144640664566221e-07
0.0040421748520906,6.137029434007352e-07
0.0173753952110113,8.015374087085418e-05
0.0150252929015659,3.665606279662206e-05
0.016038020097276,1.8188088659703253e-05
0.0176367857167147,9.791727531282061e-05
0.0066564474486597,1.406550496721617e-05
0.0030596809912977,1.365374157753092e-09
0.017826723478164,5.85024050281594e-05
0.0159121791571946,6.215251796555456e-05
0.000702090002229,3.106019323569215e-06
0.01903930186185,6.670430415031671e-05
0.006255621384482,1.3803047648677218e-06
0.0105093472993101,1.4480304371275061e-05
0.0148634767297475,2.973190246412669e-05
0.0130208778138217,3.5811544378366136e-05
0.0088131165177407,1.3330738844977302e-05
0.0056725237964417,4.1563635021158417e-10
0.0095140946441075,5.242402740865017e-06
0.0179775278768316,9.834854508762886e-08
0.0146711055947675,8.291473509028516e-05
0.0086692840457635,4.530826129411708e-08
0.0031224829725437,8.034632803220511e-07
0.0151784361477157,7.125571637719369e-05
0.0147683550233297,9.76106410364884e-05
0.0037582491475669,4.649259022443744e-06
0.0196379338290749,2.4846965011248637e-05
0.0089393138401236,5.054218063085963e-06
0.008865616957797,2.2174996535551224e-05
0.0147654267304589,2.1814362264398345e-05
0.0011153416819496,6.146779021966867e-06
0.0119881836243788,1.2253819065699777e-05
0.0186260630187499,0.00011844143453838043
0.0056300031773405,3.5640308198594697e-06
0.0089458725184413,2.1220994278795466e-05
0.0186333802504232,2.2412549051671372e-06
0.0121103961172407,2.8827705736708904e-05
0.0097519595239289,3.569661754328014e-05
0.0010719280588733,2.1088696492729675e-06
0.0157309317443637,2.772767516868001e-05
0.0002840038895553,8.605450963172829e-06
0.0023328225830341,6.699141536116344e-09
0.0163574476442566,7.771955294659553e-05
0.0186522536996848,7.443403462474876e-05
0.0153240509619339,9.0730602630968e-05
0.0137951723180455,1.661882373437716e-05
0.0080716289227953,2.6840335648643455e-05
0.0082486923465438,5.370557131549156e-06
0.0098601689444638,2.2620374686271857e-05
0.0122835505179947,3.819970378134081e-05
0.0075850432364032,2.9069991167439944e-06
0.0190500822784961,5.4024915891536884e-06
0.0124464062708135,4.01756486077114e-05
0.0094889877830967,6.022459346002314e-06
0.0157731571116428,2.9223649696267784e-05
0.0056029102219801,2.2405755141498233e-06
0.018891552786818,0.00010035738982702808
0.0095083166247224,1.4606715717447231e-05
0.0019716067108211,2.443145700181191e-06
0.0090756237668033,2.157299297301002e-05
0.0119285615287643,6.0709068550840945e-05
0.0049097432831842,8.757488483121897e-07
0.0142220524318448,2.4210045158601004e-05
0.0183334677740567,8.827004454358468e-05
0.0194580550928155,8.00878845207452e-05
0.0143539134780008,5.369602363921003e-05
0.0153704483378557,4.53429403729743e-05
0.0079721328057158,1.2191693085767295e-05
0.0177616963544436,7.583817609182918e-05
0.0033708637741276,5.339437529267776e-08
0.0140044474964491,1.5782077825989226e-05
0.0185601064771738,9.810998097636968e-05
0.0139642702923678,2.5949578020903766e-05
0.0065466418016177,3.211650344989005e-08
0.0093671334799658,2.3871707663141813e-05
0.0119456537490295,2.2540456206537385e-05
0.0129317618717242,2.2216226181400736e-05
0.0067158813333447,7.562715939373825e-06
0.0014447623352275,3.3371759213243588e-06
0.0073179629641262,1.5025017360518677e-05
0.0163226904145973,6.219364295796026e-05
0.0117757158589868,3.724208220843951e-05
0.0122472681109019,4.105265801467677e-05
0.00580262919031,2.3158733777874256e-06
0.0109266601354704,8.583177900535983e-06
0.0109604805660949,1.97159710918986e-05
0.0040964052061674,8.856014792080995e-11
0.0003814279919608,6.481093498634307e-06
0.0036878756570431,2.5458939205774855e-06
0.0190564739314022,8.273918892920454e-05
0.0175180139675324,4.5913591269555146e-05
0.0036020014596608,8.518271005060249e-08
0.0109796640183815,4.073095998453406e-05
0.0102875228620369,4.293674845100423e-05
0.0023738279194152,1.7673026244795564e-06
0.0031791250594972,4.964980774123237e-06
0.0030376600690792,2.1485329757402265e-06
0.0195698029550787,5.597064694825976e-05
0.0181420544077881,0.000140626709753963
0.0058170872065366,5.7639041691447505e-06
0.00215796503145,4.738306146947875e-06
0.001746338660437,2.6454713927366916e-06
0.0192076053857558,9.508444781113565e-05
0.0062110651798176,2.4997969799278966e-06
0.0098710843569119,3.8116532059355164e-05
0.0070329354166165,8.174303546817077e-07
0.0063638952437815,9.888556556766774e-07
0.0040729468851797,7.875433700486402e-07
0.0183079864736064,5.909527240330473e-05
0.0076624840711784,3.167204890040034e-07
0.0197830159718557,6.872144308081547e-05
0.0130853015385389,1.168998924795667e-05
0.0038229628482623,6.913583866277933e-08
0.0169116861981113,1.6736898104955195e-05
0.0184634759687946,9.423399414186233e-05
0.000124480751715,4.986368307964829e-06
0.0169554093131382,2.074438634318688e-05
0.0021972746133717,3.0954317201198007e-09
0.004984129018643,2.414293679982728e-06
0.005339984464726,4.028979219136444e-06
0.01857932510086,1.1338588449562373e-05
0.0172593623130513,0.00014326069035645352
0.0166275525902952,7.5827574601036e-05
0.0116053515133122,6.619020086546939e-05
0.0143496488280914,6.90677771980802e-07
0.0053383769286014,3.3708987915826025e-08
0.0195618729467482,7.511436659363769e-05
0.0144079946644528,4.516115269897243e-05
0.0108420957510301,2.1748107786178416e-05
0.0015240728105375,4.9421076944467995e-06
0.017220415644746,5.589524976579701e-05
0.0139576144021501,9.972857550315813e-05
0.0195044176349092,2.7003966307424582e-05
0.0060928860501816,1.41220322627295e-07
0.0063281846703192,1.4015987254292119e-05
0.0008005331475894,5.239367694187703e-06
0.0180318396580208,7.54820793025333e-05
0.0074204625436185,2.2269580740625265e-06
0.0035308892169267,1.376716529638285e-07
0.0153854100884801,8.82574916360939e-05
0.0032479585146282,3.66604053962761e-08
0.009824445556691,9.615575437214094e-06
0.0195802844096758,8.869405424253817e-05
0.0166071577781523,1.2120516221869588e-05
0.0186281991126378,8.754029505747398e-05
0.0028863011713867,2.654516033535995e-07
0.019561240612486,6.415053922981052e-05
0.002808894307534,7.503658485721486e-06
0.0069303404139725,7.699905490668193e-06
0.0118455824542711,2.5997248577270918e-05
0.0001662904409702,1.6086989470619302e-05
0.004219767592351,2.148336808495745e-08
0.0134576276274211,3.524313577549485e-05
0.0098109635999406,1.5228303134029804e-05
0.0122707573411011,2.479242410037688e-05
0.0121977874828991,1.5866543656368096e-05
0.003912346217342,3.0423998089964683e-07
0.0085956627213841,8.541450388290727e-06
0.0074203253842628,1.0905674315311831e-07
0.0097442672906574,4.5870682595812135e-06
0.0124577755536587,6.643042874399874e-05
0.0013693407245629,6.025576265065748e-06
0.0143255669730448,9.290021261257102e-05
0.0165402994579568,1.0079749870219803e-05
0.012525077578431,7.939200003070554e-05
0.006156551020671,4.0497919120201824e-08
0.0186864572296669,4.977618021537195e-05
0.0080420510610756,6.48172562293837e-07
0.002074285573345,2.2016816664457327e-06
0.0106020715347845,3.0050077094333384e-05
0.0019069026783223,6.0040944545132234e-06
0.0126866361483801,6.720954590214604e-05
0.0047634364821769,6.344213894394554e-07
0.0186278039949141,9.447414013147864e-05
0.0028670163034426,5.832867571505248e-08
0.0051820272665575,1.0409496156686533e-06
0.0021494514985774,1.2433332966723397e-06
0.0137218209303376,6.59279483247922e-05
0.0149532959707704,7.244374177131043e-05
0.0151507864883594,3.791296933354335e-05
0.0194104592855419,7.279037906405572e-05
0.014397054340795,3.024231048115024e-05
0.0103796475572616,2.7992401622655772e-05
0.0174124957372094,8.23473066651456e-05
0.0135890269376022,2.842363142064617e-05
0.0148706054559133,3.6227833933182564e-05
0.0048298649695332,2.648996223530956e-06
0.0062965967743128,1.387627120213398e-08
0.0165243381138436,0.00013076439417500558
0.0161460946565745,7.37048725897675e-05
0.0062410624573564,3.904038735156859e-08
0.0039742148718875,3.554855758894403e-08
0.0028313400387244,8.96518902132151e-07
0.0193424885271163,0.00011631500642631655
0.007869869922347,7.954435753128417e-06
0.0010217515181187,1.1042560011768066e-06
0.0036865105342905,4.5236575974539216e-07
0.0029215497330836,1.505472760311811e-07
0.0181420360387979,8.635363665719272e-05
0.0132707315974565,2.9311510116063158e-05
0.0075093647341444,5.180744504941898e-11
0.01496660023227,5.5486168924189155e-05
0.0106106931250043,1.536277892622111e-05
0.008854082246427,1.9285850575045336e-05
0.0017659052200675,3.822367095016324e-06
0.0166371263012785,0.00012336792958645337
0.0131588915077764,3.394161190477037e-05
0.0048857143574939,3.289261890761435e-07
0.0187204060816175,6.36188963602572e-05
0.0052967912878869,1.6394606671825524e-06
0.0139482035650943,5.634448773471575e-05
0.001295026821988,5.189983766691506e-06
0.0176616535710225,7.311077398986476e-05
0.000380491647963,9.483455086378526e-06
0.0128085691858088,3.477643681161643e-05
0.001024031022636,8.249982960379089e-07
0.0110363036857383,2.7939463230673134e-05
0.0066716109864871,5.200909716721169e-06
0.0147397125510041,5.375830302143177e-05
0.0007267346094673,3.976003344869748e-06
0.0169591416457991,6.954494178114489e-05
0.0149563068223336,3.5369761569668195e-05
0.0008972183461615,5.535081148583604e-06
0.0162962519403467,7.458389642846359e-05
0.0051320586510859,3.1759522817662425e-07
0.0030580746781101,5.674905877318566e-06
0.0130828172233406,3.481333835813e-05
0.006843543287468,4.117099853389516e-06
0.0151313313783675,4.331377064548284e-05
0.0041230062112889,1.5016920359501926e-09
0.0084597100878191,1.0363028831408454e-06
0.0135519430881545,7.162510198443316e-08
0.0086906531746429,9.84328064179835e-07
0.0082195315351301,1.2655562693183652e-05
0.0073375809896725,6.097497267469776e-06
0.0150616282186042,1.557092274987076e-05
0.0146307096562047,9.754169713717928e-05
0.0095985461497215,3.05130080901811e-05
0.0158854685843474,5.89000714071775e-05
0.0085318300526904,8.362252229379763e-06
0.0191628516771045,5.632868653061771e-05
0.0106911280470149,5.416628665175658e-06
0.0085248126248932,3.4984533268614474e-07
0.0177558535931993,4.6486595476551574e-05
0.0001547477982936,6.976435123626991e-06
0.0024295534929456,1.8053398850659524e-06
0.0123603854714005,8.765051980474617e-06
0.0044280650520496,5.8282777422876716e-06
0.010695071086054,1.0327709277324302e-05
0.0114169601079482,2.141942198009981e-05
0.0133314989279611,4.5482963200149844e-05
0.0185476681461118,7.365260535395334e-05
0.0160789313110644,7.811745937793447e-05
0.0032351566747463,3.0463278847518716e-08
0.0023075602597259,1.2532454597512403e-06
0.0066619674531141,5.936678069226894e-06
0.0125227194201816,3.75249798018553e-05
0.0048138295015675,7.964255111478308e-07
0.0027708646885242,8.312933675840595e-08
0.0106386657583663,9.920453173567435e-06
0.0033545254460318,1.3660016683380764e-08
0.0172023716052201,7.64577979704699e-06
0.0066460740030707,1.9778695917677715e-06
0.017694564078408,6.64217962742287e-05
0.0107854696952494,3.64441884392691e-05
0.0113191280888984,1.848475340771631e-05
0.013088517058996,5.7419699032886175e-05
0.0029081826831228,2.4251453332375415e-07
0.0073028518306396,3.836868106381768e-06
0.0088926454999372,1.142355345368415e-05
0.0091182036306335,8.712856481833053e-06
0.0056010694537588,7.205151502620795e-07
0.0047981042942159,1.277577822508023e-06
0.0026464424393962,4.36550758482632e-07
0.013778041605795,8.381846086555029e-05
0.0070251026366248,1.3299466680047106e-05
0.0078158482509443,1.6037661434311675e-05
0.0140912719041015,5.381437462526727e-05
0.009024924173272,2.995111464321109e-05
0.0138177639992142,3.971335035715585e-06
0.015398054069072,5.3537940243938344e-05
0.0134011162512557,3.5412961229002266e-06
0.0047927135009984,2.4220879114718295e-06
0.013850623795826,5.271992561790634e-05
0.0046392219123328,6.300132917795814e-08
0.0128922244377969,3.4154647682433e-05
0.0026939352235695,2.6788937433545435e-08
0.0030242932162618,2.67395139357428e-06
0.0052117208968939,5.979968445664974e-07
0.0161624871899104,6.61185634632748e-05
0.012503091743358,4.6333023073993554e-05
0.0025511531734925,2.1681994819980144e-06
0.0147511516767271,4.899340585507552e-05
0.000518687257312,1.425053506267265e-06
0.0085978531636969,9.385219382853931e-07
0.0031937893526977,1.3146155716436315e-06
0.0077170778869333,1.543391191097998e-05
0.0036972182072229,3.857811459194767e-07
0.01170357637832,2.2008504786219338e-05
0.0053865538294526,1.934531904091369e-06
0.0137208620085566,1.420268965395096e-05
0.0156418442044375,5.471614709600607e-05
0.0102227753854889,2.5337270942512873e-05
0.0054614804755006,3.4463218785433122e-06
0.0033180298914103,3.4133588108689184e-08
0.0026160702025693,2.986570264529254e-06
0.0030607294571037,8.365476714265669e-07
0.0075629163724616,1.0275315981229703e-06
0.0129435914741772,4.591880079668886e-05
0.0130694570670688,4.078361653801278e-06
0.0145192470580428,1.040373349097971e-05
0.0190142442227575,2.4165576902605568e-05
0.0038501776295743,4.317120886400544e-11
0.0159132764214072,1.2644066841489524e-07
0.0118151021765162,7.007778161818283e-05
0.0082434860599234,7.189183929868474e-06
0.0061356187390019,1.3309636982455508e-05
0.0027552821704259,6.093355878330519e-08
0.0082218583415073,3.9734172543497735e-07
0.0187799246283185,0.00010155409714844257
0.0076846309157318,1.3241708387580971e-05
0.0026397201374536,2.566946162129883e-06
0.0111564039157659,3.2413984759558196e-05
0.0048535140306419,1.5538106003288169e-06
0.0026981410028934,2.069094405672847e-07
0.0034728843903963,1.3957403523049228e-06
0.0057864698742682,1.0429637145465485e-05
0.0166672994002891,9.827540874400963e-06
0.0192496080917859,7.138731061745427e-05
0.0083319121763667,8.058459128530543e-06
0.0095431675601338,2.315235927259148e-05
0.0140674177365084,5.9562081147837314e-05
0.0141992388752188,3.116965029734721e-05
0.0172761755953819,1.8234074534371126e-06
0.0060383090777355,1.3041022914978782e-05
0.0131323973590516,2.4388269849593738e-05
0.0064523040440152,1.1016124816811315e-05
0.0194230426301882,2.9349421839123384e-07
0.0091534770727003,9.310757018103216e-06
0.0139222276596539,2.0908858257888834e-05
0.0011640779057103,2.557194724845691e-06
0.0178978535865019,3.983077000123634e-05
0.0011744881226771,3.65264577178945e-06
0.0030402472889715,2.3749886518622124e-06
0.0071071362548151,1.1213498218087189e-05
0.0199162373191802,0.00012833389377396354
0.0149521910072771,7.073474369712072e-05
0.0027789966357035,7.995682295256615e-08
0.0163113767529099,8.464127916065018e-05
0.0051510868970117,2.0878715986996095e-06
0.0133132536661707,1.116965559804982e-05
0.0063358135714736,3.8693266133784884e-06
0.0177619689329255,8.811030369757509e-05
0.002794036488507,1.1623861696259017e-06
0.0131625140426781,6.877698306329871e-05
0.0189992115266799,3.026064509600992e-05
0.0130732329725813,5.891310935223429e-05
0.016516494083272,5.0112941305795846e-05
0.0090056405057786,1.8781015587740556e-05
0.0123264946236765,1.2133631444009458e-05
0.0163428452940197,0.00010246140319875956
0.0110406950391378,1.868160700674981e-05
0.0128123744099481,4.6155580061506716e-05
0.0006914354246167,1.5135119216677527e-05
0.0186987130283193,9.409835721236214e-05
0.0153288523144955,7.194819784283757e-05
0.0181516256473055,0.00014990222288784248
0.0008254489684391,9.11702300879918e-06
0.0165365437880365,1.9350196503999165e-05
0.007235890712214,1.1576289697448729e-05
0.0084853352624175,1.5339055793863544e-06
0.0145527027229662,4.95563893489538e-05
0.017112042924696,3.097227186003889e-05
0.0096093630299986,5.762419202861871e-06
0.0060583904155862,1.0000993362985157e-05
0.0071384490419191,1.2957743563202622e-06
0.0095456903050397,1.619647992685417e-05
0.0077964614007564,1.3747934507103776e-05
0.0086957746572357,1.1477825493192144e-05
0.0018574540244578,4.911289799411623e-06
0.0123498085427667,2.9638230759618672e-05
0.0113586467235546,6.466975037175415e-05
0.0011518019377181,2.1626694552915804e-06
0.014980270105954,3.140230424793172e-05
0.0041194127835913,8.617358930416805e-08
0.0112235384428064,5.493906923639873e-05
0.0186755265857146,0.00010869838287795777
0.0141688662886051,7.512072223903531e-05
0.0185710538160186,6.220467251348674e-05
0.0198728604370604,8.531033538765925e-05
0.0159034558339839,6.295762293151868e-05
0.0105063805094262,3.822898196633795e-05
0.0054099285626423,2.4346271900899237e-07
0.0149617204115534,3.422894332824858e-05
0.0111885905702592,3.609317424582816e-05
0.0080206154316945,8.28612282190564e-07
0.0158534498802037,5.431276733115641e-05
0.0049667035934582,1.2211313304945078e-06
0.0136289108696895,2.723438409475475e-05
0.0152086847865275,0.00010075310546908907
0.0031202345606786,3.597737287520966e-07
0.0037541988285081,4.39496411701342e-07
0.0104343248408401,1.029206898963372e-05
0.0071101533556002,1.62970317172251e-06
0.0043022641975809,1.5341746060591237e-07
0.0006792172858786,1.0745429277650593e-05
0.0114661027975074,6.999457690757353e-05
0.016399468601927,1.7703938753637054e-05
0.0027033843680845,2.3976711269683637e-07
0.00130737538897,2.4213644969110332e-06
0.0013004928631256,3.6109598668715386e-06
0.005982607084877,2.3968117892939293e-06
0.0073348698646834,8.893151226864216e-06
0.0134716772461459,5.514948062553839e-05
0.0131603050703868,5.954818385303867e-05
0.0096768851696581,1.4824871250543743e-07
0.0079827165215385,2.108871906488944e-05
0.0069296042054045,1.685356424021595e-06
0.0187820764672836,0.00010833759480551085
0.0028307398624481,1.7792720728284845e-07
0.0170543897424528,0.00010262791714299602
0.0185990761512326,0.00014619086345687347
0.0030328049304519,9.5523750727889e-09
0.0101296250184543,2.0978135990324692e-05
0.0046981546846975,7.554188477116926e-07
0.008764442320081,1.3533047717667768e-05
0.010148904381214,1.0698195658933008e-05
0.0022975839451686,5.158375217049108e-07
0.0161195216636075,6.528451355226703e-05
0.0187901916106929,0.00010086842398906696
0.0181781247991634,9.858232807169641e-05
0.0169588591793033,7.192033113026933e-05
0.0052454551219417,1.5361264114820094e-07
0.0146086860782726,4.3000186071962954e-05
0.0102628545227383,1.778685841451341e-05
0.0085215805128569,5.5938615167661765e-06
0.0174242415858506,8.682910946692038e-05
0.0120056132915955,5.141397156063207e-05
0.0018065942959165,2.3802979623387466e-06
0.0179454307233936,0.00013917713543164985
0.0158691062215605,7.388620199482397e-05
0.0029555759574696,1.0080724574097887e-06
0.0129300608171057,5.572566700836846e-05
0.011320468513105,6.27912600337246e-05
0.0167527195122523,5.8442897407640116e-05
0.0099494896242802,1.6207394096838817e-05
0.0123444443537536,2.397348559549812e-05
0.0121086247319175,2.4420719526359782e-05
0.0017330686610272,4.028918597251396e-06
0.0158075439929796,6.355070959658695e-05
0.0177613362190457,8.887042511318677e-05
0.0057983156548879,8.005694933480271e-06
0.0089069829196674,2.1601948199010362e-05
0.0163867054511371,3.494281758263404e-05
0.0080217432257711,1.118462854430224e-05
0.0052661884505717,8.381942264701326e-07
0.0164113077469169,9.127043881631973e-05
0.0120530638452808,2.0020374878841502e-05
0.0155897881109076,7.656286771885519e-05
0.0071255556261459,5.562863259677731e-07
0.0051799491752908,3.924658688933675e-07
0.0099654071473294,4.080285761328603e-05
0.0132441496898094,2.5943699222088462e-05
0.0183072688159662,0.0001339278747007535
0.0146643107183811,6.183267551786739e-05
0.015699068709307,3.2029337461867784e-05
0.0043393063084625,4.718686017473328e-07
0.0037420702771083,2.233765083173821e-07
0.0122609562366914,6.469325762702259e-05
0.0020493779651256,1.580149065413738e-05
0.0010646504487139,1.2581367798612776e-05
0.004150169509234,4.1259828931199915e-07
0.0037214321148986,4.979135177219019e-07
0.0198486836264026,4.785917271713276e-05
0.0154759314237539,9.174554402795284e-05
0.0011812498121468,6.6206559013104876e-06
0.0100794304607177,1.098803579847322e-05
0.0117636677157595,1.9190721971946034e-05
0.0010529262893545,2.457755410523072e-06
0.0162694453557885,0.0001233287606987346
0.0134990028046154,4.017859930243435e-05
0.0047815608695216,1.8986270952630832e-06
0.0178289668211258,3.35818359371455e-05
0.0172860204567306,7.004559852002461e-05
0.0147705727142332,1.1682884012063727e-05
0.012871583711685,5.587256384274173e-05
0.0133231010352538,1.0058593088173224e-05
0.002061467637601,2.217667243632709e-07
0.0149362896374834,7.286850588679625e-05
0.0110672209268846,3.240446242872599e-05
0.0140758740237341,3.6470159620336285e-05
0.0079220242191349,1.6188537305979882e-05
0.0175038175014777,0.00013434751248465494
0.0152858749826031,4.732793551700794e-05
0.0082671888527557,2.920240693409737e-05
0.0112218240137036,1.6288290782934932e-05
0.0155398030707131,4.743949954626062e-05
0.0169320755613087,1.3175161539897324e-05
0.0120679165162686,2.85992603421038e-05
0.01084718780771,1.0410189426577433e-05
0.0014317728345675,4.332238143523628e-06
0.0182356760314686,2.3959281878018745e-05
0.0016868717156322,2.0012297896171774e-06
0.0041743366502763,6.914708876858557e-07
0.0039133262241802,4.719141752416865e-07
0.0009411492796051,2.5953947504420766e-06
0.0081705734887654,5.963497941611425e-06
0.0084156077159678,1.2304705980565617e-05
0.0150990804182408,5.422531185384071e-05
0.0183884989448267,2.4897048626757867e-06
0.0013711052113714,2.149039199817575e-06
0.0155528764964945,6.067348159012126e-05
0.0194752110404871,0.00014670198004045672
0.0159885899088648,3.188051681360853e-05
0.0020621174584526,8.340574884669704e-07
0.0128012303131505,2.428136267548522e-05
0.0002212622292219,2.1629745860668647e-05
0.0078218675346354,1.773612918295162e-05
0.0062076771899115,5.849214450367458e-06
0.0136305241000644,5.873367653494921e-05
0.0091064929705982,2.2329486641013977e-05
0.0162214661617628,1.6511054085350414e-05
0.0004927046972744,5.108934891427386e-06
0.010312626312722,3.720835888094319e-05
0.0007085963936253,9.179854169435391e-06
0.0033918293364928,1.6665827741222262e-07
0.0040959608670227,4.222903133827085e-12
0.0111404559952592,1.930392524753497e-05
0.0137265502723573,6.331833887151438e-05
0.0119065087714367,2.2113834877819645e-05
0.0046164821001052,6.956455600897534e-08
0.0166626168713299,6.539067449644288e-05
0.0025177499622727,2.9922997259658834e-06
0.0061301861673035,3.668361822124971e-06
0.0113244069471181,3.529152164696287e-05
0.0079149031492587,1.7863146421936416e-06
0.0122230896710354,4.423707983044713e-05
0.0125438055453884,5.805953812972398e-05
0.0086902312575773,2.0317455414119084e-05
0.0098014646914548,2.314331414291982e-06
0.0163738881683476,6.805536229584965e-05
0.010647391978302,4.443849796471152e-06
0.0018032827327756,2.698033302862166e-06
0.0002106070380195,1.7322150533098046e-05
0.0042611191308587,1.3973628109295105e-07
0.0112935359176037,2.8067739931928975e-05
0.0001399136270267,5.037715921439978e-06
0.0002328145325588,1.2936125818153391e-05
0.0179721964287454,4.0051112741159744e-05
0.0061138837185443,9.274553649564423e-06
0.0124722301209482,5.208295668009905e-05
0.0129422244926157,5.312315472338295e-05
0.0192071139002811,7.293803191198724e-05
0.0189389215347772,0.0001041258655249546
0.0127682054790112,6.861296769783751e-05
0.011201839444273,4.4862240607380453e-05
0.0047026620118782,4.34185050866876e-06
0.009341461885123,1.7093014052960697e-05
0.0107589411013222,7.065084180159058e-06
0.0046896690163546,7.746437713365591e-07
0.0052480519941837,3.4991113246559545e-07
0.0146385410294349,6.538623293791573e-05
0.0045669032059267,2.0619641876013694e-06
0.0173705187391629,4.585037077880749e-05
0.0176952747088091,3.081542778648795e-05
0.0178764573035958,5.7286194254247094e-05
0.0132021649859555,4.357694417613483e-05
0.0186633510470588,4.717905043132885e-06
0.0055004156812526,4.172945536237377e-06
0.0042884518114649,1.4016034975339847e-06
0.0013482851814758,9.368896320301905e-07
0.012821739194862,3.966251793557207e-05
0.0130102039568504,7.697423254155075e-05
0.0044949767680665,1.916079096903435e-07
0.0100195840016665,1.9708896248172308e-05
0.0189801638469955,0.00013940207186186155
0.0156691714601612,6.99178747929919e-05
0.0182511954365922,8.709309317765953e-05
0.005394184257313,1.096300765572833e-06
0.0013912821593259,6.292196315533768e-06
0.0135626575955481,7.564355280309088e-05
0.0056356375005157,6.511220455962952e-07
0.0092237621250671,2.7907615308998573e-05
0.0141965832533294,1.4310552611570355e-05
0.0040141431690228,5.711752483332894e-07
0.0168119828497351,4.872637034487441e-05
0.0165349983024194,8.168795459093679e-05
0.0066788722735111,1.3951545358718121e-05
0.0173525517898354,0.00011396401884888935
0.0083467904593987,5.096759738747918e-06
0.0049956713218487,6.592394951616242e-07
0.0036014557782728,3.160340672435088e-07
0.0002096192343544,3.88611843599801e-06
0.0133636360937609,4.45878117904786e-05
0.0120191986347396,2.6808232249533104e-05
0.0053223288510374,5.499244957885758e-07
0.0086241534118955,1.383813759617612e-05
0.0037447579786511,4.06786439457265e-06
0.0144333451464733,6.39097047868967e-05
0.0142817476412414,1.6311809775374095e-05
0.0142152336208303,3.276641155812219e-05
0.0199421431658729,0.00018870841195842343
0.0009736800300468,2.7588981330078485e-06
0.0001620202955399,1.0398639170132486e-05
0.003373824666313,1.113670914664485e-09
0.0106782350341657,3.090207990191193e-05
0.0055456426690095,3.297545056006619e-06
0.0051711512806863,3.2301817637463047e-06
0.0137766137491919,6.261739404376524e-05
0.0036796762398649,8.21306271094984e-07
0.0129659868611179,6.16382035768029e-06
0.0079004407043691,1.3825265845475576e-05
0.0169375117602794,7.336688368744692e-05
0.0055109744064999,1.3595040413521402e-07
0.0152604580293483,4.901778969031035e-05
0.0049294545275447,1.0908108212170801e-06
0.0162975022177453,2.6330003961323657e-05
0.012042040679965,3.060650642897945e-05
0.0177770147662907,0.00010368673231951817
0.0166047717166195,7.966553478777876e-05
0.0066905676406635,3.140034466333133e-06
0.016787502785202,2.6672677939115796e-05
0.0084614436398093,1.3652015964028946e-05
0.0184653505899579,0.00010564800039361507
0.0085580965956265,2.71810507945404e-05
0.0079505591022008,7.69078807034489e-06
0.0051660271416359,3.549639568019513e-06
0.0014329432287241,1.806571107603395e-06
0.003788378239682,5.41925137498969e-11
0.0053810842656401,3.393919000562239e-06
0.0129006219414225,5.46211681011503e-05
0.0114870206403304,1.7892368795840008e-05
0.0182023060728033,5.5245478798743475e-05
0.0097246376134955,1.8066821551670406e-05
0.0021510374684998,1.7305304135120173e-06
0.0106668467793842,3.713189670076714e-05
0.0115619635488446,1.863539443565339e-05
0.0169939918913694,5.4770825504592735e-05
0.0100678619852109,5.500634316482751e-06
0.0037896979728502,2.217172181132288e-07
0.0174542287782671,6.308915015362603e-05
0.0162942677903974,0.000105013660835942
0.0146922980619295,6.16993920691163e-05
0.0131953931536439,3.658836978601169e-05
0.0127984244505685,4.4612561405214274e-05
0.0127693628979264,2.7383392695148845e-05
0.0040811067912565,3.4708872886243075e-07
0.0191057456771375,0.00010101200754557544
0.0172097749160125,9.57132545045719e-05
0.0023218038414197,6.036308947804535e-07
0.0103685856886636,8.441936960852025e-06
0.0015563399380537,1.0443961720338193e-05
0.0142748741230741,6.062967892598598e-05
0.0079909981666989,1.3133805162058153e-05
0.0062751312768367,6.312598830920189e-07
0.0084030839731794,8.160976699970478e-06
0.0039074842580437,2.906544246728741e-07
0.0129524879574574,8.746246044129843e-05
0.0146516996997504,6.341694280391026e-05
0.0154442326948649,4.4113657396010956e-05
0.0080043339901015,1.7140267247146842e-05
0.014731320779876,0.00010532600344413991
0.0082283890500158,5.141124955512321e-06
0.0141467011931916,5.035521526863757e-05
0.0053392095369126,2.113500325224598e-07
0.000713427737939,1.5593415489410684e-06
0.0124953147610861,2.33076289893134e-06
0.0173120333891878,6.819043139129234e-05
0.0038686560140848,7.223112781929612e-08
0.0078982635767431,1.0473918309099067e-08
0.0113445956213229,5.8060931140264404e-05
0.0090098040363113,2.3291164828105884e-05
0.0163329025304042,7.911074524065244e-05
0.0176174730416072,0.00012872758236701456
0.0146586043585907,6.90449175469544e-05
0.0001788284859569,1.179036971620999e-05
0.0089326879024941,2.987588887592386e-05
0.00298368213902,3.20832517259124e-07
0.0120011587484036,5.1587596308260324e-05
0.0117560256269449,2.313723987491874e-05
0.016089052036994,2.5889238377912308e-05
0.0036619825278687,2.265974463912702e-10
0.0175058038828247,6.174123430028134e-05
0.0077099932540266,4.1954441409570364e-07
0.0155707472203745,3.4114207849841646e-05
0.0077609481089399,1.2043947347372576e-05
0.0189743628245353,8.437748957524179e-05
0.0094850810745196,1.3546683335509991e-05
0.0070277753973052,1.155823425256307e-05
0.0127521841922272,2.2288116796778006e-05
0.0110460061366943,3.6021783201647064e-05
0.0095252283933316,9.921149758474883e-06
0.0066861622247268,3.21064043165598e-06
0.0012042967190654,3.227204978456166e-06
0.014988257194228,2.854042041673299e-07
0.0147480419746505,2.711421473067978e-05
0.0063522312614152,3.23667021587488e-06
0.0104228464212412,2.7188780713902972e-06
0.0118035967918868,3.107546300054524e-05
0.0014355715840244,1.3879141372877562e-06
0.0014954837906547,1.0441829654837626e-05
0.012414205332205,3.3315700908756594e-05
0.0031606533840955,8.341379205961135e-07
0.0101902117974221,1.3842824663642001e-05
0.0182253499897378,4.074810988693739e-06
0.0178034945053077,2.2405296981594888e-05
0.0180036121523808,6.984354182893276e-05
0.0166690396906748,9.210906422657649e-05
0.0040253982119742,4.333562399967282e-07
0.0009523221521407,2.0103680277420436e-06
0.0182151564348456,0.00012098363449399897
0.0134783012662652,6.176811587064656e-05
0.0154571612172814,5.346301863451467e-05
0.0128147678293714,3.436648472780056e-05
0.0182221086814846,8.607864977757263e-05
0.0025652689474054,1.0194142960569576e-06
0.0182354846128688,2.994650503085917e-06
0.0155123800963307,5.072653252982535e-05
0.0092923708697976,2.2326092587352444e-05
7.394861334791836e-05,1.0625125317107376e-05
0.0132264863045051,2.35990125515379e-05
0.0145332728826049,1.2432789373204274e-05
0.0024435704468196,1.1316741722756773e-05
0.0179010804653894,8.018611633272589e-05
0.0099080437682821,5.732239631407897e-06
0.0002329335503465,7.764804977124335e-06
0.014887863440198,6.250882366605712e-05
0.0067978000756634,8.415569781295663e-07
0.0153775142719285,3.266601222643291e-05
0.019195764589727,0.0001247693808122742
0.0094370094449256,2.6533094583189372e-05
0.0173699635695923,2.015059689401663e-05
0.0027090118458816,1.393386661238862e-06
0.0052146074332114,1.8537161142729065e-06
0.0082728386046317,2.0582223878406902e-05
0.0092542546922282,1.541380077511352e-05
0.0129437850555616,5.116507068957066e-05
0.0111441675763123,2.3645705942834085e-05
0.010351134394063,9.77605990708109e-06
0.0062156591261995,1.6259320681519023e-05
0.0097593152596728,3.09781214163765e-08
0.0051076029977185,5.022614397946636e-06
0.0040788757799755,2.445552160837218e-06
0.0174311157528112,0.00012186690334477328
0.0124733337469919,5.762439013571988e-05
0.0036204848748158,6.015483166229066e-07
0.0086294194480669,9.72355354819157e-06
0.0101682233857549,1.9636713369307087e-05
0.0071300090987437,3.8245387890844445e-06
0.0056034767145958,7.726356706714201e-07
0.0195420009237605,1.3894791335755263e-05
0.0038020008141982,8.574428527422731e-07
0.0151266316603525,1.719707390353455e-05
0.0064782303226425,6.28857236941759e-07
0.0045118445225397,5.222696478570977e-07
0.0107938357621196,5.7040653990559626e-05
0.016383173465729,2.5656246068640974e-05
0.0036028373312129,5.037812441970895e-08
0.0050592756593762,4.07548718486846e-06
0.0047999842116665,2.4182242306806326e-07
0.0186772994650035,5.43498013705176e-05
4.301654983643655e-05,7.988347120168401e-06
0.0044817246860645,6.67795931152223e-07
0.0103794013090079,2.214939685680034e-05
0.0080812973487835,1.1786689742639108e-05
0.0134519784129631,7.702036792963556e-05
0.0093573488458703,7.915301152326676e-06
0.0060032619611522,9.04858810547228e-06
0.0093589206646527,5.328392034797169e-06
0.0112714706580031,3.2475759459520605e-05
0.0014969709138528,5.825502966895745e-06
0.0004109554932291,1.3634031573865594e-05
0.0079890835827723,1.5876484280655957e-05
0.0133261824650494,4.208851280759223e-05
0.0013329749795158,6.971384359286046e-07
0.0125068464945039,3.052822448687405e-05
0.0162010130782917,5.5263547533695896e-05
0.0187212031888114,1.0472505613800896e-05
0.0151401508910764,2.531331426283722e-05
0.0025610371919793,3.1715366083540105e-06
0.0171883602825177,7.720722677831461e-05
0.0194335644512411,6.16755975369905e-05
0.0190855816107018,2.6754116772700343e-05
7.159599113709447e-05,1.631873247299643e-05
0.0045062334594622,2.398072709040857e-07
0.0073757213778007,1.0999034960309396e-06
0.0175674128051267,8.071570862209601e-05
0.0009383681339041,2.272343100634366e-06
0.0167523806845236,9.921649267882816e-05
0.0084693887953493,3.038554541031085e-05
0.0166575609957492,3.251650063845724e-05
0.0116495988486007,9.56324477295856e-06
0.0195827315885235,0.00010313994673374162
0.0186478247684256,3.3590180496000004e-05
0.005935694613257,3.646092610902235e-06
0.0007524721864417,2.380022800828559e-06
0.010028146789777,1.5054803621716478e-05
0.0167751572132441,6.929851108906347e-05
0.0187757183470865,9.910447406297945e-06
0.0108982181269931,2.0282294944703392e-05
0.0040545976749038,2.1301448770670608e-07
0.0040487554111363,9.440205202242712e-07
0.0135374376552295,5.083398221570858e-05
0.006019751837666,3.4571961294204104e-06
0.0045132431077278,1.5858636001547563e-06
0.0126076690056583,7.272032289951599e-05
0.0027947219879645,1.5417596636801335e-06
0.0022689363108674,2.1851393188939676e-06
0.0197822890559448,0.0001227612967422265
0.0070198263081147,7.682302256081834e-06
0.012694982384897,5.688697180886705e-05
0.0001475936048611,8.795072372141491e-06
0.0023971686137128,9.763352706723475e-06
0.0122338910227447,3.305977402273053e-05
0.0034239150291409,1.563552545188224e-06
0.0188839448753927,0.00010135068586886098
0.0018252119939087,6.114669655150532e-06
0.0101149814643847,1.6200278676365537e-05
0.0136304471927385,5.0480496579193745e-05
0.0033995078801528,6.511094025535537e-08
0.0051682605789381,4.0721951151949165e-07
0.0126726162667637,2.9006970944746566e-05
0.0143218028403703,3.797444016485554e-05
0.0022255810066439,6.356498833664264e-08
0.0100331178402667,5.403115720382083e-06
0.0039064789870324,6.370236396806464e-06
0.0160655095045737,4.227177908175052e-05
0.0027317030985398,2.1531312377155488e-06
0.0099913625002245,2.3389488812485283e-05
0.00157091790153,1.6916805954519876e-06
0.015837230003519,6.322767216113946e-05
0.0110020965509626,4.9033709713662144e-05
0.0108128646888654,1.5120953533396662e-05
0.0072063925891093,1.2864596088026677e-05
0.0015970560088625,4.56198528787959e-06
0.0024394974485187,3.6072564085332565e-07
0.0160034210231025,3.082404083752352e-05
0.0107178888877516,2.988720320025978e-05
0.0088014478196555,1.4022824316361323e-05
0.0198570987157648,0.00011875958352619541
0.0156627154581377,6.561174849965727e-05
0.012744791086031,1.8335011450527155e-05
0.0048688030008797,4.5558934155681925e-06
0.0178395221127707,8.704840983607324e-05
0.0111482665544575,2.198882725728736e-05
0.0059929712458677,8.44660875857003e-08
0.0086028349689258,2.4964295056983278e-05
0.0186494365712052,0.00012986600802436792
0.0048834585683645,3.5985473391160946e-06
0.0058252777031392,2.368824748616597e-07
0.018061264415542,0.00011741486117559382
0.0178206745028303,4.166676134776602e-05
0.0124026067146534,5.042529040410106e-05
0.0023460843717637,1.0485663862764426e-06
0.0103523520624363,1.7933286593382045e-05
0.0028851722630863,1.3095580574068777e-06
0.0071712816851544,1.1709223692920894e-06
0.0021755229097189,5.05968599434683e-06
0.0129619643971386,3.499691456078958e-05
9.546912175136146e-05,6.7955767884953905e-06
0.0070913817310565,7.176962697163548e-06
0.0181473097618976,8.123474692395657e-05
0.0094695692234938,2.470973382789353e-05
0.0193381561741999,0.00018484886701047984
0.0066785994000566,4.940658394367001e-06
0.0097711570737879,4.082578933204721e-06
0.0033828093873146,2.0082438217298084e-07
0.0002499320626412,6.4762004238660525e-06
0.0047986582607032,1.9851833517146943e-07
0.0194966424551679,7.146025965413907e-05
0.0145167099515637,3.894544167318256e-05
0.0033620839259061,1.7059188949368692e-07
0.0186928473189337,0.00010090300455811007
0.0033587983772746,1.9034053317579279e-06
0.0096610237897927,3.154426842886161e-06
0.0068163564195797,1.5047729782979183e-05
0.0183607630277809,3.069328696688955e-05
0.019855058328839,8.206747821761903e-05
0.0070581787445385,2.558469285755919e-07
0.0060152674496586,2.1142585426070753e-06
0.0057658749913864,5.139298322617526e-09
0.0031892270714437,9.997991855646102e-07
0.0196002804055893,0.00011300118166369397
0.0185580235985295,7.687403176195313e-05
0.0125701306217167,2.5723893985743673e-05
0.0178701941713629,6.63601987167123e-05
0.0083215100279184,1.1032672145910332e-07
0.0050658300158692,9.480556843139476e-07
0.0048168539779261,2.3750130389371693e-06
0.0036036243665498,1.2590584555076039e-06
0.0096453488437299,1.5761901401192932e-05
0.0031207027715167,3.434076828440854e-08
0.0164066835496982,7.21560460345305e-05
0.0034476366264819,3.1057090750324145e-07
0.0141534883084943,4.978964911198987e-07
0.0026520881853573,2.545670074690396e-07
0.0133549067327009,2.7953397935040278e-06
0.0107768538010883,8.78290501993334e-06
0.0197003959330799,3.648519397350427e-05
0.0129675314140611,4.873310828648638e-05
0.0165887226950116,6.35040372812916e-05
0.0001285119260879,5.28338497994487e-06
0.0097466891472969,2.782088604990425e-06
0.0160273912502187,7.820166107186372e-05
0.0136013668771908,4.478989684602541e-05
0.0119374760936027,2.371033001484836e-05
0.0169070278410612,0.00010861584425213018
0.0090355325479737,1.0212209511753029e-05
0.0046488134127261,6.263671703636297e-08
0.015605242186926,3.545618691474999e-05
0.0040240576758462,4.036737618844126e-08
0.0077145291576139,1.6048381944217145e-05
0.0075285288073005,1.7144349721204494e-06
0.0181465546946961,1.4969200715142253e-07
0.0169779577918517,0.00012471307804325806
0.0017794687297142,4.080223222305416e-06
0.0007220634228943,9.639314253344632e-06
0.0041343809038135,4.7618686489031594e-07
0.0066410779470456,1.7127629527143653e-08
0.0161675209863068,7.708734122243171e-05
0.0090108542455995,1.1315252731212002e-05
0.0198883966274776,1.04798511864127e-05
0.0021512450780149,9.91159696000381e-07
0.0067578393761263,6.279180736544981e-06
0.0149775318467415,4.338109697754747e-05
0.0164006151697538,2.78754852124642e-05
0.0142105487812106,6.852059284597639e-05
0.0165078128462,2.6498146875078725e-05
0.0189927279991699,9.995050008430791e-05
0.015387608676246,4.787996300384046e-05
0.0056425468118179,1.342158076613752e-06
0.0145233382339319,5.8292462166945546e-05
0.0107515911150044,3.428801242358874e-05
0.0080715195032218,1.0562888316622261e-05
0.0082468275739623,7.466063309600176e-06
0.0095153472368457,2.4786562314378874e-05
0.0048413743051057,3.539038668879479e-07
0.0019987490882703,2.3987011584357262e-06
0.0106515591154213,3.0372997693111557e-05
0.0198195937495731,6.402974843295071e-05
0.0089482886682987,1.1372204673738912e-05
0.0163668748973556,6.978472428180231e-05
0.0121897080867714,5.518743796705986e-05
0.0124405992016642,3.684760005992979e-05
0.0148088738380997,4.562566142209119e-05
0.0088294190540705,7.900790361186099e-06
0.0190465401840697,9.133787223945038e-05
0.0167157174672729,7.080492908354504e-05
0.0025488015879051,1.362678551228812e-06
0.0129363670882837,4.806233510172939e-05
0.0109514415067705,7.750772888588091e-06
0.0106491503374876,2.2703150984625883e-05
0.0079696229900942,3.7978049578626323e-06
0.0169094868466486,4.6672242349809054e-05
0.005245211481744,4.465662557818026e-07
0.0132457109941085,1.3768196217025778e-05
0.0120953791121281,1.7563391605766756e-05
0.0052922202713963,1.4560259808834726e-06
0.0198422795449337,2.9056858987792515e-05
0.0034378396373969,1.0323678541278775e-06
0.0013845179645036,3.4689739278358133e-06
0.0039719714830382,2.5035075944441835e-07
0.0036559894468134,1.7081013633315195e-07
0.006048553015054,6.097979075600286e-06
0.0030736450839983,2.2575229439237515e-07
0.0006348835694027,9.659890466157845e-06
0.0048615106871233,1.0338518629216771e-06
0.0179290583364968,4.954264510209769e-05
0.0085927168234153,1.3758632803054344e-05
0.0133304594776221,4.159997239356744e-05
0.0173625770203457,8.771489411271309e-05
0.0199142832457054,4.6885076310988e-05
0.0091550616878602,6.039018345875818e-06
0.0179704890278928,2.0329634628845638e-05
0.0155748410737872,7.511484482890745e-05
0.0149344131433707,5.848592159402774e-05
0.0167553759181521,3.3302214141006875e-05
0.016021652831004,6.534013710493065e-05
0.0056759097384977,1.309846478083059e-06
0.0147756229201803,3.941029203980848e-05
0.0090237000643323,3.336492909424977e-05
0.0067350935630855,6.690323334285369e-07
0.0125710524532569,2.2240158365143706e-05
0.0097144438945502,1.1236451022458973e-05
0.0056136996002975,7.120692144652682e-06
0.0016950224882393,4.171687499559286e-06
0.0126735207408637,4.89724796725374e-05
0.0132750678099272,3.243393553734828e-05
0.0081669700345485,1.025075230806036e-05
0.0111536590456419,1.9191274209237866e-05
0.0165857022978326,5.423547032871885e-05
0.0048645076438715,5.9304975353020995e-08
0.0037502856461196,4.6283753581037186e-07
0.0059102329482842,1.2945141401878803e-05
0.0199106758224396,0.00012839691696702488
0.0004443204295929,3.3200181836918006e-06
0.0184331116711512,0.00013490764437098198
0.0139542387841648,2.240624161978255e-05
0.0009399100435917,4.251815710093945e-06
0.0052812850029211,1.0134220553632969e-07
0.0058402280022389,4.239683587468248e-07
0.0182499295405005,7.324073653113171e-05
0.0058865609256362,3.7608126450412404e-07
0.0014975999521438,4.35321887198734e-06
0.0008103489490682,5.330110492818181e-06
0.0029883610943261,1.0786647131999952e-06
0.0038126282546042,1.2989172084369397e-06
0.0046758427782405,3.9276567499156643e-07
0.0024414156323027,1.3381261972079949e-06
0.0073207157811891,7.198159868487706e-07
0.0196897849870034,0.00012192546424176583
0.0065022516053019,3.332415564295161e-06
0.019567997466352,0.00010635725557409392
0.0003384603750439,7.3871008272187265e-06
0.0062077220559518,5.751322639217741e-06
0.0189610042735592,3.174436840943741e-05
0.0029237544782562,2.6770229148296934e-07
0.0006377645917868,1.3109663811237434e-05
0.018229084788363,8.296421825655672e-05
0.0002293481421758,4.074744311504368e-06
0.0041286318118106,1.4507786912510745e-09
0.0007566668631493,3.7996387081225405e-06
0.005822193007616,4.610259650592101e-06
0.0134670992227376,2.2072425565351094e-05
0.0115949525809514,4.7172119273073916e-05
0.0080982174249597,2.195891076098436e-05
0.0133257056716894,3.306541887507711e-05
0.010594978610553,2.5812098404005982e-05
0.0059824578956835,9.124502404707193e-09
0.0186247544783294,0.000106845340129943
0.0066029326964659,8.127283956883504e-06
0.0176820876477132,8.869711965992415e-05
0.0052937642158981,7.627947573051465e-06
0.009881923080502,1.795767020240884e-05
0.0136656204332564,4.449006466857785e-05
0.0171461928624106,3.452309055683573e-05
0.0083579962041491,1.142980064660485e-05
0.0087420508634558,1.2632890094684699e-05
0.0185624377725438,2.161112033172251e-08
0.0112011798597132,2.6042251176887804e-05
0.0092412813026584,1.4285873502038397e-05
0.0123016733841765,4.480079429049687e-06
0.0191050693266504,0.00011135095936297259
0.0143954784892853,4.648517574299251e-05
0.013735666945405,4.0655142132572384e-05
0.0130880202198714,2.163760986725265e-05
0.0031076245317773,7.666443554506039e-09
0.0196283981676014,6.059392832369228e-05
0.0076729594999844,9.359522583837597e-06
0.0032932708260886,5.360247843687746e-09
0.0117262051530871,2.904388792296688e-05
0.0075413729424757,1.163843904342843e-05
0.0139063469585235,5.08587841450034e-05
0.0185796587482522,0.00012487226353167865
0.0111905035373397,3.126921826784556e-05
0.0029743145432413,4.125187274832536e-07
0.0161824876269331,6.648763927786651e-05
0.0167349863844322,2.756401798810146e-05
0.0180109791588513,8.827512810871934e-05
0.0062176818799273,5.684342253808383e-06
0.0177781504101747,9.028931083713895e-05
0.0133089039346689,3.960683070490847e-05
0.0139797287567777,4.7431211727891994e-05
0.0040803821991052,1.7786831025631093e-08
0.0112392411403451,2.7098497702368536e-05
0.0159926050734655,1.2378061894239316e-05
0.005542697227764,1.2502059269322857e-07
0.0103383058814085,2.685953338425358e-06
0.0051706838476911,3.8343786071897795e-06
0.0007096302399553,6.7353750749044126e-06
0.0076516784757684,1.992155252440602e-05
0.0026211516845969,2.3329013195799825e-07
0.0036357777659883,1.2544851319619755e-06
0.0002319413992188,2.0940856212303978e-05
0.0106305750661895,1.0805934499511784e-05
0.0181939551995334,1.7002555091028614e-05
0.0048461576295896,4.178051687316845e-08
0.0061245961646384,1.1044244605953075e-05
0.0006395221503914,7.383407570840086e-06
0.0018934162816175,3.7540125833119614e-06
0.0186384748546539,0.00010902635624884405
0.0137616651388059,7.238529522680389e-05
0.0075299149480949,3.3803125841588124e-07
0.0189230299548885,5.368631226042704e-05
0.0076276976189684,1.3197250429401941e-05
0.0104451831853941,2.4466610261821056e-05
0.018044032202707,0.00016104518388751902
0.0041860918418091,6.731130345345267e-08
0.0009920199585023,5.298809535183913e-06
0.0106848754194326,2.795374375654594e-05
0.0062603908279549,1.0565932400151134e-06
0.0030937046007026,5.44474951256024e-07
0.0012747949067232,7.48225344583413e-07
0.0020483124196451,6.603860298859051e-06
0.0146128510563536,6.763866568910931e-05
0.0064750986173365,1.3666437604480598e-06
0.0149814551971453,5.697284165500952e-05
0.0007669082321951,4.433864227442069e-06
0.0008151474743697,7.121627931639002e-06
0.0037629925285088,4.298431977388053e-07
0.0007109563034305,3.660134232451597e-06
0.0035974153904966,1.7066191276759316e-07
0.011001108604109,4.093978751926945e-05
0.0155824734182189,7.575826379602317e-05
0.0099100838439614,8.814162185107851e-08
0.0068766626657002,1.3764315237152597e-05
0.0149668177584704,6.357983996622866e-05
0.0124919331939402,4.768984654005618e-05
0.0072167831560141,3.646744751148157e-06
0.0166243736007252,0.00011588992704581643
0.0142605200854642,4.614271241397661e-05
0.0191114753831874,7.271482593583384e-05
0.0022281244651288,2.7617035491343075e-06
0.0182535628884573,5.374489372227357e-05
0.0004320364450404,5.381211126718865e-06
0.010495237684309,9.47305961672386e-06
0.0021740205220009,4.294477691253563e-06
0.0112660629956896,1.4954419355331388e-05
0.0130473851597602,4.392875847323028e-05
0.0166658189838903,5.965272409875158e-05
0.0023419935715241,1.960407467279356e-06
0.0074532987022985,4.1770623697312095e-07
0.0136610824997458,1.033070848135695e-05
0.0037004229339962,3.994349438514443e-07
0.0071543456653449,7.1258815201437564e-06
0.001629806703474,1.1321040794570537e-06
0.0010494468801812,1.170948148229362e-05
0.0028962419829899,2.8432967812896434e-06
0.0159525777506571,8.189123867594139e-05
0.0176222010748912,6.93946243922374e-05
0.000917860712441,3.5820600423631727e-06
0.0024929339568954,1.721202276329753e-07
0.0083376670542616,1.0210766897732403e-05
0.0146760960557921,5.9739148285889324e-05
0.0130692427612124,3.1584991551521196e-05
0.0170143214200985,4.034172167136808e-05
0.0053050293489742,2.923733595795701e-11
0.0016228628844256,5.098527021296841e-06
1.841959428824147e-05,1.2652073050845673e-05
0.0068938693486627,2.760037001432525e-06
0.0161468619142502,3.9658128861862e-05
0.0066244784058566,5.76860813334409e-08
0.0072359210156772,1.3465390233521755e-05
0.019701471094278,0.00012747399057619943
0.0095003119485499,1.2192069395637036e-05
0.0032383284074287,1.931871426847772e-06
0.015793624195401,3.1300964758293716e-05
0.0045925416572889,4.4115327231485487e-07
0.0026554190327606,8.630208752212683e-07
0.0095120767016104,2.5168526178975283e-05
0.0113821197004324,5.644572306291174e-06
0.003404817033921,1.5089323930456353e-08
0.0099120123337231,1.7125938605590748e-05
0.0169320874044837,8.792703441067468e-05
0.015403911783592,3.1456905242162485e-05
0.0058815846426103,1.7519274229646808e-06
0.0090036537858899,1.2905471655849811e-05
0.0082812909654838,2.465601317517234e-06
0.0130751026087371,2.9839606380165203e-05
0.0123277346422755,1.9539853179648028e-05
0.0101637320264805,3.9519598510001595e-05
0.0092923926394103,3.644566676797389e-05
0.0182044886934094,0.00013730262332957996
0.0156817929203204,9.33775951553455e-05
0.0156508035626614,4.36608071512542e-05
0.00900151279969,1.4361528785399972e-05
0.001181029917723,8.377244624515343e-07
0.0166197710283962,6.566125420739188e-05
0.0030488553920163,6.117765930978936e-09
0.0001991720386373,1.0258093913487043e-05
0.0138603687404472,1.717808935985808e-05
0.0187855722003476,0.00013784297424442626
0.0056127066751274,2.3529401215761045e-06
0.0140848995163148,1.0911774463583856e-05
0.0031914131108719,8.547454665953953e-08
0.0135814907577041,4.285761712791998e-05
0.0025750908056382,4.190041237551062e-08
0.0004852677127083,3.4430014115031258e-06
0.0181593056305775,8.126861983437664e-05
0.0183170683364137,6.260114484792939e-05
0.0145873012158075,1.555215106504623e-05
0.0113280022032633,5.072742177900876e-06
0.0007719755004401,4.251415676062449e-06
0.0077668692730041,4.509139985470507e-06
0.0067823648183557,1.2588745327493715e-05
0.0125400110749927,4.124760904202783e-05
0.0042416783697172,4.967440009201785e-07
0.0187916286364001,0.00012115010957157903
0.0112929498972601,1.5135715276424506e-05
0.0102062641172729,8.178066023454003e-06
0.0080699324605894,1.0165423446823236e-06
0.0150130925502907,4.247980983557423e-05
0.0004460401493567,9.253242197865634e-06
0.0139521719794553,1.3118814545855977e-08
0.0111131092883792,2.869697290708037e-05
0.0051551909372773,6.947534087543016e-07
0.0157858130773261,6.883726208845411e-05
0.0041770018700138,1.4140201711107266e-06
0.0189230291209088,0.00012472737788627342
0.0097594463760696,2.9740832723089234e-06
0.0008559529967609,2.3881297660127316e-06
0.0104533542112156,3.218134136122785e-05
0.0114492914562062,3.4411934253841925e-05
0.0161596516423828,4.368332651738099e-05
0.0006390917484127,2.8318792157631234e-06
0.0002245913464163,6.2906660952641185e-06
0.0042653684618537,7.227406134021959e-07
0.0074219517017232,1.477503124960831e-06
0.0166440681655239,6.907496276550257e-05
0.0112464643616807,2.6931320693890087e-05
0.0036628050044171,2.081808551346531e-06
0.0117794326196626,1.6931834995447094e-06
0.0153279154966721,7.01781185888278e-05
0.0194678388515332,3.8837832713146586e-05
0.0119128694890701,2.113351829111306e-05
0.0010131470360483,2.0196553056338414e-06
0.0053181663451554,2.7299645407043556e-06
0.0159475713905062,7.305621630850966e-05
0.0100002806173996,3.1878753010534593e-06
0.0042548581355176,1.180273266615244e-07
0.0023442014117197,1.6086809108368679e-06
0.0142630233395627,1.2332177739087056e-05
0.0071377393338552,6.429519956854006e-06
0.0105694348768359,1.1309568733320777e-05
0.0056063324630297,5.106614622662173e-07
0.0073413906071732,6.324568963615156e-06
0.0197525757971095,0.00011033952653196721
0.0040315526141232,6.935577550745726e-09
0.0112893864607592,2.7938833715617196e-05
0.0157455234997806,4.929858376928579e-05
0.0056483208555019,2.4565264377890122e-06
0.0135717131895831,6.564392545247794e-05
0.001727016614538,2.315459915569676e-06
0.0007358559738286,1.9928570047375462e-06
0.0074397838582165,2.635086636008622e-07
0.0159152603630669,7.901616907820866e-05
0.0170872299089655,9.03492541527848e-05
0.0176007253385168,1.868526947316909e-05
0.0063468341469215,4.258920236344049e-06
0.0120887114745479,1.597961286229742e-05
0.0169990833531833,2.0048246017320196e-05
0.0035371932577467,9.803958668259804e-07
0.0156669700084053,3.7444129746957294e-05
0.0006670358531139,4.446886992896229e-06
0.0051573149848685,8.822741736374797e-07
0.0043073214356997,2.7234932954122062e-06
0.0063360172530037,1.0776961191211737e-05
0.007389819202941,9.391238053224792e-06
0.0163426329072756,7.878717094375656e-05
0.0147447096996523,5.1352404604132356e-05
0.0044809206670784,1.3390234421790802e-10
0.0039170869572655,1.318833760902179e-07
0.0183542855436601,3.8216134670433864e-05
0.0022132659210178,1.746090863430825e-06
0.0147417529828636,4.6111546457169445e-05
0.0007882118484136,4.479398403428058e-06
0.0130587256248934,7.009502052067545e-05
0.0196745736092637,6.347901673280727e-05
0.0020829531233902,1.9022880532094883e-06
0.0040788878411653,3.803083520737613e-08
0.0046073079568462,1.3168925120468968e-08
0.0169181696499932,0.0001368996761947905
0.0110380932750318,4.23104976853212e-05
0.0001866894664563,1.2146888165966624e-05
0.0045644764490683,2.209052517034809e-06
0.0042863004196545,2.859008805585445e-07
0.018930354755276,4.4294080257856127e-05
0.0150591096062204,8.12468235756778e-05
0.0099745592184078,3.2949480024207353e-05
0.0167867041369567,8.765475812718611e-05
0.002373004589415,5.858011363484739e-07
0.0158380766137488,7.943943393862076e-05
0.0050261818697975,2.751777278160777e-09
0.0015740588034665,4.1953968817388276e-06
0.0136582542889798,2.8410636922195006e-05
0.0091220087074636,1.7007057109070753e-05
0.0079498297647522,1.884588626271556e-06
0.0100508936496591,2.2154289422822437e-05
0.0178843371328441,0.0001530191790129119
2.4848048684669167e-05,3.809697996643178e-06
0.0080869897938862,1.1290433291186273e-05
0.0083148475200102,1.0439181712823734e-05
0.0133605772461466,1.760758749663455e-05
0.0053052119899969,5.91141216891383e-06
0.0111646727722954,4.019330247287944e-05
0.0140462028276159,3.3173475300134275e-05
0.0009004208665555,4.3030500332880164e-06
0.0112233388299451,2.9082466602647156e-05
0.0181795033160904,1.633618673213671e-05
0.0110058328643581,3.2866655097713043e-06
0.0171283384323332,1.7702089370911622e-05
0.001430854713205,1.322763168862164e-06
0.0165465851447229,8.841896863653206e-05
0.0018223333709154,1.8065343549813683e-05
0.00648524050418,1.6763455874508973e-06
0.0105873441787632,3.822686958687197e-05
0.0098228871890812,3.7478663087518307e-07
0.0180277025438989,8.436276324063187e-05
0.0177835333826377,5.479274189901985e-05
0.0120121631560196,1.277153685123111e-05
0.0017982834729617,2.7867768706911167e-07
0.0197578139348308,0.00016195938959115446
0.010603825994637,1.4926595749059777e-05
0.0055267392744128,4.76040342555034e-06
0.0174903717431115,8.845032525504585e-05
0.0088837546219176,8.330001199955859e-06
0.0144853004991226,6.318098544409487e-05
0.0125509467514108,3.467704521904626e-05
0.0093455346992377,1.8207345519252946e-05
4.027716545995652e-05,2.0818621403235935e-05
0.0020494044354472,3.3542100570085317e-06
0.0040478586713687,1.4215826940254245e-07
0.0196215801207121,1.9253912673978994e-08
0.0104934531053821,2.429060244720194e-05
0.0140073936400797,4.5036427434641684e-05
0.0084892681603328,1.766762339511312e-05
0.0128450648402952,2.7570042727224647e-05
0.0076374833248571,1.018882303762268e-06
0.0078191001906689,7.92997099838526e-06
0.0175982295228047,2.1221732996278585e-05
0.0081289894819,7.645560481194499e-07
0.0006717495641909,2.324788867661056e-06
0.0144476023655527,1.9373237323560535e-05
0.007946213557872,1.759064281382801e-05
0.0012602791230559,3.247510551167353e-06
0.0174404106670596,9.3013472098379e-06
0.0087473163540267,9.865078598534444e-06
0.0171388574213704,8.050173714204292e-05
0.0181145319845965,6.915185359240542e-05
0.0088774104722461,3.5079483582800215e-05
0.0175219402964588,6.253629887534525e-05
0.0116610217176242,9.089540602954201e-06
0.0147739854604652,7.026134520863452e-05
0.0147732579639611,4.711473984865843e-05
0.0084306991923465,1.3072498637610085e-05
0.0125698889630057,2.1368943478372278e-05
0.0140953375963563,4.47737366559355e-05
0.0136490792752303,6.211802156600455e-05
0.0138684766938852,1.7683662730757937e-05
0.0168596205457431,3.1800133619815937e-05
0.0006396035637475,3.632213805097416e-06
0.0004833932723222,5.058264136400166e-06
0.0033766803893091,3.2910191402723575e-08
0.0077195397107776,3.895564890905909e-06
0.0198672245492513,0.00012667547984131252
0.014778936207833,3.571872935570146e-05
0.0098924958281205,2.8103692650533116e-05
0.013104455336396,4.5877173765476645e-05
0.0057226217590146,1.837875862167551e-06
0.0029362025840803,4.957675630605062e-09
0.0111312580732503,1.0837884932364748e-05
0.0002608700024785,4.449258810826187e-06
0.0168970688305479,0.00011009512467354397
0.0034274992497602,1.3701514276639693e-08
0.0055372155437794,6.422975127959813e-06
0.016395384545461,8.08057685910549e-05
0.0112094527654812,2.6411117148031464e-06
0.0129191173303329,5.675155648291042e-06
0.0005846781232582,4.495433575330549e-06
0.0042378293393596,9.620998949460354e-08
0.0109154430766812,2.825273924192453e-05
0.012751576786912,4.011612409392229e-05
0.0175578802143163,6.259203688334516e-05
0.0135464829548338,5.484085214499072e-07
0.0079532678860355,6.858544057687803e-06
0.0162311765989206,6.825384549531607e-05
0.0069452621862553,1.7270817681527582e-07
0.0156991123273311,6.896982533055457e-05
0.0145930595790129,0.00010439192653769091
0.01682423241423,2.2516147869408686e-05
0.0178071791415588,8.757040391160295e-05
0.0123562078607499,1.9023439413596374e-05
0.0030686895651923,1.0761270740385628e-06
0.0196530256336661,1.839123048296398e-05
0.0137991292476965,2.5315928713975407e-05
0.0046284752350844,1.5472017248981004e-06
0.013984240130132,4.0203227201279527e-05
0.0032176415666954,1.145264003957411e-05
0.0155885727362869,6.083086613684273e-05
0.004176441642826,3.038465320144729e-07
0.007229715287963,2.702990540139669e-06
0.009672069281431,2.602907856586299e-05
0.006755820067852,9.752946322036133e-06
0.0104032447359533,2.374261709354265e-05
0.0105503708351848,1.2266832246808992e-05
0.0008596796451684,3.670507045387532e-06
0.0020247099029384,9.014673321527642e-06
0.016911739879412,3.531931281797229e-05
0.0143784616860796,3.6238447783820644e-05
0.0095226314465755,1.9551154452176614e-05
0.0080306721936081,1.881556858275138e-09
0.0049545575068787,6.887428151296003e-06
0.015087291514815,4.252379902576125e-05
0.0089061251979423,1.4595547604235528e-05
0.000328834306644,6.571122503743812e-06
0.014254528561855,4.848704825628327e-05
0.0192700477092236,0.00012008948560270847
0.0013562253935399,4.063168241240037e-06
0.0076292283367146,2.0755067960396517e-05
0.0014235410185065,1.3924709833012338e-05
0.0181058502167407,3.989680048106008e-05
0.01516034893153,5.5303376462734794e-05
0.0070197056281024,1.1260685526357488e-05
0.0149953837486511,1.0462964881305377e-05
0.0017237780548101,5.124953223280899e-07
0.0104892759361431,3.4611432710105395e-05
0.0001858941156464,9.139898339207008e-06
0.0150470702295425,2.2142277881722707e-05
0.0120236141556062,5.9296889552312856e-05
0.0050841493396538,6.481991211243969e-07
0.0060584425037347,9.909642148332012e-06
0.0113649530024025,3.9248886979419966e-05
0.0114454286030767,2.440749949981524e-05
0.0136986783770225,3.694175682676976e-05
0.0082547538074222,7.509441570726821e-06
0.0107932391144805,2.35202678593164e-05
0.0153737013950341,1.4715528639351255e-05
0.0169532619328759,1.2601838209960725e-05
0.0159407966952621,8.494074098294358e-05
0.0153771358800628,5.222672592571552e-05
0.0190281420835123,3.659503976910624e-05
0.0195714953069071,0.00014342137462374988
0.0130194652423571,2.4387534548828167e-05
0.0184586133785423,7.703726916674048e-05
0.0187992641848121,0.000135858026730427
0.0073802074161391,2.5406100748191975e-06
0.0024033223350994,8.628201942341387e-07
0.0180766514750036,7.28734802795699e-05
0.0026538786616377,6.345881027812524e-06
0.0155700005140158,5.326387510749093e-05
0.0195969144213007,0.00012456669731849307
0.0031324050881269,8.403880251163664e-06
0.0143914752077601,4.852749537181989e-05
0.0023108857585093,1.7949430437513495e-06
0.0135340543456645,2.6683995210037568e-05
0.0067750334539014,8.521029377707434e-06
0.0096975838346969,9.639041308099245e-06
0.0098536454923095,9.763905528037102e-06
0.0045339969936041,6.456004959865786e-07
0.0130778096275165,4.1548429058370195e-05
0.0168715070232174,5.443182696489253e-05
2.6103426527976926e-05,7.553200263770905e-06
0.0001015472667715,1.4023407206018041e-05
0.0028554898222762,1.4129247684153155e-07
0.0193858317956911,5.712110714612259e-05
0.0199907681800441,0.0001577564443404777
0.004961524988184,7.193131680248136e-06
0.0010979847805245,6.209561283216143e-06
0.0078216565694023,1.7998909795291715e-05
0.009035653031585,3.9316600284548314e-05
0.0076317826744154,3.005951589191475e-06
0.0151515863603187,4.427205832299194e-05
0.0115879456556039,5.014776331091098e-05
0.0150285448501018,5.751753157982481e-05
0.0148255582150842,5.573391041181025e-05
0.0086743462544616,8.322820400747909e-06
0.0194142203985276,6.886491515339214e-05
0.0133495048804899,5.1952788989612786e-05
0.0048186916723158,2.047965539063521e-06
0.0151416009307053,4.0581904627382873e-05
0.0175220606433955,9.533589034390926e-05
0.0155118881682795,5.904372604021001e-05
0.0160718587443654,8.573067412508555e-05
0.0064020950032145,6.673932772610555e-07
0.0031267592174354,3.069390367837562e-06
0.0193157308759935,0.00014447547173626786
0.0197036948733618,5.949557821185268e-05
0.010434965630909,1.3354175873894535e-05
0.0184244130130703,4.5421721778291024e-07
0.0132231416915505,2.996939224078166e-05
0.0063299781025891,4.911258039375134e-06
0.0114110709479124,1.4522141916764562e-05
0.0035033253181744,2.762688783511027e-06
0.010319482847171,2.3541230752299827e-05
0.0153702775915482,4.210234931154954e-05
0.0107906754551038,2.84949518208119e-05
0.0128963631790887,1.6310386191260684e-05
0.0123952310825659,4.991862757059115e-05
0.0021650339006236,5.100705053953953e-06
0.0177633164828059,7.156906313768608e-05
0.0169671986415554,0.00011339783167616248
0.0026998798582932,5.469308419591359e-07
0.0153209925876808,2.619576570691833e-06
0.0038769305382167,8.460467859792952e-08
0.0188528693612005,5.323989237763868e-05
0.0044485668772928,1.1027804720331628e-06
0.0061426587700347,1.0026534375368393e-05
0.0023987436439347,8.382025549333887e-06
0.0019355075020712,9.01262493744808e-07
0.0068644520689305,5.596874700656153e-06
0.0141394978872654,2.0080271936836064e-05
0.0158701655010209,5.346647764069996e-05
0.0154041658340557,4.13974732309824e-05
0.0110444887733117,2.2220589243102063e-05
0.0127772293450099,2.591620827478772e-05
0.0081391393066395,1.7207134033194855e-05
0.0066054377197285,1.13194230202767e-06
0.0064641564756539,6.079908192170209e-06
0.0161479504121009,5.405973752214193e-06
0.0043416140881644,2.831129226467997e-07
0.0102171133485186,5.226148114758388e-05
0.0116068230759183,1.9126549254140413e-05
0.0003760037442687,1.2361051333720592e-05
0.0150657592717375,8.017811126592187e-05
0.0016516870828335,9.596910564480996e-06
0.016806916955987,9.221651668581453e-05
0.016004993248424,6.454277411875111e-05
0.0137324875814381,9.411705050981007e-05
0.0054482081186286,7.819675939343918e-07
0.0144665131922606,4.8703432624862046e-05
0.0048342507063165,6.524528598364327e-07
0.0157909570410434,6.375948210431614e-05
0.013716934734676,9.009506949450825e-05
0.0094006175862869,2.4164171403775556e-05
0.0013479388705584,1.3396292526418692e-05
0.0072778817930485,1.5086522287861914e-06
0.0076047380626237,1.1479364516049399e-05
0.0168828469713261,4.276111673515033e-05
0.0196920293477836,0.00015536407472135853
0.0131701140578273,2.6547378514862095e-05
0.009006790964848,4.395118659863663e-06
0.0059405527723919,1.4678163084955327e-06
0.0003110732536275,4.177050287184997e-06
0.0161362853756666,8.579744046152865e-05
0.0191756374753243,0.00014709197851508904
0.0174021911413841,8.096151557269669e-05
0.0068831073375171,7.433932484881279e-06
0.0070030093917911,3.740937407555594e-06
0.0049152867200418,1.785948775367618e-06
0.0098459198306403,8.692604210007493e-07
0.0192487424224389,0.00010397444852455935
0.0171942861362278,4.8649182071359476e-05
0.0140479277047587,5.4740718746543986e-05
0.0189483398154275,0.00014061884339943803
0.0007360611750201,6.376199862577714e-06
0.0047024946548731,2.336297474073079e-06
0.0190483035981549,7.448299736718431e-05
0.0006496218677599,2.2006136014905484e-06
0.0013555621270741,2.2971192736767483e-06
0.0017533923477324,3.887622183550051e-06
0.0085443554334056,1.136135619058893e-05
0.010788613866098,5.5305478032173815e-05
0.0163951013789837,9.472046416098221e-05
0.0086336232822846,7.571389217694222e-06
0.0088157949273731,2.503227473309581e-05
0.0062950674486333,5.421117689064781e-07
0.0011799776341106,8.2690575440167e-06
0.0118399558481308,3.135546874793314e-05
0.0120995976549686,3.0169700488364317e-05
0.0119129073270248,3.581716524609252e-05
0.001406055167826,1.3728491665214918e-06
0.0082063756546116,1.6797945762974645e-05
0.0197931638897519,0.00012194490629231341
0.015847813135891,7.497036734959263e-05
0.0019413743080272,1.7195598787889842e-07
0.0173366028775783,0.00011060865698816962
0.0171018629393001,6.15886141563407e-05
0.0113346545998831,1.8964642454515572e-05
0.0095359913560154,4.0247761342879457e-05
0.0059880331025755,1.7869135161803944e-06
0.0095115787573488,1.2156345013453591e-05
0.0067849480422304,1.653979955994114e-05
0.0160667056101624,6.970984125031318e-05
0.0156278738593676,7.5936231148234e-05
0.0022804366993952,7.125500371129948e-07
0.0126805810823972,3.5981766828392404e-05
0.0005766037872284,2.6221430833607975e-06
0.0116610988839698,3.55578031610798e-05
0.0144564180528817,7.927235965759755e-05
0.0183416431464645,0.0001064392393094449
0.0151707608284611,7.454780537011205e-05
0.0142508195849307,7.794004134340418e-05
0.0157309704405385,9.227513638797633e-05
0.003793268328985,2.107215600958154e-06
0.0029098007059596,8.221785247171951e-08
0.017780588491787,0.0001643714282687934
0.0128217979027023,5.794085539687747e-05
0.0154983595884179,1.16373896610412e-05
0.0013908071926654,8.999129094774827e-07
0.0044834748832268,8.625724207402984e-08
0.0137076394172405,4.153123293030348e-05
0.0109792253349184,5.326456324525388e-07
0.0118906382003137,3.549545309103375e-05
0.0163496776028387,4.6812417163459076e-05
0.0113093686333135,6.441595057615554e-05
0.0004814684398921,1.45658963756174e-05
0.0093705709475024,1.085555594270055e-05
0.0003384197660467,8.290026376636976e-06
0.0193631318977476,0.00010529505337284812
0.0048240775758801,2.658842501835609e-06
0.0174499232213311,7.328806811942036e-05
0.0183889984899506,0.00012261539347140473
0.0046370365683982,3.608574787872657e-07
0.0061241431410945,2.344486868258383e-06
0.0091601311786943,1.125686640689021e-05
0.0082080803778251,3.375626264413603e-06
0.0136405486560022,2.0197918094739515e-05
0.0156435097315162,5.1913109786111404e-05
0.0058463283040512,2.9807120708484852e-06
0.0196074154060263,0.00019236527145625445
0.0127298684025369,6.5228795833022e-05
0.0197742566304074,0.00012422196022389653
0.0104753375999809,3.0116998833610624e-05
0.0130215108737588,1.29670100320674e-05
0.0141596588567779,2.022807653218428e-05
0.0068748110711451,6.987160026049191e-06
0.0133486115523617,1.934439447437926e-05
0.0032422335253149,5.7153399212328605e-09
0.0003595440276665,1.8473816714663338e-06
0.0027487999450675,3.1806131041297567e-06
0.0153009682439436,5.502112408201472e-05
0.0039332403542429,4.708762333043966e-07
0.0173255288387724,9.963087994699204e-05
0.0098664188464504,2.5798408957632653e-06
0.015821199172811,0.00010689600983116468
0.0171934316239187,5.814618156757471e-05
0.0108312334246812,2.9688532205630526e-05
0.0012253452982729,4.450053615960944e-06
0.0152983390473349,5.1896574364441336e-05
0.0108947734206547,3.7032363940792366e-05
0.0153327663516607,5.531289714207187e-05
0.0179065828577168,7.401361249433167e-05
0.0120449196036754,1.552320487024412e-05
0.0188497467361849,6.193769580497393e-05
0.0172256156877781,9.932184265353829e-05
0.0021182707364626,2.1377771345577423e-07
0.0152339276064472,8.028354384448327e-05
0.0100206453539986,3.977888145292612e-05
0.0131952480739961,8.978348677214372e-05
0.0082355335103246,1.073562732411903e-05
0.0077594283932614,7.0168270183598914e-06
0.0194148257600175,4.590258818143482e-05
0.0081604136793396,7.2055504409654455e-06
0.009936056803861,1.6309601852572685e-05
0.0109400203067415,3.8853656744442644e-05
0.0171375877976208,7.632490805365924e-05
0.0187442220333666,5.813715601523838e-05
0.0003802582636255,5.906044811359603e-06
0.0027863468955516,5.577106659189387e-06
0.0027323807565659,4.428652274193955e-07
0.0104629355642925,1.4697734032820173e-05
0.0108089546018651,1.810707911343849e-05
0.0178707109627656,0.00011274985688385775
0.0020248507669973,1.4080007638620248e-06
0.0065984368716501,9.26385685310985e-06
0.0056358123420239,1.454547834670755e-06
0.0071640100541022,2.8807636707259816e-07
0.0121838272622868,3.521767182619092e-05
0.0195468652298982,4.955700116631877e-05
0.0148075947247685,6.56813752970372e-05
0.0167350040948778,1.731930095321947e-05
0.0009275223027544,4.245057641261123e-06
0.005105287237683,3.601793565673928e-08
0.0174238663255518,5.112249957289677e-05
0.0010547895057374,1.1655335839894781e-06
0.0171390378322875,2.9100735494035903e-05
0.0057355324756324,1.1670092295416297e-08
0.0063338222096897,5.607329932868807e-06
0.0070197684310075,1.2887443428773433e-05
0.0198635492694938,9.074226303975262e-05
0.0188446829248974,3.827158870719466e-05
0.0120844802151004,6.523699045907161e-05
0.0031362545027221,1.065949065161992e-07
0.0165267548125045,8.055943500545974e-05
0.0024644878724598,8.778200508810027e-06
0.0174996017346535,0.00010825585821330007
0.010667905916195,2.5925750424853615e-05
0.0117994966902172,1.4507101026093512e-05
0.0025730868861298,4.734652615707953e-07
0.0184773695193362,8.786053742336849e-05
0.0015011206055231,1.0269449065497337e-05
0.0040471282901417,8.251982497013101e-08
0.0126295318972147,2.3982455232989002e-05
0.0072017667979589,1.8307897924562286e-05
0.001839151009812,4.167363697869453e-06
0.0137907250194629,5.729979060171185e-05
0.0055854642571096,5.142002871992707e-06
0.016249511192904,8.009078865568487e-05
0.0109361777905074,3.373997168498921e-05
0.0123373533962777,5.688464392507428e-05
0.0063354402119605,2.4192346723040277e-06
0.0165432657477928,6.213990559275458e-05
0.0065984346733827,1.3244554731645993e-05
0.0159553089424482,3.828700035589167e-06
0.0136277825019686,4.4340510249402604e-05
0.0031495788203703,2.34863521983103e-07
0.0194164585719577,0.00015865896091248
0.0005221089110975,1.464327997821554e-05
0.0139767235025582,2.920630394982722e-05
0.0008283651503696,1.3299561260556998e-05
0.0143950652829234,3.0597314561198865e-05
0.0168049595772726,7.290958275818756e-05
0.0171499917932795,0.00010848147626577177
0.006336187582847,5.26131813058116e-06
0.0198038293459505,0.00013061219620686648
0.0089118204848907,2.3505334667828846e-05
0.0018030951312777,6.040477286691718e-07
0.0094530050066069,2.9246157311438206e-05
0.0018764556040651,1.4832238976534523e-07
0.0092731821476454,5.76933176589209e-06
0.0023864327811269,1.0315743814403924e-07
0.0039636445756813,7.55848170109468e-08
0.017988412497212,9.524294147101411e-05
0.0027469144133091,5.1832263712097614e-09
0.0129907930837033,7.57055007602865e-05
0.0116687139283204,1.4124078819526693e-05
0.0025713525227456,4.565483411144078e-07
0.0080699874835973,7.365200860889137e-06
0.0097812671532373,2.158428724129831e-05
0.0074278446833541,7.87615964351019e-07
0.0034364462606506,1.5506795987166378e-05
0.0135690136883512,6.84526750622489e-05
0.0185522342729925,0.00011777004967880491
0.0179188178662974,9.859851650715059e-05
0.0174917026821847,7.905789969442303e-05
0.0180847724722511,9.245862959837309e-05
0.0030528468384911,3.514269173666835e-06
0.0158970643090681,5.299117746486124e-05
0.0078972996968854,3.214497973916928e-06
0.0073449395940336,2.8327032606363606e-06
0.0028267622029431,6.230733184769189e-09
0.016227721146104,6.440781154731078e-05
0.0144724334759361,3.819269521372364e-05
0.0116997270854685,2.4667299239612696e-06
0.000982868098004,1.028938569549864e-05
0.005898258383721,8.729012265064153e-07
0.0046523114558483,4.517553743268674e-06
0.0032132741477343,1.3828046460467226e-06
0.0136347040479773,4.783425775140199e-05
0.0115159577524339,2.426063399538725e-05
0.007328306821486,4.63945980623222e-06
0.0068204027054474,8.6552294423705e-06
0.0163807039400648,9.363767428656038e-05
0.0040615074359569,5.163052823114179e-07
0.0184173954642325,9.387721308121758e-05
0.0121908825352424,4.286663247066852e-05
0.0159956500258527,7.80933086593327e-05
0.0107426795155515,3.691521802234507e-05
0.0072447325640775,6.685291228125506e-06
0.0052851696502908,2.7400870290907686e-06
0.01523574452215,4.684917163064783e-05
0.0110489387772323,2.1718961658042963e-05
0.0045156205189424,1.4525333413834743e-06
3.814151436492441e-05,7.5294071790992055e-06
0.0138804667280411,8.256329884252384e-05
0.0132479481079094,5.217872217260963e-05
0.017743200328833,4.825484178216831e-05
0.0051398390610045,1.9010584712993816e-06
0.0124329561260466,5.477989827098814e-05
0.0116002702216057,3.9010955582027665e-05
0.0131340412620359,3.2107679971300365e-05
0.004071967588945,4.439616318978531e-06
0.0115212042389356,5.759018695688709e-06
0.0149693480428902,1.7434699808348605e-05
0.0097865384605462,1.0990864501826684e-05
0.0062709327790027,8.32811252437965e-06
0.0040844634112086,2.938710605887874e-06
0.0196200612648738,0.0001145620365080873
0.0115574191401217,2.8598609050790798e-05
0.0060684018111423,1.4596166217607826e-06
0.0066025534047017,7.844377007540961e-06
0.0028978411873786,6.070606776691674e-08
0.0166800446397352,7.94522555538795e-05
0.0087657421701309,9.78658975469575e-06
0.0049112558989809,1.3854539444521516e-06
0.01833098769016,8.558157901440411e-05
0.0112897021028863,5.985576228379261e-06
0.0029071228117368,7.716263959666262e-06
0.0177886725585907,8.593405706617525e-05
0.0178886743732136,6.685863730426848e-05
0.0062621404095462,9.4824105287639e-08
0.0088784843826356,1.2515206400060808e-05
0.0040335499993031,1.991413852993769e-07
0.0184764916555965,6.451304675582001e-05
0.0086523973021811,2.2622475653379185e-06
0.002534220978342,4.113503729918436e-06
0.0001893778685279,5.307737528052143e-06
0.017779112444712,1.1109734113584195e-05
0.0019246674470745,9.399972772998487e-07
0.0061041624472874,6.011240197260291e-06
0.0021917423155061,3.305389735483932e-06
0.010675508857463,9.31220175569034e-06
0.0139214787882687,5.2460111311503576e-05
0.0196201578214657,0.00012176855333830555
0.0067513571594349,4.361856568909864e-06
0.0147609454651707,4.8564913126398175e-05
0.0193792453340439,4.590714158624783e-05
0.0084850716613252,4.668778888820792e-06
0.0049902093219037,1.8775858440655416e-06
0.0072704989776493,3.936574021032306e-06
0.004099164578325,8.351497867312474e-08
0.0080029659573303,5.361616033032328e-06
0.0164367197718233,6.229357209347911e-05
0.0032533410879221,1.551531392519045e-07
0.0093150674948825,1.5719539186205053e-05
0.0197769120887528,0.00017360778310205458
0.002530302475093,2.572938554493521e-06
0.0089238312610057,5.623849340950941e-06
0.0044646506581494,3.08957798462117e-07
0.0018244379935929,4.3870662921494e-06
0.0137164297921558,4.443381579770329e-05
0.0185110973316149,7.798362266279952e-05
0.0092309771671974,1.3382845756477336e-05
0.0112518348243592,3.46076617783324e-05
0.0199966244449993,5.9065381623802476e-05
0.0105300116020085,5.89387126123027e-06
0.0095788437619501,2.197507373391415e-05
0.0049993172888823,1.5591064504109236e-07
0.0065548192456961,2.938343828188205e-06
0.017974850594167,0.00010521398684985509
0.0009183317635774,1.9451525134008927e-06
0.0179717983233809,0.0001195857773477744
0.0069296627859953,1.712461583430733e-07
0.0156983123023234,3.060460792182552e-05
0.0131742589849051,5.716595280321449e-05
0.0147573689712597,6.096971603521631e-05
0.0008632107239292,3.7241238014602738e-06
0.0171561829141243,4.4695389363668306e-05
0.0134387946760617,4.1677545322054095e-05
0.0182105924339457,1.767606789646591e-05
0.0157783140688882,8.22561555335074e-05
0.0148096434257927,8.210645311978085e-05
0.0122953418920189,4.476631902195099e-05
0.0028173419689253,3.162453139258468e-08
0.0021085166323512,2.060806957196817e-06
0.0036609519227523,4.5767929290347947e-07
0.0121677073997818,5.1205668148282966e-05
0.0087750313709906,2.2100025987771253e-05
0.0134450430636617,2.803398840290802e-05
0.0061770665323795,9.405490790651811e-06
0.0131619055619046,2.2724814745297976e-05
0.0186438776250837,1.8862186354482294e-05
0.0110489884013813,2.4670657126530188e-05
0.0197210672723248,5.736591903314576e-06
0.0027517187428276,9.21663246763513e-09
0.0127888440585739,6.234181268606011e-05
0.0156956994689696,2.7887341955902057e-05
0.0051057697847841,3.224283853317135e-06
0.0153995133850342,4.091616556968605e-05
0.0154289654933873,8.022192695413562e-05
0.0152614591845662,6.656506350183377e-05
0.003905560635642,5.743477485427322e-06
0.0123942419232369,4.154148092758574e-05
0.0119243071508873,3.621756840298599e-05
0.0047749124820059,3.317260822199927e-07
0.0003271563815419,6.095396256533072e-06
0.0097721076311191,1.5102532245748536e-06
0.0164660766096134,3.798088465284587e-05
0.0188550570932046,9.766083932237061e-05
0.0034543437148789,1.8277497143340444e-06
0.0051843459378237,1.7078922928710284e-07
0.0040769349757196,2.235679445980542e-08
0.0181738177300104,0.0001479327215560632
0.0087016040239575,1.3399885689604463e-05
0.0047295894879337,1.159516813567491e-06
0.002451888874468,1.1282298682667821e-06
0.0159091412212108,6.712978223945785e-05
0.0166300389309538,7.108262498383942e-05
0.0117140261075423,3.995231176186688e-05
0.0111383636656457,1.2055756062814786e-05
0.0001589795931154,5.258109363060428e-06
0.0171592742144504,7.6096049660462e-05
0.0155892840807207,8.13461209225612e-05
0.0015298529713942,5.936189274229787e-06
0.0166530787980347,0.00012672458838091
0.0144097207408797,8.353485123688705e-05
0.0078602795370909,1.1660472999846842e-05
0.0193199064673516,0.00010370397090639077
0.0187136419768613,9.725890074862481e-05
0.003806062160908,6.51446798487124e-09
0.0157560940419209,5.952112993638512e-07
0.0038827300746691,1.535286492477585e-06
0.0156606337400285,9.498903841942665e-05
0.0082150287138517,2.5018646669476186e-06
0.0022858826018451,7.485236462500427e-08
0.0022883821175837,8.446215538011885e-09
0.0096217279408402,2.082241191134082e-05
0.0169412761567854,6.634760349056725e-05
0.0165275735742602,7.257414483168431e-05
0.0032875656101949,4.854448582725967e-06
0.0037922827422507,2.0223289179005035e-06
0.0116571003493091,4.294206555582569e-05
0.0054008878528859,3.4130279433621007e-06
0.018886732548425,0.00012872425428437116
0.0044258008177556,1.7152003874436982e-06
0.011622754684337,2.709105667247917e-05
0.0136541017882326,3.4680634252837676e-05
0.0086967528606446,1.8073294036280284e-06
0.0171172003647298,3.689847798664056e-05
0.0110304957987188,2.192431560595761e-05
0.0102973687161,4.048345191946858e-05
0.0040941977796267,2.4736572648482205e-07
0.0054732469323483,3.927815842251713e-06
0.0125349416018056,3.195720954629051e-05
0.0172535924586176,7.760959143740805e-05
0.0119488248071745,2.968297190973537e-05
0.0168035960791997,7.769803056795007e-05
0.0003940017469466,3.9235973836678604e-06
0.004119124902868,1.7713736873335251e-09
0.0144080186523869,5.6150104836359337e-05
0.0112753936908852,4.3725716377383404e-05
0.0067838298913889,9.327536632161046e-06
0.0024277789989541,2.5369881262021434e-07
0.0148996905731215,2.8379044838951824e-05
0.0101471740555742,2.8117579431376742e-05
0.0198034710330405,4.747892697920127e-05
0.0046125096932727,1.915839467283239e-06
0.0098413269443944,3.1315352512322454e-05
0.0178275832522457,0.00010242699216434969
0.0106866933235676,2.7985049213129462e-05
0.0047011003765482,2.404486781334883e-06
0.0010548135651491,6.4134743572407426e-06
0.0126835384740554,1.999413876018923e-05
0.0065170647161612,2.2023101465764485e-06
0.0193385289628149,5.146978396882288e-05
0.0035491954135301,7.663071657829008e-07
0.0006190958906152,2.3209399628873653e-06
0.0170398457808791,5.220453331201517e-05
0.0036411795167692,8.848110644040194e-07
0.009710106276529,6.951598326389627e-06
0.0053464736107633,5.091729838689209e-06
8.72426076929056e-05,4.409490076626321e-06
0.0146467163653586,3.564232622513815e-05
0.0008935200534081,4.069389445520903e-06
0.0001416091245521,9.796568861221369e-06
0.0098296648197864,2.22772335663679e-05
0.0122172208971186,3.819094475120837e-05
0.0098753379203273,5.078034123398977e-06
0.0007614175577249,3.597082302034957e-06
0.0111732265929857,1.1303787271960258e-05
0.0193614999655556,7.739753991013188e-05
0.0074236804425773,1.5973097088427685e-05
0.0178206202399607,0.00012860694291565237
0.0196021271297311,0.00011187563726339395
0.0142678717115083,6.628912582454596e-05
0.0104884454517162,8.09966319600494e-07
0.007811725633721,1.679467292695155e-05
0.014469321147544,3.8134219612572185e-05
0.013961699033246,3.842946716385728e-05
0.0154909050416499,0.0001112963079211008
0.0052628033265238,8.719049158153723e-07
0.0183407919149851,0.00013477774739903496
0.0163970135326538,5.2089545016220084e-05
0.0071371333069021,4.9182440657765325e-06
0.0011163821248302,3.5778406387072e-06
0.0132112345251863,2.5762670742041432e-05
0.0197573944062798,0.00012754302482707194
0.0004979519171467,9.944238358097144e-06
0.0084187006680443,9.847141420306903e-06
0.0117226493371362,2.9778551668094268e-05
0.0158479193512275,4.909706844191379e-05
0.0129979021895951,2.361315455370295e-05
0.0032847109295979,1.616399088157263e-06
0.0080612646917391,2.1652463592478933e-06
0.0162220866848237,6.44509908736693e-05
0.0097642504034109,3.530855789709203e-05
0.0144683477947148,6.232134102717197e-05
0.0154614822707894,8.848954352482824e-05
0.0165791561566146,9.414269590414556e-05
0.0150300155383177,4.35955631380949e-05
0.0059559393194439,8.045704941717643e-08
0.0165271331538572,4.464155989833411e-05
0.0138190868058584,5.772997329535246e-05
0.0093469173802254,1.1883032460434068e-05
0.0112876536944311,4.854990050527247e-05
0.0137066832090624,2.024041912528145e-05
0.0134074795597904,2.2018009640561937e-05
0.0031809548080493,4.275987259020446e-06
0.0027147092639348,2.4548153372311896e-07
0.0023897498153038,7.986353632211803e-07
0.0031436085711901,1.8620922525359031e-06
0.0033102218196036,4.186318079603962e-07
0.0001679683226595,4.1222083285330444e-06
0.0160843090567195,7.379870168040838e-05
0.0046741984482942,9.735092651573454e-08
0.0172395417271566,6.179715862492987e-05
0.0047753515290683,1.2498767329335993e-06
0.0137111112815706,1.5373597900398997e-05
0.0114760996269774,4.092892174462562e-05
0.0172053926398664,7.094215739043044e-07
0.0095577313691062,2.2985040005170296e-05
0.0061082165827294,8.110462926897841e-06
0.0004955298334571,4.432742911536221e-06
0.0095681696587589,1.792321571102293e-06
0.0071564171611634,1.0557639448069428e-05
0.0193502016752927,0.00010676189277968966
0.0174872715701229,4.483536358318822e-05
0.0187747602152624,7.740012888466574e-05
0.0155094995716058,1.1246414704081739e-05
0.0070453581808028,4.594475044750337e-06
0.0122584436951062,3.870214814628955e-05
0.001811159345693,4.279578449597986e-06
0.0068369134896921,1.2752055755414532e-06
0.0087978245401132,8.280422013911938e-06
0.0179414034118519,0.00012460947596355074
0.0095547430835374,2.8755254946294485e-05
0.0029162297127514,1.1826880994069493e-07
0.0056949993904996,3.1131285871197615e-06
0.0035552569207953,1.141686875469155e-11
0.0046036861587443,1.3594519529258962e-07
0.0149328228835007,9.732093324750703e-05
0.0147568722799534,4.9957022199709644e-05
0.006213364892354,1.9442764380052915e-06
0.0073172845503497,6.160447680409632e-06
0.0062115321420289,1.852840038064576e-06
0.0020467725979175,2.085558872351852e-06
0.0190957212690937,6.827955300561949e-05
0.0161246625140876,5.721093139739241e-05
0.0097403768448412,2.4995710324376027e-05
0.014964826540047,4.243534953706118e-05
0.0107170326684561,1.4059129037574029e-05
0.0042245018086603,6.966004535782642e-09
0.0031952114415272,3.1223664633911623e-06
0.0078904005965057,2.104592966300999e-05
0.0022090970500448,2.120197061767438e-06
0.0073254948903801,5.0715990419717044e-06
0.016655647752922,0.0001256255423751469
0.0169795864583348,7.06902962981606e-05
0.0120274644130985,1.1636313822603507e-05
0.0166482552784727,9.465437034389507e-05
0.0182664046941348,5.623558424868673e-05
0.0147074121215432,8.835852702224156e-05
0.0192409404430768,0.00010143685139543695
0.0139880567136484,2.7851829836851475e-05
0.0054345396967772,5.977034282915098e-07
0.0154363461213219,7.192177732330299e-05
0.0110601140505954,1.2123237685026372e-05
0.0089698271075786,6.359695483647074e-06
0.0134342360385607,1.9636394626091343e-05
0.0079956308421757,2.0184906454067753e-05
0.0173159291797364,8.464940127013749e-05
0.0158348408725759,8.085786351006354e-05
0.0003046009767735,6.9994584275960416e-06
0.0111899790148034,4.000121824693989e-05
0.0033902920611245,1.6441917278109303e-06
0.0192287370224619,0.00010743160632499246
0.0011325447217131,8.82908739174539e-06
0.013181649079548,6.69430410217727e-05
0.0064059084545309,6.571350387703787e-06
0.0152870101890668,2.223151046098173e-05
0.0135813530001825,5.1337846569531267e-05
0.003509441074048,1.8632016332610717e-08
0.0106639803665898,3.968696358131261e-05
0.0024760833814848,5.832737182522513e-08
0.0042250432909315,1.1692563272364019e-06
0.0024020540738219,7.943432468835899e-08
0.0062777566304505,3.8869108456256e-06
0.0154395007459321,5.060921273987841e-05
0.0075869066588721,9.494222083160261e-06
0.0116706460745349,2.0719949570821306e-05
0.0182152308112779,2.28175353987724e-05
0.0146518146415558,2.730426644723233e-05
0.0033635382167627,8.823863343989337e-06
0.0018669488854865,8.902770247683177e-07
0.0098022103674313,2.6931611474417555e-05
0.0169807408440338,0.00013365641778968627
0.0104175567883674,3.316557965693854e-05
0.008486390742444,3.234569431930801e-05
0.0108267924868032,2.7540989965032657e-06
0.0125365852912091,5.2993585998938026e-05
0.0096322561715228,3.0193284911934845e-05
0.0001974471761688,5.738483474118769e-06
0.0151591865663373,5.095429507361063e-07
0.0135105692945889,1.9267011865329537e-05
0.0173614592663911,7.310465546514838e-05
0.0022136967903135,1.3444975908992637e-05
0.0136271954672119,3.942462822853823e-05
0.0084802041196602,1.082658961356616e-05
0.003191600974958,1.9927500188939865e-08
0.0182648413172274,0.00013727471256693983
0.0093605118757922,2.2451947689668638e-05
0.0093710864678797,1.980190205326701e-05
0.0001221816287169,1.4241700556379513e-05
0.0004094966100613,4.813567757934315e-06
0.0157211261744171,3.528978061462127e-06
0.0092063949356582,3.760847355319564e-05
0.0133114782879073,8.678046877247539e-06
0.0096857178984232,5.831830947818357e-06
0.0086211448614098,2.419197111966534e-05
0.0068197238953239,3.6181241841644e-06
0.0079051756960033,1.925114117909734e-05
0.0038329146562914,1.0269668248491106e-07
0.0093500567674166,3.2106295633607215e-05
0.0119412102575453,3.507749474893941e-05
0.0096998007731335,1.2614615482843988e-05
0.0035962234618387,7.388942205985398e-08
0.0092245388771228,2.2733870027604e-05
0.0036293288926634,1.9224589784998603e-08
0.013530439932623,2.215909735481133e-05
0.0162248882127586,5.3319398017790014e-05
0.0017117918123304,2.0128497769298797e-06
0.0058513698570344,2.941994318607237e-06
0.0113478094536043,1.91747125853828e-05
0.0171790607541962,1.3992090881945215e-05
0.0090500638805605,3.1474431308149144e-06
0.0070398137645805,2.9497915005390897e-06
0.0151198646970554,5.618920458915702e-05
0.0011086131507371,5.202054338011025e-06
0.0195513382003223,9.502292734162513e-05
0.0075614517662513,1.2980647447956175e-05
0.003909659335042,5.101879095685366e-06
0.003787924789497,2.661728174537581e-07
0.0169818429551955,2.4743549995844895e-05
0.0036882832872307,1.6633187696964249e-07
0.015228742612188,9.695142558244467e-05
0.0176042169956377,0.00011231895061390296
0.0001501436541825,7.845750370456712e-06
0.0014348266360806,5.2871308474559785e-06
0.0171947542537304,0.00010629122400460106
0.011255170127687,2.1110766094171553e-05
0.014334133727799,5.631803282166683e-06
0.0079054164527172,2.2389959607818583e-05
0.0058917470028583,3.345635779878976e-06
0.0083359903788512,5.439733886926143e-06
0.0010203685705916,1.9990467778991958e-06
0.0175776583457775,0.00012343556149110174
0.0025742060768233,7.798762305244498e-08
0.0134926581984169,3.714539226855306e-05
0.0125266447207932,5.0134157694265786e-05
0.0145175213600286,5.730215411859955e-05
0.0157841183979221,1.0289831799054625e-05
0.0022138727187928,2.662333910697642e-06
0.0137690045073906,6.383321464210643e-05
0.0186240919919701,9.993329612892576e-05
0.008535692573624,2.269079857822467e-05
0.0073925721296989,5.74834520770893e-07
1.5368626708840428e-05,7.791910763477489e-06
0.0076752551994757,2.7942082147822085e-06
0.0024280576955987,7.683042071041611e-06
0.0185366168775881,1.4079177783185685e-05
0.0023539296268819,2.5943345478000666e-06
0.0053755742447687,4.3947007841299e-06
0.007168573578013,7.421188472474294e-06
0.0171234306996815,4.750117961028603e-05
0.0087552550758061,1.2356910906443828e-06
0.0069287405114883,1.7596885938447505e-06
0.0176353329325601,0.00011449033947418749
0.0077920745416238,1.4029842998986008e-06
0.0045635175202853,4.390320256811084e-07
0.0068691458062845,2.828196108780076e-07
0.0007417854864676,4.183981658457098e-06
0.0146466802427139,9.297635347928461e-06
0.0077657553123613,1.3230970035322953e-06
0.0117050986369102,6.299402277622802e-05
0.0156132871912062,4.1818331920162306e-05
0.0104810943996156,3.111159073782246e-05
0.0155392356762897,5.6597063632439535e-05
0.0068378877584911,1.5205772175004946e-05
0.0007233597468415,4.517155972670569e-06
0.0136568459125454,4.1894873988616216e-05
0.0024588978197163,9.96124644583429e-06
0.0114078984126628,1.8911751244690793e-05
0.0186159107786313,9.109718079201544e-05
0.0066167981436744,5.349865359926361e-10
0.0184722364767299,7.536319083812464e-05
0.0051563212738075,2.095897720286712e-06
0.0077489115847534,9.502597382216114e-06
0.0092924726854678,2.754439242499975e-05
0.0138984237714961,2.5794833003596325e-05
0.0127155382657274,3.560072436049426e-05
0.0189932840457728,0.00011380192554405973
0.0075018320634716,2.8771859416157814e-06
0.0123328409458693,2.340225828343937e-05
0.0047693400611228,6.728541776995336e-06
0.0059581941325687,2.100155223876832e-06
0.0128831248995283,2.3164714661932715e-05
0.0156460202983393,0.00011988205189185174
0.0114294755015908,5.674336642962043e-05
0.0153644366415163,4.217514254602258e-05
0.0022388648073327,1.998023453932509e-06
0.0061814969527234,4.118799489004207e-06
0.0046117868940517,8.279171052695607e-11
0.0197007114510397,6.71692692085273e-05
0.0139304103796578,6.303639285042715e-05
0.0047421744422218,1.7724146328595904e-08
0.0048261430852728,1.3973377733024423e-06
0.0092536387460892,8.544057459986234e-06
0.0142751905176293,2.5153063458461353e-05
0.019045610344797,0.000123823188892428
0.0172713173764725,6.654684071278914e-05
0.0168112953660208,5.8430656942602146e-05
0.0032096814978581,3.1023501122427093e-12
0.0088237620615851,5.289270340074503e-06
0.0159756016104048,2.302608910182889e-05
0.0035508294453526,1.995199751231107e-07
0.0082722037575819,1.610425280342648e-05
0.0064508551174235,1.6014529169350057e-06
0.012936792223208,4.277826181549367e-05
0.0012181461011895,2.256581379393622e-06
0.0153069957311767,9.010376813744252e-05
0.0122368514927759,2.2396071956418533e-05
0.0188615412618441,0.00013412072917867924
0.006257806696993,3.901593207088792e-06
0.0181339953117948,8.026562011332127e-05
0.0061495691631696,7.482787524155243e-06
0.0163903522049017,6.013945916006233e-05
0.0153645116258062,4.471229670427836e-05
0.0074233753622517,5.744345317145906e-06
0.0129153084771732,2.7632309717760623e-05
0.0102431206069697,2.0747040790402953e-05
0.0035478548825339,2.7353792648383338e-06
0.0144401199853903,2.443287092166669e-05
0.0142611038783597,4.70057096795083e-05
0.0176085168159569,0.00010712102685750742
0.0006386912912647,2.7383498711422243e-06
0.0049621955922042,2.9652103096513997e-06
0.0194495462997504,3.202240287685318e-07
0.0083215123929067,1.1273114072660863e-05
0.0064325338749564,9.367139413568802e-06
0.0168649678672798,0.00010407303718921872
0.0080982047355358,9.250497716356825e-06
0.0198485681787716,6.863901497148306e-05
0.008445313870745,1.6091660716767118e-05
0.0143168860439613,6.497881248239428e-05
0.01326943167235,4.2223506487927417e-05
0.0062777253157441,2.1173309249877306e-06
0.002746615027659,1.3530565705975271e-08
0.0193328914644006,0.00010541201259090069
0.0192266141183576,0.00012083212243745064
0.0191445302115083,6.403609863571203e-05
0.0074528909852929,6.666997188456591e-07
0.0195294614886281,3.553551503080881e-05
0.0106801880692068,2.6973660709484496e-05
0.016075498661082,8.979047637957888e-05
0.0006764871633887,8.166531416009941e-06
0.0030482677516941,4.969154725679496e-10
0.0144337860267276,4.2382530792773255e-05
0.0160904055060634,5.1153273208405595e-05
0.0182693990773585,9.382205246393794e-05
0.0111078910498623,3.894858691875086e-05
0.0192444926596058,0.0001336313534462074
0.0065733885720854,3.119804344546915e-06
0.0129231433725411,5.1981178894170686e-05
0.0016318619654822,8.139670818262401e-06
0.010371211592593,2.862135296396119e-05
0.0150484395602287,5.6149451822013845e-05
0.012435028558323,1.7687366142771316e-05
0.0173638591604474,2.37545506596441e-06
0.0167288203865137,2.06031548933441e-05
0.0105994310430326,1.319105271037889e-05
0.0058690842329487,2.0503423887122163e-06
0.0034353913772163,7.183523259641709e-06
0.0176233037850313,9.480197273838056e-05
0.0138729257888278,3.0576749367369933e-06
0.0196012894626203,9.43220314160427e-06
0.0113224106039617,3.3933090026412434e-05
0.0099390010909165,2.4184982344557388e-05
0.006852672080187,9.042851099023522e-06
0.0163914848443401,1.5788115317694736e-05
0.0120310036949839,4.1152368996452705e-05
0.0064866937005395,5.170770689893384e-06
0.0055258045268132,2.980386365947131e-06
0.0027315093541868,7.973852750448838e-08
0.0184119658872254,6.680264693064405e-05
0.0120702881996822,2.200616578818175e-05
0.0184553187469601,0.00011596451926027981
0.0178702514394627,6.945117873136911e-05
0.0151869807693608,6.672453440401497e-05
0.010097306683947,1.805074031324134e-05
0.0181348715567547,3.0800353371739047e-06
0.0004219586500133,8.158885040958183e-06
0.0043077442098107,2.741610536736549e-08
0.0193079679088518,0.00013522785784733193
0.0120033957680233,1.4769209033682078e-05
0.0052606007918271,1.4291072179437396e-06
0.0168452386068694,1.5942279837979362e-05
0.0077161708639624,1.2551908530038007e-06
0.0194442579762142,0.00018476050675119725
0.0101345098687744,2.8228501429104033e-05
2.1550045122711305e-05,6.298314591847507e-06
0.0112656177983438,2.0866601462937266e-05
0.0100643922523724,1.468437192791074e-05
0.0187737398070673,5.330680603438833e-08
0.0126976010465003,2.9347958896577357e-05
0.005736713831369,6.784123664215161e-06
0.0126010091331451,6.718184386232022e-05
0.0063734790177958,3.4728096111573332e-06
0.0037811195251509,5.583378118641716e-07
0.0104129780690114,1.100197888610065e-05
0.0033911497623571,1.5077173071328978e-05
0.0127137524927787,5.011368377773762e-05
0.0045565342597736,1.266339051982786e-07
0.0125696060399383,7.194041484023177e-05
0.0019536678821608,4.568414304713592e-06
0.0076653671045752,1.8612129016945555e-05
0.0032947115690516,1.0648806775078954e-09
0.0043380123071698,5.445392397233496e-07
0.0109371081380486,1.0831175072550277e-05
0.0050747610857007,1.6631602066748158e-06
0.000260500708985,8.480286693504555e-06
0.0112498189986504,1.445418251729002e-05
0.0171567521807428,0.00012390024197499527
0.0116796338955278,1.791278805053168e-05
0.0174107989585463,8.192890892480493e-05
0.0007556499912783,1.0782856781332357e-05
0.0155702440357384,5.505512706743593e-05
0.0194422972930138,5.816731985210676e-05
0.0036382745043512,9.53770129698118e-08
0.010874763644686,3.62833171481482e-05
0.0063003734972679,4.242582757202475e-06
0.0154336267288308,9.23809586275412e-05
0.0137471571364101,6.345393932476668e-05
0.0164715492063851,6.165026942809708e-05
0.0028010421722987,2.501013150673734e-06
0.0124836291025463,4.333161287035432e-05
0.0054405622018637,7.389759563052256e-08
0.0086934246658271,3.6697510765853383e-06
0.0066748780933508,3.942304140248566e-06
0.0171716033994946,2.303459119576545e-05
0.0151049867075734,4.885406714860833e-05
0.0087050798782687,3.40343041203026e-05
0.0102413316588782,2.970660836727527e-05
0.017896910909672,7.351480737396106e-05
0.0022876136240466,4.2347194715046767e-10
0.0105825257591415,3.9362378420967326e-05
0.0001227351002779,4.286914302259864e-06
0.0166947147296598,8.312406585509113e-05
0.0022883115886334,1.5025883700741609e-05
0.0196493423307021,5.750459277660252e-05
0.0004572437295439,1.0091434023115427e-05
0.004182495660948,6.065941938867635e-07
0.0147575440646364,1.994565757767459e-05
0.0142697458782139,5.9570213324161626e-05
0.0124711532384111,2.7908133454766485e-05
0.0198724362133578,0.00010487033440482827
0.0077457063807895,1.775127079471185e-05
0.0075357046714947,6.071123225971207e-08
0.0052169800823233,3.6718612595021174e-06
0.0084205543538319,1.6719693063337874e-05
0.0033526155042546,1.6029985739292385e-06
0.0022132261599838,5.527163750871395e-07
0.0026322328842509,1.3315325402031172e-06
0.0080169184078031,7.885031644078254e-06
0.0045874705283031,5.675062279833828e-07
0.0187462624506179,4.047317824669113e-05
0.0195415493204277,4.988631510753555e-05
0.0061275422848664,2.3317512004790227e-09
0.0178157923747539,7.825435604911018e-05
0.0050757437570984,1.5101575157994334e-06
0.0197774089134929,6.655570408214095e-05
0.0192307688751061,7.976663072561217e-05
0.001621085560584,7.3787547983213e-06
0.014214687668373,7.874155735184878e-05
0.005492549278063,1.6871838521199913e-06
0.0180871977829828,0.0001337656195247136
0.0188786124730328,0.0001420519489865249
0.009318548825142,2.7178995639393274e-05
0.0135406999360244,6.218228814184504e-05
0.0059535333181346,2.4523712775349123e-07
0.0196212163725911,0.00010546121466331753
0.0100698665118294,3.3995671082560536e-05
0.0027209053924616,5.017525448802935e-07
0.0118226003300864,2.6444814033394358e-05
0.0187275573602583,3.663554325664012e-05
0.0177864172326419,3.4766355501607e-05
0.0032414170839859,7.907696883325157e-07
0.0161463122689709,7.746957405130703e-07
0.0047298739705014,3.982719929159289e-08
0.0108918537038432,5.070261716829152e-05
0.0181428449951511,1.6706705107535512e-07
0.0143433348412308,7.104691341619469e-05
0.0095986999651181,1.6930258879762288e-05
0.0012409612818062,4.046254171822749e-06
0.0182403284851794,7.99375662074386e-05
0.00527520725505,3.1696272175692794e-07
0.0093367378043717,7.661891084571985e-06
0.0159806287212954,7.176488532380153e-05
0.0159751566889856,4.316871941120376e-05
0.017137929476348,2.5002025998425132e-05
0.0123668303993468,4.4371101452237364e-05
0.0085727140780724,2.240190697966761e-05
0.0063900677973681,2.768395949674626e-06
0.013497304999207,3.439667474671726e-05
0.000798930312424,7.656426776137873e-06
0.0150579576045664,9.444809181868014e-05
0.0070715132963837,2.5110903796232644e-07
0.010684463364388,8.13406602109217e-06
0.0114807980168203,4.4635585253998444e-05
0.00934273004608,2.3349151105491397e-05
0.0165349109544322,4.0988028206458065e-05
0.0127398111696504,2.1936456833523692e-05
0.0169205760401955,6.824952162953591e-05
0.0006368707532552,1.4036042376349958e-05
0.0145169181975882,3.1840954219985365e-07
0.0180745668446486,7.981279349813986e-05
0.0067982749233315,7.665940158039258e-06
0.0043464048722842,4.279424792530734e-09
0.0094236142892256,1.166963645200509e-05
0.0013679793064025,2.9829360157604926e-06
0.0193627518960469,2.6620599758378486e-05
0.0053918197364359,6.948283392695163e-07
0.0199657025679758,0.00017494205531374917
0.0033189170376575,8.941849455933482e-08
0.0180202183565664,5.692337202079209e-05
0.0117207443832623,8.555290576975491e-06
0.0026723835947642,3.559967527855385e-07
0.011461794469664,4.2474386081797e-05
0.0182485961605611,8.076027935881824e-05
0.0031538335871241,3.874582300156925e-06
0.0011771149877124,2.8922614958325546e-06
0.0044709354268075,1.0614507483228269e-06
0.0114527240566378,3.7579308522918924e-05
0.0078633299967661,1.1738486229073694e-05
0.0054010928776027,1.4520304318229082e-06
0.0193019834589831,6.557029819167926e-05
0.0047407129519275,1.6021266324662494e-06
0.0076606531242096,1.5656794714789784e-06
0.0051050144836818,1.5744338110111006e-06
0.0178918432410083,9.779301171753465e-05
0.0183275035737622,0.00011070196255262842
0.0070185521530133,1.1107336395450403e-06
0.017287610029001,6.415930798402852e-05
0.0182792403169911,0.00012424726716876665
0.0026048671158381,1.0265159540305001e-07
0.0172587929873452,9.109222733252882e-05
0.0065705264930934,5.342261055061027e-06
0.0064545095453542,3.954957818481343e-07
0.0038433681186486,1.068945809339281e-06
0.0191917223509398,7.832328829303745e-05
0.0117614511298382,5.1007018378091625e-05
0.0011923603064834,8.03489272131184e-06
0.0149175098526591,6.477097166933655e-05
0.0070960030352143,1.1608304971874117e-06
0.0153472914833594,4.2782713133926e-05
0.0076895879976521,2.1362092240370367e-05
0.0017375303322579,1.4136187094780842e-05
0.0050633928161533,2.51853238977446e-07
0.0185467424399039,0.00011515639066173508
0.0149776806627805,4.128405896393661e-05
0.0109534342076744,3.035873475624022e-05
0.0076377759667374,1.5098528004386383e-05
0.0190506542692053,9.740370898022223e-05
0.0179733424268111,0.00010461941607235377
0.0030981595379581,6.544898771409232e-07
0.0195236737005019,0.00016426547545475144
0.0020425061770199,3.6945347585444936e-06
0.0151841150192537,6.906474968899497e-05
0.0028413939735305,7.355551784823673e-07
0.0145518245198517,5.42926988430346e-05
0.0029202626948527,3.0002787754183993e-07
0.0180883552124134,2.7298235655934086e-05
0.0091561258077648,9.05929175006491e-06
0.0047085134455188,8.070119698239926e-07
0.019295084507985,9.572124766456486e-05
0.0046649785690318,2.712934281305327e-07
0.0176350284914076,5.439891843926804e-05
0.0067993586218542,1.3650448852720473e-08
0.0191193680340802,8.318536791330847e-07
0.0168925716461024,7.846196324405745e-05
0.0147093223998015,5.152184286604655e-06
0.001804106929627,3.369197234973155e-06
0.0043463316622489,1.3541804637586504e-06
0.0091313390681357,1.7087060596304593e-05
0.0014890321464297,8.690472450539079e-07
0.004778839582043,1.1474518129224017e-07
0.0053535482115425,2.19910668224351e-06
0.0094961187963102,1.7033050774113017e-05
0.0106878329067551,1.405453734094522e-05
0.0029763190080105,4.730349632748912e-08
0.0140664671701783,8.77356371986935e-05
0.0106028927752367,4.656597784986171e-05
0.0122777424226147,5.299396005231306e-05
0.0173761017346885,9.019695501520838e-05
0.0175641253762006,2.4506741330699517e-05
0.0130017813885944,4.37779328011754e-05
0.0049252220754359,3.083747107704304e-06
0.0123490660760671,3.0613751180260714e-05
0.014871873150492,7.811472935607394e-05
0.016911964703787,0.00011788249465870387
0.0190191315923475,7.982819793789208e-05
0.01415276625761,9.549678845294328e-05
0.00612447496159,1.1185622085193656e-06
0.0093036024635,1.1953486584456745e-05
0.0065753995252104,3.7143968443569557e-06
0.01598748408786,8.331269842683968e-05
0.0015032095306049,7.576026494461423e-06
0.0173330354959989,4.72306605366819e-05
0.0063127840687568,1.033478972723339e-05
0.018132631750862,1.4695428120526156e-05
0.0079350682731467,2.1277839061953076e-06
0.0089255049006957,2.3263872264453623e-05
0.0077945816615024,8.247545105863827e-07
0.0034689838228357,2.3216122089461436e-06
0.0136563529431327,5.0293172185457415e-05
0.0135985028605983,2.558883568226193e-06
0.0184856242826711,0.00011994584457099047
0.0076317796444793,2.5404150737629463e-05
0.0052692795645715,6.767884794537241e-07
0.0111814928159531,1.4833900564578825e-05
0.0176374203301703,8.411340113471598e-05
0.0151591724239364,3.189442979501665e-05
0.0113670253263844,4.091016582136508e-05
0.0185278654964748,0.00013174225920360437
0.008244794200887,1.0863000925827576e-05
0.0185811384276531,4.1813249006308256e-05
0.0118403685063588,5.057867649695766e-05
0.0092233173660647,1.4703483727604523e-05
0.0126399130759413,2.1731473463935435e-05
0.019986202227098,2.3407264918189363e-05
0.0107698666037966,5.485194003996696e-05
0.0162857122617658,5.188396074761287e-05
0.0020791951009519,6.249897866481264e-07
2.1855625136102395e-06,1.7818362616913843e-05
0.0160984251613516,5.2170372877631987e-05
0.016352014559358,0.00011427425500103895
0.0128154288663167,4.465671150147972e-05
0.0050525099008613,1.0910188916614517e-06
0.0017136385058824,9.326928472322964e-07
0.0137416434317542,4.7731765412868504e-05
0.0001181596391874,1.6825995930670503e-05
0.0171548439572651,4.795838938427808e-05
0.0158947753105104,1.0061660620590033e-05
0.0003906446358034,1.1232515063037065e-05
0.0120039062457684,7.733863486049161e-06
0.0170262421510042,2.3414862996813473e-05
0.0100245887166866,5.395080392528929e-06
0.0131342231556584,3.935260611198726e-05
0.0075677036498978,1.44023410317857e-06
0.0014004008588896,5.915795500436653e-07
0.0058204534409412,1.956281200529017e-06
0.0130693782067192,5.623736937980391e-05
0.0079025453784908,1.5350081960753557e-05
0.0030660405786517,1.8864797751084912e-07
0.0027879622784166,2.059281029242144e-08
0.0199009814363,0.000127388782494896
0.0117154943235986,2.271891267002042e-05
0.0066418890986108,3.579752401591096e-06
0.0137516682411521,3.680159245852294e-05
0.0107650449618317,3.784693568489719e-05
0.0060317420016454,6.437991855476424e-06
0.0181057293325405,8.880759635150943e-05
0.0019332007345273,1.5733523585643425e-06
0.007559432762702,7.044981400673866e-07
0.016059962130621,7.368474099863964e-06
0.0158222219974692,0.00011938107490892444
0.0104125782434191,2.9935996196171125e-05
0.0091178617425088,1.706036778919218e-05
0.0005958935252761,4.613492955576136e-06
0.0027261976244436,1.4591930486820228e-06
0.0075270190808036,1.3712012238136767e-05
0.0059973480086872,7.018073937803865e-07
0.0008559238668257,1.3590450564627353e-05
0.0050414021372603,1.5520991115713354e-06
0.0132538338062348,6.32694823884557e-05
0.0162754275655525,0.00012863936925337367
0.011083721461044,4.800662328334271e-05
0.0174350802241436,5.592660564520083e-05
0.0184348363067076,0.00012584744144282587
0.0102472587483621,3.488232651297489e-06
0.0083167111496189,4.588860692797682e-06
0.0144995362664794,3.997635966434611e-05
0.0004226200641898,1.142132660285861e-05
0.0099674158755716,3.0097847903323295e-05
0.0129318957030297,5.157209457064912e-05
0.0111790756438248,1.5625230778232428e-05
0.0115185175269732,3.391090701183625e-05
0.0071568455925588,3.312050230827561e-06
0.0156785829663919,5.42043504843343e-05
0.0005647958275857,2.81392481803567e-06
0.0168380618743251,7.902490455669904e-05
0.006796327649394,1.089687760068744e-05
0.019267177312656,2.020835418055399e-05
0.0045038325589204,5.107536314790367e-07
0.005756746600644,7.23948375143384e-07
0.0124610954944319,2.9074100790576253e-05
0.0128481105184888,4.28870335268972e-05
0.0118053175911147,1.615789624560339e-05
0.0135998347370766,5.578984495256607e-05
0.0128245474795744,4.757643477144978e-05
0.0175327282344113,0.00013234043357405431
0.0024195212851304,2.560363254609165e-06
0.0112416559084842,2.92891241073571e-08
0.0018075472959021,9.430381634720292e-06
0.0115070220169565,2.8864585439584157e-05
0.0035985189514761,3.4069111553800016e-07
0.0025147444646822,6.551537022942991e-07
0.0089564142654091,1.102829247810285e-05
0.0019524192339381,1.8587331130835041e-06
0.0099968956758079,3.33627324590621e-05
0.0160339010230257,8.695758115251583e-05
0.0177358842295144,6.130171297695062e-05
0.0190857368796242,5.397738251766105e-06
0.0105412668989476,2.9362252418038366e-05
0.0036843910156312,1.262629044946509e-06
0.0011139903399216,1.886581723848737e-05
0.00037431020042,5.639702239685309e-06
0.0154481721810729,8.282536555821547e-05
0.0052732140369945,5.684010151167897e-07
0.0190523329534663,4.7615618544349316e-05
0.0024765395001812,6.872341686868911e-06
0.005891724063509,2.5438536794230495e-06
0.00835942619587,9.732668498059246e-06
0.0120387492423846,2.652570439576537e-06
0.0183672145369399,8.056569743874007e-05
0.0023681594284112,2.9634375994892636e-06
0.0039779389450893,1.0672097937080295e-06
0.0176041219581093,7.229762431297449e-05
0.0157536699154739,9.001667159501467e-05
0.0088227194124043,2.0936914326696845e-05
0.0037898835860898,1.3186246144808924e-07
0.0046141348851803,7.583404529342041e-07
0.0071703082006492,6.958980753309545e-08
0.0046502143425963,1.645564175879432e-06
0.0101309871228674,2.6438015121164168e-05
0.0193518252756074,0.00011950319847384852
0.0105347770069318,2.4454782993528826e-05
0.007545170524654,4.97788732485196e-06
0.0039715510700385,7.533343408475719e-08
0.0074514035741836,3.7582973006620147e-06
0.0088038332610855,5.18781432994432e-06
0.0133629065356743,2.277862114439175e-05
0.0154091907155813,5.6240890152523764e-05
0.0121281086779817,3.095365554643897e-05
0.0070560725863721,7.4334374455234274e-06
0.0095010076707736,2.8942979968538397e-05
0.0126077267742129,1.3521108806158341e-05
0.005972474515563,4.4506810484012525e-06
0.0044067332275152,1.1456993883164837e-06
0.0050195508517653,3.005144783121389e-07
0.0048839153077123,7.17286138510853e-06
0.0088208888080361,1.684009315341814e-05
0.0033219969038793,8.24464319147802e-07
0.0150795595802827,5.655438217933958e-05
0.0007804109024952,6.858762631956555e-06
0.0009412530689455,3.6563097303827665e-06
0.0022436069619993,2.2045093749847814e-06
0.0182213948050502,0.00011230649725005852
0.0129216166061815,2.411083303430684e-05
0.0048557525911451,2.3790839628047993e-06
0.0090718651979837,3.7335315591121176e-05
0.0006601867890282,1.980346405666501e-06
0.0017310425463726,6.873465293799022e-09
0.0063690731593632,5.548509088056409e-06
0.0176663849412323,0.0001034836819906475
0.0091607407569206,2.3997032813311114e-05
0.0183903139622639,0.00011893876246134123
0.0076348087466759,1.2252657299437947e-05
0.0075879833993587,1.2552494968901058e-05
0.0033994229063021,1.5735098913057866e-07
0.0065178268508383,1.589896348628471e-06
0.0144370229951659,3.1517454055512505e-05
0.0191460082006627,0.00010061392710617762
0.0021399811859615,2.334263503064449e-07
0.0198330913631971,0.00010140204013147802
0.0134458231540606,5.9931461736940294e-05
0.0070339810149808,1.2097081895185221e-05
0.0109580058342041,3.316780278101125e-05
0.0136269257367483,5.912983309280409e-05
0.0076077994752911,1.1734687459864117e-05
0.0084275837625983,9.970046513723348e-06
0.0042107019603123,2.6455792448610836e-07
0.0001639522590739,6.639416699447045e-06
0.0031897323633224,1.621690150516065e-06
0.0045302798056923,3.6977985160910862e-06
0.010581244251259,6.494301312363026e-08
0.0006441138216079,1.2404929091058894e-05
0.0019822207901193,3.6048107086941694e-06
0.0003697781913068,1.689871339566894e-05
0.0028639117907079,2.6724690201354593e-06
0.0076894872531694,3.3780235149453155e-06
0.0148174630514123,4.583500395288459e-06
0.0118125287496977,3.126449477951552e-05
0.0113917127334344,2.5246771189870923e-05
0.0111087191884208,6.572798792822945e-06
0.009536838145261,2.6996392590851333e-06
0.0142646972641736,5.284074724826129e-05
0.0184651552844076,9.27706206605406e-05
0.003825423244998,1.037957988802812e-06
0.0056770406629595,9.812723913586413e-07
0.009081693834052,1.0218611119981745e-05
0.0076035584906158,7.949058077003994e-07
0.0197498107243728,8.378807976500377e-05
0.0073455952778769,2.8696083768329432e-05
0.0064132883949925,3.3446284313859773e-06
0.0157884234365594,6.653265345539126e-05
0.0012769613795166,4.890505140018512e-06
0.0184480860253943,0.00014312851275656373
0.014800158463326,4.757081587393433e-05
0.019280757651665,0.00010684337713494362
0.0188403796614965,7.368044814370247e-05
3.801857595326252e-05,7.554559225577843e-06
0.0173375448181721,0.00010993388666564953
0.0140978281007641,2.9934960813174704e-05
0.000758600819522,3.849936876379136e-06
0.0017835816636084,2.262230503992585e-06
0.0004196086399931,1.0373506066935342e-05
0.0050834254358999,5.917749568142601e-08
0.0009391551378198,7.026363036147334e-06
0.0120447691309687,4.9443946905506087e-05
0.0066438536937043,1.0122998412694061e-05
0.0127289004183612,9.078155773172701e-05
0.0104090765371575,3.290157019124431e-05
0.0035155986284467,1.3915469198139652e-08
0.0116975671453268,1.2114081673155243e-06
0.0133897048520749,9.481037908346442e-05
0.0078454734141883,8.477296545202198e-06
0.0072852783703498,1.1927962944047618e-05
0.0091831440609824,7.683682045466858e-06
0.0041530856102713,1.193482536828479e-06
0.014004333987405,8.416009946188401e-05
0.0007371107827696,5.5337334289470936e-06
0.0062289571531955,2.8685985152165712e-06
0.0064718015777016,7.031845477836089e-06
0.0101426277037176,2.9255432708578245e-05
0.0187444927475783,0.00011053826795381481
0.0003081904654464,1.686840317373563e-06
0.0069164562585872,5.566896468538011e-07
0.0109054270834666,2.292347084496548e-05
0.0094053025744365,1.4124544787336481e-05
0.0098586625100521,5.063634047199882e-07
0.0026191546306331,7.225254412048848e-06
0.0096534138936306,8.73671597395468e-06
0.0090961082826217,1.6946911650562648e-05
0.0172058714191141,7.101976653581509e-05
0.0068982048486175,1.1452365089891746e-05
5.2109186666848827e-05,6.839053390825215e-06
0.0113095925605179,6.010331838077182e-05
0.0116378197077886,1.9858357107521355e-05
0.003795657022039,2.54937501686547e-08
0.0173972260812439,5.444429928836167e-05
0.0171014010431912,6.694181608894754e-05
0.0182430311288109,1.8558764987477105e-06
0.0028076845936125,2.1712096328850897e-08
0.0089047059533144,1.2187253348642812e-05
0.0124903610550058,2.438684195541788e-05
0.0144299659393715,2.8768118050773736e-05
0.0090624822461189,2.442956982333836e-05
0.0063054117464243,6.367376107829339e-07
0.0057920289473097,2.3342880027401964e-06
0.0060987189083697,2.6576951916619592e-06
0.0071426629436093,2.6279430741419956e-13
0.0163123847648216,7.863914084018776e-05
0.0055486472295612,8.02818262536859e-09
0.0106684064543705,1.4567471071264392e-05
0.008093982699,1.1234774891979658e-05
0.0071118821166798,2.219779343865968e-06
0.0154876251194085,5.590749588672295e-05
0.0043277554602009,4.260544537755034e-06
0.0174639125770459,6.60512555963221e-05
0.0098843451664705,2.4470560756176625e-05
0.0048817438891915,6.292503057636356e-07
0.0040740618576749,6.840057678690499e-08
0.0160622602152726,8.468419113634647e-06
0.0014477855798592,4.987902217143944e-06
0.0139113248618101,5.477389932520938e-05
0.0196594874368822,0.0001819102457155197
0.009289973201625,2.4161465786223225e-05
0.0034402281912991,4.820273136002371e-06
0.0025123565671635,1.021271304941734e-06
0.0070432513295606,5.022275527001991e-06
0.0054850015740565,1.2007551524851228e-07
0.0106158053809866,2.165239832126079e-05
0.0035119847145891,1.325315130901105e-06
0.0051292803014924,5.770142805062047e-06
0.0082970829544111,1.3199625830281395e-05
0.0109023346541715,6.04440278217855e-06
0.0071158177656182,9.381503682930856e-06
0.0102308231771041,2.892541051714891e-05
0.0138113783556206,8.612113042884868e-05
0.0146811966833746,4.987137235420176e-05
0.0114310538312053,3.1530669772430346e-05
0.0192807661688249,0.00010341211111057712
0.019064209594898,0.00010410862762764674
5.733345590862582e-05,6.699901744454045e-06
0.0093712991725203,5.4999785085407766e-06
0.0110096377387904,4.1017089342748976e-05
0.0133826378438755,3.350431628264594e-05
0.0006030705338198,5.387489201938388e-06
0.0105881881642349,2.0744096627107415e-05
0.0197513375099861,6.300805249929935e-05
0.0067455667751479,8.389538148523005e-06
0.0101455713140132,2.188386258747167e-05
0.012870597114071,3.225814557930873e-05
0.0018891765663611,8.726975801599526e-06
0.0036087032406439,1.2991722645946578e-07
0.0145941518702465,2.6704975296802592e-05
0.0125810984496582,4.948780322769265e-05
0.0130556961170512,3.8471494933739003e-05
0.0128229320563522,7.17054733700698e-05
0.009643351970715,3.4889883321515255e-05
0.017536090846257,1.1131040505376457e-05
0.0014622135125021,2.4861846900536385e-06
0.0080256247183741,1.1116268197300956e-05
0.0020222545492206,3.992372619756242e-06
0.0102159280345374,2.946655169083141e-05
0.0170160982668149,9.277099284285894e-06
0.0017360258076989,3.626646434407083e-06
0.0105923888378728,7.0806678125645216e-06
0.0039889038001134,1.2581051568419486e-07
0.0169770634284023,6.482810331391645e-05
0.0046312472025689,3.880218163134283e-06
0.0092462558495646,2.2505323114460757e-05
0.0023926044230184,2.620876181172797e-06
0.0100859881938608,9.442697863578749e-06
0.0118741747072777,1.7130311836302203e-05
0.0197565913612456,0.00011074076625906206
0.0168858915821537,5.4227497926923855e-05
0.0139535251828889,2.862911547606932e-05
0.0131793044455453,3.275947105930893e-05
0.009147015628887,3.400339221520868e-05
0.019408599462632,1.838645717008564e-05
0.0061677638690506,8.598764946687081e-06
0.0021107385049223,3.507349027922897e-07
0.0168089544349351,4.167019827637182e-05
0.0118421554447472,3.037078117966241e-05
0.0017357501807014,2.2926304863533175e-06
0.0114384771822861,1.6175579312248963e-05
0.0161332578074823,6.594870954487724e-05
0.0122974027989803,3.800157394341022e-05
0.0094789753692863,1.613194132752629e-05
0.0172141236127795,0.00012594403313461456
0.0094259355532518,8.958745622687253e-06
0.002687987871606,9.886320348617386e-07
0.0194560143073259,0.00013045849227998703
0.0083089518169744,1.0731555823874691e-05
0.0155426268242781,7.435235020099186e-05
0.0053785209937334,1.5293472544200985e-06
0.0141501804809127,3.122816179692347e-05
0.0167174207278325,0.00011251145797772185
0.0127354567739002,1.39756913182915e-05
0.0052951557725008,2.401365908719098e-06
0.002244126180256,1.1674094668904395e-07
0.0007112479542829,7.212994032459638e-06
0.0056154552471997,2.835571910748921e-06
0.0161508615845027,5.601302684090872e-05
0.001705064986237,6.693660520948893e-07
0.0002928946279379,1.6899797621385585e-05
0.0070221599799282,9.188161551891177e-07
0.0014960980464828,1.0373122428977684e-05
0.0027868122596383,3.7353739866916517e-07
0.0096594874914622,1.1945010887755178e-05
0.001796395318889,3.1321344086108493e-07
0.0008993361193876,4.272840691832867e-06
0.0119888860060895,2.117113097781715e-05
0.0195072804118262,3.012916167886397e-05
0.0112701753545339,1.687661840804053e-05
0.0152684616283905,6.0383680743626265e-05
0.0153230633782385,5.749584064561089e-05
0.0168217107866055,6.341291808360187e-05
0.0019384199734365,4.6404061660926334e-06
0.0106048534747287,1.5886546338503284e-05
0.0156104899403944,3.174685176635662e-05
0.0053222308346522,1.447165275114748e-07
0.0053913801088191,4.952212129246524e-09
0.0021467996271746,2.1400676583613526e-06
0.0036395691196081,2.0219861091248537e-06
0.0118790993600736,7.733353923440307e-06
0.0174188502109532,7.725238359453835e-05
0.0113516259060396,3.71775838384433e-05
0.0107434366549742,2.31284995031879e-05
0.0161612460303719,7.030913267357158e-06
0.0021167325155128,2.093212310792406e-06
0.0076892100007028,9.417033070716379e-06
0.0016586944060039,2.454121033608613e-06
0.0167700051356708,7.783214593953638e-05
0.0195390491688126,0.00015781079346078225
0.0106939779261091,3.289548626631544e-05
0.0092498277235067,8.750626709459303e-06
0.0053740508947774,1.4909352547040188e-06
0.0108684803000936,2.699860321769807e-05
0.0123400482842204,5.011480011775611e-05
0.0112546928723729,3.367791824604276e-05
0.0193624518283419,5.4895008391672836e-05
0.0071012270454037,1.0005945634143898e-06
0.0139997702907608,3.731453407344888e-05
0.0189263331786114,9.317794001883174e-05
0.0020513068946827,3.441219910280524e-06
0.0157502003036977,0.00010034801270298513
0.0060692758198226,2.7702498935630994e-07
0.0154493474538816,4.442039086872924e-05
0.0008464908590702,5.720266937134954e-06
0.0087716966243909,2.365348886498459e-05
0.0157133549878408,0.00010294532059995976
0.0141011096757792,5.3132746474635955e-05
0.0107329611053607,4.572148291352571e-05
0.0183539208948279,7.055918917713689e-05
0.0168548969651784,8.766960779418532e-05
0.0044024028302406,6.705287481380928e-07
0.0178637267286126,4.111401804536275e-05
0.0197607122814585,3.425948060531914e-06
0.0041821781076341,1.9467721106988614e-07
0.002671011267909,1.6763227341396794e-07
0.0100750138403532,4.88480108356117e-06
0.0152742054552821,1.6706510581625908e-05
0.0022830340940738,1.72138995007246e-08
0.0059194864326334,1.8947472210654961e-06
0.0124987026374432,1.6502336949573737e-05
0.0169536490724913,3.0231245616671484e-05
0.0014442976319597,1.454901226003819e-06
0.0117209941738442,1.5990255136251723e-05
0.0176543881196899,6.792747504174092e-05
0.0110722545346067,4.719099377263008e-06
0.0096621243470377,1.457448740219506e-05
0.0120862125633732,2.4808880258248874e-05
0.0036642958438145,3.886592989302721e-06
0.0106531647159815,1.1321747575525664e-05
0.0051894953229368,9.994326250785898e-07
0.0128692346048735,2.3184588729505075e-05
0.0125391533138142,4.081239924855527e-05
0.0037951507838591,4.644156844792059e-07
0.0033580616042772,6.751367883953098e-07
0.0076857544203966,2.438331582083959e-07
0.019014892559952,0.0001276318998955543
0.0184534235597945,0.00012523493572586322
0.0047815498341948,4.128269531357755e-06
0.0155140422104114,2.7943023792209112e-05
0.0176147853955589,8.919177489137147e-05
0.0170640326885197,4.567265783575434e-05
0.0029361854325159,3.467475897651697e-07
0.0081243099218406,5.634857961087816e-06
0.0060545341010293,1.0321545301118294e-05
0.0186629003655453,2.1080000140358575e-05
0.0008750686062242,8.654239519089018e-06
0.0036754218390217,7.283167345951218e-08
0.0140135365264638,5.0489231941933315e-05
0.0080957880109831,8.045433750863215e-06
0.0165879283899222,7.917594099400011e-05
0.0176844288698322,6.593298282843393e-05
0.0021335403530357,3.3554373871912887e-06
0.0117936307360124,2.5546426525806064e-05
0.0189370467494617,0.00013638639917149472
0.0010276007506801,8.304668754637465e-06
0.0038048784829076,1.0186389550083503e-06
0.004941576513469,2.5931550829420814e-06
0.0024550220260204,4.206978035438033e-06
0.0118241822644792,3.126833140096871e-05
0.0181079741570901,8.757881042466889e-06
0.0124483391839951,4.027445016444372e-05
0.0011876793710202,1.6070862547797643e-06
0.001319226102239,1.2273256980982771e-06
0.0162239036904771,0.00011849237293986988
0.0159103331054158,2.190837475009593e-05
0.0186983366422655,9.501868865632765e-05
0.0116804304102756,5.873771418807527e-05
0.0102933719842542,4.426756311160672e-05
0.0036755554652829,8.902211763418922e-07
0.0051830783751855,3.2445890236538132e-06
0.0109228726556083,4.014650708884336e-05
0.0187330821288983,0.00010764258359627471
0.0130458954254012,2.694854770328776e-05
0.0141693402203435,6.462175050030804e-05
0.0107593117882415,2.2604305513715955e-05
0.0087972857814908,1.965738646495803e-05
0.0003292214753998,5.144370770589337e-06
0.0169005854935135,7.106916974978597e-05
0.0015655910702194,7.858250352668184e-06
0.0171519491061309,0.00011378091689206343
0.010486499996011,4.2571173576974276e-05
0.0193464311672488,0.00010013339214062073
0.0111739583109907,2.3645688351371395e-05
0.0107780397742311,1.0929966165850224e-05
0.0014931600652725,2.0688267052972753e-06
0.0175668256407812,4.384822038065124e-05
0.0179474685229891,7.825432618549464e-05
0.0104316571563086,1.8794548732831912e-05
0.0141233966335958,3.163832947339293e-05
0.0040090226059349,4.6835419091951726e-08
0.0084395636686851,4.694169488906494e-06
0.0033226075124099,8.930801400014196e-07
0.007517995685609,1.3752713878515234e-05
0.0167655093180006,5.613458283911753e-05
0.0093124741778238,3.557753945555967e-05
0.0172871925172733,6.818999020956129e-05
0.0127491926932935,5.6838596580444225e-05
0.0091385707926008,2.6744555090967413e-05
0.0063063007627212,6.398491289859942e-06
0.0104354616575548,1.788519690308744e-05
0.0160705473806174,7.585527573418399e-05
0.0112268562431804,1.2110124292687307e-10
0.0111348255994495,3.322866252917199e-05
0.0077954530878515,8.369286914084724e-06
0.0038335558504003,9.043523349295053e-07
0.0038231112250095,2.075626510427927e-06
0.0013057617453371,2.6704068053924053e-06
0.0022670442326441,3.0361169084402157e-06
0.0174829335749792,7.94174813355676e-07
0.0129749184779689,4.514463957905653e-05
0.0165764573455226,7.32523404083426e-05
0.0074903538158239,1.6292514962167763e-05
0.0182554505301318,6.669035543832554e-05
0.0159577624737954,3.29696060513235e-05
0.0053576279770767,5.1753059816900626e-08
0.0109062828884671,1.8329296121424606e-05
0.009005696481219,2.9188684389934145e-05
0.0052556328678304,2.922060614666678e-07
0.0172298915806208,0.00010540411590946506
0.0106647400722785,2.4586561761180208e-05
0.0030415965601032,5.7783440797471974e-08
0.0194117637391389,1.0107039946202332e-07
0.0052112515107851,1.8403657316610351e-07
0.0081878261970639,3.06950490392076e-05
0.0129920286889136,7.321879503748866e-05
0.0092774550383868,3.001031040725906e-08
0.0085730027532512,6.1693256881119426e-06
0.0152671445227336,6.599442832434082e-05
0.0005295615627735,6.330362253116076e-06
0.0150866684783474,3.53302229138354e-05
0.0195007311690498,0.0001070916332309413
0.0042469302576363,3.540854101024029e-07
0.005814092353908,3.3608684960927094e-06
0.0038032639512849,2.923783689038767e-07
0.005160674318933,2.505198961156334e-07
0.013945196332645,6.641008562610337e-05
0.0136837674361212,3.983794644718461e-05
0.0189081823424109,2.9749258106328868e-05
0.0037939667018483,1.2929983279702682e-08
0.0038929409679292,1.59683839144223e-08
0.0166930870337272,6.532277805081848e-05
0.0153804587002123,8.225009181019617e-05
0.0146846937279935,7.043734797836355e-05
0.0066802466087783,1.2790896223565656e-05
0.0197234129621525,3.0317325068527653e-06
0.0110189004143337,3.417421361717623e-05
0.0193711235129435,4.5199588733416417e-07
0.0091586373391842,1.1391648490646795e-05
0.0126828041585122,1.8386547281016034e-05
0.0116627414614426,4.1090305239322175e-05
0.018140782011742,0.00010262274347875192
0.0023452462454012,1.420017756457236e-05
0.0103159831714258,2.1318332334408722e-05
0.0095850866329709,2.9449362467020312e-05
0.0011547391047599,6.579707788416678e-06
0.0093754585445848,2.559640763092065e-05
0.0157446005767151,2.1683229363710674e-05
0.0131125596290594,1.8933454220958023e-05
0.0095120427517236,2.3874512068813596e-05
0.0010642285235098,1.0603725162772368e-05
0.0086084106429408,1.5291818267647477e-05
0.0160819943047262,2.52567384709505e-06
0.0156024042810401,2.8518113456232203e-05
0.0103582238997029,6.8797475240868814e-06
0.0061362716398999,2.277152911443034e-06
0.007919835121793,3.934556002790996e-06
0.0088550874900888,1.93951610425528e-05
0.0005780342477631,1.5828797345713535e-06
0.0041236751426609,2.096135105082328e-06
0.0090652863390876,1.425820034517254e-05
0.0170065418032789,2.629328116645168e-05
0.0089944735969426,2.0708429606781444e-06
0.012924608752319,3.0031444018204007e-05
0.0053464537669644,1.4184421942517179e-06
0.0109662783541483,1.5719669604228642e-05
0.0018367871681333,8.936504593240786e-07
0.0115073095776798,7.146779657569089e-06
0.0080207024005365,1.8221021695353888e-05
0.0112133351878264,2.7163949811733642e-05
0.0066757577060174,1.579320417828396e-06
0.010050572797543,1.5432608175119427e-05
0.0164832167464799,5.9015564008469624e-05
0.0082527843426125,8.878929560707823e-06
0.0198261003324459,7.603999871004916e-05
0.0093022778700909,7.546919307370455e-07
0.0069050128513035,2.2240698892944722e-06
0.0077276386857731,1.0538456279303457e-05
0.0056732621960994,4.3687413301919995e-06
0.0185180368260191,0.00011811895036932372
0.0089214019188473,2.5987187860927173e-05
0.0020364437180674,1.806922512257033e-05
0.0034971370480991,1.8214072066138064e-06
0.0196447619632434,3.4585610636561977e-07
0.0089195520108243,1.607499394103029e-05
0.0082101580197277,1.3240711572744983e-05
0.0104809785536177,4.1801868521350855e-05
0.0064218504062333,5.970604507580499e-06
0.0015223198456358,4.282365987436834e-06
0.0050524675575813,5.253779389954117e-06
0.0057404895876448,1.0272053144958534e-05
0.0149397437273933,6.116827225505325e-05
0.0018508043591219,4.012358278574061e-07
0.0092546744955351,7.924677710686697e-06
0.0082605965067194,3.0913289964937177e-07
0.0188421508381678,0.00010940550045855757
0.0117586456129042,3.270676495987886e-05
0.0166137490542245,5.005983958923759e-05
0.0155276751618076,1.3313429372719474e-05
0.0031797975887812,1.3276137407908891e-05
0.006600563692195,2.62767965256932e-06
0.0106706540845934,1.06953566756691e-05
0.0018959178476347,1.0578000952641937e-08
0.0101118760062326,4.786535394443762e-05
0.009437056598767,2.0752261937137027e-05
0.0064297080945674,9.33265572992021e-07
0.0084450554330051,1.4526234937355975e-05
0.0083873242016842,1.3774140033399317e-05
0.0031119239171912,9.651979048619934e-07
0.0156609379970729,0.0001076925517126048
0.0131836022267234,5.629607271180889e-07
0.0042240197834595,3.611807054224892e-07
0.0149990755971149,8.445288065865753e-05
0.0138919170677243,3.939504629943306e-05
0.0024449720009247,2.0311085808168377e-07
0.0177887670573467,6.697660751997452e-05
0.0045468408108215,3.6917908619522393e-06
0.0040220579758504,1.4988069764197054e-10
0.012963106558482,3.8026103851697876e-05
0.0082365479245642,9.566528190859432e-06
0.0187113661743194,7.088087872063162e-05
0.0080087219382766,1.1134156447218607e-05
0.004447561422165,3.026162464129075e-07
0.0003786771626038,1.3407825606791282e-05
0.0024807245012448,5.822282825177583e-06
0.0195874988102794,5.6301169462137765e-05
0.0024930722979898,2.7857683995565764e-07
0.004593939302988,1.517032076623359e-07
0.0087404537920014,1.7457360751371293e-05
0.0049000624284204,4.3060927503101834e-08
0.0155842650130605,3.528676115694688e-05
0.0177784184598493,5.6494888796380615e-05
0.0159902765897847,7.467813433443285e-05
0.015809254232867,9.515339271816395e-05
0.0092827532999244,1.4078616169392337e-05
0.0042433484489015,1.4883254155850941e-06
0.0173700461485127,3.0306155943273073e-05
0.0152042785380186,7.483228010886871e-05
0.0109819790947872,2.9238874147904354e-05
0.0174652274191734,9.064845212941548e-05
0.0065815992163542,3.961672217559429e-06
0.0058416083564376,4.965587794869447e-06
0.0024504014848749,1.0069038051170507e-08
0.0135384231522837,6.568639319225277e-05
0.0127585813198853,1.5022885563026527e-05
0.0141613674997823,3.391214409945141e-05
0.0127479620152655,7.469542657230588e-05
0.0049030032359516,6.385296217487608e-07
0.0041058595487407,3.8340165260755827e-07
0.0013228183330627,1.8481601565795614e-06
0.0154339291222579,4.821327674077605e-05
0.0087467414720909,1.362343335554844e-05
0.0175352857368263,7.437071175251126e-06
0.0017425868317389,3.209883236349887e-06
0.0047381597049324,2.8356537633708843e-06
0.0154505521764822,0.00010722777996064171
0.0080646332594746,1.005419973212031e-05
0.012833620313096,8.881696992557852e-07
0.0104499194198315,3.287718514111565e-05
0.0094429601911391,1.3224583753055195e-05
0.0088199942558084,2.672038295575703e-05
0.0092000108572229,2.6317324083672996e-05
0.0038935456501562,1.810161020687952e-07
0.0175066736262881,9.662767401147819e-05
0.0166881563529029,3.649133025128459e-05
0.001118583630518,2.7894642204695954e-06
0.0071053317554294,4.458445069243528e-06
0.0076135063073674,5.1825374396430653e-11
0.0163264103051102,0.00012510759547436703
0.0102917884713674,3.7454585383787306e-05
0.0015326769044251,1.141054626956635e-05
0.0084172055633319,2.201130948210363e-05
0.0077262757484726,7.773616317152132e-07
0.0193255983176627,0.00010618511106175331
0.017716539993866,1.2159722563895854e-05
0.0057552407822836,8.371823348758625e-07
0.0075662735477144,1.0521870671674359e-05
0.0085707925698193,3.5060169266316437e-06
0.0161360511836611,4.918569101539515e-05
0.0191108692925633,4.479371361642193e-05
0.0050070896811435,6.239323588534476e-07
0.0064613345933615,2.530705970918985e-06
0.0100664712552661,3.383296029924591e-05
0.0095892136442468,1.3612216381331174e-05
0.0194699981541552,0.00013614197904114378
0.0191475742153021,4.7317018229686655e-05
7.307632292466115e-05,8.835794031968056e-06
0.0073174089508479,3.2263477209325445e-06
0.0081655390097292,2.3692167954093148e-05
0.0066069655284778,8.252316091246715e-06
0.0079937319044757,4.132063410820644e-06
0.0022843649128369,1.5074373123875261e-07
0.0185231739904611,0.00010280348098154603
0.0004830573837137,2.6199980657203545e-06
0.00586065592715,1.2156758774767068e-05
0.0046792147312693,4.662509974374224e-07
0.0186456231920593,5.8691753529993236e-05
0.0081202432101234,2.4241339542096103e-05
0.0052702972600096,2.4308776531042257e-06
0.0110372388041009,2.269016695694016e-05
0.0144257084743949,1.1472771940530028e-05
0.0135979874302515,3.73010515622571e-05
0.0171757532311247,7.992454411397041e-05
0.0165217671450101,3.23859510705999e-05
0.015298474575134,5.797124092290652e-05
0.0164537908355255,6.263248076812315e-05
0.0123632381613083,2.1346759387454532e-05
0.0030623806574438,6.643672806183688e-07
0.0137369895650794,3.0392394290100752e-05
0.0159792277982982,7.868987373038246e-05
0.0009539868416029,3.5643140656710487e-06
0.0052216906588321,1.0476384760651275e-05
0.0183290227201417,0.0001334784261095776
0.006401715092955,7.111854748022239e-06
0.001085424176604,1.582570327153107e-06
0.0016693316876047,1.7582786928143739e-06
0.0198982258014777,0.00012722069897984467
0.00795976432177,1.6239354186105922e-07
0.0004183504861428,1.3207795821402405e-05
0.0103576670348092,1.5109115255884882e-05
0.001677051714955,3.4899118507171534e-06
0.0129419568210187,5.709734566876275e-05
0.0018530909298666,2.9625409413483133e-06
0.0141744162368588,4.2463527492896385e-05
0.0073022171041271,9.041039440646269e-06
0.0002316515461222,6.6584696569725835e-06
0.0119212826711811,6.12591232209774e-05
0.0131551247840735,1.3446598111851513e-05
0.019120289069659,1.5620638430388941e-06
0.0191515908043446,0.00013501865463222352
0.0045398217711552,1.0739113248086004e-07
0.0072225714917799,9.128250396176895e-06
0.0098443154431258,2.099100461809382e-05
0.005363075753863,1.2645098034763144e-06
0.010875517870203,3.893119503274918e-05
0.0088978624103786,6.416412070024485e-06
0.0143206582454796,4.214811832482926e-06
0.0117188092182542,1.3438545805649852e-05
0.0188005205752,1.3541401602344837e-05
0.0012570392396374,1.4594569966931815e-06
0.0171356048027576,9.133537574665825e-05
0.0049200651576272,5.193229189266837e-06
0.0182601740571976,7.197512653287932e-05
0.0139204322865599,6.096293979588182e-05
0.0111259523130127,2.3906574392288244e-05
0.0043180845496165,1.1485076889170345e-06
0.0193472322594957,0.0001339870250434543
0.0124471052869942,4.7532904216206947e-05
0.0181560383680912,6.608896097984653e-05
0.0190385931061922,0.00012243466617500143
0.016622849967638,9.795560322147747e-05
0.0027091302959037,7.561075518711258e-07
0.0126657120959815,8.732089498885623e-06
0.0049885011178815,8.62689862248404e-07
0.0090947608762573,2.457979854359707e-05
0.0104740728351544,3.815035098170816e-05
0.0032759654832764,3.2441366193919815e-07
0.0107852734286208,1.9403347513732584e-05
0.0008114050844412,7.770344934098315e-06
0.002515953213426,3.5695948309157487e-06
0.0041402420159783,9.535342848978212e-07
0.0101096900003425,6.1790583601635125e-06
0.0070001835084756,3.803943926047096e-07
0.0149709301959915,6.732402295728849e-05
0.0101164047828509,1.1694055139250093e-05
0.0160007533110437,3.0773674153562644e-05
0.0187831964916823,9.863563081916544e-05
0.0035315434129314,1.090274681541741e-06
0.0123823707309371,2.554413656743628e-05
0.0095890985788712,3.322358139085061e-05
0.0051397544682116,1.7565029069963356e-06
0.0085155001917068,2.1216980789274173e-05
0.0096829745630016,2.1166091365565965e-05
0.0097114753614173,5.222994430970593e-06
0.000868087139214,4.90812568023194e-06
0.001653906614019,6.800904021947487e-07
0.0081918017926814,6.130850146471088e-06
0.0152217924526317,9.040719874274884e-05
0.0159646411007418,4.0752388748730606e-05
0.0142615402587986,2.0698669048765354e-05
0.0011799568839151,5.182409553913187e-06
0.0167241177173062,6.31200633809509e-05
0.0063752697125779,7.172691020913634e-06
0.0119427960095528,3.46560831517784e-05
0.0066460746528195,6.62136475191525e-06
0.0171551082743205,7.411439811652189e-05
0.0155867068662287,4.049051675269817e-05
0.0070787786653289,1.2164578190009406e-05
0.0113276122816678,3.622637701766437e-05
0.0009019358316746,2.503674282790373e-06
0.0079305689460439,4.088286639950815e-06
0.0019489505971966,1.6423144911202553e-05
0.0133355797956733,7.519302324691528e-05
0.0179277134893587,6.136179922425231e-05
0.0055159917465978,2.9312717796530866e-06
0.0047607556270688,4.635170526269587e-06
0.0189928065669038,7.324510646444454e-05
0.0007910660019765,1.819482472379789e-05
0.0131721310002531,5.108914306698355e-05
0.0090579799973891,1.1109931782669302e-05
0.0144863741496312,7.348863137219004e-06
0.0012326997719687,1.612785466196618e-06
0.0157575403476443,5.7188921048135014e-05
0.0022312042760879,1.5796584365452896e-06
0.0048828247253792,1.2934582816709945e-06
0.0152805513666398,6.556278216649397e-05
0.0073926739707515,7.74213577956488e-06
0.0001147126757637,5.012135811482728e-06
0.0154847529439042,3.914262862319051e-05
0.0120879318299712,4.442626868493207e-05
0.008727556407715,2.735397009743939e-05
0.0106674828105661,1.7642306247560597e-05
0.0020273328627317,8.31927175683108e-06
0.0095249963726146,3.213604700626925e-06
0.0131561458494931,5.375319820473373e-05
0.0104432598587264,2.2593603045837105e-05
0.0036391525269163,4.298462710965306e-07
0.014093632773057,6.136382266878913e-05
0.0008896269358625,6.3892644306239125e-06
0.0150666480085763,5.214797106035038e-05
0.0137488892172152,7.190943994611527e-05
0.009063021966598,9.783902235756922e-06
0.0184183076453325,0.0001239300449467742
0.0180755026993269,9.934593276485058e-06
0.0108003530383976,3.337539425183225e-05
0.0111917935917711,1.981717590040654e-05
0.0028879474779021,7.557531746178082e-08
0.0005933239553372,1.1393762759222997e-05
0.0013045530694629,5.264206472063161e-06
0.0151831259010499,2.698480790486275e-05
0.0194438191306115,0.00016370149549226805
0.0038107025834712,1.0952313013788197e-06
0.0188154699623052,0.00011513078677514832
0.0053755584117136,2.234139197662261e-06
0.0147016198919029,9.92757584015923e-05
0.0109266499184237,3.848101011723912e-05
0.0031020633575101,2.589328769232293e-07
0.0112485568420082,3.2802556213815866e-05
0.0101673342659799,3.133846225130808e-05
0.0110978448098837,4.331688777169966e-05
0.0187378433393971,2.1505787567465086e-05
0.0076979453660174,1.385240237033231e-05
0.0134922269609917,2.3743827925394098e-05
0.0072254026951636,1.0929122429966011e-05
0.0194586509352139,1.0961406713326352e-06
0.0033517992806259,7.266411660273345e-07
0.0008618199405065,1.4190730950223346e-06
0.0088647293541734,4.3515483942508155e-06
0.0077778172120281,6.3257072961596755e-06
0.0124904754550592,2.495458865552866e-05
0.0056520507755656,3.0315745041346704e-06
0.0055852605405283,1.178131501192591e-06
0.0155898020000879,1.3352553309546085e-07
0.0114487080466671,1.6583155722895177e-05
0.011175237328472,1.014141912919883e-05
0.0030704345612877,1.344599197742057e-07
0.0005621001383921,9.539082202477197e-06
0.0089201614851466,1.8403209349859235e-05
0.018488881630705,9.730039090264357e-05
0.0139626894897057,4.248661828477143e-05
0.0127230411012931,4.46843162122992e-05
0.0106895502061997,4.3015056936286666e-05
0.0036720883796918,1.7261502592194541e-06
0.0121342165680056,4.6744428659585975e-05
0.0172313406316545,7.060820888532465e-09
0.0004934104705423,7.18853610725638e-06
0.0166751719206697,1.4035165057584493e-05
0.0041796750711483,5.119495976731586e-06
0.0101944309156263,2.159123516759973e-07
0.0106825636414303,1.1488760485415618e-05
0.009143702103461,1.6084340252878092e-05
0.0018206030188402,5.664470276531378e-06
0.01165486665326,3.503999016663857e-05
0.0166642681492459,1.9388479267312975e-05
0.0090044293924963,2.763890264845557e-05
0.0071290638925966,1.849077671120073e-05
0.0007291563657678,8.862431427626393e-06
0.0125302042838792,2.0891695633154592e-05
0.0056411844228544,1.977607720616571e-06
0.0130610118264862,4.418289076394278e-05
0.0146675891279254,7.538694668495065e-05
0.0126250561121645,9.88986948969751e-06
0.0077325388864348,1.2654407259894043e-05
0.009937258271836,3.092956403888789e-05
0.0120261315208507,6.846807729104891e-05
0.0105013992352376,3.785843628130551e-05
0.0198039773130308,0.00015943557161852143
0.0119219126622567,1.6427908459821896e-05
0.0140368989274955,9.452637409609029e-06
0.0166132043416093,3.856480102518238e-05
0.0153560369946214,2.7727575396436976e-05
0.0082059305749841,2.6293741028320974e-05
0.0152671768592048,6.260121061011158e-05
0.0135084772993281,4.140870261534481e-05
0.0110100685978626,2.6484754430967733e-05
0.00027406067701,9.761704460222598e-06
0.008948211250361,4.1855450792679225e-05
0.0148205207398459,2.2537886667981998e-05
0.0198371874849962,0.00014598196278137627
0.0163608827668108,8.572721075762935e-05
0.0129055264208302,3.9357101930932264e-05
0.0189920324855329,9.856179574795068e-05
0.0196692705069152,6.477865688333239e-05
0.0059657446672291,9.649415894337305e-07
0.019635771922986,7.237489395229936e-05
0.0163236410814283,9.42135864111764e-05
0.0137992195695848,6.508868157681953e-05
0.0127823260264308,1.6211949326544202e-05
0.0023051230936212,6.804020765658586e-07
0.0147378597075488,0.00011526489843471195
0.0104374050586023,3.6958937907918865e-05
0.0042527238279798,2.2141760569616455e-08
0.017670689733503,9.130321302160303e-05
0.0083183757562961,1.6223710302987804e-05
0.0109938847910071,1.006346200044935e-05
0.0158228205793306,3.7681983115803244e-05
0.0042583621483742,1.218708180737637e-06
0.0198092910650355,9.932056759324669e-05
0.0180998374259656,6.741671792646728e-05
0.0183006230293826,4.767906432019967e-05
0.0016863855788229,2.237820262383324e-06
0.0055548202366248,3.3309606378697307e-06
0.0148077178440819,1.237852540783738e-07
0.0034735690228546,2.800825812841052e-06
0.0119747371876212,2.7575004446254172e-05
0.0115547162900158,1.5809099250432916e-05
0.002903531863455,2.13888193317849e-08
0.0113048177910552,1.9573212693588406e-05
0.0145676512751855,7.52244799573383e-06
0.01631076623549,4.870641108626055e-05
0.0112276084349775,4.247797244454073e-06
0.0089814331542183,5.6267145326929446e-06
0.014310076910295,6.508281191208255e-05
0.0036067132888127,1.0443722423448958e-09
0.016537468139916,2.5076287652814134e-05
0.0059662793120035,1.667981443402107e-07
0.0052840015740432,5.704222185416652e-06
0.0137525271885202,5.423996822624873e-05
0.0152303506773903,0.00010156031016260602
0.0002594494130557,4.9705390955993285e-06
0.0114864155447067,1.7082338124814755e-05
0.0010300508064928,3.4841090906056213e-06
0.0180055331108197,0.00010047840867760906
0.0106814114122546,1.676098580838125e-05
0.0139578388657662,8.127248886999526e-05
0.0129835268668934,3.451598178792812e-05
0.0079036369073549,3.98973917137355e-06
0.0094418091954185,2.604660609409913e-05
0.0132704055318996,5.850609297660381e-05
0.002382854966959,3.0866342289607254e-07
0.0036506679254871,1.0540134150078529e-10
0.0061676690686707,7.023059764632933e-06
0.0154511354055867,7.13177199883659e-05
0.0067425609179993,4.376739742137697e-06
0.0046347676610814,8.146909830428303e-07
0.0003206902202606,5.893773512646047e-06
0.0084844970605456,1.2192525118403267e-05
0.0045359255838936,1.925470647278239e-09
0.0128291608433616,3.316818244656815e-05
0.0017208457579282,2.983002070012709e-06
0.0136713477414073,3.488405542958995e-05
0.0031814299887399,1.0577421821565707e-08
0.0145574769024122,5.713830999355506e-05
0.0063168050204669,2.857159551674946e-06
0.0051330835866086,1.6618891385282537e-06
0.0048631567953615,1.436098444544828e-08
0.0032597123094443,8.24025787371306e-07
0.0045864164621263,3.9767091397155715e-06
0.0078163076003837,1.0968514019515814e-05
0.0077618273123148,1.8565457234622664e-05
0.0172383616066793,0.00016299163918963826
0.013821368962307,2.2589158997210007e-05
0.0144292688741665,3.435060757437145e-05
0.0028647643971315,6.161077325765871e-06
0.0083402032588004,1.2394261031095241e-05
0.0085433233219099,8.39410919192853e-06
6.369297475177227e-05,3.1626559756201246e-06
0.0014817803622006,1.0516059675823523e-05
0.0158922467074473,6.433838021485123e-05
0.0055483233097121,2.7033974182560254e-06
0.0073086586704647,7.080387827392157e-07
0.0052500474328571,1.3074398049477218e-11
0.0042061459648413,6.290378199427982e-07
0.0156302833402511,3.9132817872782165e-05
0.0121570337470265,4.751357350359655e-05
0.0180504168277426,7.43146917023941e-05
0.0173061607539519,2.0489845122421866e-05
0.0033081623073573,1.6635001128239897e-06
0.0146847369646048,0.00011836875019040939
0.0096356040307259,2.0855159395288512e-05
0.0027457341619946,5.727216845541577e-07
0.0110831708895438,3.670740034965478e-05
0.0005394667866977,1.267328870898884e-05
0.0147940809219817,6.470229067855678e-05
0.0026809591067143,2.430888179271542e-07
0.0015973455534353,3.792178845052685e-06
0.0024236749319899,7.816674522831886e-06
0.014653491457713,0.00012053253941377198
0.0146991838502435,4.9445801552043304e-05
0.0060231917778967,2.2627860668974699e-07
0.0112589825564369,3.57291121355264e-06
0.0072783547241136,3.945652199194215e-06
0.0070657639326149,3.544050932532716e-07
0.0105029448913468,1.4581582739046548e-05
0.0055331888398709,7.586306913565694e-09
9.05351916511088e-05,1.293652295173909e-05
0.0011053084458338,1.587979392742294e-06
0.0117030368276358,2.5660633845829046e-05
0.0032966981548469,2.7792283249331056e-08
0.0108023810525108,6.700745142406893e-05
0.0147808790227665,5.743863246628785e-05
0.0111785326584894,5.303271199028654e-06
0.0127227070871114,2.0721263017661653e-05
0.0105672875102234,2.910530575419456e-05
0.0067260546623501,5.03937356830868e-07
0.0194902778720498,9.996992561995116e-05
0.0043278888856444,1.6346006719756858e-06
0.0123199755844697,1.001904190344879e-05
0.0025384916309753,6.511466878236653e-06
0.0087266289347469,3.5177803516621985e-06
0.0138315137654884,6.546802191201672e-05
0.0130459296741647,2.3342669619293582e-05
0.0165545816804357,0.00010900964523615628
0.0043514018115621,9.83909705546048e-07
0.0061779654683293,1.055615970367331e-05
0.00080715997814,3.920811268600932e-06
0.0191906794123501,2.4934491645845554e-06
0.0153815650979627,9.061095039010224e-05
0.0139362703330792,5.7650511510800905e-05
0.0059349396635307,4.677414284707584e-06
0.0138365286668076,3.0052996392922014e-05
0.0039853051833785,5.690751325139628e-07
0.0189215996304096,0.00010964215815179767
0.0096667765869227,1.4159004392816451e-05
0.0110708691739119,2.588689447200363e-05
0.0078812244911161,2.2203533239938808e-05
0.0178198933991139,8.510151018720708e-05
0.0113216772642632,2.5961457419619307e-05
0.0047922861979623,1.449292027829595e-07
0.0136429052430645,3.337348627688752e-05
0.0037825461558419,1.1255711713247317e-06
0.0069018288503267,1.2799696516992881e-06
0.0199139494922136,0.00010367284328958763
0.0140627556083998,3.324729837545044e-05
0.0130828686417111,2.2975319135792807e-05
0.013440600530467,6.553083233471824e-05
0.0187254496971452,1.9630406068897383e-05
0.0059763791143761,2.8386749560541536e-06
0.0173416203259638,4.5024567450410683e-05
0.0193538948883334,1.457491319962215e-05
0.0160494836237441,9.316508146384917e-05
0.009541997137331,3.46570189341102e-05
0.0185558530294927,7.913446162980185e-05
0.0149798908111962,6.78564830863957e-05
0.0186342888256686,7.929281052305378e-05
0.0168597071040578,0.00010490746173547733
0.0022902093595333,2.570232420571074e-06
0.0171327293152825,3.5647119522788964e-05
0.0147473711048602,7.660097153981456e-05
0.0140916006487386,3.9904264045138384e-05
0.0109688189692873,1.2931367297190816e-05
0.0127358734516685,4.6675433090772815e-05
0.0112578374633131,3.5791196732641445e-06
0.0099050396024683,3.4112747527043786e-05
0.0040691134830619,5.621521564273267e-07
0.0082901561186422,6.788926437532888e-06
0.0025277012078376,2.250978717546913e-06
0.0144166153132932,6.808240570700022e-05
0.0085116371449181,9.275357109833165e-06
0.0056854426090131,1.8149541935840035e-06
0.019574652675206,0.00012757473949625526
0.0044417117065184,5.7811234735700574e-08
0.0187448487730779,5.074665692429646e-05
0.0190859063058834,6.412181913950844e-05
0.0142964749440806,3.561074222588983e-05
0.0167702567740007,3.815851438759913e-05
0.0002715598348546,2.798520483647726e-06
0.0175528211783784,8.987989554227795e-05
0.0033213700886049,6.2389618872219e-07
0.0130270514101724,1.3578429021351705e-06
0.017281861817496,8.006020383660177e-05
0.009535186874235,3.3003483207622145e-05
0.002180312321025,5.714742456676143e-06
0.0033237759909011,3.9738168486792157e-07
0.0095477606392944,2.4006454181913247e-05
0.0152289537958259,9.159882621829027e-06
0.0060028616210084,1.6658776742072498e-06
0.0117001402404842,2.5840351797787214e-05
0.0162997020690076,5.555474756313162e-05
0.0165922421890167,7.022377419367473e-05
0.0163711118926781,7.011586692513429e-05
0.0193957543171853,7.45953797513875e-05
0.0024919134449127,2.579564895061397e-06
0.0165605946046304,9.411322495915322e-05
0.0184507998498497,0.0001297835869135466
0.0195886512361621,4.133545299013983e-05
0.0153536205533531,9.525044354747017e-05
0.0070115770612604,5.84618045084245e-06
0.0122519812993145,5.017454779961215e-05
0.0032369636142183,2.150722514659481e-06
0.0189216401772902,3.8099492141847845e-05
0.0182596727563046,9.396217209310893e-05
0.0159526130582754,2.5906933474363866e-05
0.0113141901331269,2.6936265154116126e-05
0.0111859951864313,2.6419101191165672e-05
0.0026063233769287,2.343482224337323e-08
0.006220969598507,6.5918822247545135e-06
0.0007388943629777,1.164938829093348e-05
0.0098599997909882,9.056446403688551e-06
0.0152730488129664,7.955336158215323e-05
0.0158400655482861,5.603418053868508e-05
0.0002391168442444,8.648549972704101e-06
0.0010127597656622,9.508098995169764e-06
0.0167607367044038,8.111074742386633e-05
0.00560621451908,2.408860198093738e-07
0.017697615217666,3.422079988639278e-05
0.0172513670344756,8.525136821009067e-05
0.0115382824861245,9.639377457132465e-06
0.0037203408076718,2.1934984728961526e-06
0.0172505412166364,6.78056334801633e-05
0.0183825419389485,2.6402110375131695e-05
0.0026815915337074,1.5704906145316956e-08
0.0142685650382353,7.277336163845263e-05
0.0104346815646671,1.560319021946219e-05
0.0167316581541926,3.807460154887919e-05
0.0036528183460094,1.1689892581087952e-06
0.0077116238209809,5.80543489486472e-06
0.0046333287152055,2.4698187628892263e-06
0.0163936539577985,1.0477364806666141e-05
0.0168789306554452,3.165181613550833e-05
0.0076630067751537,1.0281467334557188e-05
0.0054433949643284,2.704936947648378e-06
0.0121415454500752,4.191048240876725e-05
0.005599414079233,5.33030570827775e-06
0.0199178326049751,0.00010222880541565021
0.0066809712977573,8.108115504173977e-06
0.0004681952510612,6.857035898939432e-06
0.0035319882487841,3.9370182946535925e-08
0.0068213752687449,1.8241418063379874e-08
0.0033595127016058,5.29229863056434e-07
0.0011760618458923,1.902330164823452e-05
0.0156532650969874,3.0499324923907455e-05
0.0084106633090286,7.616967827552165e-06
0.0173206405593444,9.065568886910566e-06
0.0139862479337023,4.608065328656653e-05
0.0064618331934748,1.1338620425095073e-06
0.0081418229169461,8.268573491892578e-06
0.0182013595286943,0.0001226142941288544
0.0163735141612378,6.355147937069143e-05
0.0187356745589702,0.00010133975310140134
0.0061953328821395,9.35314961797827e-06
0.0170888767652174,0.0001294254377017158
0.0036662303891093,2.5049075217690076e-07
0.0065784011644214,5.681937243226504e-06
0.0111524281010184,2.8352577878345852e-05
0.01675047463557,1.7044322105312864e-08
0.0148870567884586,1.1361976010258282e-05
0.0199885837564782,0.00018069773684869852
0.0175806537162304,1.551288221546051e-06
0.0009650656321857,6.602831844339373e-06
0.0187742073178162,1.528328692008527e-05
0.0145529756861043,3.9595582390731394e-05
0.0193041739005017,4.463991462389967e-05
0.0139284419385363,7.283994848969741e-05
0.0012034193532791,3.193651946505474e-05
0.0047117761452972,4.78843124885024e-08
0.0112883893894955,1.3166276544763989e-05
0.0098175863835356,2.245867363833338e-05
0.0111078100690344,3.26039990396619e-06
0.0129125053706733,2.5402700969004546e-05
0.0053458518754364,3.625315311781824e-08
0.0023052648482066,1.0873282103567253e-07
0.0147048002867845,5.4802014654209576e-05
0.0169982990905208,8.534284997066514e-05
0.0179842736396683,8.469181107462899e-05
0.0155495267218243,8.936181005281382e-05
0.0176145037069248,0.00015151554437543177
0.0198916687619741,0.00010324650819465112
0.0167815575592652,8.338198345466107e-05
0.0122366122700658,3.9524115132971885e-05
0.0126911141299993,5.4928303016846485e-05
0.0112475169718778,1.7725564943535367e-05
0.0137796491256578,1.4245374375077885e-05
0.0016678505063514,1.919162804232099e-06
0.0143409540611402,6.449656069958054e-05
0.0050141558116182,7.449361837418154e-07
0.0025646991759772,2.7665598580649685e-07
0.0143812113726151,6.894364862016586e-05
0.0053361350459158,6.814517900745537e-07
0.0112276738378301,2.3601401022109444e-05
0.0148380482147029,5.705275361444322e-05
0.0072440643582302,1.3368341697271533e-05
0.0016917077129804,3.6844140828506132e-06
0.0040358580713781,1.214925280759942e-09
0.0005670705700424,7.503702666571577e-06
0.0002257198127834,6.8207539671756945e-06
0.0032503698620137,8.135544676764552e-09
0.0062186642441936,1.2649164855574033e-06
0.0068947640303592,8.105430387235914e-06
0.0163697270387639,3.126864425396874e-05
0.0167629506968477,1.898387206317592e-05
0.005055054801524,5.1797748419199985e-06
0.0077589183954056,6.911117361504775e-07
0.0005958103866137,7.622122270317073e-06
0.0085300248978141,1.768905625881193e-05
0.0022831266508978,1.519513947400163e-05
0.009769456971626,6.69727259796238e-06
0.0066241376360706,1.382538472224376e-06
0.0143842124706979,5.0857132840020394e-05
0.0056675644670664,5.882065239982666e-06
0.0124984296514831,2.8258743192110642e-05
0.014393897767092,4.2476746513503416e-05
0.0103919708433358,4.088088392455548e-05
0.0127504043854587,7.657501751274716e-05
0.0020801744342162,6.531722864610963e-07
0.0132965365083963,6.301765881603399e-05
0.0194371428895783,6.42287978823085e-05
0.0056214654824881,1.126926171112189e-05
0.0027831557287865,5.244242083658037e-08
0.0010698054939817,3.780852510402382e-06
0.0138584248921548,2.904340620792988e-05
0.0139939153110721,2.6951609122038792e-05
0.0128345153496731,5.343770244802487e-05
0.0046331127497771,8.549346641524721e-07
0.0188684826457395,0.0001092592840144281
0.0064812578367043,1.3386066267168443e-05
0.0008779828416412,1.7478346067481581e-06
0.0171164493803362,2.6036587188417124e-06
0.0146987911731212,3.591872917450241e-05
0.0149161778603139,9.368296723345444e-05
0.0175511586352224,0.00010432200236117044
0.0148983069449957,7.662877140595643e-05
0.0049012270353476,3.220813945405516e-10
0.0042790485863079,2.3609413531668834e-06
0.0167164018112962,1.6878314352072628e-05
0.0149157095757442,5.224282350886117e-05
0.0037451372647492,1.0506934023426168e-07
0.0191533024011787,5.762484737923988e-06
0.0155520144202424,8.002722468800812e-05
0.0037600552762744,4.213592778810247e-08
0.0070444856995502,1.9702038125171e-06
0.0003833385556221,6.664350655316868e-06
0.0190880836481663,1.40692755803226e-05
0.0181129608983228,9.526166261147737e-05
0.001677475565231,1.7103603751647842e-06
0.0065753493796344,2.47203171910484e-06
0.0199014153670309,2.648680485039939e-05
0.0165736330675146,8.644575571964554e-05
0.0112904792402189,2.151318818434775e-05
0.013027371686338,6.0746814327801355e-05
0.0067011029511038,3.783483875649502e-06
0.0175369059375286,7.53765556171982e-05
0.010466130679445,1.4189547321381302e-05
0.0167692951376894,9.739876923676712e-05
0.0123158484357837,2.5702572352439324e-05
0.0038517275327355,1.6207325322172076e-07
0.0034854020006323,3.5717745503949038e-06
0.0018903427241673,1.4256948188488948e-07
0.0062690549593321,5.582330162423842e-06
0.0100054176662578,2.7384405478038306e-05
0.0075815642530484,3.988656617939255e-07
0.0175138801048647,0.00012217981731569403
0.0110046490435916,5.5625874634242244e-06
0.0090879539324754,1.259510682337578e-05
0.0055776576438432,2.228236344505739e-06
0.0192016356166482,0.00011466951746229657
0.0039846891265273,2.369412466997395e-06
0.0020931969192171,7.314781991483342e-06
0.0001614713754821,1.0641633496547287e-05
0.0014690672649611,2.1375038796406056e-06
0.016256494921157,6.862902648240497e-05
0.0027247901269213,9.63047530254156e-07
0.0150743351344725,1.1301272430425035e-05
0.0088377482542213,4.38141467569949e-07
0.002285424679502,1.1938401311383617e-07
0.004708512417933,7.502477783669497e-07
0.0025750549634871,1.1698367648650125e-06
0.0126582185276579,2.8679488068732955e-05
0.0137846473968147,5.302706690480091e-06
0.0043910920478204,2.413826855292205e-10
0.0053876298600504,4.850710447973481e-06
0.002376999669026,1.6769258092053362e-06
0.0142666851878802,5.720645885437742e-05
0.0042762786163519,4.0370591462739005e-06
0.0146545377986039,4.6111526333248164e-05
0.0069516258605596,1.660310890631859e-05
0.0095794029020416,1.2288351217157067e-05
0.0166393347515322,5.911487440263339e-05
0.0083561104549485,9.610075798314155e-06
0.0029061000695037,8.161865803505348e-07
0.0020979760153049,2.1017438659840214e-06
0.0144651252025739,4.4670889463793374e-05
0.0092578861242434,1.2763906586022517e-05
0.015997814265322,9.451195572357621e-05
0.0196053337603163,8.387616621825024e-05
0.0080543914765224,1.9291166456081566e-05
0.0062379825775063,5.105856409474597e-06
0.0034150647472575,9.124682303311004e-08
0.0135411431153307,7.489349659710154e-05
0.004280294979368,5.428118017463765e-06
0.0125480781871317,5.195138790701068e-05
0.0162427718396546,1.1573570901304539e-05
0.0198257795134678,0.00014466223191133515
0.007393973119016,9.592619030442009e-06
0.0003351186839601,5.931732111005832e-06
0.0174444975094222,7.183883236042085e-05
0.0123229871052894,2.4277693895317793e-05
0.0153806067505367,1.4838207073295989e-05
0.0058154627691154,2.768870293223631e-06
0.0091196848698609,2.209555935876418e-05
0.0066290793179065,1.1945582232499347e-05
0.0140506126552828,4.158950415560744e-05
0.0071841428524586,4.363280865109469e-06
0.0184614971699411,0.00010366789705535465
0.0196678291549374,0.0001477381018694152
0.0096323435668049,3.0305798245511936e-05
0.0104602360057538,2.139345893026071e-05
0.0102944202292537,1.828277037858928e-05
0.0042105209079783,1.9182086805466893e-06
0.0198230964178145,2.9427664434770874e-06
0.0061512641345515,7.384558335943596e-06
0.0181486323648817,9.739476316300121e-05
0.0105881891077892,1.9226971990962298e-05
0.0065901360768479,6.945922370658183e-06
0.0060867036768848,9.962379542537866e-06
0.0185800084382518,4.293501030365074e-05
0.0053094767808045,8.925053932467482e-07
0.0195049971959744,2.1702718846011187e-07
0.0185529731451848,0.00011778980660734956
0.0080585059424561,2.1110031953302617e-05
0.0198223696215117,0.00010134479598060349
0.0105186487239541,2.5573090404978887e-05
0.0146433641331511,5.2735885001290766e-05
0.0176550230522704,8.95494754781502e-05
0.0192588977645288,8.725963362990473e-05
0.0076614633593134,8.90028815252478e-06
0.0061546327579739,8.796025111779454e-07
0.0181943866272528,0.00011852472382545128
0.0133669009975199,4.497409573980571e-05
0.009198672000668,4.417123946191371e-06
0.0060001375960861,6.310420354739219e-07
0.0112498402724312,1.968230840268888e-05
0.0135416615806984,6.08472816552098e-05
0.0061189919075935,1.4464447875664449e-08
0.017157338056858,4.8589559114792176e-05
0.0012084990563114,3.1320609683958574e-06
0.0154994664258158,6.145953913046954e-05
0.0108886909141166,1.1703333798430206e-05
0.0075563410833319,2.457468377921285e-06
0.0104107977828707,3.0175363017383543e-05
0.0029314495119808,3.079791730404942e-08
0.0126343742297739,5.683511562924757e-05
0.0001175372125372,6.788142794636369e-06
0.0009076551016658,5.226516462169335e-06
0.0080057767879356,1.5107012609087112e-05
0.0105874996513626,1.3045169659077551e-05
0.0079865103281572,4.246988827819918e-06
0.0001753368042456,3.889592730981407e-06
0.0118314892649213,1.2121540700249774e-06
0.0004305866781791,9.203981313271402e-06
0.0172162705670438,3.4256768077472316e-05
0.0179642921263809,8.663990246493397e-05
0.0024390057370391,2.8482179243753886e-07
0.0113856456648541,1.6205473032691977e-05
0.0130847047525726,2.2686075312486563e-05
0.0191424178585057,0.00013052957858568563
0.0168928775665716,7.055373929391022e-05
0.0105734218370627,1.4719763023110769e-05
0.0115199294728439,4.149344567709982e-05
0.0040252175241971,7.332310009642494e-07
0.0063190068321131,9.019624058481699e-06
0.012326531125706,1.1480422848305802e-05
0.0038198943401955,1.8341367753459126e-08
0.0038884967934375,4.2026670475053466e-07
0.0165224141219227,5.731256328332002e-05
0.0173130500715956,0.0001074270655452874
0.0105652144959228,1.0126832214271125e-05
0.0053852764145746,5.031547683454809e-06
0.001152109220772,4.1637065804416135e-06
0.0079710282772133,9.048582465568489e-06
0.0188645645173164,9.536350109584413e-05
0.0170924902642471,1.7238581112818234e-06
0.004159352682168,9.700644496774732e-07
0.0124799363467775,2.8724188445685388e-05
0.0198884956195577,0.00012348125101258506
0.007805076061935,2.209486584478043e-05
0.0024831235543181,4.737700801297996e-06
0.0158258997132679,0.0001151279565317013
0.0114905297080417,3.786524720573183e-05
0.0169036296902459,3.001880677748679e-08
0.0095845312528365,2.6881440841487134e-05
0.0154059816555892,8.547683358732305e-06
0.0029032764586664,3.915191609356499e-08
0.0146330913221825,8.765502578018017e-05
0.0035127866853623,2.9249426039090056e-07
0.017854101566265,8.601935674793972e-05
0.0184005810117506,7.052172040636138e-05
0.017206436664853,8.529067701542547e-05
0.0007369261207469,1.6815192419976718e-06
0.0194772408792935,4.217010964850722e-05
0.0151800237352329,8.998848841813846e-05
0.007771921630974,1.0725959501543707e-05
0.0084999295692223,1.0133277523449443e-05
0.0170609867812074,6.678009047069781e-05
0.019046091949974,0.00011475219343889107
0.005728514044919,2.650132105439695e-06
0.0015912113512167,7.692526316032952e-06
0.006757658863389,1.3416858766682254e-05
0.003349089867825,2.7511252532020082e-08
0.0014277525531529,6.637071237797063e-06
0.0187208442795016,2.2493213314850758e-05
0.0059129712870133,5.705834336330556e-07
0.0118501379912333,3.1571979790587824e-06
0.0147021806868895,7.317238575346502e-05
0.0046757139496447,2.7348808483039335e-06
0.0154100078017095,2.3771286898709745e-05
0.01439817210993,8.038183951405212e-05
0.0047963052945521,1.1364985910365085e-06
0.0135297346484843,1.1925044948209956e-05
0.0146399570706457,7.087778572842019e-05
0.0094719453402238,2.811920605162333e-05
0.0054474616160534,2.6210850304682407e-10
0.0157257863685753,5.449116569940862e-05
0.0013729035957881,2.9093435778099548e-06
0.0157999209690678,0.00010114496185106973
0.0009027171886423,6.821110803211753e-06
0.0133089461489752,3.382906989251325e-05
0.0037260123022092,8.514838671828701e-07
0.0170475721422002,0.00012638354024585002
0.015202924555092,3.101993042161508e-05
0.0190733727263123,0.00010122924058362034
0.0042226900983247,9.054162718639165e-07
0.0156334497124655,5.146763851882137e-05
0.0106319493054594,1.0223703445149847e-05
0.0125477823293493,4.677345412115664e-05
0.0075473793518319,1.8199489033709354e-05
0.0073321240816971,1.3235816710159172e-05
0.0085456206436434,1.5902876791727592e-05
0.0156325823393641,2.6018798910653267e-05
0.0135639345018309,2.464977878097761e-05
0.0076342291289075,2.8530329948723856e-06
0.008222107701742,2.497649010778744e-05
0.002656143726171,5.448174573879543e-07
0.0185573158548513,9.529980897366519e-07
0.0132051912290554,2.3028927038260352e-05
0.0005149928860728,4.491583686820532e-06
0.0095858527738433,4.751765585034487e-05
0.0037643961219218,9.004692279319303e-07
0.0159404523313934,9.501136750346675e-05
0.0146391295163329,5.052650717754304e-05
0.0118167545611955,3.192595500676403e-05
0.0189341839226681,0.00011608099791958648
0.0146466333815285,6.24413383187603e-05
0.0001664391086071,7.5415546990804275e-06
0.0187124211781232,8.868952761871015e-05
0.0163413443504764,6.307851975807773e-05
0.0038735736707416,7.307298737079135e-08
0.0117399770143488,2.0739175281643213e-05
0.0185293320231157,2.5916973709019885e-05
0.0044496467736674,1.7492052465870697e-06
0.0105217430667056,2.4925754031839567e-05
0.0149876464391288,3.581672472850048e-05
0.0154036471048173,0.00010188200489682845
0.001190623917746,1.8355275290384907e-06
0.0090499257731337,2.1111240258229593e-05
0.0157445202804572,6.838420528369338e-05
0.0100399680133821,2.752490803416673e-05
0.0039360545848863,7.359345944748656e-07
0.005984070531613,4.105956794994728e-06
0.0051830172921566,3.374770715027484e-07
0.003037620430617,6.709701546126982e-07
0.0033281615540049,3.62648625602611e-08
0.0148088881277086,4.524205826823972e-05
0.0166936342151318,5.3214030862770126e-05
0.0056906484532127,4.819617384779543e-06
0.0073099184051452,1.2697768160350553e-05
0.0085905119727912,1.0452895283432927e-05
0.0038238872008658,1.8350748976122366e-08
0.0017119186246625,8.213335727615942e-06
0.0059825699865573,8.18507187576082e-06
0.0049983947261042,4.75223572697824e-06
0.0165360139635027,4.250571124605789e-06
0.0098376182344933,2.2194533760816038e-05
0.0115104304649111,1.705429895284968e-05
0.0004856527304029,3.796611990887104e-06
0.0165887621063856,3.2711213502690115e-05
0.0114730251346632,1.1194730003155935e-05
0.0090775624660065,3.0009884638494884e-05
0.0119873682267152,2.9451067926939233e-05
0.0100796678185856,1.6718314676790957e-05
0.0108823286094423,3.501663680533177e-05
0.003748539458778,8.411547812727239e-07
0.0170676224488388,7.002499009455081e-05
0.0167009105320484,6.810756435018726e-05
0.0152316067683568,6.849104141880864e-05
0.0078922319762921,5.429788026351401e-06
0.0058667885401897,1.740687968277462e-08
0.0092396528035227,3.587709240424596e-06
0.0050896547036743,8.727009516120909e-07
0.0195132878133065,0.00016827310555039224
0.0057481113862675,4.9551809181379605e-06
0.0037855205563913,4.361363320778562e-06
0.019531874764477,3.2208119525626756e-05
0.0139873109101553,4.669764474712046e-05
0.0015956451643318,2.468004847586939e-06
0.0121434676672911,4.905253784343583e-05
0.0031759622049132,1.1483571202086282e-06
0.0067102693011088,1.0336119213576855e-05
0.0064486960398753,1.0963721983983921e-07
0.0036982624589261,2.003326166828524e-06
0.0143389467925574,5.604525893822606e-05
0.0174051808662084,6.558324308876676e-06
0.0129399098860392,4.251564353795924e-05
0.0175868504592869,0.00010265211584725217
0.0193503155298149,9.00319821002504e-05
0.0088405020434953,2.9686451241280984e-05
0.0135139719388208,2.6761484413035038e-05
0.0063360629684346,9.495351695338362e-06
0.0050738010271538,5.144426290324478e-07
0.0115840056902102,3.799295333419773e-05
0.0018145125520136,9.239297442451893e-06
0.0137338334615505,2.1739593528297697e-05
0.0061105102232204,4.781206293325612e-07
0.0114651828054415,1.831819106156776e-05
0.0027526230284464,1.6809370122779796e-06
0.0194185110887383,0.0001305953727379367
0.0029566503466361,7.067398632137705e-09
0.0061353821476065,9.903140797414643e-07
0.0051080514939802,1.0308083665612851e-06
0.0046002764385623,1.2680551614440158e-06
0.0123039886557813,3.8766733605415425e-06
0.0146779809598921,4.778826615775465e-05
0.0081436757830888,1.3522548852045208e-05
0.0020579986042112,5.5256128077961115e-06
0.0059966429485954,2.3435078993613032e-06
0.0012507930214928,8.671538759068029e-06
0.0192689936469783,0.00011258545269493104
0.0154506827937619,4.468889168606068e-05
0.0032055693555446,9.151729810325033e-07
0.0092485270376973,1.5531728207579097e-06
0.0053652589756275,1.9073979901359075e-08
0.0157635791310912,5.516901261201866e-05
0.0007092351630647,1.0878177046514998e-05
0.0139781390275059,9.579005890560365e-05
0.0171506448951351,4.272635943573575e-05
0.0184196092761372,0.00014305517042188023
0.0148805012370339,6.7967704250239e-05
0.0165623894459908,7.112506239913156e-05
0.0137376134814072,3.9219751768578695e-05
0.0159752474338818,9.760451046564734e-05
0.0178596944378411,2.26601783574989e-05
0.0095650717037337,3.214612664462894e-05
0.0127663730432511,3.999887040496204e-05
0.0166750737589418,3.0752630451957675e-05
0.0144331310494054,3.4085579071695905e-05
0.0007887232372137,6.4721524235782325e-06
0.013410962311109,2.7948578807230353e-05
0.0001010144783454,6.419426246871956e-06
0.0105517507806803,6.443223420751723e-06
0.0005963751557477,4.582522444312398e-06
0.0044193059525895,2.713709091472778e-08
0.019081943377507,0.00010865014410691263
0.0023787469243485,1.8320208755021312e-07
0.0056494690761234,9.79544705732528e-07
0.0049053562070798,1.7103491822878295e-07
0.00106779088239,4.376245301035319e-06
0.0133471541018787,3.912138186917693e-05
0.0115828634283632,3.174071212357833e-05
0.0054272711982261,4.2487442275802964e-06
0.0171507983661973,0.00010829881330998842
0.012740621195362,2.0804287450755763e-05
0.007300900755951,1.3506467258271128e-05
0.0123444742045182,1.6985217760378926e-06
0.0192639486450503,7.11644512745807e-05
0.0077008878569274,1.0620114435451327e-05
0.0155954693380783,5.9289492975500984e-05
0.0106657045965366,3.8734048908939784e-05
0.019649767307328,8.22436762851073e-05
0.0198483683352633,7.24063466049106e-05
0.0068228040600766,2.019741132433608e-06
0.0026580746574286,2.7055589458951937e-08
0.0011181257592999,1.6427553959447823e-06
0.0064569034888953,2.729717410189414e-06
0.0168640522301182,4.734719603181861e-05
0.0039207234596268,3.1107273294099297e-06
0.0130055719107939,8.011842430014859e-05
0.015462932875716,6.581747972437933e-05
0.0051147753172554,3.7146856476471365e-06
0.0155273309558929,1.987958207007892e-05
0.0052653712316952,4.281803429261469e-06
0.0025926549594821,2.144412555538364e-06
0.0040065935313572,5.982369174599421e-07
0.0105911650242089,5.383087323672003e-05
0.012724692849013,3.5440862832929446e-05
0.0095375831502695,1.0286884196751143e-07
0.0144235921555899,6.791437692168827e-05
0.0053303486912211,1.0447270728420258e-06
0.0126532561626066,2.4479292278569163e-05
0.0192932586131643,3.742771572367945e-05
0.0173839419021954,2.6630268143451217e-05
0.0015133001565837,4.4085714172286985e-06
0.0059261492166557,8.36754674054743e-07
0.0048776945647868,6.654887327657445e-07
0.0093293485048367,1.99444161688326e-06
0.016457655868276,5.691476199875459e-05
0.0022137793432403,4.438544454349138e-06
0.0146978595626397,6.644331675768395e-05
0.0139233280782507,2.2053501350968445e-05
0.0036837988424142,1.1708755671647588e-07
0.0163695510004279,7.837811849080388e-05
0.0051567818453189,3.972171094415123e-06
0.0112719369686596,4.965801732668281e-05
0.0186430825119136,8.405566292829797e-05
0.019087132987525,0.00011050382662584152
0.012835236295061,3.5487535415740865e-05
8.67453690561315e-05,4.4279087704320485e-06
0.0073861317127513,5.407269891914393e-06
0.0104243195755961,4.3771878164805506e-05
0.0089805292323846,2.0838807607248403e-05
0.0079050889854765,1.3337508914066526e-05
0.0064100948354677,8.939489429748621e-06
0.011409637257306,8.552219562255857e-06
0.0052968590776437,5.360131878210019e-06
0.0120333214808531,4.4935597938394174e-05
0.0090385888713953,1.3031975042198453e-05
0.0175218336277856,9.061012300028479e-05
0.0008737129714781,3.6722400740610347e-06
0.0104267335299357,3.769949797876901e-05
0.0054043002758593,3.6352969517012194e-06
0.0044739031877417,2.94678591678161e-06
0.0167190240627093,2.6635919451610102e-05
0.0154301434339873,7.754705241156144e-05
0.0117480469120119,3.1530311325351e-05
0.0110768335526989,2.8398556479317208e-05
0.0187695962492618,2.417328363178648e-07
0.005999102636378,3.3576228253027744e-06
0.0086731391764835,6.9474444849138645e-06
0.0043836763288963,5.0757299271619467e-08
0.0047434050005931,1.2303223800085993e-06
0.0192595928874927,0.00015103479182520583
0.0020880057618649,1.381753633615056e-07
0.0177349835264227,8.473710139423068e-05
0.0119257667975027,3.640332789539668e-05
0.0018263138799591,2.317328457673039e-06
0.0026023853345295,4.916200651918572e-07
0.0024539964392272,4.765734386812827e-07
0.0058198858965176,2.4568535947867616e-06
0.0158361439033436,5.6924242098123686e-05
0.0042412014907768,5.654244757042583e-07
0.0047960393371439,3.628396442107997e-07
0.0185591385863393,4.506372446252942e-05
0.0081673288326229,9.81288188575596e-07
0.008867246842926,2.5617880955746546e-06
0.0009522729289951,1.0655145490857379e-06
0.0093260617222371,4.078274439910109e-05
0.0088054914067703,2.0202420416773508e-05
0.0142094414302123,7.478464640825953e-05
0.0189137284954021,1.6444245367983022e-05
0.0155788944922479,0.00011586741710857811
0.0049796365756107,1.1323660612458231e-06
0.0139689487591832,5.107343498247842e-05
0.014380788927343,7.865902428841125e-06
0.0056123848230654,7.377201375845953e-07
0.0126838616532074,1.5532679158585365e-05
0.014899702198622,3.79973623783249e-05
0.0146026240368773,7.77988529460879e-05
0.0193072920829976,0.0001312094383219933
0.011334928663583,3.932968118756612e-05
0.0080228525278463,1.843922314849777e-05
0.0090736214286323,5.914955629357922e-06
0.0094775320249388,2.592257588094046e-05
0.0170817937944317,4.888044017693998e-05
0.0069806368691954,1.178626966673078e-05
0.0001734145531707,4.598524550981983e-06
0.0052972650319463,5.235422383750244e-07
0.0163185652534149,9.36625239433548e-05
0.0073992337907261,8.212766762490493e-06
0.0159216878484538,7.677884248119194e-05
0.0080313795296429,2.1396650736215882e-05
0.0063124557557496,1.2816428521391205e-05
0.0005520100356255,4.90121491546085e-06
0.0172570283302903,0.00018166455582096114
0.0099742127391029,3.34087513708451e-05
0.0149312622678181,3.825797616106155e-05
0.0077028798964687,3.0486252266372967e-06
0.0048929291446337,1.4351691099357872e-07
0.0169843322198826,6.470356306965058e-05
0.0128114586889045,8.23642293708258e-08
0.0048391222015556,3.1285014300285138e-06
0.0140372466019341,7.833709149033745e-05
0.0053249236419374,4.475395003497654e-06
0.0086800464975029,1.992646111515407e-06
0.0103938626553435,3.623222346423029e-05
0.0035805389844533,5.3757067890139e-07
0.0034443892360164,4.60852539990579e-06
0.0185440079224682,8.259941572615012e-05
0.009676071084647,3.777397671684096e-05
0.0146985741218912,7.190748770985296e-05
0.0089221616060502,7.196196655505563e-06
0.0172206884784048,9.83626237446209e-05
0.011721617081126,1.5952286410317567e-05
0.0199840688782951,4.8492542153761876e-05
0.0131058247537206,4.477471723712535e-05
0.0157152127181154,9.962005467816817e-05
0.0098965745804675,1.3006211829096263e-05
0.0115432504111495,2.4640756578165935e-06
0.0079504542104814,8.32086364557539e-06
0.0187566510181947,4.2129677574381696e-05
0.0006000290850408,4.635283794859418e-06
0.012430781433441,4.303213452814925e-05
0.0152384413524944,6.62177955287096e-05
0.0111951385946488,3.5937566162384124e-05
0.011643939041106,4.633930952880142e-05
0.0175410392646619,1.2494863091346666e-05
0.0100164486374228,1.3195273808559764e-05
0.0088669784776368,3.853858762641937e-06
0.006740753859204,1.0478812987803595e-06
0.0134187235477771,3.906243944009709e-05
0.0128908548539455,4.286154837052073e-06
0.0149139916413942,5.017893274551237e-05
0.0033874587542345,2.213633383548047e-07
0.019407836633512,0.00011565867852195657
0.0034231867956008,1.116275093073518e-06
0.0091093213091251,2.0949789635589018e-05
0.0139568877192051,4.883175626056546e-05
0.0187086823243167,8.259902286014084e-05
0.0121331210957794,2.3086786441516932e-05
0.0017747672490739,4.189969416625215e-06
0.0026904132474245,8.532384661811388e-06
0.0066361696006274,3.2228954486485706e-07
0.0060205305490507,3.7934527306935926e-07
0.0153374381181679,7.329009950545392e-05
0.0087746288747454,4.6664798317232835e-06
0.0195180434671202,6.104897543328216e-05
0.0070826185327874,9.563248952090733e-06
0.005804445492528,3.911143891055011e-07
0.0077642085399461,5.294097404221451e-07
0.0127421989786142,1.499239575972203e-05
0.0178075435082313,7.305720902771738e-05
0.0021969080871091,3.7931668984376653e-06
0.0032447069932238,5.423129828166054e-08
0.0002755118821385,1.40845637338413e-05
0.0197730161741958,1.599446643033428e-07
0.019289306407545,3.1429265750591116e-05
0.0017080497058866,2.1819641654321934e-06
0.0083361775605328,8.061427956732917e-06
0.0124015586412478,3.661958761350961e-05
0.0080378659165804,1.5198288828220525e-06
0.013212913596943,2.9332311777875784e-05
0.0007837897580212,2.251900074361927e-06
0.0154211312157821,6.253738779130311e-05
0.0066455352465808,7.476286316728426e-06
0.0168799622711425,8.15360527622072e-05
0.0022143248813881,1.917156060614503e-06
0.0150832725926304,3.697045821971672e-05
0.0018947122310276,8.086775925845961e-06
0.0005499495851934,4.3360257642126725e-06
0.0161621958657744,4.269167839861604e-05
0.0018520558207574,1.0874691935854934e-06
0.0101733891857563,2.431937677517946e-05
0.0160946965165434,4.187869195708934e-05
0.0151894124694019,6.30636910488947e-05
0.0199974532943162,0.0001336081607305803
0.0065524244871465,4.859871041554571e-06
0.015661336141867,4.856766019619581e-05
0.0070819305679147,7.40504750896144e-06
0.0029959783093033,6.236449122955201e-07
0.010222259738895,2.607217341866337e-05
0.0004144836189304,2.687061383841513e-06
0.0071641159108743,2.4967864386458856e-06
0.0120706369299176,3.0500398010611175e-06
0.0016792932441376,6.187296346554876e-06
0.0145824949657811,1.4773144037313383e-05
0.004794401457491,2.280137862497382e-06
0.0125130908434297,4.876335334485416e-05
0.0096386007052805,4.091100805924792e-05
0.0074729060126095,7.818426340678507e-06
0.0151189419063631,4.645449151302163e-05
0.0112370688709137,4.673997149631339e-05
0.0166215914927848,0.00010670050959788501
0.0139839174201951,1.8985533929170437e-07
0.0165496826477172,6.388059076769978e-05
0.0011783922927371,2.3426805509728614e-06
0.0015388353314502,1.6927513239886546e-06
0.0104180404605485,3.979484612206707e-07
0.0119989527493335,3.091317922176885e-05
0.0132275292942133,4.162295811350418e-06
0.0026740972907524,3.095980050926812e-07
0.0138181139166641,5.2117693981009793e-05
0.0112087210977207,1.3356453546277338e-05
0.017422366541277,9.05744534665398e-05
0.01098853565105,2.002667652196788e-05
0.018143568806471,8.80249275355515e-05
0.0091509826219509,2.093709277381171e-05
0.0088466381415521,1.2984317365561841e-06
0.00514000280936,1.0425286532006297e-06
0.0144425501460438,2.842361718688897e-05
0.0129688220359844,4.194150815095724e-05
0.0133951590755388,8.266110874899847e-05
0.0199832714918059,0.00011049001106189055
0.0176301622186652,0.0001496812513158906
0.0147980066624798,6.812970981813588e-05
0.0058470741827293,5.976340479098208e-06
0.0014589433022689,5.821129867908073e-06
0.0196949300662322,9.829858114471045e-05
0.0184612448443664,9.265632439940265e-05
0.008607567342621,2.1228061631291922e-05
0.0116682768463657,4.441384691564684e-05
0.0166413471881077,8.72576756690357e-05
0.0137760771081023,5.7798040868225584e-05
0.0020832346523865,4.8489550531836494e-06
0.0137723587556504,4.2605233173184784e-05
0.0069652672579963,1.0832845689908022e-06
0.0115964199526305,2.2691832246162377e-05
0.0111989942799373,1.9590537290333752e-05
0.0143288556262634,6.120755905264327e-05
0.0140624614191253,5.991149173909481e-06
0.0053560479420607,3.618212738764147e-07
0.0016795345107699,5.1636753311040095e-06
0.0172182241212739,6.257201249190926e-05
0.0164794942029563,5.719592267502395e-05
0.0086359921520885,2.1124051040538573e-05
0.0144362302560608,7.682407596574638e-05
0.0150716399688144,1.8430437058044078e-05
0.0169632081436909,7.601050399588527e-05
0.0058301236141383,8.756980472583445e-07
0.0139157415516655,4.510541440581381e-05
0.0041334167480124,7.615353101792184e-07
0.0161074761987073,5.27437287270757e-05
0.0025153050456579,1.6962959147734043e-07
0.0178373431473734,0.00010084870299109958
0.0073969917111886,2.479264994888214e-07
0.0030865232101088,3.7610142397250316e-06
0.0017068008390479,1.8450422281893542e-06
0.0088811247726998,8.856387222839364e-06
0.011202056672595,7.065998758398773e-06
0.0183699430061129,0.00010767405368216158
0.0052520405783781,2.2762757064978266e-06
0.0191799445940401,1.278824845625627e-05
0.0052585655662843,8.941752365688653e-07
0.0033259169458078,1.8644565110788789e-06
0.0107624744007259,1.8349523511558824e-05
0.0036901826041235,2.6054407160150475e-07
0.0143244790642836,1.4387743019945387e-05
0.0053604888831083,1.4924854093743295e-06
0.0191887474654665,3.10291097115185e-05
0.0174038641053844,6.0115499399966926e-05
0.0044222963937069,2.2530509567987386e-06
0.0193008529828968,8.277250201432639e-05
0.0104923890832105,2.941467763670959e-05
0.0081478276332363,9.82541754063506e-06
0.0093942232325374,2.5563152260541495e-05
0.0005979910452785,1.2144570993337084e-05
0.0165924154495176,7.712315155023834e-05
0.018152101217181,3.3196319641343507e-06
0.0027559883926255,2.2341868126623947e-06
0.016456980281476,7.485787374320002e-05
0.0095223893063989,1.2507459377475406e-05
0.0032715812873076,3.2245977548069405e-08
0.0166211389588469,7.157672508396937e-05
0.0117980525763619,2.9212417943540317e-07
0.0121011684372149,2.4833905796868962e-05
0.0008784933885918,5.795407007434386e-06
0.0028620849178334,1.7697519585279473e-07
0.0087898197563085,2.0945495730016803e-05
0.0033861554141569,1.8510738846227424e-08
0.0112709398518121,2.0996780703276197e-05
0.0107954600939603,4.6496076684553935e-06
0.0174084796228099,2.8599065508889455e-07
0.0023183931524033,1.2299494263304278e-06
0.0075426163225992,2.8750513732476948e-06
0.0160160888852721,8.455943063414011e-05
0.0151709527010717,5.979112806664988e-05
0.0058315209104999,4.3273579373124474e-07
0.017339398753712,3.34987745918802e-07
0.0040068748883625,2.514736448339661e-07
0.0151110679461309,2.2851709889149927e-05
0.0121722755185605,3.392038012643942e-05
0.0163964732507427,9.009007900459839e-06
0.0090818345739967,3.2051876074772116e-05
0.0174276616788339,2.5602455910581785e-05
0.0034301568838656,2.1096379556592183e-07
0.0147533544301138,4.736507057649506e-05
0.01209196221565,1.6929752719407793e-05
0.0193924779433669,9.942007789144233e-05
0.015925117236145,9.54944926647244e-05
0.0090251628149622,3.859510795676263e-06
0.0171865585294721,7.620542960721999e-05
0.0078819948758103,3.6031732261420243e-06
0.0198974662770864,6.793364863292043e-06
2.919719048718905e-05,9.144526599877833e-06
0.009259845730208,1.2556603400333666e-05
0.0010296810942722,1.4963027570250096e-06
0.0164868802253701,6.874482574427071e-05
0.0073413597229439,1.2849973354343418e-05
0.0140205734570817,8.39011064084652e-09
0.00624376838406,9.731940530321675e-06
0.0082378564470941,1.5207151749638438e-05
0.0097922754709907,1.5914324762648096e-05
0.015957410408334,1.0154544207136823e-06
0.009103422876492,9.732095274522151e-06
0.0057689940914883,1.2568772789588597e-06
0.0068794694569734,3.03883175030178e-06
0.0192790373798198,2.8941571613605e-05
0.0192963593464287,0.00012874991996299836
0.0169079961981844,7.903738010805069e-05
0.0074789927433795,8.579960348712393e-06
0.0177094110087,9.983901194839582e-05
0.002559104169829,8.561485504201544e-06
0.0067114359246803,9.85984857042753e-07
0.0041376798720941,4.835949277540163e-10
0.000287409389593,5.525963933761345e-06
0.009186644339323,1.2578199778955567e-05
0.0034152710870268,1.819823111354918e-07
0.0013221489776986,1.3983005573065966e-05
0.0026917708386951,4.0658308688936665e-07
0.002519316594928,2.3866880898400317e-08
0.0166775251677241,9.769841959446898e-05
0.0069979653212608,7.547422590733341e-06
0.0054694815429972,7.843266677863485e-07
0.0051916035443824,6.031376484389478e-06
0.016052717666227,8.218696028017877e-05
0.0155237641178872,9.55806325268839e-05
0.006668274438636,4.945644100651686e-08
0.0172599431564937,4.7976132646095526e-05
0.0182049411344952,9.554216550264555e-05
0.0082257924253296,2.3059032927251834e-05
0.001279840507072,2.331507734003022e-06
0.0163178189493537,6.208282148255335e-05
0.009734511625184,1.3909904081973126e-05
0.0152268355616663,7.510564223099192e-05
0.0097292642258538,1.607937700237574e-05
0.0102490233825626,1.7738288397558417e-05
0.0155081329329273,6.622705125356308e-05
0.0062538204868527,2.122526818266705e-06
0.009550680866616,9.540128802227205e-06
0.0075285542409919,4.276926270850436e-06
0.0058633325482244,2.8868526764087837e-06
0.0009975186641404,2.208545154502541e-06
0.0133138445980256,3.510148629172911e-05
0.0062457352411305,1.1941954399370603e-05
0.0101324600710828,2.7384315252585627e-05
0.0186401550548706,0.0001074830426644261
0.0103619626946443,1.5794380135248e-05
0.0169052666828657,6.362931003342902e-05
0.0016336430075449,6.742102045184975e-07
0.0066148717575122,8.481260217433371e-06
0.0143608665827873,6.784310104048419e-05
0.0081757263176879,1.556762742726384e-05
0.0027332167790484,1.5838122751728686e-06
0.0081047994689831,7.882639226004118e-08
0.0160032148736849,5.40543996303579e-05
0.0078953383419561,1.6380595511500005e-05
0.0048288460509541,1.577207871035389e-06
0.001801851715774,3.9426625873209966e-07
0.0182466391992626,8.826441888460693e-05
0.0179751302182624,0.00019851974265736594
0.0137951797025099,3.447277660839475e-05
0.010017639718061,2.5477194070998865e-05
0.0097583217821392,2.3719036711098992e-05
0.0071265571911275,1.3629763812446305e-07
0.0014727561707635,1.0431746392620149e-06
0.0157788011055292,5.524469459099355e-05
0.0023019649738528,7.604441944808712e-07
0.0158086171801111,2.2428144921977572e-05
0.0064137983932861,1.2063543489313607e-05
0.0054822410320014,4.708767535357732e-06
6.624632350094473e-05,7.601055896740876e-06
0.0186357966186779,9.08643183018972e-05
0.01851645282538,0.00018379994895381636
0.0026146342885982,3.14862561054726e-08
0.0064806282765272,4.986520397575886e-06
0.0161870201458632,3.4740522968183416e-05
0.0151813341820009,6.98922987082475e-05
0.0183907664450175,2.6254517041567214e-05
0.0077648010092259,2.3734797665988645e-06
0.0198506583344043,9.736826642748394e-05
0.0119026913524063,3.181001113623676e-05
0.0048964217884996,2.838770491920463e-07
0.0109295570021792,2.713394597464283e-05
0.0085680224187314,1.1836657506303053e-05
0.0181435441763304,6.571757883391254e-05
0.0029493355700892,6.401591485789458e-06
0.0172674851790849,4.446564642500433e-05
0.0009016729922098,4.665988888927518e-06
0.004815105115705,1.698561510581145e-07
0.0050696128808042,3.321930438709798e-07
0.0084599310822735,1.9907447822320416e-05
0.000477124690747,1.122642149554557e-05
0.0195882476420599,6.562519358148833e-05
0.0012177928737829,2.3375956797871214e-06
0.0065913609470012,2.6140306300800334e-06
0.0020128090470372,3.3196115072109822e-06
0.0003815879117326,7.181193318028413e-06
0.0146191732613259,3.5839584885589487e-06
0.0068465362565647,3.2114158063296223e-06
0.0193666444652923,6.71412643135167e-05
0.0028932468234649,6.008985331766803e-07
0.0158744041385471,6.943598707144803e-05
0.0124899002569874,4.682474962231674e-05
0.0009383770638286,3.619600086343215e-06
0.0158369378522815,6.515496680878064e-05
0.0167321852547301,0.00010320690693002574
0.0155372762117007,8.683500830972727e-05
0.0096488095717424,2.352638960891629e-05
0.0187277916998465,4.741743233747173e-05
0.003450016345101,2.860349137966965e-07
0.0182700381837696,8.744514312975523e-05
0.0010283763886365,6.285785696165108e-06
0.0019204866713976,2.2959101400465363e-06
0.0125643666104866,2.255235526460898e-05
0.0039069540370286,2.6570293408271897e-07
0.0021125076381775,2.0563057040946602e-06
0.0088574918551243,1.4394318117204765e-06
0.0120120552320974,4.486830505312792e-05
0.0156976592732703,7.190193610753712e-05
0.0121802674734254,1.363551179228279e-05
0.0030136269639662,2.589275260706779e-07
0.0134215758102792,5.134630221608879e-05
0.0166014926184692,0.00010998498172247485
0.0100257061026593,3.4569664917071075e-07
0.0088149845078974,1.4830680314477245e-06
0.0006290336513603,3.1959986616099477e-06
0.0022232286711286,2.696563003311033e-07
0.008398490941733,8.213822088474702e-06
0.0154535395445232,6.008857481159358e-05
0.0105861020386336,1.2610909300015287e-05
0.0161126856351027,8.012943604816745e-05
0.0177315303771711,5.6156539973866946e-05
0.0149349386079114,7.999646623865463e-05
0.0022511415502677,3.177767319620474e-06
0.0014584533942137,6.397729757298445e-07
0.0142385031597431,7.302269079948406e-05
0.011704643816576,5.217719688494759e-05
0.003220573012676,1.9200119543891283e-07
0.0158337992271571,6.371638625682901e-05
0.01291956778526,2.859567034275505e-05
0.0048481191254923,1.0597821671248438e-06
0.0158911322758002,3.9541330606314236e-05
0.0086619725658569,5.213637582777885e-06
0.0107750582341217,2.7708644138105108e-05
0.0165469703116785,6.641512577100274e-05
0.0090437426983504,1.2616666432833498e-05
0.006156773142075,5.546030825338013e-06
0.0114967926477945,3.370993423963018e-05
0.0039118934363349,2.1328885843110318e-07
0.0096761553536528,2.8916364797038354e-05
0.0143954338135826,0.00011733429050712619
0.0079778605958175,9.410610694238378e-06
0.009986141589173,4.5492760849341264e-05
0.0091473757399918,1.0338530351008554e-05
0.0021617577304485,6.824715089617797e-07
0.0049731021970695,8.708638980249863e-07
0.0194298188248297,0.00011228399377943241
0.0195925585549561,8.301647805302683e-05
0.0158905032993911,0.00010956089307734881
0.0073764956265308,1.457560809769656e-05
0.0147628143198897,6.441710648593792e-05
0.0077275026265769,8.525280375249114e-06
0.0146580343813687,9.7894110324844e-05
0.0165279846407323,7.696171718356876e-07
0.0097051450374247,2.3155191427484478e-05
0.0162203086554315,9.897911516270958e-05
0.0107215353056609,1.9752138475016945e-05
0.0030491466230141,8.255682135760532e-07
0.015113293555557,0.00010523258773283404
0.0148635940026592,4.4615471695817055e-05
0.0101259895349805,1.6453335565675087e-05
0.0044853923298905,5.08957155080251e-07
0.0101524819586877,1.5240560933956117e-05
0.0071765424259992,1.8594448454350696e-05
0.0051157640518416,1.6044458532397601e-06
0.009810432447381,1.354135277053336e-05
0.018759277801108,0.00013451585046500274
0.0146237049388021,8.153235818721035e-06
0.0132624877863903,5.666286711540922e-05
0.0021841640585228,4.832686874814593e-06
0.0048006978025174,3.652120831349732e-06
0.0145071694161225,3.529435641333508e-05
0.0143883271057263,5.150746441925543e-05
0.0069615455095373,6.133718575102954e-06
0.0131474756041289,6.585094955207767e-07
0.014796452896858,9.341115553496463e-05
0.0185428151753146,6.456615849231033e-05
0.0166743334319432,6.889408232334747e-05
0.0121211386312178,2.1234270637173872e-05
0.0190938436508799,4.350381822064521e-05
0.0133521829251487,4.5580071459086065e-05
0.0078318034121114,1.981739576641663e-05
0.0010524055033171,4.003134690500019e-06
0.0123457914876927,2.8366843612136737e-05
0.0013970480612329,3.5121775533547736e-06
0.0092320736340182,3.384053525363757e-05
0.0171323903477017,0.00011755391593015184
0.006292123725259,1.6844103428088974e-08
0.0169860759039385,4.258958743675522e-05
0.0060777371355522,2.8970255662953e-07
0.0057971871543831,5.346292371408501e-06
0.0120150065877882,2.413058265285774e-05
0.0133549245901138,7.715787730628088e-05
0.0084853153164055,1.0801152283942469e-05
0.0008467527007592,1.0660411575624535e-06
0.0097725113668147,1.1442525159729881e-05
0.0067828172907205,1.860478586501005e-05
0.0138925487846583,3.6470744813860504e-05
0.0009541051614282,5.684964221667018e-06
0.0170535667316308,0.00011252648439678534
0.0163811290339865,3.1484166978121796e-07
0.0170836057866377,0.0001229533415030034
0.0009171384116315,5.23115637084943e-06
0.0104235534626601,1.827954697263391e-05
0.0001004757018795,1.2059677983887128e-05
0.0137359332282177,5.003734972382848e-05
0.0055184083110302,1.782618896113086e-07
0.0099624055526167,1.6505252063833184e-05
0.0151115675696116,4.259244411072043e-05
0.0069293452867944,1.4167884919828869e-06
0.0008125322984978,3.2367077698946544e-06
0.010153291984434,3.241515939611319e-05
0.0019532834804209,7.180903732370148e-06
0.0107633069798646,2.2654175887566658e-05
0.0100037986394562,2.187966942000193e-05
0.0190937139383525,0.0001548425196914546
0.0148540268244995,0.00010972077163841237
0.0155631248194083,7.651050260341627e-05
0.0082844904772328,1.8760090740836245e-05
0.0138803290900645,2.6477361771350155e-05
0.0197616181313545,4.4610089190193345e-05
0.0091136018446625,3.662866208838733e-05
0.0135817475984531,7.047724528144274e-06
0.0057705388846911,6.402528895458662e-06
0.0001327960944793,9.668812599294461e-06
0.003369122049774,6.480614916502996e-07
0.0140774951920159,6.68150250156934e-05
0.0167804506032162,0.00010203004058725266
0.0077306826884169,1.2055099064476083e-05
0.0086144049286854,1.3395574673547982e-05
0.011177961836166,1.8999346649273606e-05
0.0006109478101374,3.9899950528882565e-06
0.0187526297488499,0.00011530272720841339
0.0188507878699597,5.0200346474700744e-05
0.0130209235543613,6.304650799779248e-05
0.0100830255016845,1.072842039884864e-05
0.0154480131306707,5.1430883857672395e-05
0.0010734092473193,1.0859917675717888e-05
0.0137914033465449,3.8221029125398916e-05
0.0168368695552221,8.195817139666864e-05
0.01357042493006,5.53173552254479e-05
0.0161272837645312,5.411649395862508e-05
0.0025236351954338,2.576258437857724e-07
0.0035880426200542,1.6781826106909755e-07
0.0049160925226563,6.571171065380559e-08
0.0116541011401859,1.7495465351933817e-05
0.0180953399012209,7.558372276826279e-05
0.0157628822379002,7.920018129398449e-05
0.000991982850523,3.571937983705179e-06
0.0064674032290332,3.9562142592073576e-06
0.0145777761340064,4.0146993654759715e-05
0.0056146197507844,8.346551976654287e-06
0.0160377843208452,6.244557656530679e-05
0.0141604545403301,3.786360199826485e-05
0.0195924917932232,0.00011541071750260001
0.0161427774887613,9.221103760712363e-05
0.006116992302956,1.0159759699433442e-07
0.004235520707543,1.7314006867197296e-06
0.0187334034230538,0.00010645364074821343
0.016238293629528,6.445063310052633e-05
0.0056168502850362,2.877854925429419e-06
0.000845762515473,1.0129515921476507e-05
0.0130270661294344,2.644132567714691e-05
0.00030701959138,7.021070556712718e-06
0.0124660889727294,4.2102974344657844e-05
0.0153139699978813,3.213232736552409e-06
0.0152689440121706,3.979828265006916e-05
0.0025329264338337,8.928012867893092e-08
0.0189979330905948,1.964573558308502e-05
0.017548344191193,9.402791906104096e-05
0.015156832335571,2.657132399934903e-05
0.003877551678962,6.838122020063299e-07
0.0050671087741106,2.0927344141553132e-07
0.0050055571091849,6.457319339468575e-07
0.0154093196761773,5.8050687427787364e-05
0.0098351249659739,4.2887123758400817e-05
0.0192589249635768,0.00013344786843858837
0.0161321794900665,5.900690180454985e-05
0.001925892731015,6.331767390319625e-07
0.0024058670014521,1.2560043278796398e-07
0.0191580412506797,9.904296251707146e-05
0.0180840282538892,3.1739175597701e-05
0.0054001483432266,3.440068873437816e-07
0.0159171400713886,5.81118057478432e-05
0.0190958311806997,1.839883884773483e-07
0.0117648265128159,4.835695199819325e-05
0.0198273635247917,0.00014331904725761418
0.0067857089891286,1.4029789159194962e-05
0.0109595535077486,2.5105908811152474e-05
0.0186874347148989,9.313890490469606e-05
0.010932777387204,1.8608154141737865e-05
0.0013917395222326,3.840692256220816e-06
0.0093097161773815,3.926208292299866e-06
0.0052370791357273,4.543507461830337e-06
0.0182211612851518,2.0253795048552554e-05
0.0047359802989037,1.8876834377203393e-09
0.0155060776588049,9.627427175888522e-05
0.0027672266841893,4.5984146354565765e-08
0.0115228499412247,3.5953830186067826e-05
0.0127300674979839,1.0935612600314659e-05
0.0119710056189879,3.306184582841317e-05
0.0028077038769351,2.6590255484012435e-07
0.0143370476955659,3.5926218972832774e-05
0.0087675459903336,9.941939640643475e-06
0.0012023610130889,2.3163171283688503e-06
0.019633177164275,5.625770853162523e-05
0.0138164551356419,5.225933768085166e-05
0.0082873975765022,8.668133830371057e-06
0.0155923713256523,2.470532856502012e-05
0.0102815291679274,3.5193987295935395e-05
0.0155659233520067,2.9742103628141672e-05
0.0089267857330525,9.588661990633596e-06
0.0084871684131892,7.380442592529533e-06
0.0151265742524655,5.053610402549557e-05
0.0150390941324205,6.736717396119394e-05
0.0164185891732216,6.539536275133583e-05
0.0171568039088545,7.412069495389231e-05
0.0087795901520871,4.037314899357123e-07
0.0127313948108964,1.240482897176573e-06
0.0150442904364357,3.0269230248959517e-05
0.0121103352296219,6.804773928787597e-05
0.0046189140134933,2.19197783678016e-06
0.0044053753485775,2.908272089220245e-07
0.0083124875962665,1.8589395325794234e-06
0.0031341297013309,7.384413202361072e-07
0.0109639912852088,1.1147089784579116e-05
0.0125470112440981,4.070135072801411e-05
0.0112808776763526,3.596233296324751e-05
0.0128656979190373,3.801027506605633e-05
0.006452788110203,2.9262788908146967e-06
0.0067214820679076,2.5576089138096664e-06
0.0025438273158429,2.9694271255800785e-08
0.0136942342492188,5.589565440069205e-05
0.0179919444571562,0.00012182308346045407
0.0141922310571831,5.77409078199534e-05
0.0134047755332346,4.0176683548086266e-05
0.0044284174205233,4.559422840085336e-08
0.0049618621522113,2.8328054010122305e-06
0.0112884467290643,4.16147145855901e-05
0.0110565170153942,3.2957492353917046e-05
0.0132904147630512,5.983038608751129e-05
0.0150819246481461,2.5186706445149275e-05
0.0133342378949119,4.0194847225282024e-05
0.0098137697272878,1.7056144384153563e-05
0.0072799972801982,4.1425071522494685e-07
0.0180343297532359,0.0001018091171329723
0.0197337216234233,9.829156585787467e-05
0.0170863346017443,3.713653412519573e-05
0.0082239747494349,1.3396009531859168e-05
0.0086170222838982,5.571576194065172e-06
0.0104096845793178,3.461373870098083e-05
0.0180983119495367,6.679755688682964e-05
0.0061825928291824,6.138011543763784e-07
0.0070205473570455,1.7442433420924313e-05
0.0168422072047779,8.319582832999923e-05
0.0195392188274153,7.710686886464334e-05
0.0115386699757237,3.196355911283622e-05
0.0126294912629115,2.443382581433749e-05
0.0055622080069604,5.0417220505935365e-09
0.0091550766088279,5.2953670111974265e-06
0.0193902486413526,7.001813027391902e-05
0.0166913032100658,8.245099344653331e-05
0.0182386017762386,7.769610360855814e-05
0.0192930626473697,0.00010508803880929816
0.0093873237151334,9.779246810200855e-07
0.0073818527844425,5.205637905292266e-06
0.0032534579811462,1.3891890214535447e-06
0.0171871536317809,0.00015062326649520173
0.0081719292349913,2.7143008917158415e-06
0.0162799680210319,3.4253909612589554e-05
0.001477785750178,9.947583349178194e-06
0.0069225376219799,1.0220510136490613e-05
0.0112702746724895,5.100667642567089e-05
0.0082913056498327,2.427226559155288e-05
0.0064504180762751,4.217754790780033e-06
0.0184533101102065,0.00010824257493864534
0.0003844475295597,5.9477456580778475e-06
0.0120651665369544,1.2479559662462247e-06
0.0027488815449461,6.343219304967632e-08
0.0013861328990903,7.014226226248496e-06
0.0142381702283279,3.353741732287864e-05
0.012936510824171,2.82093267595209e-05
0.0008609295620674,2.345607264859814e-06
0.0075897978218722,7.720466963577915e-06
0.0115711423935173,2.126320186222549e-05
0.0122916918008011,2.5468186461294227e-05
0.0002152595587608,6.627522686487293e-06
0.0112979782788175,5.441651149837558e-06
0.0160167159678308,1.9122147168704184e-06
0.0172381312165225,5.553925103119903e-07
0.0051700654709579,7.741741837821326e-07
0.0108021824518808,1.087535155683599e-05
0.0170368489144172,3.9591744784252054e-05
0.0090805197286996,6.7469139782938885e-06
0.0093686840954824,1.3473463047746596e-05
0.0093717431911769,1.1343939458361356e-05
0.0017497089188162,8.788715772745016e-07
0.0078231216624313,1.362574538855161e-05
0.0199356009146901,0.00016710549735592244
0.0133068885984094,1.751882157648794e-05
0.0190022482231751,9.079118874303615e-05
0.0084143440598428,6.3045921174558975e-06
0.0087450180572706,1.1204234187766596e-05
0.0095054700158291,5.260030368718456e-07
0.0172996854137956,1.291970572708173e-05
0.0031725149768003,7.159083838385807e-06
0.0147624359457282,4.651101439266384e-06
0.0090463053977335,1.5151171319261958e-05
0.0018892518152876,7.709031971042739e-07
0.0121487723283903,1.6884981640808753e-05
0.0155294842641893,8.668985002507604e-05
0.0128285645666928,3.4945474663046124e-05
0.0177725071142191,9.110964733892427e-05
0.0147636247480344,4.210486891291666e-05
0.0026062345320616,1.2902791601787286e-06
0.0112673510566641,1.934305553521652e-05
0.0076159266833024,4.460039593386003e-06
0.0120347293751089,6.56103469535528e-05
0.0127756582467812,5.149893598415034e-05
0.0141159907088089,7.007352097968854e-05
0.0150857655585928,0.00010317421689926093
0.0157891753926065,7.554475318706507e-05
0.0093628695191119,1.0077471980385586e-05
0.0181333123774163,0.00010089007482731407
0.0011822340477599,3.213293768143413e-06
0.0050012150752201,2.3851890426613065e-07
0.000629226715816,4.685280102552252e-06
0.0112892679750105,5.447246287307015e-05
0.015025368566527,8.754385304677643e-05
0.0130330641806926,8.579345269106856e-05
0.0115366489816801,2.5086612453883903e-05
0.0074806611147375,1.1899913093284255e-05
0.0141814950047817,9.206730619870857e-06
0.0065398389766943,8.393480853601558e-06
0.0128721026768322,4.441903321094352e-10
0.0169258963030287,0.00011359516578525218
0.0159307535612982,1.7350640659367842e-06
0.0070005497144035,7.3068939567656e-08
0.0065180056283461,2.174253059108176e-06
0.0012537663461345,5.004852061301884e-06
0.0037617975439116,2.5062292483623303e-07
0.0002790714422061,3.23795861549389e-06
0.0148803352110115,7.65763102236029e-05
0.0114615757566612,5.031860279942382e-05
0.0129338230934191,3.5291941340542494e-05
0.0020225134721273,3.090603519715369e-06
0.0175032082889654,3.474462828936249e-06
0.017845296562435,0.00012501562417867781
0.0189821538568724,4.633713704986668e-05
0.0170922110505286,8.478335620774232e-05
0.0064191945726519,7.139779523909222e-06
0.0112581106394217,3.997248202876283e-05
0.0152402927802049,7.130896579915899e-05
0.0067992044750189,1.5656491512427124e-05
0.0141868963535812,4.4281310483560105e-05
0.0118967385280487,3.316699883131872e-05
0.0182016815234095,3.599109086550084e-05
0.014763597965806,4.897932101750476e-05
0.0166800104252845,5.674407774506389e-05
0.014379214545373,6.20723044872706e-05
0.013978855035498,8.420323744594572e-05
0.0028475131322139,5.874211070651135e-06
0.0118957080880242,2.5033922632896612e-05
0.0033960648466409,3.5658692331607856e-08
0.0081393450205994,1.637419901470024e-05
0.0068484075649503,1.3840451383686967e-05
0.0162485145564102,6.96581939029966e-05
0.0071646673667148,9.341241110843215e-07
0.0143052609988778,4.5247288945551244e-05
0.0115551503147778,5.018493754721459e-05
0.0158043156017842,2.7595211132311672e-05
0.0047671256360691,2.5224757207281125e-07
0.0019584915080099,8.782664533986453e-07
0.0029740782102396,4.441715014311934e-06
0.0052994886110123,1.3514748852978576e-06
0.0132796886548238,5.033634067177125e-05
0.0121077881863264,3.40351949077104e-05
0.0060716642724915,1.117635438524286e-06
0.018550948326603,0.0001537093985103445
0.0199248347510792,9.846341140580223e-06
0.0021827083350858,9.737818709250557e-08
0.0117758119940441,5.288735215501914e-05
0.0026796340582999,4.143847328424265e-07
0.0138762165974092,5.784502106914074e-05
0.0008422705479108,3.1224892211034193e-06
0.0081020290908852,1.2393624529191838e-05
0.0041452990387095,1.3557372907071907e-06
0.0072352512269671,4.026298395583619e-08
0.0094357491294328,7.794826167474753e-06
0.0123120181820893,6.742752963418225e-05
0.0033415050506918,3.891521445541223e-07
0.016539694965953,5.871302870385639e-05
0.0105886958609398,8.533893662345208e-06
0.0186666736026131,0.00014256831010085922
0.0047903467283837,5.772391890302118e-07
0.0019704874099261,2.420341868430447e-06
0.01377390946588,5.426766210623704e-05
0.0125901777228497,1.3872822728276277e-05
0.016959638638491,1.1762311816727629e-05
0.0060745133822004,1.4162048631708038e-06
0.0039737116758188,8.305272536985361e-06
0.0170617113007296,9.537036956045463e-05
0.0018268778273379,1.5631056266122945e-06
0.0025370172883274,1.1487576203858e-06
0.007729593533674,5.627215769500828e-06
0.0087045911472676,2.6657937381217643e-05
0.0100354350798577,3.203799999220082e-05
0.0186050619660652,6.71863575019795e-05
0.0170212624099189,0.00015458331590456457
0.0091318072029305,4.499644185593144e-06
0.0173091507172478,1.6775740140769726e-05
0.0025883127746153,1.1301556444854797e-06
0.0189981035155353,9.870323126124447e-05
0.0117691859718463,3.5428708970624045e-06
0.0020294747586846,3.400257556130472e-10
0.0123426222997898,2.082562972420191e-05
0.0165819668902157,6.12997542814505e-05
0.0100483898360887,2.1127913648556476e-06
0.0065776922648409,8.029323043586277e-06
0.0074387104079252,1.7251230551834835e-08
0.0022797446483193,9.089553431503444e-07
0.0088101906697381,2.166537490181645e-05
0.0152769259551977,5.565874706053779e-05
0.0180934859957547,3.1574623397459643e-06
0.0180367925876981,0.00010889282351714017
0.0154305339910468,5.660458114493211e-05
0.0113562695684435,3.83986077267462e-05
0.0147841609037938,5.768236618578206e-05
0.0110393169127311,1.0613392296408032e-05
0.0026994743665761,6.627811781088122e-07
0.0190621960802009,0.00014078045596275428
0.0114746688242233,3.022031471820732e-06
0.0037947054395377,5.2788860878415365e-08
0.0061070658108535,8.119298123505245e-06
0.0130496601098882,3.866746412549175e-05
0.0170601233379823,6.061456102057534e-05
0.0056495335199318,5.837851907667127e-07
0.0150614473546503,2.819501074601138e-05
0.0049583784069183,3.4627931956194545e-07
0.0087230816886467,4.764241754111422e-06
0.0104929063408364,2.5935051708917108e-05
0.0002643892345141,9.197914068494009e-06
0.0158956187037216,4.003413575182162e-05
0.0122295262161059,3.08032511687484e-05
0.0164036328962587,2.829773493242058e-05
0.0122654687021008,2.321490656983016e-05
0.0117511297091438,4.615806262941888e-05
0.0088024064331554,3.334958327384252e-05
0.0199037616049139,0.00013584274448099275
0.0005728541794008,3.983190042258982e-06
0.0001487366414677,3.7568100187772187e-06
0.0038458270444232,7.087565693546346e-07
0.0127384897352029,1.797665916560841e-05
0.0177602303576313,8.910380708049424e-05
0.0196959936159037,0.00014676168077952908
0.0140867553263146,7.08003273924362e-05
0.0061836062164677,4.0485362503465794e-07
0.0074658020654676,7.92954627876761e-06
0.0028285666795671,2.544492777535965e-06
0.0164918000032823,4.95245639990616e-06
0.0144068235065762,1.562847336091693e-05
0.0013731386918722,2.2805610135167483e-06
0.017469521677672,0.0001644748005232471
0.0093015632356784,2.5930286440319866e-06
0.0139146739403736,6.062784423028211e-05
0.0044552191726203,1.2945091482038213e-07
0.004723891249682,1.6760951212524915e-06
0.013829606105995,5.060035879062341e-05
0.0141172255005777,5.444241219783478e-05
0.007361296014669,1.4612485528443874e-05
0.0028411566632583,1.3138969544581533e-06
0.0073779805312003,1.4291418396904742e-05
0.0183072769932317,0.00012962043734667395
0.009554663523225,2.0259490525257315e-05
0.0095561858590261,6.608121789109925e-06
0.0145788146964165,4.974092044377267e-05
0.0152528108262405,3.896699913119274e-05
0.0074331745760165,1.0088625939713619e-05
0.0102297475719806,3.3988291702573846e-05
0.0083738557927758,1.746967014023213e-05
0.007879224778125,2.7523273488871887e-06
0.016541960378912,9.680140178493762e-05
0.0055937027753313,2.5965560710650147e-06
0.0014279607639849,8.504683596539943e-06
0.0081855234013752,9.520476106743264e-07
0.0064661580832243,5.181901499952046e-06
0.008267176943449,1.1093033658652333e-05
0.0089831361730367,3.0055508294239204e-05
0.0084605730066911,1.0391950914396855e-05
0.0164293475350031,7.152281780705277e-05
0.000686834265921,3.45214068650768e-06
0.0100047592076689,9.154206568401165e-07
0.001748786602607,5.444101511650476e-06
0.0170653336343096,7.08548967178089e-05
0.0135923622242104,4.2541490785026014e-05
0.0056666749814684,7.78056005284522e-06
0.0057770393330156,6.812283961091307e-06
0.015410664479924,7.251670612294224e-05
0.0026505560144265,1.170489213490846e-06
0.0033730896838477,5.1551469563940167e-08
0.01735720895245,0.00011820198562395524
0.0043778820485729,1.813355220102841e-07
0.0139195389994074,3.9634833441189056e-05
0.0049916139148629,3.7951477938729025e-06
0.0029781586735816,3.8536812541434686e-07
0.0155935872106155,2.629696379524043e-05
0.0116951928563703,3.0000796079499034e-05
0.0057206610058641,5.079872244233203e-06
0.0127786444307083,2.4398469243831365e-05
0.0038572678930668,9.611540121774727e-08
0.0109933869079132,1.7649812714391285e-05
0.001121869237081,7.127903693656329e-07
0.0124490939419419,3.4543821345036944e-05
0.0041799371750873,1.5005705403354743e-06
0.0143544266846279,2.9027034973296325e-05
0.0153986087404157,5.988834086808267e-05
0.0065081643884838,1.0431316016131848e-05
0.0195529266682831,0.00011661122394160621
0.000472644074869,1.0138571080441163e-05
0.0172081099821979,4.734064945005271e-05
0.0056233562236972,1.7649982542466336e-06
0.0182566507184645,0.00010452044555139516
0.018130135151217,6.128749041682287e-05
0.0102067059847321,7.371301103802252e-06
0.0048240763263931,4.018199571347643e-06
0.0186941066854484,0.00013019533664372423
0.0050248169160863,5.636897589255535e-07
0.003735954371763,3.0724448247679717e-07
0.0088742613309134,1.390877370192489e-05
0.003941316706704,7.396359492984027e-07
0.0095839275054615,1.336652458022564e-05
0.0111493553010177,2.708151246654821e-06
3.30174639288483e-05,1.3848042972594201e-05
0.0185900632443107,1.5877119928751891e-06
0.007082274669875,5.718793176870885e-06
0.0007522002122342,2.62541900472249e-06
0.0110673524641553,2.6415629299418965e-05
0.0058159087577743,1.7684673674920327e-06
0.0157216511930706,6.872896730680121e-05
0.012361769949911,7.899203502505449e-06
0.0165643175542953,7.784264090949215e-05
0.0034411736469009,3.7517514815415267e-07
0.0126334378247991,1.9709058917062097e-05
0.0144683696080559,9.058091185034198e-06
0.0046995373617845,1.2686799847518271e-06
0.0118112278641981,3.868554656777026e-05
7.388786170420714e-05,6.362921731203224e-06
0.0023160435402202,3.006999410622927e-06
0.0007334234912713,1.9128031978040843e-06
0.0135567281246491,4.695922779719436e-05
0.0032782589113272,6.734699282873019e-08
0.0060985772093913,3.6819796669107406e-06
0.0008799401557116,7.0975757380894995e-06
0.0014997858534761,2.048083216282717e-07
0.0148338863997288,3.732791990871342e-05
0.0073676800654597,6.9800475332369876e-06
0.0193976196988861,0.000143903248162612
0.0113228773131601,1.4862566747565878e-05
0.015504737205917,7.05939326941957e-05
0.0136279365128469,2.75362874026357e-05
0.0161012074043463,1.498276344170871e-05
0.0049829184132264,1.6140890057745578e-06
0.0031782443818058,4.8548129167674935e-06
0.0071064707152075,2.3649023146785985e-06
0.0151045521950778,9.639150916300105e-05
0.0060099113128269,2.4980688035483502e-11
0.0154552412001129,6.597321965598233e-05
0.0138601611878094,0.00010122797060851924
0.0071357116917842,9.305767038631187e-06
0.0068285055697642,1.7331532955286918e-05
0.0002449581710229,4.02096546372662e-06
0.0040921497960943,2.3828612729425306e-06
0.0148547330981356,1.8440570137567524e-05
0.0100857975552444,2.197783293417859e-05
0.0167271674332606,7.599301881512695e-05
0.0141220229446436,5.2573870472511156e-05
0.0049938553987778,1.617624610256282e-06
0.0128748016803643,3.928656061785254e-05
0.0010317230493456,1.7936973889490586e-06
0.01351240268402,1.221302802379115e-05
0.0142811342140789,6.891421082159596e-06
0.0146020296198527,4.162024850300644e-05
0.0142414103961173,1.3907050482121737e-05
0.0197231461691565,6.42867707697366e-05
0.0085818170606406,1.290388092596221e-05
0.0184881912569382,8.589409732684128e-05
0.0022429955066425,7.182810619416656e-07
0.0198280709593717,3.6682923087361805e-07
0.0118728529293055,1.327479652547508e-05
0.0159284372243976,8.827857791483358e-05
0.0165064400960977,2.994245616867881e-05
0.0115029276568723,6.100399534881016e-06
0.0118289506260676,2.2381157730490972e-05
0.0081473287075292,7.297814641688675e-07
0.0046873999975224,1.3701277391664932e-06
0.011400283363601,1.6426751929432745e-05
0.0015717290140403,3.291987900436661e-06
0.0086742494188511,2.021527794566626e-07
0.0061096567195516,1.2135737690368158e-06
0.0035590328941741,4.498179687605149e-09
0.0008975074273022,5.502614519603201e-06
0.0197736414628214,0.00015825768186583783
0.0115798552803045,3.071949074335204e-05
0.0165385631641628,6.217636358338696e-05
0.0166967339046961,5.168195593670169e-05
0.0099220782626428,1.598097028951493e-05
0.0170525781097209,2.8264616868101033e-05
0.0193104106969538,0.00015506872349119606
0.0092658012805402,1.1192698000774378e-05
0.005540577779019,1.8495134856869296e-07
0.0029269221722932,3.4849857431142907e-06
0.0059452180488987,2.2586120815311333e-07
0.0055501213322984,2.509940774863122e-06
0.0109367376793878,3.218989581805702e-07
0.018722943230694,9.586907957386932e-05
0.0156313990661484,6.693878943895426e-05
0.0176176179278995,2.340778736640986e-05
0.0001878743177835,4.895983397360894e-06
0.0048030731953843,3.553738463550346e-06
0.0122466758985893,1.8621291826305176e-05
0.0089486325105463,7.100775505637196e-08
0.0084247495054574,8.247431183368535e-06
0.0100683020298395,3.4943360914296086e-06
0.0132416975145684,1.409262845377254e-06
0.0030369275361876,2.8976451320227367e-06
0.0038385471191665,4.6571360536233307e-07
0.0060675449214669,1.6241954643855695e-06
0.0157353045759242,9.730661313617572e-05
0.0157495042012459,3.4123334458154306e-05
0.0011993135031829,2.595901981405032e-06
0.0090908699199205,6.355297220675678e-07
0.0141331035155226,5.180812972553994e-05
0.0086995292310141,1.6160076167577438e-05
0.0103556563023224,2.769641505435925e-05
0.0199356973451158,5.532012199525728e-05
0.0033372817132683,1.1855941730887435e-07
0.0190606482304306,0.00020078075899057358
0.0101249605060702,2.4984499996177673e-05
0.0006147265321612,6.649978861850688e-06
0.0106209998381113,1.4477288621936923e-05
0.0086792522485907,1.445784367938765e-05
0.0087406931063918,1.835996430012365e-05
0.018599471198076,0.0001431003492002504
0.0022194383378103,1.041989054867934e-06
0.001648209981008,5.65870915042111e-07
0.0140956528729028,6.823954824699691e-05
0.0023121678691057,1.9152484083395172e-06
0.0075508001123526,1.619721827666516e-06
0.0136474597387609,6.411831353592601e-05
0.0140542710305409,5.964603812691547e-05
0.0160808862732111,5.75390127018482e-05
0.0108199146370131,4.549808144678263e-05
0.0084920990134129,1.1974047024797004e-05
0.008549966782348,1.4898230281871795e-05
0.0046334151682572,9.485374307466331e-07
0.0146987509737827,5.488766450405929e-05
0.0061022862808409,4.372826223249126e-07
0.0034960643092105,6.941943196773563e-06
0.0144971119034667,6.35717781459865e-05
0.0131959237684983,3.6058622429940975e-05
0.0158289244939129,9.624276894926226e-05
0.0006979554599157,4.551562356739958e-06
0.0065409701304159,1.3132963081027016e-05
0.0101831704329812,1.1348452876526689e-05
0.0045569523718166,8.952891001412572e-09
0.0027305571039593,3.497369975067391e-06
0.0039784318069211,5.597980031090853e-07
0.0170085553528075,9.924943909170164e-06
0.0170301686984805,8.975072670347935e-05
0.014079163885561,2.7060282150657173e-05
0.0092590567890356,2.4948681666147708e-05
0.0007080354110194,3.943302704828343e-06
0.0169143536270001,8.95893199810262e-05
0.0004715024131305,7.712716182920945e-06
0.0051826665558253,1.2510153749910825e-05
0.012855663652192,2.9079909548002948e-05
0.0007325098291793,5.08667687482392e-06
0.0118399201305904,3.173686130462047e-05
0.0189423967303825,9.584751293475377e-05
0.0012545706276188,2.0173917315201817e-06
0.0021888360030178,1.7766590563068497e-06
0.0134151316749173,1.179661333066403e-05
0.0109959530801416,1.1327057953768204e-05
0.0112210234664792,2.07679102517973e-05
0.0188267969394475,6.0911880685342246e-05
0.0157515552905021,7.80903421123258e-05
0.0051715735086118,1.3673789219600126e-06
0.0009591255284193,8.491301723178476e-06
0.0070123119620035,4.642050345162251e-06
0.0026568024312363,2.2370278506544295e-06
0.0057297654948012,6.50673690973943e-08
0.0031432837999471,3.5366554952911424e-07
0.0145507145335797,4.827185396299426e-06
0.0134068512208215,4.739115072653394e-05
0.0078378038309941,1.1346487618125132e-05
0.0138250872502665,6.446081507160315e-05
0.0080691239354589,1.7713893945600086e-06
0.0152995456521671,4.1348853957644105e-05
0.0099503133969057,1.8619596210052783e-05
0.0022730231639843,1.5509006679811176e-09
0.0112105054049657,2.1139712283213966e-05
0.0069048043095646,6.196262808328284e-06
0.0159082437535109,0.00013356859535211172
0.0029606713269788,4.755838674098288e-06
0.0129870232582276,1.5337410547443601e-06
0.0012998581915405,9.84956072158486e-06
0.0067317934526361,9.959742185952083e-06
0.0038959161323721,1.852475570044406e-06
0.0155752005554222,2.2127806251102526e-05
0.0137213748629457,9.0028366658147e-06
0.0094689384069785,1.1580223720080346e-05
0.0016989369023801,4.60295368551882e-06
0.0173661700133797,0.00012307044610941365
0.0113140361928027,3.576199563531883e-05
0.0004899586686652,5.79726907102971e-06
0.0187704769885724,0.00010194670083163493
0.0076522574192069,4.183633097321218e-06
0.0073540961103182,4.504083360723628e-06
0.0015133916161955,7.444699843352898e-06
0.0114558209965835,1.9760249956665287e-05
0.0198092677701606,0.00013019088616518295
0.005738177032489,4.99817158402647e-06
0.0131556647100361,4.421958043084882e-05
0.0168625838406286,7.847684346358294e-05
0.0071467900646362,6.986161029411051e-07
0.0030700855202566,1.6569760134261508e-05
0.0125648088522564,1.5283113363681397e-05
0.0008387049448658,9.963397328122951e-06
0.0148163587010671,8.853670054610932e-07
0.0058732556392654,3.002248753821107e-10
0.0108091185794543,4.4410561599439685e-05
0.0176743877662364,1.6529497219417625e-06
0.0035198767573893,2.2427709658420412e-07
0.0086504517368569,6.46898717414469e-06
0.0124577298193478,2.0256272924757962e-05
0.003005331451807,3.338266334107637e-07
0.0044528298809074,2.1437429586711793e-06
0.0017484486702341,3.262276345363912e-07
0.0013542752176465,2.275502050780318e-06
0.0168541947696862,6.978506237959435e-05
0.012299802172763,1.1576971162651537e-05
0.0171133196118244,0.0001017785204498798
0.0151110082464418,4.2833676425125996e-05
0.0166506145176611,8.441070720415167e-05
0.0012377507342631,7.990902919494944e-06
0.0041455223727978,1.6349804063188625e-06
0.0083519306463377,1.0175733555650693e-05
0.0061562782053232,7.440342544136896e-06
0.0133735669774803,4.595537606384519e-05
0.0144016424826033,4.8312218472750064e-05
0.0131393776379231,4.8866212526866436e-05
0.0018597227132291,1.2234152019063903e-06
0.0079505772705887,2.1873112264832815e-05
0.0121151525612389,1.1764954642961744e-05
0.0113478515629294,4.2840019135498826e-05
0.0049933673990452,3.271046163567671e-09
0.0109756815179653,4.845800990748809e-05
0.0072619562685152,1.3512624914919056e-05
0.0049768891877855,3.657295534962819e-07
0.0026767159390102,2.4398529668616825e-07
0.0166437092277064,0.00011556817864160052
0.0099860986354842,1.9683979744215855e-05
0.0092696943740897,2.810929696986831e-05
0.0070772543721384,1.2510195645690177e-05
0.0024437910929789,2.5693445008478304e-08
0.0195184370447289,9.710177964160483e-05
0.0025518773587629,9.2649828361352e-08
0.0120308264901052,2.4034764561818472e-05
0.0161592608143803,8.413008867366071e-05
0.0087946616899437,2.1204944121684975e-05
0.0151015828288745,6.179625976966849e-05
0.0182689302088407,1.3224686136370332e-06
0.0171271176376089,3.834256126378819e-05
5.957570050317829e-05,1.143507196805485e-05
0.0010607264218238,4.963382107785108e-07
0.0172877590750378,7.767031946227175e-05
0.0099541027359662,4.1791815945303e-06
0.0041062074153037,4.306607988019131e-08
0.0125580737911692,2.9586472375465056e-05
0.0140999236996574,4.096980695685612e-05
0.0146667414612204,4.895367155747335e-05
0.0051511411727117,5.066650372101616e-06
0.0068045530622617,2.2685546720528916e-07
0.0032278779485383,3.266660004682123e-07
0.0059394696250167,2.9645897791928506e-07
0.0059782891520042,5.995870814396062e-07
0.0162555815147497,9.490866705522873e-05
0.017148245418448,8.682442972108968e-05
0.0173486817388617,0.00012002008506410183
0.0078858591728569,1.1035287821634414e-05
0.0086008090457177,1.3189080581877258e-05
0.0173631373243467,7.171756028184875e-05
0.0066937411430006,4.971263813045494e-06
0.0032129041308439,1.2917933672911627e-07
0.0124980345561384,4.499752345537101e-05
0.0167543020227034,3.558272310790706e-05
0.0078536958081919,9.40798088429628e-07
0.0141008442544347,5.3833030845395016e-05
0.0196024863886658,8.667979560145172e-05
0.0159439792643503,1.295500359815174e-05
0.0168650114431843,3.802971019186395e-05
0.0151510295631312,5.701384723606448e-05
0.0092194878481563,4.157743635140187e-06
0.0036328028397023,4.387243377263687e-09
0.0047052557637182,9.210895659999144e-07
0.004992878843444,2.1121625561618606e-07
0.0138552918654766,4.546139556091136e-05
0.0027917235212921,5.824931909207084e-06
0.0114471181270966,1.176944957925365e-05
0.0049866010701341,5.277752190356158e-06
0.0192162047357896,8.48932060954612e-05
0.0154017368062062,5.988424338541211e-05
0.0090967793494568,2.7675962387961497e-05
0.0157197884455745,2.756770009454992e-05
0.0105584323496825,1.1889382218866233e-05
0.0174180124952023,0.00011349341074411223
0.0155435656127793,3.898724766268915e-06
0.0154005736110664,6.458642247584385e-05
0.0165893866994361,0.0001284768255685207
0.0011150971333937,3.920400031468833e-06
0.0142589025879366,7.377220961218438e-05
0.012984253735354,2.319693894624564e-05
0.0040078587089289,3.062069843149093e-07
0.0019088029857287,5.443291948925432e-06
0.0030879323355392,3.6805295164703606e-07
0.0083360107316575,5.5652496833309066e-06
0.0155595672100116,5.5611103443008946e-05
0.0199665985997311,3.809823393445112e-05
0.0113695679675788,9.108182467670356e-06
0.0199251429988616,0.000126447481736849
0.0088261335835233,2.2766560433908416e-05
0.0111505857499461,8.999591022620077e-06
0.0091442716606711,5.54802077207978e-06
0.0032972850809527,9.078963064829714e-06
0.0102737671974862,3.4279332122864365e-06
0.0136177688387058,6.140931854505334e-05
0.0063357588254214,9.342429102243016e-06
0.0003317221639721,2.2650196948437754e-05
0.0181558752371387,7.332690459694274e-05
0.013348545452881,3.4638650229904814e-05
0.0181994525643126,0.00010754195452186218
0.014789509545053,8.100938027450181e-05
0.0125267315109376,4.779357124392053e-05
0.0150051168644612,5.2850286413045384e-05
0.0109095310301483,1.5129013869896756e-05
0.0030104349977668,7.425986446623026e-07
0.0023953094157518,9.88244719433316e-07
0.0069726849366339,5.281581900288143e-06
0.0048862585765855,1.2954918250526126e-06
0.0062163845532209,3.568212923069897e-06
0.0153222390807364,1.2746466881196201e-05
0.0095904240574008,2.786524843264113e-05
0.0023704694721368,1.4518451936913806e-06
0.0036590929315483,2.71061585777403e-07
0.0152671669206624,5.1281914510772407e-05
0.0157945137957411,2.320017549973625e-05
0.0101209525871936,3.6788178628613334e-06
0.0001777357095957,1.3186321424285046e-05
0.0051260522903156,3.810510141647192e-06
0.0105100715723646,2.465284587689956e-05
0.0193110243546934,0.00011190264513649171
0.0199955899549027,0.00012156616320065955
0.0053342677142115,1.872588738479171e-06
0.0059108686942816,4.103999580417656e-06
0.0038188755038472,2.442134048045325e-06
0.0051805362892294,6.206606469302067e-07
0.0162740051444601,2.183786315270936e-06
0.0152616193400639,4.0299018205593474e-05
0.0069719788845452,4.8993935386175963e-08
0.0106516787532485,2.0289458280066885e-05
0.0023372915282703,2.7860444426055813e-07
0.0143488871221703,7.105854321991382e-05
0.0052470179579784,2.0920997896514897e-06
0.0137511869606629,6.105665960693613e-05
0.0197405438487341,2.34288553361924e-06
0.0031052871694562,2.836535682816811e-08
0.0161252509404611,7.67795068468732e-05
0.0156794378117141,9.02489529334994e-05
0.0010672037570765,3.2359927056161992e-06
0.0185215169637122,8.782506294590601e-05
0.0162414785688121,0.00010901990583036201
0.0071550586289788,8.24803727245389e-06
0.0135246974735938,4.8409133698378794e-05
0.0078534841805297,1.3745720182851442e-06
0.0164424955256181,6.22632865014066e-05
0.0125507033716373,2.664880006044653e-05
0.0127544722659342,5.9836215904872764e-05
0.0096434780387863,2.364744405039226e-06
0.0094595009777753,1.5806319819183256e-05
0.0014176642132255,3.4182594796039493e-06
0.0153051278150901,0.00010509009298307915
0.0084131455439446,1.0108220663671754e-06
0.0141597597299675,2.3935393136012663e-05
0.0061914465973803,1.5312683100653432e-06
0.002479013862002,2.7794433948426192e-08
0.0190295886618773,0.00019225185727178755
0.0102100457735143,2.652516469003819e-05
0.0182034441923033,1.8051987793945795e-05
0.0034946604578662,1.3654044044045882e-06
0.0162566066178364,5.8915345726686545e-05
0.0072305536862833,3.8336378574575244e-06
0.0003834189358934,3.829128388928429e-06
0.0065900586841746,2.4470703189693813e-06
0.0094247042221173,7.505830956671039e-07
0.0109183704280663,6.694515302380753e-06
0.01446788745993,1.9169935311430105e-05
0.0161221443951872,7.339346543862462e-05
0.0168341717141459,8.461261768406952e-05
0.0045608398977892,3.76055365421255e-09
0.0029446066179932,6.490984978459645e-09
0.0121405035072319,4.0144951270653686e-05
0.0068000646419918,7.953547055804814e-06
0.0123109661308824,1.2126549988026596e-05
0.017170753061383,7.741691723512901e-05
0.0001070179864128,1.7962984314346707e-05
0.0085466541520866,2.3586751049584575e-05
0.0166881233404974,3.7736380002596256e-05
0.0148835363874002,8.394624449853601e-05
0.0193935138417148,7.17904893365547e-05
0.0171046739270763,1.7946492501095276e-05
0.0183518617229614,0.00013410554900890814
0.0129136791173621,1.3274381566430046e-08
0.0078150299387079,8.958515746322939e-06
0.0075709820120782,1.0744596112994827e-05
0.0071414141219463,1.3493341115995227e-05
0.0083948824144458,1.368301680304545e-05
0.0085923438176553,7.777107922347744e-06
0.0149127691291167,8.031303207551206e-05
0.012577894538916,2.022123696037256e-05
0.0087794564399689,1.4805043662646627e-05
0.0029029065892631,3.1394514058480343e-07
0.016531813444215,1.6235848326895506e-05
0.0115233534196612,6.250826219849158e-05
0.0016745860538189,1.5641853008467647e-06
0.0033576587041688,1.3644937736855994e-07
0.0069993609864292,1.462928315346824e-06
0.0123526167401341,9.235610587865694e-06
0.0180592977873886,1.686069999336329e-05
0.0043222695257617,4.133480998981602e-08
0.0085106478331295,3.0028821185011418e-06
0.0198121987781694,0.00014072226627095589
0.0189007776167185,0.0001349544112456618
0.0088221095686375,3.2622004446719553e-06
0.0106861895819377,3.899169098877153e-05
0.0168662277205836,0.00012100028792727503
0.0008478216385324,3.0645751229204826e-06
0.0178572985978319,0.00010268931517591006
0.0036185642393552,4.1957406547693886e-08
0.0006615757971665,9.304736109646166e-06
0.0106969869398423,7.5510573402176445e-06
0.0153191304671329,7.477877572127469e-05
0.0060597343156759,6.000264562766485e-07
0.001133785593276,7.769186156180104e-06
0.0194018906719802,7.460054165929378e-05
0.0037247693594917,7.43528009354148e-07
0.0136467894584997,5.15274650205457e-05
0.0130633649257153,8.240395464639468e-05
0.0009695402476981,4.729751463721308e-06
0.0162672430565531,9.961053745866049e-05
0.0155236676023958,7.430704354273256e-05
0.0010220138197832,5.721173127110505e-06
0.0045895488790513,2.5895001648186167e-07
0.0074838329912442,1.4634298040245797e-05
0.0149283590053439,5.107764028050023e-05
0.0174299709794019,7.447310841179091e-06
0.0092468880737851,1.7810502468420855e-05
0.0023585589918338,6.425843892217647e-07
0.0136711856481564,3.884661485532997e-05
0.0009747850082144,2.3955860177155425e-06
0.0005086622074174,3.1716381452937142e-06
0.0196875411730068,3.639094181739231e-05
0.0121046157946328,1.4678175977294484e-05
0.0105365794157665,1.5383293538542314e-05
0.0084560317463264,1.1542747448179977e-05
0.0068273642743098,4.350825335843233e-06
0.0073666942083007,8.537210838222086e-06
0.0049592833342981,4.571982163837265e-07
0.0110550245055475,1.0193551276355486e-05
0.0115861629972583,5.7847948904941104e-05
0.0140362432723473,7.064479873983176e-05
0.0172142809114627,5.551103167032695e-05
0.0059684898463525,8.935908864449366e-06
0.010704534890312,9.369085828437396e-06
0.0039033370234036,6.490399469323433e-08
0.0124325942793227,2.4044032990515853e-05
0.0130108523206642,5.8966130402541166e-05
0.0110454882167909,3.810688203031073e-05
0.0013856841304726,1.0065250018222386e-05
0.0071474134169067,2.039352623753105e-06
0.0029999314390644,2.0322130418503938e-07
0.0052800206997791,2.0393462073508357e-06
0.0047287789855037,2.8443503610173597e-08
0.0002798288172155,1.3294738150772502e-05
0.0077745156570271,7.449441082861721e-07
0.0170023527330122,7.061499018240307e-05
0.0181142342461089,7.160209633361949e-05
0.0160910634691568,7.043735596811638e-05
0.0063187108718834,5.808886724133792e-07
0.0158680584078459,6.535532600462701e-05
0.0174096710950385,0.00010108603778946466
0.0143455722891595,6.783697782362988e-05
0.0073061767388184,1.6222908152477252e-05
0.0145469720029496,4.048597967439109e-05
0.0152811994130934,4.888230899898653e-05
0.0113695402711469,2.600884683529675e-05
0.012170271256601,4.1744169986283566e-05
0.0179972502305568,9.633717364894168e-05
0.0073221088789534,2.8838078871183036e-06
0.0114053244839047,2.170154526269406e-05
0.0019470046975862,5.952620961032404e-06
0.0173078497537596,0.00010027347259585051
0.0191923933141511,0.00011399104929502947
0.0014580728385271,1.1810367638097445e-06
0.0088709782987729,1.5605617612447333e-05
0.0135515623996355,2.4255816230209474e-05
0.0095871540592226,2.01321637683842e-05
0.0159053594864288,1.2161266769031938e-05
0.0133831913671251,2.7609044971840738e-05
0.0003302435385219,4.712073224892864e-06
0.0133037309763257,4.235278602488279e-05
0.0123563842960543,2.4817204680365e-05
0.0070633604031752,7.2328183658506075e-06
0.0084272333163502,9.967833541812822e-06
0.0020195756377588,2.3952699242437197e-06
0.006074960608833,7.711072044412648e-06
0.0002282330725937,1.2979524025347804e-05
0.0062052800631429,4.2930090709768275e-06
0.0175070264051621,1.311774102307436e-05
0.0004729662014961,1.068938674324557e-05
0.000597826325493,3.980559865794584e-06
0.0069879304713619,6.015575742094578e-06
0.0055372404095456,2.9430489516630555e-06
0.0199912787658621,0.0001572466518121785
0.0133145332583056,1.8430028208096896e-08
0.0128869702793138,3.960792894898225e-05
0.0076436271556284,1.0619582035900438e-05
0.0034666450429152,7.204692839481996e-07
0.019837896645123,0.00015138968624491044
0.0178476623828319,9.005392484301971e-05
0.0074854617283773,4.074834633987693e-06
0.0118091329747128,4.643791569252669e-05
0.0026298825828957,2.4511340622383277e-07
0.0141092827690765,4.826391543524544e-05
0.0004151383512261,3.1238288128028847e-06
0.0055933826567794,4.4309156347274564e-06
0.0006210982466157,1.6200079676760269e-06
0.0093693565063535,8.102251589926835e-07
0.002316536506758,6.935336188399516e-07
0.0197580543537493,9.902049985296036e-05
0.013190089395382,8.81496644037493e-05
0.0129414476424488,2.6625093345069786e-05
0.0117419626666743,1.5939328799626368e-05
0.0153695646554297,6.531496006243427e-05
0.0102982673146503,1.1949019348691222e-05
0.0015476843252772,4.889442254371196e-06
0.0156471462349732,4.531755916959641e-05
0.012612634265402,6.461355596347103e-05
0.0003926082329548,3.855103848932812e-06
0.0044019984642908,1.0832717146711438e-06
0.0007407097879971,1.64458939522152e-05
0.0020596665046112,6.028514691463814e-06
0.012159945039169,4.896786921370396e-05
0.0054927602026451,4.5328353765023156e-06
0.0080857382121108,9.663026065580757e-06
0.0155174423592507,3.419869743899505e-05
0.0044251222351141,1.5363298423291583e-06
0.0197733818152172,0.00011919302014394816
0.016282036596793,4.044601858849383e-05
0.0152436126575969,3.88369233650992e-05
0.0163376085159278,9.3591306357312e-05
0.017420043811379,5.950864365654767e-05
0.0112291537936437,4.519491963649915e-05
0.0044508395559466,2.5114302823602124e-06
0.0092870919047534,1.5998243242041264e-05
0.0037386679794255,1.7168678184920732e-06
0.006989985072874,1.5667917810277227e-06
0.0008414923250376,3.7125770803645606e-06
0.0036977361003554,2.474366137520599e-07
0.0069991108381629,1.7397882018491824e-06
0.0055108791705279,3.653620249262099e-06
0.0064565039278006,4.821163441075403e-06
0.0008129106735893,1.2496241215868598e-05
0.0094474062661282,1.574615246429807e-05
0.0135074820391732,3.620372691490641e-05
0.0174985497531802,0.00015229531309593554
0.0091693957866465,2.1037241349292513e-05
0.0086939396881688,8.820291159274401e-06
0.0085202303643184,9.749912301699245e-06
0.011723991498734,4.509266549708322e-05
0.0146031770413402,7.392269329520465e-05
0.0089302315984022,1.5763267309715573e-05
0.0011044739481047,3.168348383320258e-06
0.0018834870406759,4.605506810701017e-06
0.0078782383880962,6.811917189728264e-06
0.0111172521058323,7.446796043931758e-06
0.0012404952306585,3.4340940831498716e-06
0.0063763836314475,3.2489278654894496e-06
0.0035140844565079,5.896513858692001e-07
0.0181282163016648,0.0001007937854824962
0.0090170231783642,2.6296948420342384e-05
0.0164367362173556,7.610849212319054e-05
0.0028177829295714,2.391493419972034e-07
0.0126367241683919,2.0152017437322934e-05
0.0103461542151453,1.8857198087295162e-05
0.006819197953078,5.086284045285332e-06
0.0038633752260084,8.617824574476295e-08
0.0059925613324018,1.6957174306855939e-10
0.0026501893409222,1.0894356120556836e-06
0.0068459780673212,2.9922430630051334e-06
0.0008900076957956,1.6077079900096761e-06
0.0010458790464088,3.020626631752827e-06
0.0191541919539907,0.00011616061901892603
0.0023096349936634,5.837380295917933e-06
0.0189489450320457,6.746554975790979e-05
0.0063082384754969,9.957758678224019e-06
0.0153812619819923,7.457615939318679e-05
0.0004422846500405,3.317696821187916e-06
0.0095452674474751,8.099934133375512e-06
0.0146091359267593,6.50253651499763e-05
0.0153905919546209,4.1213611013095405e-05
0.0190614926718587,0.00011352217359940663
0.0132049806471843,5.1661215843143155e-05
0.0085826109228918,6.56273574608821e-06
0.0132153694994038,5.17824198283321e-05
0.0103636190845394,1.4722400191828409e-05
0.002577179027109,6.3772076476611575e-06
0.0004012734634901,5.784643490569067e-06
0.000973321286791,9.644193831278559e-06
0.0136287732527609,2.633063566896286e-05
0.0013439700947199,8.625075915960134e-07
0.0185885542615911,4.6366591301101205e-05
0.0150907273088014,7.572740088239896e-05
0.0132650214419432,6.684885931272031e-05
0.0074482514569273,5.482801609337227e-06
0.0029938536759415,1.2901065270761733e-07
0.0172117701059783,0.00011928152400984569
0.01094551011224,1.8957637081295923e-05
0.0009035827616456,5.7267173891083e-06
0.0101385536165705,2.1958075493857865e-05
0.0174789322589106,4.356265010238171e-05
0.013119662371474,2.584115456027574e-05
0.0028962114295878,5.233888425037074e-07
0.0153498040314497,6.210375009398859e-05
0.0055715085124141,3.58031407022648e-07
0.0129997278892404,3.473776737203572e-05
0.0059508945086602,9.716210424481706e-06
0.0171650309985947,8.715757503500806e-05
0.0171834053172598,0.00011855241736355154
0.0041689310541834,9.784960716404494e-13
0.0194806422576649,0.00014013375990347515
0.0128898127624007,3.7919163955049394e-08
0.014044455774114,5.5327340521287065e-05
0.000900408421891,2.5535597513852054e-06
0.006326862178366,1.0830757183135503e-06
0.0047566258036069,1.2896013228491387e-06
0.0005361354640985,8.164836102493762e-06
0.0074053821547676,5.62797658785289e-06
0.0129797605402356,2.6748736672067022e-05
0.0179094938269371,5.131091332278882e-06
0.0075576657162796,5.792331860343797e-06
0.0040348691503067,7.218204532030062e-07
0.0055603334136799,1.0018545105066116e-05
0.002400310215911,1.7593109327220313e-07
0.0180966891257577,0.00013826784712292977
0.0124517776560856,3.371027862705359e-05
0.0067138410364058,1.2341840649235076e-05
0.0036771414939517,1.0757547534182778e-07
0.0028515248065021,1.0226993339743841e-06
0.0107677064684202,2.4521019796055635e-05
0.0059521732151496,5.333719624791015e-06
0.0017144761573469,1.3213392327689362e-05
0.0027767879061814,3.3717524110076574e-07
0.0160550466581267,3.712277811893387e-05
0.0177253151469512,8.57533596945132e-05
0.019969566885632,2.4659040356338753e-05
0.0128259994293047,5.40203658926362e-05
0.0078967485756869,1.9151992519213785e-05
0.0093480620695941,1.4599095912205699e-05
0.0107196529529262,2.0724370645189257e-05
0.0187918948293892,3.205034766218111e-05
0.0182288760189685,0.00010907856537184702
0.0027307728117867,3.357221430189707e-08
0.0115828777109358,4.6909885219138315e-05
0.00649367358063,1.0133169523482243e-05
0.0158094266356717,3.522216736428455e-05
0.007235234259017,9.671749871441079e-06
0.0073582569815659,7.6213216367867195e-06
0.0033156863296833,1.1583096010549663e-06
0.0188966933121862,0.0001410575608083174
0.0156843583941168,4.082983067912784e-05
0.0114734983037589,1.8742536235804846e-05
0.0197340574957966,0.00012646443754339763
0.0003885140674881,7.19826227991808e-06
0.0179126027614546,5.601890422539718e-06
0.0074722391688422,1.0427116827052357e-05
7.593729895969847e-05,4.106892455965234e-06
0.0001196525392156,2.588430546511332e-05
0.0081455624841265,1.3649099378280396e-05
0.01883650824813,9.807135395181598e-05
0.0153155964492357,5.365443261716468e-05
0.0192340213895828,3.2587737902706486e-05
0.0159915768946151,6.26837248278267e-05
0.0006985412335791,9.682264671644949e-06
0.0063429460554652,1.5638831044214482e-07
0.013029750914916,2.0094683114212126e-05
0.0049908972437595,6.3955903357942505e-06
0.0127888749585075,7.642389759450066e-05
0.0048554422477416,3.1825505015822896e-06
0.0129539328831288,4.8194729600850736e-05
0.0132233846907672,5.232282450867659e-05
0.018099119738247,0.00010037117036311837
0.0020916079127426,7.148774230999093e-06
0.0070078458308673,1.80529060984038e-05
0.0121010007122778,5.5372218599527475e-05
0.0021407277624985,4.084107259502029e-06
0.0168835537263072,0.00010401270346432633
0.0027343528351364,3.743203238892502e-07
0.0009159661815721,9.00187948551741e-06
0.0006873346985141,7.1437109341606906e-06
0.0010774217480193,3.5408175559313634e-06
0.0015419627571085,1.4636582649660572e-06
0.0160472240561672,5.921006228758104e-05
0.004490432933059,6.404089423014194e-07
0.0096157738968824,1.6934060452302182e-05
0.0166783160579656,8.146250269623373e-05
0.0125304604936264,2.8455248262173488e-05
0.0074410301317651,1.2385968494166386e-05
0.0185175278598706,0.00010018388842467673
0.0194293023380223,0.0001404379492360819
0.0032419088011264,3.1082428121503603e-07
0.0112394704203081,3.104419010486034e-05
0.0081486633737129,2.1268567210757614e-05
0.0167845274885761,4.633207377749059e-05
0.0095409267782229,1.6365942695990368e-05
0.0127083348197794,3.171824548203836e-05
0.0047301203231903,2.8830826092579943e-08
0.0086552527917012,1.1723638333773287e-05
0.0071829948380975,7.75318803245923e-06
0.0031316081521596,8.812117191976784e-07
0.0108833707369434,1.4413398188528954e-05
0.0100427691052353,1.6912200213978422e-05
0.0141991923313014,7.159457448706605e-05
0.0199413127100197,0.00011070111721307235
0.0086954412574997,1.8858034917648174e-05
0.0076666873269292,2.7804575127790044e-05
0.0135783036328231,7.652489745570283e-05
0.0172321904762479,6.484252520220706e-05
0.0179010417805969,8.45671772006914e-05
0.0153321368923555,1.789513547368775e-05
0.012371567192527,6.201084701599495e-05
0.0023413034755038,3.13757215223345e-08
1.7410222370048967e-05,1.1457755857323662e-05
0.0056434541389292,6.17434932382038e-06
0.0005570428637768,9.400318005723552e-06
0.0142329693520982,5.474642368280902e-05
0.014945916166717,7.206142030771413e-05
0.0044018523006783,4.634888275654268e-07
0.0062420076780521,6.199751311314309e-06
0.0063757356457168,1.873431691580168e-06
0.006742321683542,2.376910717210043e-06
0.0130737435456306,5.393287531575556e-06
0.0003701657504519,6.054917510065078e-06
0.0109498270938882,3.640329106217649e-05
0.0184395309065422,9.175120357934863e-05
0.0153645202681115,6.0619768210282236e-05
0.0004308997958986,4.689266006418837e-06
0.013455753811485,5.5566935083531286e-05
0.0005903412759633,4.079255879855802e-06
0.0065397378798398,7.758589885607457e-06
0.0060370851929963,4.882634210044386e-10
0.0064456410491638,8.194091029474465e-06
0.0052542477877325,2.949615742141996e-07
0.0108458325966386,6.208539057877167e-06
0.0158300184535513,9.65407539908129e-05
0.0067546691754585,9.5651977570675e-06
0.0072719540724873,2.1851053196988662e-05
0.0075765302081872,5.110801225013116e-06
0.012346933068106,4.5185345256623016e-05
0.0094761066378485,1.933532260635953e-05
0.0039039563070721,9.561372991601535e-07
0.0116320606158799,3.062623038470362e-05
0.0030262753384473,2.4092035238507378e-06
0.0138802554291336,3.083916479298225e-05
0.0167531652346613,9.200616243227102e-05
0.00916204147847,3.754201622941201e-06
0.0030028255844997,2.938859913642031e-08
0.011605536001756,2.6228819212338228e-05
0.0170828166581798,8.291076692754774e-05
0.018298716222559,4.413781387818788e-05
0.0183013110131692,6.147956385661076e-05
0.0082562007521994,5.6490940472047584e-08
0.017304868608464,8.899550290928595e-05
0.0148690640333056,6.426355707691629e-05
0.0116456336569079,6.945037266823372e-06
0.0074217418286363,3.4703910816161652e-06
0.0034025612223499,3.491162139300648e-07
0.0175092689480459,7.98202154236817e-05
0.0170488221136324,1.1848261557254222e-05
0.0194666929775552,5.7323525332497575e-05
0.0137543194090042,2.8292021052728286e-05
0.0056481874428996,7.246374388879673e-07
0.0058336190842274,1.1918974231102735e-07
0.0164355508693895,4.020012545789091e-05
0.0008830879209913,1.6587217090617214e-05
0.0191359648314267,0.00013088411210435998
0.0087797065653494,8.363708638362433e-06
0.0125891096357045,3.3890464216473376e-05
0.0122883542547358,5.422548004693523e-05
0.0024930588421952,1.5686630888943946e-06
0.0180322886729798,7.845356278585063e-05
0.0158833289887003,8.764404787037673e-05
0.0194002680675477,9.730874607060557e-05
0.0188772005268913,4.950501362804403e-06
0.0013866524238937,5.2830303872968955e-06
0.0039771163462525,1.1833839012262829e-08
0.0019120451472954,2.996512274618152e-07
0.0019512107875588,7.304395198538825e-06
0.0153396219882195,2.3702968957291516e-05
0.0196562504008736,3.330520519681319e-05
0.0055522756514604,3.288098319832464e-07
0.0030255407872549,1.565290641026262e-06
0.0049307946743763,1.068833397607273e-06
0.0148834144624693,5.9814515791914815e-05
0.006755833117143,1.079778645286676e-05
0.0096757726797629,9.423261235425613e-06
0.0047873566466664,1.0586120106596632e-07
0.0010659982690376,1.414665517113787e-07
0.005298001995882,4.2496514854139286e-07
0.0011329762056429,1.002568466968289e-05
0.0003916997065979,1.0005066861119653e-05
0.0055837228625244,8.67773386596386e-07
0.0136894767116866,3.0812616983062834e-05
0.0143820800353342,8.34557167812802e-05
0.0166087734021829,5.17935467736514e-06
0.0101475050591481,7.703225299443798e-06
0.007835229029888,1.3192650581530363e-05
0.0016191122796578,1.213553716631784e-06
0.0109904537733593,1.189474228565015e-05
0.0036625243549963,1.1516746699186865e-06
0.0073385031664193,1.2252013825110089e-05
0.0154535957913472,3.283081326562616e-05
0.0148853054741148,3.533808539385924e-05
0.0185322704862187,9.069156487260013e-05
0.0150375244467014,4.213811981618878e-05
0.0142045500937615,3.0112413675075825e-05
0.0081758287579148,3.7729364444614652e-06
0.0199736538506626,0.0001171511740119131
0.0182717158391076,0.00012937119130170227
0.0138205947514116,3.516790002702654e-05
0.0076932473318455,1.3416727216247654e-05
0.0047994841677025,6.056317040845229e-06
0.0080822711729344,3.39547818721899e-06
0.0119838000871686,3.6766611802765926e-05
0.0143913509544334,4.884719259389697e-05
0.0066074936520185,1.137841770435279e-05
0.0134709076858514,1.7773607334132686e-05
0.0119613636037178,1.8841314582307006e-05
0.0040526761431467,3.684502807144984e-08
0.0105261796807594,2.0898579226432042e-05
0.0197421613723514,9.458127895500606e-05
0.0024182646937895,3.093172484835016e-06
0.0028082960579151,1.3716617612730106e-06
0.0097397911881864,1.770599081947425e-05
0.0195775779908799,0.00010551050726478566
0.0107614359334086,6.4960049061329934e-06
0.0067871433719817,1.4550033800307008e-05
0.0193005422071283,0.0001315317747450839
0.0026415292960128,1.0945701560573997e-09
0.0121738375383692,1.3705427861565453e-06
0.0067040809107481,3.0276365961834777e-06
0.0045836152027835,5.959120516135563e-07
0.0153674051116672,3.920690899470678e-05
0.0129897448646505,3.498438754698645e-05
0.0155519870611706,3.000416031142277e-05
0.0041027912635927,3.576820223349876e-06
0.0045000501103412,3.7824280376790777e-07
0.003996857437276,1.4071918013727013e-07
0.0046108340986383,1.6768766340539542e-08
0.0069924786409304,5.243515619756869e-06
0.01239624740018,4.239585314603893e-05
0.0054857406048034,3.2105147755035733e-06
0.0157810853338553,8.18840906258258e-05
0.0138427575197233,6.875457664577319e-05
0.0191851829766244,0.00010304630099203978
0.0090518613415632,2.9536560500820012e-05
0.0186912213083896,1.4482055178140558e-06
0.0031488275743903,1.7436607642106347e-07
0.0072325174644882,2.7347426030607538e-06
0.0078486734495097,1.2060691341239205e-05
0.0183797705877234,6.908163951427689e-05
0.0168829503466715,2.2448122591908105e-06
0.0125148021748782,1.0055745636668996e-06
0.01652305895895,5.6248669864685315e-05
0.0176208564321148,0.00010561373898936205
0.0024368380345203,8.996964886910355e-09
0.0056691564431486,4.792574329719109e-06
0.0168268399815966,4.718733549220941e-05
0.0080361522961467,6.220385413078599e-06
0.0134427503969327,4.662602472745803e-05
0.0095978938870031,3.3977833345537167e-06
0.0090778236312277,1.6120935320557595e-05
0.0193853821293303,9.992322579513683e-07
0.0082740700872661,4.756371783630505e-06
0.0120463043632103,3.996736026568432e-05
0.0146059789003065,6.060320636869949e-05
0.000855492568041,3.3472276286069315e-06
0.0162787087333631,8.850049023612892e-05
0.0011882063782795,1.9379252260642702e-06
0.009629477914216,1.0582884729695141e-05
0.0072832159859518,1.7411128844362845e-05
0.0163561418438655,7.108565970146055e-05
0.0081329873157527,3.883455217388382e-06
0.0061565996892575,3.0442485396411082e-06
0.0145190171690906,5.662140967593397e-05
0.0005875208599065,1.3816465779859777e-05
0.0163578743266826,7.465669660064897e-05
0.0014402658184336,2.715004906860822e-06
0.0134973635441857,2.5370488809043378e-05
0.0033069354209575,6.509464783432122e-07
0.0158368112873083,7.13428009282272e-05
0.0040306963244498,4.5303786593058615e-06
0.0125391659100607,2.256257265366722e-05
0.0152319646324111,6.397147864231806e-06
0.0063621932142308,1.1875877992651787e-05
0.0004257230345945,3.091710996591004e-06
0.0184243684203164,8.898963001084772e-05
0.0168302811613318,0.00010990769489049582
0.001031278579114,4.611411215306528e-06
0.0061851460807981,2.053629457308241e-08
0.0056070643545311,3.304768013396236e-06
0.0030620270379476,7.47461200427696e-07
0.0083548241192758,8.849596911181046e-07
0.0188106236810192,9.803040188736408e-05
0.0164542653377964,8.799842270214501e-05
0.0077301871431785,4.021483068587357e-06
0.0011554629798144,3.455077785223322e-06
0.0061508924283385,5.003218564518061e-07
0.0018265828075918,2.9481631424302075e-06
0.0047462575603256,3.7773787394159754e-06
0.006361242021775,4.690262311485394e-06
0.009878075460764,3.435950847208232e-05
0.0060625459691253,6.23964848081067e-06
0.01338076962032,3.921315344229228e-05
0.0186691270895989,2.490801157315379e-06
0.0180248501567514,5.0266250527839755e-05
0.0177545577058734,1.7014293722739113e-07
0.0018172508387918,1.526559773876967e-06
0.0150922761053406,0.00011426632308009272
0.0055919449039756,1.5755984276987784e-15
0.013710788552902,5.751368856597815e-05
0.0130047570136034,6.080357910977651e-05
0.0099173057126509,1.9884480284068055e-05
0.0124221844817129,1.4403515138332608e-05
0.0007400801281121,9.43992866444513e-06
0.0161573015412726,0.00014449596532363146
0.0058350379168755,1.936429093445618e-07
0.0133855063944722,4.632544806353058e-05
0.007351070067996,1.023395725709413e-05
0.011647708478635,1.671548213477041e-07
0.0004550831710507,6.748086561519761e-06
0.0039496128326661,1.5999425070629734e-07
0.0006001044752585,5.632582752387102e-06
0.0154408375244757,1.791070335290415e-05
0.0109320915801352,4.408265865497048e-05
0.007569489959777,6.500511457328944e-06
0.0166948821841676,6.51264592047777e-05
0.0174277722594527,6.687309353832691e-05
0.0144719848962343,2.6934318503311497e-06
0.0070338174355861,1.2107939937197104e-06
0.010975912149139,1.824500597600225e-05
0.0073216295339243,1.065286332513529e-05
0.011091289010126,2.5344822836872748e-05
0.0076368494668032,1.812362681310745e-05
0.0186515863310563,7.224239781495752e-05
0.0058857998782957,1.6119482051747264e-10
0.006326416233985,1.8746043698108823e-07
0.0122097898401481,7.5094599653398425e-06
0.0032214332324335,2.7581158383357045e-06
0.0062664599981936,3.138282333195488e-07
0.0082940007173538,3.5728442904333965e-06
0.0188900772061795,1.9368982881995263e-05
0.0031492234970265,7.514606816380012e-08
0.0027239016416548,3.87515059271006e-07
0.0146985843593482,6.722602293922821e-07
0.0059565570277876,5.11939208261339e-06
0.0076774472341338,3.6493339443793973e-06
0.0126541292426899,3.9718876314861104e-05
0.0059247762767498,2.675877320986004e-06
0.0122232090116057,5.255680834934361e-05
0.008403880544872,1.2192890115678223e-06
0.0161713354905312,5.322747006228403e-05
0.0193780422264364,5.8444973547143805e-05
0.0189918528843567,0.0001684846160753563
0.0061181751800263,3.8522113947644775e-06
0.0098084921300814,2.473304145011944e-05
0.0087450296060387,2.2544197006528942e-05
0.0072909883072181,7.713170536852148e-07
0.0123719284652981,3.608159195685898e-05
0.0099329913401453,2.3995023183409416e-05
0.0115670419682415,2.844748118277307e-05
0.007953025451456,1.1017751365751677e-05
0.0122231682640909,3.101689653790799e-05
0.0139351594506744,6.455533546828153e-06
0.0122738447897183,2.0533461808220897e-05
0.0088120505172837,1.4549351671884622e-05
0.0171799197343573,9.201273124224444e-05
0.0142786873841066,5.7388160012940005e-05
0.0166505430817637,7.777001956966037e-05
0.0186194225954316,0.00012547310646826289
0.0114551296861725,1.3525763984265697e-06
0.0047744573197114,7.609917744373356e-07
0.0016894600239998,5.0760437590872675e-06
0.0124430532802994,1.3670248214248102e-05
0.0186263288017994,5.459171852945781e-05
0.0183225800879669,9.827133323927428e-05
0.0178790170277248,0.00017432352629991884
0.0037556185763722,4.765933009132158e-08
0.0187436171652417,0.00010378308508884487
0.0003227289349911,8.028230030347311e-06
0.006731581231,5.252476573513256e-06
0.0149866804501486,5.019830423299225e-05
0.001461367465114,1.4727092353620416e-06
0.012362959519806,4.587840927045304e-05
0.0049273771758243,4.23611294918734e-06
0.0077481727141075,8.226997588788558e-06
0.0081086465311538,8.576264901753169e-06
0.0147970767297118,3.618766567927414e-05
0.0056879122855839,5.141221212337756e-07
0.0167197433284177,4.789983536578255e-05
0.008636800585472,2.1021282987401955e-06
0.0171401307575538,5.579729408783149e-05
0.0177673841514471,9.721412860710543e-05
0.0177613006267309,1.4835721655932074e-05
0.0032286797554565,1.7042981239773214e-06
0.0019844994415241,5.887197749110887e-07
0.0074746525122413,3.185031056789197e-06
0.0129450356382281,4.548172212507963e-05
0.0021213199212691,1.5019648951177749e-06
0.0106512923296647,2.7225436497351902e-05
0.0138423001081918,2.747907099844994e-05
0.0093917129472214,3.820247165637461e-06
0.0136848842607769,2.1452641276704682e-05
0.0088481122037298,8.589589179409403e-06
0.0065059867639745,1.619610910206218e-06
0.0028266648685581,1.2756393724146277e-10
0.0049752563953184,1.3952087559254992e-06
0.0126879412241362,6.308271028292692e-05
0.0004950721642013,1.2723500462266023e-05
0.0097037746716626,1.59106133193188e-05
0.0190312783923784,2.7506212137848402e-05
0.000929347329536,2.980346883148446e-06
0.0053837881527346,2.6765066271342504e-08
0.0002442948773918,7.1740598999148176e-06
0.0178281206404265,4.604073056278145e-05
0.0139129276624143,8.850246887890916e-05
0.0065267577010742,7.505574645126813e-07
0.0035088044271154,2.563430344348229e-06
0.012075907980722,3.607431334650059e-05
0.012725019759503,3.7431359272136056e-05
0.0002370867992523,5.124583811400985e-06
0.0151310993635368,5.46066237579487e-05
0.0138202066749051,8.001616248979286e-05
0.004295945377269,1.451542199021699e-06
0.0143577249076337,5.0357052372813164e-05
0.0004816166071663,8.158889064631405e-06
0.0131121702509791,3.203108138172099e-05
0.0090784429647168,2.4966132644837257e-05
0.0031719751380865,3.079994691842389e-06
0.0137382084643335,3.668734813556672e-05
0.0181498799192681,6.946393585655094e-05
0.0162108099917012,4.904276158944069e-05
0.0061677885541391,3.5851882102698666e-06
0.0177432159317654,8.028082053077472e-05
0.0077353336212063,1.7149044469287483e-05
0.0100874619835258,2.702873513862413e-05
3.904386780484215e-05,9.229906916244493e-06
0.0055204395182352,1.7975055434911587e-06
0.0067221778304337,4.9020582279160655e-06
0.0008226279114137,7.5198213576467315e-06
0.0037374768478484,8.857296728721444e-09
0.0113211211406046,4.552896118472757e-05
0.006254773554299,4.19066255341927e-06
0.0066731342023954,5.347310900704262e-06
0.0125882643118846,6.775451905027597e-05
0.0129455411873067,4.3950079898512574e-05
0.0006847503689107,5.957676701651274e-06
0.0137533511135186,8.50067374925006e-05
0.0104775049316717,1.5196575911632133e-05
0.0074540905646544,1.788022600474707e-05
0.0025680998090935,8.924995585686044e-06
0.0089483627334244,4.0064591862255535e-06
0.0058198203527959,6.897168244866181e-08
0.0175385031150304,9.429587840803593e-05
0.0152583557296059,5.104096924944905e-05
0.0049178700155272,6.511649180219063e-06
0.0058386004769413,7.100098428381859e-06
0.0170015401137593,0.00014781712470460912
0.0124936855079186,1.792729845659397e-05
0.0076720568927359,1.6759042404732793e-09
0.0147277967577328,3.0168071728383066e-05
0.0085673287729849,8.620868355916675e-06
0.0007065932272934,1.1774231795370585e-05
0.0114878423331227,3.205986892127455e-05
0.0088836500279952,1.1529960915635965e-07
0.018776208861156,0.0001543167463651048
0.0128688867374954,3.3904316834840196e-05
0.0045846109158097,2.1800726948252336e-06
0.005923609635477,1.1965901607211461e-05
0.0117883013369718,1.4960911059128056e-05
0.0156858971924716,4.3533607782398e-05
0.0106006490691889,1.4585929344179185e-05
0.0065005602843062,5.402910958174424e-06
0.0162424785903192,9.971147695604642e-05
0.0029525252575219,8.776505404063533e-07
0.0068735615824446,6.1936498179892964e-06
0.005094227853887,7.325458220256442e-08
0.0135049673301253,4.892417109211156e-05
0.0085046430135831,2.0436632021537777e-06
0.0068685999092533,4.8076200246676756e-06
0.0088811667404522,1.030434466645874e-05
0.0152932401292848,2.8072281376111967e-05
0.0112414663013524,1.4381358542211608e-05
0.0192031988439371,0.00012739907656604343
0.0161363990332287,9.464846349508391e-05
0.0187348700778651,0.00013652309447897658
0.0117724099249325,4.715587830718279e-05
0.0185279052440846,0.0001380742386229753
0.0193958824983562,0.00010633193833618869
0.0122897931214045,2.775526781229031e-05
0.0103104717048045,2.8051571779369528e-05
0.0128649495178911,6.814753293059531e-05
0.0018109586647814,3.2652042825444755e-06
0.0164370555495987,7.989252364728837e-05
0.0010602259126951,3.2034906481224283e-06
0.0110622461943043,4.344505670843916e-05
0.0025524918633448,7.341233740022347e-07
0.013625687863123,2.892089469680777e-05
0.0156852183997639,8.204620107222217e-05
0.005928403327206,9.94676351720304e-07
0.0168579099796561,4.668940697426215e-05
0.0127951647929601,6.990166757936835e-05
0.0032296892198765,3.245988276866185e-07
0.0145867488298724,4.8509278899789384e-05
0.0071753010320478,1.8401953691336368e-05
0.0161830364460968,3.341464816328162e-05
0.0135252296962308,3.6193998832202295e-06
0.0007389743487158,5.6228499042410016e-06
0.0139787341694509,6.605040301757224e-05
0.0049815828381526,2.471843434650776e-06
0.01838680072474,0.00010432229460776697
0.0164481430160572,7.9418298464828e-05
0.0014079674017656,3.6237012135072226e-06
0.0045800354001748,2.073620676856821e-06
0.0049057056952902,8.382088731110175e-07
0.0032147875025747,3.1219134753238452e-06
0.0120024919739134,2.0113391714152633e-05
0.0095499182820685,2.8448777011819177e-05
0.0160770309492501,5.139835874549347e-05
0.0124453938210707,2.7501657947041416e-05
0.0084900741225624,1.607054800448606e-05
0.003948619125243,2.3798657913717784e-06
0.0119888887585702,2.691666500773491e-05
0.008790033030717,3.821330724958983e-06
0.0007984392829099,7.043748365459906e-06
0.006008937626469,4.776657754172267e-07
0.0010098202567716,8.241165000562976e-06
0.0056731357305116,5.15215656724159e-06
0.017393776730707,1.3240315115393133e-05
0.0149168114802901,1.9800778309285986e-06
0.012928240783374,4.263289986029573e-05
5.838659806326696e-05,1.081108945681538e-05
0.0054500911293706,5.4994072879229436e-08
0.00976673620365,2.334842787766545e-05
0.0082683339119692,2.332679565299381e-06
0.0009103080853734,8.914120436305304e-07
0.0060912940584004,2.1283735733647205e-06
0.0074994201012314,1.07650838009458e-05
0.0041688694566041,9.454298969965913e-07
0.0076100294492737,1.4238066007183672e-06
0.0109436635666822,2.8156543327480496e-05
0.0025581232623454,8.531705909829912e-09
0.0075046832077823,2.05912401556353e-06
0.0021831773795142,8.289169041972475e-07
0.0151163144575414,3.29750829696047e-05
0.018266914523007,1.2544712238305906e-05
0.01140346333586,1.3943298861536445e-05
0.0135545021016234,6.455409005037177e-05
0.0081508245024874,1.1981774927655388e-05
0.001294401822456,7.70961398427347e-06
0.0068789603593074,2.2984715666969096e-06
0.0196721218990885,0.00011210526313383625
0.0186804763492736,0.0001134080455675888
0.018038170713292,9.782550553328256e-05
0.0088354748164561,1.742216304924364e-05
0.0193147796844045,0.00015745287337585453
0.0028638739590153,2.1414680207178947e-07
0.0182750733728104,8.665905849808654e-05
0.0167128946702078,6.367298687105719e-05
0.0143899668044659,9.287730219476495e-05
0.0070186677168509,1.05507282689365e-06
0.0077217750098697,1.0315939180133119e-05
0.008485733374117,2.2079443488949737e-05
0.0162412159295577,8.196594172070256e-05
0.0021131889705544,5.092511514922411e-07
0.0088530040548968,7.025249074439162e-06
0.0060259608496265,3.1829111419494775e-06
0.0165505085110852,7.869982081571259e-05
0.0065507811013095,6.067245881057985e-07
0.018112532997879,0.00014750587212610146
0.0008992791766843,9.453469973084854e-06
0.0138937630319036,7.513579543543093e-05
0.0031753878152416,7.235061005558959e-07
0.004848616514173,2.6713867474889713e-09
0.0020114211114479,2.504929980542866e-06
0.0032955549494756,8.476251845861245e-07
0.0184323795231028,0.0001224541873232424
0.011973395287248,3.528093758938061e-05
0.007012757691201,2.237033474232994e-07
0.0107328166166987,2.3205701103325063e-07
0.0180564862621095,0.0001619445228969906
0.0116258487981203,4.028335372243682e-05
0.0162469677897372,7.645566822122186e-05
0.0178413719035601,0.0001359647879805204
0.0132374802856379,2.877101814770708e-05
0.0005290926794464,2.559950507242806e-06
0.0162103665351455,5.24217634147011e-05
0.0146231555880761,3.515386352591461e-05
0.0009504006514555,1.5670628277312037e-06
0.0091097886220689,3.295433317124604e-05
0.0104694179257102,4.410731194089e-05
0.0124899371733323,1.0713223591725862e-05
0.0197470012712479,9.002719384435957e-05
0.0018622418765514,3.818132863424934e-07
0.0146928760159631,3.496513394788938e-05
0.0119811280048085,3.6453323390020164e-05
0.0040797008245997,6.714879455645044e-09
0.0056224222602924,2.1171769855480368e-06
0.0061933612992942,2.122590431663047e-06
0.0186222048799356,8.839610852635931e-05
0.001105937139355,6.575738995129719e-06
0.015634230009917,5.763242190381767e-05
0.0036206926453595,1.1152426307351093e-09
0.0027324303257801,7.179725251701028e-08
0.0015691453703372,5.4142496664345e-06
0.0003830934265659,1.5012961749579931e-05
0.0038514423642572,8.641987431407068e-09
0.0077012296840044,2.4187936566330905e-05
0.0117819394171672,2.8476700279833338e-05
0.0060265165932742,1.8783385353831469e-06
0.0137639538446042,1.3852521961624534e-06
0.0090347614372949,1.0655267115840374e-05
0.0147151438491476,4.23060935689513e-05
0.0157945354727834,8.200787828724984e-05
0.0014457718900547,2.4784028963313633e-06
0.0071434540349827,3.816663355971852e-06
0.0018673113884499,8.099124486764026e-07
0.0025256514430343,7.105733259641534e-07
0.0071745344715768,1.4295819395797512e-05
0.0025873376838793,9.883992786085433e-07
0.0162404380659489,8.295245016136425e-05
0.0046805876639692,1.6959027107633543e-07
0.0162973017283913,7.675254861827375e-05
0.0050711594657681,1.947409980554373e-06
0.0116716876034066,4.5861302209406676e-05
0.0082692937231195,5.706641561947552e-06
0.0067976163915355,4.682423267647368e-06
0.0098344762920188,2.7580539480797674e-05
0.0005641871844479,4.4741199629151025e-06
1.0894653997313152e-05,4.3017924397623485e-06
0.01928053995651,0.0001472672914265553
0.0127131345965283,3.35946758488391e-06
0.0133862892536702,1.1131983936530274e-05
0.0156505525180911,5.1167094973816477e-05
0.0178615135469106,7.141489877890261e-05
3.2813760440739694e-05,4.192444493391481e-06
0.0148622812069465,5.34775235971058e-05
0.0173960235972779,7.207567253471141e-05
0.0114227129368855,1.202667504073742e-05
0.0004574768452606,1.3184532405854671e-05
0.0071867433751255,3.7679873885643325e-06
0.0194677213622632,6.629909054312559e-05
0.0032604600831674,2.5751572794744474e-07
0.0084637122267246,9.06763069408961e-06
0.0108615927384785,9.936701985928597e-06
0.0148566626595143,0.0001044843362901859
0.0150576502031573,7.314218722806396e-05
0.0008136743103491,5.770352315835416e-06
0.017639886027785,6.689511200084182e-05
0.0141349358173265,2.992613709637215e-05
0.0036630523770155,1.891635378794505e-06
0.0077511506913933,1.1738267746347851e-06
0.0147760868234165,5.600013050648532e-05
0.000786849581735,1.3813100550300387e-05
0.0139129017222278,6.865857878834595e-05
0.0103930202891006,4.088728350389437e-05
0.0064291980460812,1.5481009414053826e-05
0.0019932610345335,9.786353195870712e-08
0.0080043112401144,1.7821077117723402e-05
0.0108557628424381,1.2443346996329649e-05
0.0150371544077316,3.957913929838609e-05
0.0007856479921567,1.0980113782401536e-06
0.014642227929295,6.001969032464019e-05
0.0173814667441156,3.7151424893017e-05
0.0063346095454353,5.931234941989663e-06
0.0103947669988631,1.3994185005915063e-05
0.0112574279461166,2.0602115837099953e-05
0.0189175029527049,8.84455161219899e-05
0.0125348916018958,3.190521220096668e-05
0.0042673963213892,1.2639890423337695e-06
0.0130702119066012,9.32289261600701e-06
0.0061149696363124,1.959713417110402e-06
0.0159480176482381,0.00013129931107737946
0.0037799100414324,9.559284853084322e-08
0.0166771516034425,8.651780879457896e-05
0.0104099967403169,2.5340598527129637e-05
0.0135914014311626,2.0985064972687088e-05
0.0103379940076281,1.8941587087289313e-05
0.0169059177826002,8.360120158727658e-05
0.0071454144122978,6.547277400650912e-06
0.0060079918031525,1.1808649245662075e-05
0.0077552931908488,1.5141087518358173e-05
0.0134722844649252,8.431614257137105e-05
0.0042618083079017,2.9380360468618075e-06
0.0089834003602829,1.4830397716777941e-05
0.0103041184319603,2.4250854419176425e-05
0.0189662836916915,6.719696338585678e-06
0.01112876331231,1.6489062823865943e-05
0.0003953218408796,3.142115376752297e-06
0.003879804902461,5.470127608247008e-07
0.0154399689034292,3.828086714658527e-05
0.0019379406744257,3.093303058269361e-07
0.0095039883247477,1.3441469622393608e-05
0.0009272067241402,3.3649263527918535e-06
0.0071502905749442,3.077887949896634e-06
0.0054075323990486,2.8150266506195907e-06
0.0099979816298238,2.7528450224035968e-05
0.0012162632727254,6.238435664743662e-07
0.0112758923506822,2.9693352035633488e-05
0.0164502024112903,8.451343658786488e-05
0.0139100419598123,2.9296317692749903e-05
0.0198534887138974,0.00011551756329889085
0.001510027804477,1.2690306364061116e-05
0.0195487245568345,0.00010161429667402905
0.0047356811126024,2.316343160893773e-06
0.0121868930244615,2.722728983719737e-05
0.0172953827256914,3.791157788184818e-05
0.0011942881854892,3.5845952226180467e-06
0.0096360211243072,6.647177237105076e-07
0.0167139506821723,7.754196828388671e-05
0.0046553589969173,5.5933083701533375e-06
0.0133551827918253,4.7374129467401634e-05
0.018908049243052,4.184768344988528e-07
0.0115845241725263,3.8731087171791276e-05
0.0184931903307723,4.0103573717924275e-05
0.0093502572982051,1.4551125302040169e-05
0.0153485176714887,6.001442099512099e-05
0.0074602933783802,8.409822988591317e-06
0.0118995707636115,1.6415322511929602e-05
0.007016530571068,1.2591460443226443e-05
0.0042989371971901,6.393667704060475e-08
0.0056851249706817,7.7238862021307e-08
0.0046694504908409,1.307358158103806e-07
0.0048505238086202,5.861341494773795e-07
0.0023148524391518,2.194087885652893e-06
0.0177957511921293,9.772194181458684e-05
0.0148639050324305,4.25769145198254e-05
0.0177901004076247,0.0001082878391795694
0.0074612989617005,2.7026049334534216e-06
0.0117172499123111,9.029314790212436e-06
0.0068510278902539,1.661879674769362e-05
0.00376115400599,5.129806899544858e-08
0.0129730476399032,4.5150799742338095e-05
0.006137543543109,3.601174587163772e-06
0.0081416758378593,7.603815417580788e-06
0.0159551301408781,5.272275876514562e-05
0.018787634363111,0.00010427231960057807
0.0016094572011183,1.067465072099678e-06
0.0181218652788907,7.472141407463568e-06
0.0170161526753874,2.939084975196692e-05
0.0016536651467471,1.8282883701277655e-06
0.0166328326674298,8.440734252164979e-05
0.0023861164059993,6.790646463533085e-07
0.0035381628276048,8.458994782521376e-08
0.0005184266970444,9.082820423480385e-06
0.0098682493775655,1.851251513881022e-05
0.0120982662218259,2.6479173891172703e-05
0.0095718877935649,8.261413824694314e-06
0.0021136734247843,5.892636508661585e-09
0.0144251633051448,3.394324498473923e-05
0.0194249208246296,8.229636968434807e-05
0.0033942006287614,2.9430176639799903e-06
0.0179330812389124,3.869440408192706e-05
0.0172077528099583,7.792156541403887e-05
0.0070197070355215,9.318672347926416e-06
0.0128330508044272,6.147577118609539e-05
0.0070301975476692,2.0431079449337877e-06
0.0182951858707304,0.00011002294556072996
0.0196672465146382,0.00021523263481445904
0.0121523716230848,4.644904275372904e-06
0.0114068878798599,1.7552551915684163e-05
0.0120779362103555,2.458598266439537e-05
0.012223944901381,2.0208239331654552e-05
0.0017177944940098,6.026741218020897e-07
0.0165149221719138,7.674348684261957e-05
0.0121701325949767,5.0099721976642725e-05
0.0034702844721317,6.058091104583719e-07
0.0005226554720466,6.421958075983139e-06
0.0011660449076206,6.214989487251503e-07
0.0199028173911521,0.00015995977992333383
0.0102461663167395,3.101115318273453e-05
0.0014646454897582,3.4907729386695325e-06
0.0039490069095195,2.422801646903493e-06
0.0097211417122126,1.1320521831692956e-05
0.0025835804894702,1.814443714097406e-06
0.00679276333552,5.0565714977784735e-06
0.0142071026083632,5.0991525437275544e-05
0.0023007260382582,5.175679961954567e-07
0.007802658128082,1.3207205438414573e-05
0.0132087931964978,7.086529589717625e-05
0.0004718033903851,1.154361453774653e-05
0.0189337280885653,9.175199189190929e-05
0.018024771150117,7.908501188120498e-05
0.0197887954026387,6.96812754838357e-05
0.0027560973598983,7.021725857885393e-06
0.0058132417470004,5.831299702045486e-06
0.0104614806235637,2.5921895566788485e-05
0.0118585752216175,2.1625697929942328e-05
0.0195397805949231,6.648426568851756e-05
0.0145489483489388,6.99576756831927e-05
0.0196505745679969,5.569969897053425e-05
0.0011667499070619,3.7566469422627225e-06
0.0105762406949228,2.8590114614994866e-05
0.0154120806613238,4.965435451905908e-05
0.0100286396622519,4.880973698225224e-06
0.0109060483335758,1.7102060676439075e-06
0.0189256452396822,0.00012237270225692954
0.0057739747597634,4.501166945242514e-06
0.0172049059638555,7.96412845624944e-05
0.0066795858737963,1.9359739144737572e-07
0.0077204273323357,1.5090963642125058e-05
0.0138653078664607,4.740695992461434e-06
0.0095445381661791,1.9858594163903715e-05
0.0063654478608074,8.256907061439848e-06
0.0188495958086213,0.00011977749335291127
0.0060833195761562,2.8361663093125464e-06
0.0082286209485107,5.748450341337229e-06
0.0112256789037457,1.6259865532539009e-06
0.0142767758849394,9.504978960672151e-05
0.0029947652971717,1.1698905315647364e-08
0.0146857881831758,5.866995889183699e-05
0.01312662180397,2.935556804804567e-05
0.0143584307705569,3.300929336681707e-05
0.018003874488407,8.455862628367372e-05
0.0040233832337008,5.485946298758169e-08
0.0118653212610931,4.188324119894076e-05
0.0085083120617543,1.047523427138374e-05
0.017516591246118,8.740389179144187e-08
0.0093817095519342,8.695954424562324e-06
0.0066564645298455,4.31251160888722e-06
0.0113363369733478,2.2500163144191713e-05
0.0150545543330288,3.004304238721917e-05
0.0046983871205902,6.934406657918362e-08
0.01472354400713,7.44388651646493e-05
0.0137160286984921,7.023972396515115e-05
0.0043412249225617,5.06055949796717e-07
0.0181888380840436,0.00011116476890473815
0.0094792221395314,8.200928691513878e-06
0.0124314871189207,5.131665526532889e-06
0.0131578483061557,4.117270479201015e-05
0.0023500212156379,1.5249254628859976e-06
0.0030787872776526,1.7023669434915504e-06
0.0098294181764754,7.393418750702077e-06
0.0196338272480432,0.00016106437660489542
0.0166916948945605,8.847326217887211e-05
0.0089411445095302,1.898593395682342e-05
0.0188712177681428,0.00010881784285827758
0.0105808103676859,2.5539121859239212e-05
0.013803909729173,2.8400663310531118e-05
0.0123721524139385,5.141010359686013e-05
0.0192261882889768,0.00015332192053756538
0.0131766942668244,3.458331919958572e-05
0.0095266927430695,2.2932557235986012e-05
0.0104471755937375,8.999351284057071e-06
0.0015589457617059,1.3565345114868625e-06
0.0080697065781637,3.1584464300336642e-06
0.0022711829160891,1.3265225050490008e-07
0.0066946137820497,8.69122382704076e-06
0.0081981015616066,2.4822602282467257e-05
0.0056761263601404,6.326004541134347e-07
0.0078301826007969,1.4280719192434345e-05
0.0109418700200172,1.2986634184952765e-06
0.0097915240793763,3.6350126286104494e-06
0.0052114017528039,1.9474222279684585e-06
0.0180194283611396,8.264555208951285e-05
0.0040877455608464,2.8560226759439153e-07
0.0135823042117668,3.296062394200314e-05
0.0179352251484843,0.00011857205805210016
0.0031249363666267,4.428731318115644e-07
0.0041343615392049,1.9682159376833605e-06
0.0022553425945228,2.006714426540306e-06
0.000592186649823,1.2473302398031531e-05
0.0099122260122358,2.0015690309635545e-05
0.0165013505310561,4.26701950101307e-05
0.0144399975839129,5.6654595268672655e-05
0.0191053099523228,1.7309175145980713e-05
0.0184606053169119,7.79202365504707e-06
0.0185934359873747,0.00012997782833864044
0.0109632055130388,1.765169845517124e-05
0.0051129855494341,2.2720210331742613e-06
0.0041125239628212,5.065230873310736e-07
0.0103946518195,2.6910776511932948e-05
2.585885609613925e-06,8.606212021590767e-06
0.0114834841927246,3.166562899523955e-05
0.0139585679438249,5.1765482464710656e-05
0.0119262567120816,2.358343907023357e-05
0.010200690174368,1.177411594876553e-05
0.010593390767214,1.558552377612763e-05
0.0173944422063196,9.81179701738892e-05
0.0034861199366017,3.505345046215691e-08
0.007458756026363,1.23746669579873e-06
0.0015375486784267,5.356366962215231e-06
0.0170800542590707,5.9463936357554085e-05
0.0061876293853853,2.9835981388953985e-06
0.001941392150156,3.570956856687811e-06
0.0084577407724675,9.878179418150033e-06
0.0132757908736197,4.6701968444484205e-05
0.0139366180894727,4.0657750819851415e-05
0.0082634772254841,1.9150874879120838e-05
0.0180896499245706,6.634828538339015e-05
0.0119725192686399,3.888306927114524e-05
0.0081949156775979,5.988355794891736e-06
0.0146082817746536,9.089567438596595e-05
0.0029147464703591,3.0611966665755856e-06
0.0091710464210486,1.785877030146669e-05
0.0160489331125597,9.752270118251894e-05
0.0002772962250562,6.3242190705625945e-06
0.0071687923792343,1.0543870874763658e-05
0.0110551503583909,2.4306622897569693e-05
0.0037915961726838,6.174641713066807e-07
0.0021419580250287,6.295413000218569e-07
0.0192241035753919,0.00012821668507963688
0.0003553172198141,2.0231621252681135e-05
0.009192054986657,1.3104844924474685e-05
0.0163027590254663,0.00011578344606256842
0.0006537295158361,2.362619076152713e-05
0.0030184965722756,2.497196904247937e-09
0.015104504867524,6.422264408663466e-06
0.0193826070864723,9.234971856563426e-05
0.0141576664738471,2.6962038861025546e-05
0.0072618992361033,8.281851895126084e-06
0.0032756127205398,1.4537778556867283e-06
0.0170389664777179,9.102512219737572e-05
0.0104889629244882,2.5802586037118647e-06
0.0090108912422947,1.4413408456484783e-05
0.0110264136008963,5.642375272502131e-06
0.0167826285514495,2.7035396629801286e-05
0.0016356029462797,7.871629909296476e-06
0.0029395126509756,7.582318898379072e-07
0.00922424291439,1.8626302055837754e-05
0.0074769880833132,1.9569998130747784e-05
0.0144073299646318,1.320015550563609e-05
0.015570647512165,9.80680749600011e-05
0.0024393842680641,1.4762029809165722e-06
0.0098255073252252,3.115623177424575e-05
0.0117178877431772,1.88666398616129e-05
0.0135222788573726,2.363655920022325e-05
0.0142955105461416,1.4829518166841725e-05
0.0130924343417831,3.484925179914596e-06
0.0138314681504504,5.046868073984462e-05
0.0196654264714236,6.347572718896276e-05
0.0045987502225307,4.685073571828687e-09
0.0199564768171896,3.1682517551965334e-05
0.0175906340561617,8.087435509624258e-05
0.0114453790167508,1.8675232247257958e-05
0.0115479068013869,4.343019769759841e-05
0.006019591583102,4.722359868172534e-07
0.001807978768521,6.682387014663947e-07
0.0015159397006007,1.5229979991846447e-05
0.009239511498161,1.0122370798654138e-05
0.0154197778431442,3.3758222576698696e-07
0.015187410594586,5.4770661507911056e-05
0.0129515932418091,6.256306894666757e-05
0.0096586305140949,3.2237473303986305e-05
0.0104672332426208,2.6090525874013375e-05
0.0036789328867111,3.035232215527041e-10
0.0167370950306143,3.366453202641584e-05
0.0082869250121898,1.6898520345239823e-05
0.0045172706204396,1.0680918737731505e-06
0.0048258963557666,1.3899957505357622e-06
0.0098994839066344,3.4325760796505436e-07
0.0135543853420331,9.93099798741743e-05
0.0095565509828931,3.210001593522992e-05
0.0110690932256322,1.6022613449214322e-05
0.0194970485976842,5.382564842289797e-05
0.0079256011100519,1.0291091437013064e-05
0.0114064117237042,2.4538705003769747e-05
0.0149762696901139,7.728857087739983e-05
0.014813028793047,5.659400601778031e-05
0.0146841734658094,5.8740662772512406e-05
0.0187753765175435,2.6030254250311617e-05
0.019208295125124,8.891067217515916e-06
0.000709615975895,7.221762710324382e-06
0.0057319980423001,8.766466189277713e-06
0.0178547525968319,2.561256385935823e-05
0.0154041869660052,5.1387199238595865e-05
0.0189466560053198,0.0001480233273933516
0.0136338929491254,3.991810946721955e-05
0.0186509491285361,0.0001045872334820015
0.0004539792031676,3.701865676045568e-06
0.0192216968352329,0.00010858971509402722
0.0037907505737627,1.022475211578729e-06
0.0186209594713316,3.35085160256988e-05
0.0006742423678972,1.350051961451529e-06
0.0120549876815873,2.2042501151640643e-05
0.0041062801921217,4.27789922405491e-09
0.0056437388204788,5.391174303280092e-06
0.0143036799573877,6.14056761376342e-05
0.016551263933308,9.437721695988583e-05
0.0048249972123699,1.5046180217816943e-09
0.0040800455280184,5.073281393352815e-07
0.0116230057433639,3.8890296427683976e-05
0.0082455216808548,1.8508151432623264e-06
0.0029788011340232,3.5149552375843595e-06
0.0187087762352548,8.549753394334029e-05
0.0121184647077007,6.736536285425595e-05
0.0061974256000505,4.979965043020544e-06
0.0180584354744988,3.1911788989287966e-05
0.0022379650370724,6.605385177697705e-06
0.0013380506532018,5.202339436743952e-06
0.0160414800983664,9.95414567411941e-05
0.0186905759133557,6.686075772179375e-05
0.0032888632235162,2.0900734999271034e-07
0.0151240715792846,5.356974858416366e-05
4.045788037155162e-05,5.5666177194677085e-06
0.0139213760928706,8.086508817902508e-05
0.0011719275165674,1.974126681841138e-05
0.011433359514098,4.3526620570206906e-05
0.0065735973203637,6.679626447677135e-06
0.0169481853541728,6.914198396499698e-06
0.0073394431126829,6.617654153249195e-06
0.0123019534285968,2.4026417422429846e-05
0.0099831249215185,1.9685045796758444e-05
0.0170739319933946,7.044422732629535e-05
0.0146982393624252,2.767596132367075e-05
0.0033109213035381,1.28735065039502e-06
0.0075019991896489,1.6913353653184183e-05
0.0062665085712917,3.200035240843309e-06
0.004381027090116,4.161407469192391e-09
0.008060136290646,1.0970593405941008e-05
0.0190161574127184,0.0001410243374596547
0.0054405921788465,1.2280198861353373e-06
0.0106371207534208,2.1432616604691216e-05
0.0080654406896418,1.9131733499729505e-05
0.0193198445337701,9.100580911257131e-05
0.0155655322179596,8.056421810804905e-05
0.0089616688194172,2.685378510708502e-05
0.0029786984852637,4.539556134280298e-10
0.0177225306688334,0.00010407052032791494
0.0174469291115922,4.82353214359885e-05
0.0080825492795953,1.1268422940478836e-05
0.0188161487809604,0.00011151425403817544
0.0123799031876805,5.2596395622931756e-05
0.0085151394532099,9.862176761524723e-06
0.0147827095083051,9.548158908096013e-06
0.0132250640415211,4.151866156719839e-05
0.0149486122907725,0.00011250668470378221
0.0143217707166826,4.593649456473911e-05
0.0039852823536527,1.976684995754953e-06
0.0141637434927056,7.027760991907167e-05
0.0174507216728771,8.714788989768278e-05
0.0140926545231278,2.3836051800898108e-05
0.0195926585717406,0.00012710974610556926
0.000872174950461,4.594626898076332e-06
0.018239173021471,7.227051092345857e-05
0.0107336456193253,1.9331499507981857e-05
0.0062673468983371,5.9197830390406614e-06
0.0090031018318067,1.478922618766506e-05
0.0027565798213142,1.1838534802080934e-05
0.0021052461381908,1.8578704813515208e-07
0.0037401067463954,1.4055085765272256e-06
0.0117250027490549,6.312934489785765e-05
0.0014037704795682,3.0190883152991285e-06
0.0144075069502621,3.915226572255575e-05
0.0090915023580361,7.584817843814203e-06
0.0137769389386626,4.301760296475626e-05
0.0138325297244798,3.777450597095706e-05
0.0113291552099868,3.220459891121089e-05
0.0184423371368474,0.00012349616761585214
7.891656404195979e-05,9.932557623300375e-06
0.0087773697475274,6.203260545149781e-06
0.0098486252700519,1.996406756101433e-05
0.0156714603431329,2.396067110070376e-05
0.0126065169870803,5.279249627036396e-06
0.0102874787114946,2.531333228050467e-05
0.0176284180535905,1.705901573389437e-05
0.0041644226054502,3.270211225613566e-06
0.0013279205422841,8.589100810816882e-06
0.0087817860573572,2.2873786758398024e-06
0.0077580008310826,1.647517026091588e-05
0.0194214454105629,4.969192119041837e-05
0.0182804953831372,0.00012483025915707515
0.007683403656513,4.4131709877584785e-06
0.0179281871080947,3.83969251976851e-05
0.0014882729196844,1.6348901808238765e-06
0.0033334753868658,3.291198002480379e-07
0.0162827117545033,6.6221738226124175e-06
0.0013098038618499,1.3676540064383854e-06
0.0055305321586942,6.18532891828057e-06
0.0193108388354004,7.839858036264944e-05
0.0092324181300648,5.851815624989817e-06
0.0073267920735797,1.9439565576762747e-06
0.0191745939724067,5.2289197849544704e-05
0.0063266374749675,1.780013646629768e-06
0.0157416423196826,1.4315439888809014e-05
0.0159967021669936,5.77715562102243e-05
0.0185933640810285,0.0001598289832398124
0.0100562681732759,1.3962868823409924e-05
0.0165920720480603,5.160020109822949e-05
0.003763563691025,4.5952935606128006e-07
0.0087322389078129,2.811522339029957e-05
0.0008977951636944,6.632488913046845e-06
0.016151249628818,1.489680182621429e-05
0.0184492333442179,9.479979846425989e-05
0.0020488816275707,3.1670628551175315e-06
0.0039033043160112,2.674872416258896e-07
0.0090951324786449,2.3713928898846508e-05
0.007152861385441,4.607994443919098e-06
0.0023433139325395,3.467064974530847e-06
0.0114468933825502,4.831801632606497e-05
0.0188498264918077,9.032929636235107e-06
0.0079511522567148,7.543138487150162e-06
0.0173321490337919,8.967822315984511e-05
0.0181836101790134,3.564368084430126e-05
0.0111291947823343,1.7143453994129008e-05
0.008087850546345,9.389254295817943e-06
0.0175665633006144,0.00011843529930363807
0.0002508130944817,7.4003075150388445e-06
0.0127930228004429,1.4049432829576366e-05
0.0181092724892183,0.00010269889281029745
0.0037098560408894,8.9663945676627e-08
8.318046005600487e-05,4.356295863506366e-06
0.0097690024030646,2.6690805554667558e-05
0.0192313175906775,0.00011468756478257056
0.006277765169662,4.250138417261186e-06
0.0156470758931477,8.29366520514038e-05
0.0088922335599062,1.1345648770803512e-05
0.0194041610730273,5.2446496746997735e-05
0.0085749600973305,7.945669364196943e-06
0.0035611718411444,2.711912626164023e-06
0.0014028293779877,4.7751327869840595e-06
0.0110471094708527,2.2465690583201043e-05
0.0186266947326172,5.203652419899305e-05
0.015744198100456,4.645417065578367e-05
0.0131280404564952,3.682107290704505e-05
0.0141180391016683,3.2920117529458486e-05
0.0149683636623708,2.4104750501779567e-05
0.0029229549879519,2.467292814123855e-08
0.0116756035682901,1.686152621932232e-05
0.0034870448721728,3.2578202066979198e-06
0.012402962923457,2.2065209676525572e-05
0.0007112574548812,2.676621699031113e-06
0.0199071443682713,5.083213633223463e-05
0.0046536582061881,2.8059827750742325e-07
0.0072921390374665,4.700241754103879e-06
0.0161507743199983,5.648102120887448e-05
0.0114257203037265,1.8703122672098696e-05
0.0193726758456056,8.67739133120461e-05
0.00215959256578,1.8177478643944183e-06
0.0007537394184653,5.222313115070205e-06
0.0008284205418079,6.8787252193434126e-06
0.0177521727797884,6.0736282977435696e-05
0.0153999919496576,5.5450597394231345e-05
0.0141555979790694,3.316916431962649e-05
0.0089341998730896,2.2647289664357342e-05
0.0164567120846771,0.00010104804463227125
0.0186106520201955,4.735183893448846e-05
0.0018251355673765,5.572394260657522e-07
0.0182492591729608,5.723618516977473e-05
0.004794094973897,2.2816903926890368e-07
0.0010063953818512,6.648685754314073e-06
0.0048174800204131,1.4086694068070154e-06
0.0137402403030646,4.8224846096119786e-05
0.0117303763567498,6.8231378687016335e-06
0.0067869202393243,4.20275734007297e-07
0.0095872260340412,2.3156445677555994e-05
0.0045883091434653,9.521244077044026e-10
0.0069432389403089,1.3549453424409952e-05
0.0003084168175255,7.345883842037309e-06
0.0012354266544422,5.120866494351778e-06
0.0171858552325374,9.929824163831038e-05
0.0152228934287884,6.430307153590238e-05
0.0153728441405888,6.635170676154222e-05
0.0054272877681919,5.225635508129801e-06
0.0050777988716584,1.2941664586870347e-07
0.0107440942212974,3.434251153123008e-05
0.0163740801234946,7.287120541580802e-05
0.0021331020196324,3.1129440991248885e-06
0.0168687097057023,9.400100053324059e-05
0.0008186810974452,7.3885927050150086e-06
0.0156825034399431,5.6428006945464964e-05
0.0045313007733508,3.6182572273839123e-07
0.0022540746668453,6.057478762204069e-08
0.0197685396202455,9.010203142049439e-05
0.0077589195830873,1.0842939018525108e-05
0.0072072552904076,8.332982681361626e-06
0.0162453658577182,2.7675985086379234e-05
0.0126643658708311,1.8678952605452023e-05
0.0137663611271933,7.48923037387115e-05
0.0191314641331348,2.2485623019363664e-05
0.0183881517689611,5.306143423599692e-05
0.0008774684627831,4.296423045222351e-06
0.0138515778957751,7.177215316161968e-05
0.0117088865078354,1.3366670006494613e-05
0.0018704900357274,2.873027290803056e-06
0.0085196340456536,1.2042084577147314e-05
0.0025109587338171,6.0985505574745e-06
0.0017082909734758,9.030239673099167e-06
0.0130849916677564,3.740638814857818e-05
0.006274789156034,1.7078692174629031e-06
0.0167908080662785,9.5861039926293e-05
0.0091975169964287,3.186292935239639e-05
0.0018995878308725,1.0358313775024986e-06
0.000463285638922,4.030787762311282e-06
0.0125928598320182,4.187025456128498e-05
0.0062403804040611,8.26651634647117e-06
0.0002361215523357,7.693250067084279e-06
0.0167142176690214,2.425002106419555e-05
0.0068659827354225,1.4504147338864143e-07
0.0046774981106531,2.282711393955051e-06
0.0010903086219281,1.1398836283153895e-06
0.0119208583617363,5.126180904058852e-05
0.0155851603702563,5.438074265102075e-05
0.0178063250684599,4.179110809601602e-05
0.004329973735059,1.7059688563181023e-06
0.001626831042852,1.5680630496429545e-06
0.0169373371297104,1.6937944211753554e-05
0.0172436163651576,3.45597271903879e-05
0.0125055944840499,1.908284571593307e-05
0.0140303533641817,5.3463600636722345e-05
0.0195941790808205,0.00010823848078595866
0.0167379995134907,0.00013288120038187218
0.0057867259877303,9.425849263633945e-07
0.0178107027889627,0.00013315357389940047
0.0001836640215113,6.496318998658658e-06
0.0053117665240122,1.2799521712741397e-07
0.0185116916390233,9.171431100485036e-06
0.0108193803595132,3.8672576271075474e-05
0.0161977194152811,1.6067032106642195e-05
0.0001653754403913,1.0312566444765683e-05
0.0106032034939002,2.397243099659615e-05
0.0125240151737367,5.078372077237446e-05
0.008063967302373,4.9261698384128265e-06
0.0068565760300196,1.3296275517262931e-05
0.0086677771478288,5.107422605330949e-07
0.0136219825694203,4.348096279168199e-05
0.0036029122521651,2.8909273064716782e-06
0.0144462682661584,2.6898337698447923e-05
0.0170766260817912,7.698910455444613e-05
0.0121297817008707,3.699220415005612e-05
0.0098547743643041,3.243145202933337e-05
0.0104982566777674,1.8605237103660475e-05
0.0178039892763116,2.7909074112782216e-05
0.0091174433478481,2.8161566660188174e-05
0.0188737791907648,0.00010009084047984312
0.0026714413510191,3.875336591496637e-06
0.0046467598119339,8.97590467411812e-09
0.0182401009129778,7.114689876860078e-05
0.0132886588701055,2.9862069377192393e-05
0.0103438919732854,1.2595009007212262e-05
0.0171770624904277,7.50034753395267e-05
0.0006871946502029,5.67950173538846e-06
0.0141495285910345,0.00012303490868730214
0.0157340548903648,6.843852542683686e-05
0.0096185352556125,2.704858607967621e-06
0.0114930533382427,6.846786604710172e-06
0.0151283010626797,5.858790976714837e-05
0.0136126063317414,5.9703480356943635e-05
0.0175811581418478,1.8163446541411197e-05
0.0180635211093877,0.00012979075119523085
0.0069882979615481,7.420757328509019e-06
0.0045591840617773,1.0698140843371599e-07
0.0167996662405291,0.00011000634945206581
0.0027795102766587,8.868223770172035e-07
0.0071215407317994,6.608345399757382e-06
0.0040118045171225,3.5942944103583863e-06
0.0070985287781314,3.896857555871458e-06
0.0153962326347941,7.185995484673456e-05
0.0020663028486231,1.4578256271762588e-06
0.0063688936129442,3.2310582000189035e-06
0.0152112484055645,5.882543422751465e-06
0.0153361110989114,9.127610461801439e-05
0.0135879026353608,2.1483423617703965e-05
0.0157549358899267,4.250840720438794e-05
0.0196857462174267,0.00014580583924231108
0.0162678724285417,2.197994923324092e-05
0.0110433738468969,3.184473938082849e-05
0.0165681857058754,4.265031266367375e-05
0.0035044979594247,1.0809829634848797e-11
0.0162512973930879,3.178534510789322e-06
0.0183837143770965,1.0011332703095323e-08
0.0017220568888849,2.1110077581417414e-07
0.0064706220476657,2.093694724538752e-06
0.0166761885250621,9.095140921113864e-07
0.0019688854174511,8.567663043460956e-07
0.0034211674488919,2.5237911946433814e-07
0.015883535212906,1.4103169596910273e-06
0.0024206046990546,1.863511399427436e-07
0.0030868113629387,4.174164728300566e-07
0.0069642741828895,9.069684561173605e-06
0.001162643426147,3.5862477842769385e-06
0.0180084119091263,9.462819638093028e-05
0.0140566537823392,4.418429490568634e-05
0.0059282833635612,4.6107541965638015e-06
0.0107464723005349,3.403101353856631e-05
0.0084666251909774,3.919614285760005e-08
0.019746002621766,2.7433055641135166e-05
0.0098502591247598,7.618544748188154e-06
0.0063232748955737,1.135867506867611e-05
0.0169721818110361,6.950211958875719e-05
0.0066763603370616,5.881243394486995e-06
0.0066983152584054,2.4601290919356795e-08
0.0008807841809135,1.1495086281364717e-05
0.0128606005909929,5.905238746575923e-05
0.0094370846375507,1.497086075413129e-05
0.0001847209577826,5.590433440400421e-06
0.0001361703956727,5.579687291181088e-06
0.0159898124430564,4.43295507640383e-05
0.0130573733825535,1.753678664221334e-05
0.0107344081420826,4.5112507610193716e-06
0.0197172225432995,9.09491415134951e-05
0.0077331265066618,1.823886777273197e-05
0.0107007219236184,3.169084639782443e-05
0.012550752677668,2.7731090747135866e-05
0.0006423584556601,4.9497487157597555e-06
0.0152958249852876,3.1488281851766746e-05
0.0002010920098547,8.58406258239889e-06
0.0074838786053436,3.7145942324102873e-06
0.0152678456536704,6.592669162797929e-05
0.0121470504663992,2.352808122831426e-05
0.008716504284486,9.601667066695531e-06
0.0126749636113692,7.971700501364619e-05
0.0198793352523257,0.00010580111186698512
0.0163005316604585,6.592230635170383e-06
0.006296197158219,2.09662324869924e-06
0.0101652966815279,4.376082835986424e-05
0.0186031056879026,0.00011093241588202804
0.0022232159325812,5.345119948479789e-06
0.0122370035771383,4.869037659900019e-06
0.0039509162009499,2.167157086398307e-06
0.0153381763464099,8.880752804614974e-05
0.0081521577690526,3.0269869699674454e-05
0.0074361048538936,1.1216539720318348e-05
0.014275799718019,8.225296273726584e-05
0.0111702855375239,6.5442177660788116e-06
0.0028026831326577,1.1214224348918135e-06
0.0130639207066359,3.714908892611853e-05
0.0198271580272004,0.00013133696901791378
0.0128344098161423,3.0298389728782995e-05
0.0012213074217899,4.564015379399362e-06
0.0102512143346467,4.5322377277835774e-05
0.0188871877357284,1.4369994494845501e-05
0.0120660512122771,4.748421789428244e-05
0.0051416459623888,5.125782763544806e-06
0.0005809204954617,2.12878847259167e-06
0.0149193483749164,1.1230677121023206e-05
0.0088281349632417,3.115183637885474e-06
0.0021681825186912,2.452493713619117e-07
0.008925173330684,3.535852553231558e-06
0.0111267757744497,4.5012756916254895e-05
0.0132959351211093,5.1570848555133266e-05
0.0156619052888686,4.424178334780421e-05
0.0135776271201551,4.8703255157609476e-05
0.0139512178501765,5.202019246720682e-05
0.0085765494699725,7.87407406357078e-06
0.013218954447929,2.774918777549366e-05
0.0097275451447019,1.6438852752738234e-07
0.0101266288157211,1.5253448217163764e-05
0.0042870193070929,3.6385417404728844e-07
0.0193611884583073,5.8647630308936314e-05
0.0019940837367878,5.6878391434247415e-06
0.0144579755568366,3.923633393756108e-05
0.0176945409871171,7.48836721773877e-05
0.0045560502543346,1.7525588847092727e-07
0.0184394157188452,6.301143397217911e-05
0.0058227235621409,1.7492347478406563e-06
0.0046703796570526,6.132044032542578e-07
0.0108188565334412,4.772091084662836e-05
0.0006116411509159,6.826929106303805e-06
0.0004189120339455,9.34426322023658e-06
0.0157692670871641,5.9039224969736343e-05
0.0094184305632489,5.0372066241267095e-06
0.0081859288704987,2.1647739589571143e-05
0.0021396316130468,2.441713613616706e-07
0.0086535412705985,2.146819684384482e-06
0.0195465012522847,0.00012963337179507952
0.0076205669938946,1.5418074983919627e-05
0.0108886768400687,4.579955967883567e-05
0.0032875915841586,9.710924943605444e-07
0.0022889880294217,2.8795780776289244e-06
0.0188171538624773,5.955459264202942e-06
0.0164700987872864,6.42099701712713e-05
0.0137511773712103,8.542420159387778e-05
0.0123968784874029,4.137370912880849e-05
0.0189883369789048,1.861660984552833e-05
0.0050275509667536,2.8244717316577245e-07
0.0001556972218327,1.1057948017915439e-05
0.0059468267724017,1.0035877463491224e-08
0.0159734141520764,7.272556203307867e-05
0.0131672333777862,6.018652228900887e-05
0.0150916678749646,5.812383273887249e-05
0.0015009076351889,1.0284840287711893e-06
0.0197354808342483,0.00014184841201166657
0.0191500559296571,5.2355789380104884e-05
0.0109151082296109,3.1800947696377496e-05
0.0127815182392127,3.556669068967708e-05
0.0173864487427563,2.0413271799715865e-05
0.0076366713807507,9.460063571278908e-06
0.0172234233544975,7.580863699405083e-05
0.0187412022833735,2.9098344299723515e-07
0.0096453330426491,1.0772537763403463e-05
0.0084996656371253,1.588743554788518e-05
0.0151702253160854,6.501843574689438e-05
0.0057672946575023,3.5428990243901563e-06
0.0090098136418221,3.0155213810318926e-06
0.0052097620809969,2.8716495727710376e-06
0.0097986221930836,1.2666718422094865e-05
0.010768888169831,2.4152062469873267e-05
0.0095239812021145,6.117665728914385e-06
0.0135358937792238,6.221658836346253e-05
0.0031263723531294,1.1363092652226224e-06
0.0076948404542361,1.0698018511171123e-05
0.002032581253376,3.979437778429809e-07
0.0065686578722759,5.831162013233725e-06
0.0027805399726727,9.035336209144645e-06
8.548121439936995e-05,8.258232597635979e-06
0.0082709053086459,2.3338731738082666e-06
0.0143945886120809,2.3292431547252143e-05
0.0047056787747733,3.93005783449093e-07
0.0041882410644523,2.6941275386629623e-05
0.0111796426594431,3.423922519327417e-05
0.0139052023828825,2.7721545665046606e-05
0.0162976668047639,3.772817050994937e-05
0.0034600972630596,2.278693546397699e-06
0.0060104791104004,5.848184800373385e-06
0.0110682532957213,1.9443956439423046e-05
0.0114924674077377,2.5305894372263474e-05
0.0138851778710391,4.415143678009834e-05
0.0133173821057523,3.9250255641418535e-05
0.0092221664161536,2.724780172360047e-05
0.0147449781353015,9.984602746112858e-05
0.0083052704725905,1.5720449055604637e-05
0.0051327167773594,3.4543260047648983e-06
0.0147105757502666,0.00010295464720780263
0.0127901755338545,7.295917307782352e-05
0.0151191594822091,3.865103063610236e-05
0.0116954086339698,4.2366903586052254e-05
0.0161426610058497,7.501751613340338e-05
0.0123910568901524,1.1783425883810121e-05
0.0102528115233793,3.307984272679258e-05
0.0022669103316912,1.8470328708300737e-07
0.017421326228151,2.6540759889173544e-05
0.0095249267821829,2.5185238610676855e-05
0.0167341223366457,2.6025151407662357e-05
0.0121692961605637,2.0892588330047548e-05
0.0076253731182343,3.5180024419729887e-06
0.0097746423357018,9.463534692563502e-06
0.0175672779620534,6.947330595969654e-06
0.0198655327421642,0.00010655241776730594
0.0183736188246136,8.203407878111341e-05
0.0023451496526682,1.3548423423083194e-06
0.0099394549122952,5.575193981426721e-06
0.0001909846575763,8.926432471951102e-06
0.0079861030000746,1.2471180132373005e-05
0.0140182445366633,2.226751765208204e-05
0.0065920730530838,7.684173532965863e-06
0.0009004213279603,3.427529703443197e-06
0.0078476504573888,2.0564033834348817e-05
0.0013409482321108,4.641170154603494e-06
0.0188051919839084,0.00010262500354905577
0.0188721636427574,4.306579131422818e-05
0.009091059790265,1.5754700744384775e-05
0.0185135232114694,8.848714318405381e-05
0.0181910438589452,0.00011981389877972951
0.0054586658308969,2.475171369933434e-07
0.0094002613646041,2.090644716041055e-05
0.016558124038076,7.198760630534465e-05
0.005490795116607,5.374419645131046e-06
0.0154837380980321,8.915239083451933e-05
0.0080248500689386,1.7554930578457237e-05
0.0038098467144138,1.0861270691134886e-10
0.0145139058778816,8.710363434926e-05
0.0108091581933067,4.2579743191801096e-05
0.0102784999903732,1.3583623065674933e-05
0.0028525990532508,3.4384053086834515e-07
0.0142082213362113,9.652629831043543e-05
0.0090583649328914,1.6190231453014065e-05
0.0078765484865408,2.119297214923675e-06
0.0097491994329036,2.2954784036717867e-05
0.0190159695086654,6.450339643308814e-05
0.0072739105218962,1.77800548986303e-06
0.0048513180479058,5.119638342516486e-06
0.0017527415807177,3.7728008603031377e-06
0.0177080791888106,0.0001062052667093745
0.0120223986218068,1.1944866087749977e-05
0.0087309452834188,3.469434656944007e-05
0.0060800805440281,5.447761878922587e-06
0.0127824595581792,1.438936817576159e-06
0.0073160128271731,8.093998335253442e-06
0.0021324611347568,1.72652266053228e-06
0.007630034127963,1.6724585814425413e-06
0.0040928766898766,1.1762526158540532e-06
0.0059848626749478,2.5849849499205336e-14
0.01349541536343,3.851730454160188e-05
0.0104247388534611,1.7983257329075106e-05
0.006457146899013,7.651916825392132e-07
0.0006067114718166,7.2838498665931195e-06
2.922699315809352e-05,1.958118286817853e-05
0.0180451117314084,5.348963017326246e-05
0.0072164927020368,5.3411673139191274e-06
0.0133577818617123,8.35681363200171e-08
0.0170984057764548,2.824138092940493e-05
0.017482294796812,8.93743810530481e-05
0.0124873812965816,4.2426891849817e-05
0.0100218055820024,3.6668106746404104e-05
0.0181686559476794,3.0053192940879865e-05
0.0015875506509729,6.480953167684256e-06
0.0107149442965298,1.835687631095325e-05
0.0147618247838961,5.15210820842918e-06
0.0076334655801812,1.3548164201565261e-05
0.0012226238874549,2.961173205748368e-06
0.00357119217545,5.295285327701259e-06
0.0083921863871928,1.2575085864192729e-06
0.0038456029473468,3.4141880528992844e-06
0.0053326438418169,1.0878018443702682e-05
0.0168432505089533,7.455908944722945e-05
0.0092313929911244,2.464910482853329e-06
0.0076562752219534,8.029449259539209e-07
0.0147081096857926,5.826459671532512e-05
0.0037762338628791,9.821289165762457e-08
0.0075858484964267,3.280229901127733e-06
0.0087851273051753,1.5732480754255732e-05
0.0029336739241265,4.6170199104678174e-08
0.0090485868743523,2.35546588332556e-06
0.000763813019457,1.7880028379791304e-06
0.0065149681151308,5.701086358035888e-06
0.0075671171200135,4.943180673452858e-06
0.0082846443008239,3.1889566831977856e-06
0.0008142738001713,3.406655348562889e-06
0.0132265596769473,6.515036281775506e-05
0.0096975307726531,3.9887588786041935e-05
0.0079224651339671,5.129404172284607e-06
0.0032733924111765,5.832163964286687e-07
0.0126559459424666,5.5144856268333845e-05
0.0070034980551281,1.0266084319557797e-05
0.0073831226637843,6.916643301196701e-06
0.0176804277350736,9.387726589214009e-05
0.0136447683812226,4.522458185817875e-05
0.0116964818918174,1.1063883666403557e-05
0.008340799442644,3.1984955790632413e-06
0.007229190318304,9.52515060288425e-07
0.0055423007350239,2.5933990357522273e-07
0.019691731413797,9.415935487823257e-05
0.0059420490051233,2.6952846474357495e-06
0.0147423946844921,3.899419826431961e-05
0.0120561071633776,3.1035727563858854e-05
0.0199963482252757,5.277934630087204e-05
0.0168315489521051,6.383628862215892e-05
0.0030224484967091,7.491425260802793e-06
0.0179785196185516,4.6485107389180874e-05
0.0071720375309459,1.3279538228328977e-07
0.0156847016870419,3.5673628185788817e-05
0.0070243913511387,2.4589572602441205e-06
0.0086781709569142,2.613021032454409e-05
0.0107129294228494,1.1064032844571673e-05
0.0166942498609547,0.00011228010932405105
0.019823690581564,2.1302765411022683e-05
0.0049353458207977,1.6167821040992905e-06
0.0033002633895194,6.120407977530011e-07
0.0107086749035961,2.4568519664239743e-05
0.013484139707273,3.61793700758562e-05
0.0101102693820967,1.0712928914868333e-05
0.0165374343008263,9.56298168344203e-05
0.0030637680061737,5.732157987391187e-07
0.0184065582861762,5.0169062204241195e-05
0.0170374364503109,3.054758517294927e-05
0.0122092314582496,4.4867130512627604e-05
0.0090216117114993,1.4061347333994445e-05
0.003751966548326,2.5290178998225144e-06
0.0121042640315396,1.5248250886980402e-07
0.0058298932725092,1.7745952494515744e-06
0.0154352536210886,4.559417734250588e-05
0.0137026960678135,3.891045813124208e-05
0.0062776058892598,4.585852253736775e-06
0.0094419597274014,1.3699345555337664e-05
0.0181198395080879,6.108504347841095e-05
0.0004520266002885,1.564643962075461e-05
0.0196704936192857,3.0374944905182996e-05
0.0074485155169487,8.743253056394457e-08
0.0026809463181868,1.3806412330937428e-06
0.0151349350922439,5.197242604872901e-06
0.0070713938810985,5.393815812252464e-06
0.0091972299239561,7.730814055044648e-06
0.0027896472729042,3.214688650398381e-07
0.0146717197500445,2.5012248444162426e-05
0.0038667057597311,3.6957019779666135e-07
0.0102709113906092,4.242590813496301e-06
0.0009810302570045,5.653361395657001e-06
0.0113325039072713,2.8403236356170796e-05
0.019257506018708,1.7868688289477329e-06
0.0182181559508829,0.00011203235324010461
0.0084757605206217,9.391755278129767e-06
0.0046055850466657,1.5139294718475493e-06
0.0006795439059068,1.4937452092110705e-05
0.002900018994997,1.7216650647241253e-08
0.002522101126375,1.4112411041753671e-06
0.0046215309555057,9.09589601072664e-07
0.0180122891535316,9.680030222601534e-05
0.0062549053632435,4.2165609557321666e-08
0.005478232187019,2.7902923083778577e-07
0.0173568207349215,9.07753880713261e-05
0.0172622713678863,7.941605195242487e-05
0.0096821901416017,2.887944998997086e-05
0.0080994245078865,1.4926389788107408e-05
0.0194863889367871,0.0001672608458619667
0.012123320661915,3.933514193410665e-05
0.0047785958504606,2.4619408906744195e-06
0.0128260212749906,4.8603316655665246e-05
0.0139489371216076,4.5621947291833885e-06
0.0009010942217833,9.473732054741928e-06
0.0026846976863179,9.386363166354873e-06
0.0015783105628388,4.6159921964358064e-07
0.0006241195571672,5.337721663472551e-06
0.0010503288714568,3.2881199228730775e-06
0.011916607716742,2.2420790068338913e-05
0.007832312975044,2.9667366996441546e-05
0.0192633849274882,8.42524999655388e-05
0.0158903395775095,7.279198005431666e-05
0.0026663897374096,2.0303929871017903e-09
0.0131277763436205,6.154877277899675e-05
0.0098192288957537,2.7939550807308504e-05
0.0150617277277916,6.706865519345883e-05
0.0112706803694384,3.1409479111383254e-05
0.0106701320961439,1.0877434058205322e-05
0.0050490778204313,3.540289746050149e-07
0.0033689603416343,3.037313900569567e-09
0.018521094176104,9.943796024757743e-05
0.0029458823105194,1.1829676518699117e-06
0.0165822855887112,4.8818864614606845e-05
0.0156958341964171,8.158579739057963e-05
0.0111201731443648,3.0479131177798818e-05
0.0094278924179132,5.509383218256205e-06
0.0129433253682064,5.851391993626512e-05
0.0129770480937213,2.3323333973802705e-05
0.0077236446686052,1.0030431466067541e-05
0.0093984385284298,2.8453296094250803e-05
0.0035103377686609,1.2316233037205804e-07
0.0103370099935384,2.2580139306815734e-05
0.0122885753225706,6.443940738842379e-05
0.016999385002497,2.7142981643879094e-05
0.0067862709765131,7.188136267034179e-06
0.0193011662707084,5.161686758122135e-07
0.0065161808357108,8.109723116642528e-06
0.0191981903796021,9.588058315774717e-05
0.0055162395125751,2.5168497813523723e-06
0.0163969500033369,5.765069787501436e-05
0.0102688894741214,6.107448352262422e-05
0.0055611949472347,5.310131438127127e-06
0.0071031024440187,1.2924741953115778e-05
0.0072083539197368,4.746428416353641e-06
0.0129522843529828,3.384050375535423e-05
0.0181567755626537,6.445790506040288e-05
0.0052693775926732,1.280120980563947e-06
0.0047575936385665,1.5521471276639448e-07
0.0108192612852294,4.011229033970186e-05
0.0156425425066843,2.7963124818644664e-05
0.0060972171044038,4.756958423355504e-06
0.0115911381349538,2.8871745978269474e-05
0.010988131578305,2.24739546137082e-05
0.0156195426246811,5.932759935669699e-05
0.0086409842132115,1.4468171766636975e-05
0.0066858303482667,2.296241873332477e-06
0.0094609357133856,1.0182767543387633e-05
0.0009418763330585,1.3287291511780798e-05
0.0110699339377436,1.1462922643290626e-05
0.0058193467565517,1.7614199208499237e-06
0.0003653550132375,5.250304938565533e-06
0.0061891646195251,1.9766183851544615e-06
0.0092687066224687,2.1176716064032842e-05
0.0098958512431177,3.2886080443787634e-05
0.0184487515442443,7.942339537193585e-05
0.0167281467776533,0.00011968053890769076
0.0064059406021809,5.18663651911608e-06
0.013789857080934,0.0001051366830613328
0.0194898781112708,0.00012126454001168996
0.0134699544711726,4.480679587488961e-05
0.0011080463041721,2.701861147251513e-06
0.0111961117888329,3.934584992040835e-05
0.0106163092421204,2.8723096666941696e-05
0.0138173352949664,5.077006179355994e-05
0.0121140442595358,2.747711736582966e-05
0.0176025943407487,7.733964748769433e-05
0.0039538482507748,2.579537836074696e-06
0.0178892771134148,9.315890981325854e-05
0.0100159207861662,1.1940040528602148e-05
0.0076356440476468,7.159427150136169e-06
0.0084810758932053,4.640221583866571e-06
0.0129999992773304,4.867649818690534e-05
0.001468138008727,3.4129844656271315e-07
0.0001410812713792,8.503835323210941e-06
0.0020430920658789,7.278887776068583e-07
0.0037380292146042,4.251358355093033e-06
0.0067275346395621,8.665997554378253e-06
0.0176322024620538,0.0001356715857918041
0.0045979428650535,2.57597920350704e-06
0.0012916127161937,3.889756631193344e-06
0.0056188563016409,9.570387966799201e-07
0.0089316513560345,2.5827255694428814e-05
0.0184528065387847,7.74116800962133e-05
0.0056814176269452,5.276886119088557e-06
0.0187567972678104,1.53243918691766e-05
0.0050218088148844,1.0206906437801346e-06
0.0086218803420825,1.0901989454225992e-05
0.0060354907705645,8.746452281553666e-07
0.0064684551137178,7.567688607361515e-06
0.0154613958570753,9.131539200200745e-05
0.0026926003364048,1.8428426040360507e-06
0.0174382105634563,0.00012237561123861358
0.0141167868319729,9.11870786347611e-05
0.0118783970107331,1.944092327278536e-05
0.0038189636144078,1.052581586847364e-06
0.0165992733544261,3.831909962262014e-05
0.0110293062394304,4.1426406028785246e-05
0.0079967978443747,2.34524267804238e-05
0.0104060197393697,2.516538676441561e-05
0.0071672072717991,5.35746103791335e-06
0.0135795195190398,2.678259257014182e-05
0.0050852907773915,1.921693687976189e-06
0.0128643662743682,3.8521272038808193e-05
0.0011011294825846,7.593434018013844e-06
0.0132145999816865,5.265188111319375e-05
0.0180151231797009,9.349832350309384e-05
0.0121297886059723,4.602672252140445e-05
0.0103118013573478,4.7696329920346677e-05
0.0084495071135732,9.699253251674107e-06
0.0128700486017483,8.647676166477833e-05
0.0141271149931988,3.771347874109125e-05
0.017935781525006,7.136867001692776e-05
0.0064731006083462,6.830034663539229e-06
0.0149578892241388,4.390440587449917e-05
0.0035260752783316,1.6434833597117983e-06
0.0088258659173044,6.780777967321456e-06
0.0095587560891721,4.283928897821153e-06
0.0196079455818244,2.7460138664983512e-05
0.0183585484863291,0.00010106580094938963
0.0045194494498162,7.860597987344905e-07
0.0177740830095699,0.00012715833131072762
0.0165697519361181,6.033142379696488e-05
0.0101884768896789,9.114750677086763e-07
0.0026044461247435,2.132264312625835e-08
0.0143218863926599,6.46631316115148e-05
0.0076339060532438,1.2956752339753187e-05
0.0156045005765348,0.00011248029464455816
0.0015682175954038,1.9408332378966575e-05
0.0094953957642139,3.093178343965158e-05
0.0071371623003664,1.980030127157943e-06
0.0185958071607666,0.00012137774112034687
0.0018943946496073,1.34280439857024e-06
0.0185491671766868,3.1835445291485254e-05
0.0144297458447594,6.452054638521985e-05
0.0082842936365346,2.389204574494288e-05
0.0074132988524986,6.926620266144872e-06
0.0047236247548074,6.361346525313615e-07
0.0174555373288595,5.076382807692866e-07
0.0042668400127082,7.588345495457442e-07
0.0041205364813874,2.5982346014449335e-07
0.002442425782474,1.2746814994025898e-05
0.0109585776333918,4.524544839666978e-05
0.0025668134564838,1.3893530091891339e-06
0.016551408565872,6.814007191649928e-05
0.0192213712605589,2.8625585267796413e-06
0.0042738168155037,6.066224601173473e-06
0.0111391472467842,3.927354704629902e-05
0.0057120211761874,3.095272634034159e-06
0.0164365383776176,7.672832128372886e-06
0.0112934296979151,4.5850538881534986e-05
0.0100844220129348,8.845199499870048e-06
0.0080962563412136,2.2514711519433357e-07
0.0146810809435994,5.1646786364603906e-05
0.0070805137121208,1.0495596173791066e-05
0.0145554831263059,5.3244678739616994e-05
0.0004217535502924,7.2975979887652554e-06
0.0074865484213088,1.182526392027482e-05
0.0154002865812003,5.036879806770083e-05
0.0026541576667507,4.5082468379285316e-08
0.0081424057678363,3.996815409960145e-06
0.0111709275202883,3.0501924162209875e-05
0.0069556649850333,1.089770253043507e-05
0.0112763177827977,3.254630685319773e-05
0.0066965770755811,1.2724590591479895e-05
0.0102406754549336,1.406995880090571e-05
0.0060788588392388,3.150677040661363e-06
0.0072134807570459,1.3467647865690237e-06
0.0097796051781341,1.0112835962841214e-05
0.0036290494492154,1.1702568235076654e-06
0.0044371694249701,1.4005839482504645e-06
0.0158025327719403,3.9971211483767185e-05
0.0013085520257165,7.020963146470663e-06
0.0168685833773988,3.840193637548423e-05
0.0118924429025082,3.873726851316694e-05
0.010843218355701,3.568032977927375e-05
0.0097464065988165,2.1456280488290752e-05
0.009722282269462,9.827530003202556e-06
0.013390331875467,8.418874517287396e-05
0.007309018307597,6.588807126596589e-06
0.0012478340168024,2.965642464829937e-06
0.0067265614956848,7.810674137322935e-06
0.0142846563154476,0.00010159162127096726
0.0048167664426126,3.8560229360579855e-06
0.0105252895721402,2.2498873063271235e-05
0.0043515810466859,9.257646562597908e-07
0.0111659914636224,1.1734250743788205e-05
0.0025893574096911,1.3735492127326456e-09
0.0024210793519363,2.240015973011316e-06
0.0095941904031736,1.2726923657525383e-05
0.0172592057054764,7.141784043030597e-05
0.0196983338302945,3.107785483444066e-05
0.0136802266346077,7.411431393023194e-05
0.0043985503522138,3.5461578207999795e-07
0.0073130336823093,1.8390926822282326e-06
0.0050918251564254,2.244059213368175e-07
0.0033253365131987,1.439321521523099e-06
0.0076679930317681,1.4649139524286738e-05
0.0065710943023656,5.120981570929031e-06
0.0160766594777403,5.445814574548942e-05
0.0154658807319928,6.366559937328441e-06
0.0192652184292156,7.079549111219489e-05
0.0100793088118364,1.958118429594737e-05
0.0010619128352307,9.433555953921913e-06
0.0022667056655094,3.1458033938726976e-06
0.0064615529644075,4.717560063951581e-07
0.0098265923637045,2.4171024718206536e-05
0.0166262021996994,4.387404271061536e-05
0.0177959888720147,3.550506400242128e-05
0.007278140096904,2.960687873592228e-06
0.0067379893906653,7.4956261120386515e-06
0.004295443302214,2.1515983017823492e-07
0.0132462714429126,4.717092475674547e-05
0.0164298821418443,6.35920478403122e-05
0.0193576362203068,3.63752715996334e-05
0.0004785171517264,1.6919052061861148e-05
0.0171014283330175,4.9751532426250276e-05
0.0147024074587521,5.260916158445587e-05
0.0063601020219783,1.7838123483844317e-06
0.0171443099797511,5.333878952075524e-05
0.0119794578911083,1.3572124215130911e-05
0.0056844719885815,5.48130619288986e-07
0.0092879452692002,5.319176599674097e-06
0.0145083909728242,3.337922428283148e-05
0.0152650483264476,2.322304808874979e-05
0.0129749602490175,5.131005397343218e-05
0.0104706481576413,7.198551655783573e-06
1.2182039536283718e-05,1.4031057830259306e-05
0.0009167749950706,3.9564390882482106e-06
0.0134304493404666,8.753141910925903e-05
0.0086143372740413,1.7762326610631814e-05
0.0090049229012732,2.42213543374862e-05
0.0076483017021626,9.233689990074285e-06
0.0047458770784828,4.057510044325332e-06
0.0155620913494391,3.9218476729364856e-05
0.0149352004546018,4.750755579264228e-05
0.0104170177106071,1.688290856491045e-05
0.0160849741080778,9.909006684400744e-05
0.008839864399795,1.7459340111296673e-05
0.0112659531829887,5.5085511002454135e-05
0.014168176547329,7.010613766911078e-05
0.0183259273737843,6.74003275877992e-05
0.0039991974508557,1.875479022949718e-08
0.0076604843522558,1.7546577469519873e-05
0.0193893562772193,2.314234150196012e-05
0.004898806810739,1.7035050976826673e-07
0.0128192429965818,2.995056228567641e-05
0.0177832249322911,0.00011292171808964565
0.011588688312859,1.184092139412846e-05
0.0039128087144883,1.4343915914626603e-07
0.0044315197844332,1.0141284736388517e-06
0.0105815025251596,2.3283991042355874e-05
0.0006230127262299,5.057480798850525e-06
0.0159727490101688,4.059032330011066e-05
0.0044661762606367,4.0219584024240885e-06
0.0018229000178654,7.116750953380229e-09
0.0197770176174455,5.4321467670111097e-05
0.0179064622917371,0.00010254482152102834
0.0046853618778341,1.1628759074912963e-06
0.013413502638126,3.06068471510025e-05
0.0199982921901831,0.0001383585649523475
0.0191997008911935,0.0001229657922959843
0.0087419876678685,6.44907170573663e-06
0.0119747417915634,1.736305007434923e-05
0.0041025689913312,5.608454017410783e-07
0.0145797288243702,1.3581023386622221e-05
0.0105873124721651,2.9474454014339676e-05
0.0178655825987258,8.657764480813639e-05
0.0051209775704035,3.6463228606289453e-06
0.0106418208123419,1.7706797597012575e-05
0.013383917314836,3.5286220642681996e-05
0.0134481652733076,1.3168711111459432e-05
0.0079547824293004,1.3005429617204738e-05
0.0145437026430821,6.799064459202676e-05
0.0157391106574786,5.494007703310429e-05
0.0177772338759678,8.956214700746305e-05
0.0057158271192217,2.4690264462914263e-06
0.0003803672700559,6.590625788404802e-06
0.0187669117357223,7.092907055157867e-05
0.0195987221648534,8.734325254324992e-05
0.0013025778536103,1.1179197088112038e-05
0.000800357705278,7.518117756414341e-06
0.0149926278694658,6.271230288612762e-05
0.0171610315998581,6.639670324032953e-05
0.0051781123879644,1.998730107263125e-06
0.0108907435065388,4.140893325816139e-05
0.0052396668630983,1.464427603051673e-06
0.0103849090056889,2.6820885647450062e-05
0.0179726898959029,9.168574128074798e-05
0.0081718620080316,3.0848898530614067e-06
0.0019465201891192,1.1748353713249716e-06
0.004298499442318,9.453168368155663e-09
0.0085511522267819,2.8659550266939878e-05
0.0183464052727472,5.1305580088036706e-05
0.0088376013016125,1.2704199024977865e-05
0.0091868753179556,1.0375284047665956e-05
0.0093928956709019,2.4620903316483363e-05
0.0117811825407087,3.9087620994044626e-05
0.0146450815374434,5.219400923591286e-05
0.0081600945849993,2.3988580662500028e-05
0.0009669050084538,7.5905300975566275e-06
0.0067793399438536,8.155587979424356e-06
0.0018787487794333,3.484840956186311e-06
0.0191154177071473,0.00014231124563882937
0.0062538022246885,6.704085838751126e-07
0.0107225976642665,8.295124860976494e-06
0.0089606793722075,5.736083193963933e-06
0.0180884133267702,8.096586415174628e-05
0.0121841276048292,2.01844202831412e-05
0.0146994300674111,7.545111596207017e-05
0.017611976513694,4.9940334397507636e-05
0.008895244900671,2.6906689382968775e-06
0.0192515637991513,0.00010317818632727369
0.0107517247826375,9.567024156818114e-06
0.0127271342628462,4.67490346425693e-08
0.0084670483735122,2.4224765730066218e-05
0.0113262574249183,5.428259391924301e-05
0.0149672812843405,5.556522401855907e-05
0.0058882955936847,7.466685347706091e-10
0.0043158962351012,2.415399243722727e-07
0.0018430675859946,2.2540088676147354e-07
0.0048610755919562,3.5345297194253292e-06
0.0159372559675536,0.00010570940941153058
0.0160464404604582,8.172678897259389e-05
0.0101640802473339,1.6361372421826683e-05
0.0015995710206192,1.927390906806203e-06
0.0087851465762422,7.927544775396273e-06
0.0100980275779575,2.2176775621088917e-05
0.0004665352331473,5.272181086251546e-06
0.0105400351615045,2.415827337915716e-05
0.0114406660897099,1.4310615872506961e-05
0.0113197194974077,3.8531719510991315e-05
0.0194075095071904,0.00010985804947448132
0.0063661126441478,5.9117287465997615e-06
0.0033938406789022,9.348341061482529e-07
0.000744585073198,2.614570290350226e-06
0.0056222057289136,7.084498510320023e-06
0.0154429072232877,5.9747026671404345e-05
0.0117824332267098,5.561658700469985e-05
0.0051993271684733,2.2246576375152862e-07
0.0153899443822981,3.4674511458810797e-05
0.005007575286067,4.965910760647251e-06
0.0108705840202089,7.85645074536352e-06
0.018799137116777,1.1792911316688477e-06
0.0013864495215719,9.98000322588022e-06
0.0120360968033037,2.948552132744057e-05
0.0176350371261211,9.466768017765902e-05
0.0033864473592636,1.978687538367159e-06
0.0091415353756863,3.438329171012667e-07
0.0087638178140019,2.3697077406803573e-05
0.0085417158879081,1.1343569131176504e-05
0.0125342910076831,5.6364839066309005e-05
0.0022656852547508,3.968321017422243e-06
0.0191933663198673,0.00012018180547401112
0.0050690094415378,2.6396224065692657e-06
0.0070233318302101,6.8493776756876786e-06
0.0115963554517226,1.6635460000656665e-05
0.0081992430740744,9.157972152347505e-06
0.0179887242698662,0.00010240322887206518
0.0059355852331011,5.002138565002508e-06
0.0045858358730834,8.511102413847098e-08
0.0081970237364542,1.3421836476546034e-05
0.0045283830766308,4.6627642743429394e-07
0.0116437500489707,3.122666102618951e-05
0.0145030159767002,3.1916286151977646e-05
0.0179078524639839,7.48152400177534e-05
0.0007389706078371,3.2078436148388824e-06
0.0020600463199868,1.052423167418355e-05
0.0199936559869724,8.325922595507388e-05
0.0074313503510524,8.495350605038597e-06
0.0167909283609696,7.78810268755586e-05
0.0127172611450931,5.900172020869931e-05
0.0189621810399882,0.00012304090487419978
0.0103508386127306,8.838307530568188e-06
0.0023761967371744,1.3409751062340357e-06
0.0075101208668111,1.2986841415705296e-05
0.0182714834856014,2.9259190041082008e-05
0.0107221796629658,1.8907406535891126e-05
0.0126834947068871,3.541906939646185e-05
0.0189929816687492,0.00012800818252619632
0.0120494931122409,3.317937356867701e-05
0.0039896970482718,8.96435804401035e-07
0.0022550675193266,4.427607246719408e-06
0.0022759894235001,4.853954789879109e-07
0.0078214847848467,1.679628977873563e-05
0.0098058646332435,4.23406633160431e-05
0.0193582051671313,0.0001249739280728397
0.0119805184982027,5.026090511001088e-06
0.0095944217885309,1.5105967077013085e-05
0.0151155032429268,7.298795098463518e-05
0.0016063321956011,3.301175251300636e-06
0.0036274947985478,2.2708097253006622e-08
0.012961741807797,7.336864696775448e-05
0.0152012938857613,1.4113495435156608e-05
0.0169194837120544,4.822093485808609e-05
0.0163922425216591,4.325814682047605e-05
0.0071447196972503,1.2121206694805407e-05
0.0003948941454379,4.167863731487117e-06
0.0132622228591736,5.523016834626355e-05
0.0042657560426537,4.601689062061513e-07
0.0073831979085005,1.1560343172432446e-05
0.0017472539520386,2.428356129422005e-06
0.0122562390711342,2.9613351828643133e-05
0.0154697865481683,5.1376611573458275e-05
0.013551472235403,4.895607328262066e-05
0.0015926138072101,1.0061783554438676e-06
0.0107628340806303,7.422983972163303e-06
0.0039308569503641,2.000286446151766e-06
0.0180117889255703,0.0001153668635284172
0.0041040499820499,4.072675027235212e-06
0.0123668825891258,3.843544151562889e-05
0.0024943415943659,1.9736183210656174e-06
0.012969199223728,3.889489926127878e-05
0.0057724257773481,5.504968725610083e-06
0.0004737191049933,9.099112242496981e-06
0.0144018825791115,3.929292683585113e-06
0.0003058552974657,1.4480960981253422e-05
0.002291109909222,2.148937049770859e-08
0.0077444092398773,1.4497168008555277e-06
0.0191885571519062,0.000123419946545932
0.0025855789093775,1.1466001784041607e-05
0.0071931485385412,1.3195174699566465e-05
0.0015897250101813,6.850486092920008e-07
0.0148591153941275,5.167168785744007e-05
0.0096983158475534,1.212061649978766e-05
0.0009939435597856,1.4103233924407561e-06
0.0016613628260147,4.042372624744116e-06
0.0029395820458169,3.469375177540484e-06
0.0092850999013436,4.037665090846389e-06
0.0015221250699652,6.722133005742379e-06
0.0042520814400071,2.950894775197908e-08
0.0032686815381807,1.592990688398419e-07
0.0072690968224583,5.919398015934205e-06
0.0155165531762158,0.00010633198362172074
0.0166578230172321,7.039005853597074e-05
0.0072771143607013,8.104112873779094e-06
0.0009639823386214,5.141086431176214e-06
0.0158449997420213,1.0567348461544293e-06
0.0029530663309996,7.163229498480247e-07
0.0029311818078255,2.8170975947476926e-06
0.0082402424325073,1.2446992870650433e-05
0.017367230031883,3.7834589249151974e-07
0.0092851891429954,1.0561325626311328e-05
0.0103183443920617,4.952433649783732e-06
0.0068405377733568,9.468941548786694e-06
0.0057195630988035,2.999658745310413e-06
0.0015928913368699,2.7583077730546472e-06
0.0033375420028002,7.361668820125851e-10
0.017925055961427,8.403209585330703e-05
0.0021558073702629,1.9958581396286778e-07
0.0122463430512951,3.549456171326038e-05
0.0118934056621974,1.4426018275279651e-05
0.0064706220361729,7.149779780951833e-06
0.0037337279491527,7.348773671419298e-08
0.0001729882123296,5.646180378714024e-06
0.0049558308461315,1.0855149362625501e-06
0.0181509346386133,9.243080054878657e-05
0.0103743493245795,2.6188124541217e-05
0.0052457949609234,4.22208630514338e-06
0.0003500626107101,2.076586795314809e-06
0.010947151176311,3.0476674310721228e-05
0.0026685631217092,6.374301208881197e-10
0.0128246588932282,1.3917135819002115e-05
0.0101238313778597,1.0801891323932932e-05
0.0123270034730776,3.9050292405032635e-05
0.0159788819153434,7.05075009266329e-05
0.0130726673780788,3.207402328135999e-05
0.0091446732823887,2.136793321446254e-05
0.0179482976371928,7.6029501730007e-05
0.0105899161384004,1.0626971681214485e-05
0.0121528807724147,3.566443576732265e-05
0.0153822519716761,5.549933200001533e-05
0.0030178835053993,1.6001641456638667e-07
0.0081609400558413,4.2757171799104394e-06
0.0025211428971302,6.003395913486988e-07
0.0177821485958321,9.027109984184217e-05
0.0012112206829013,2.7212390987049115e-06
0.007062840664492,7.2429781209744515e-06
0.0022033724279033,6.178641479909827e-07
0.0097031786807026,2.2334899194812593e-05
0.0102951158521783,2.2514291594886344e-05
0.0149055603252156,8.766575737151545e-05
0.0181192714994457,1.0775450825380744e-08
0.0143829688305837,5.39938535410447e-05
0.0001495598817615,9.817000114944347e-06
0.0196203336106303,7.160272487790375e-05
0.0040411289169197,8.978215287861654e-07
0.0194455328046827,2.6339949077570675e-08
0.0036318615976548,7.658176368261472e-06
0.0198104832613679,0.00010768963877748302
0.0118541726266658,2.7240448296418566e-05
0.0112586304635142,3.916178972575158e-05
0.0147122067906722,2.5747590619243687e-05
0.0034008313024528,1.461712315484479e-07
0.0032510612810938,5.5546677857596995e-06
0.0068780771158833,2.9071893762178652e-06
8.275349331108518e-05,5.413929490221473e-06
0.0073126695932652,9.707874017182954e-07
0.0135537447790181,5.521093262663655e-05
0.0080515529341894,2.7714291503157993e-05
0.0177510187909047,6.672333657927269e-05
0.0145229618510931,6.952364518010337e-05
0.0168899638084033,3.2276472559085633e-05
0.014944413401592,6.38710896537464e-05
0.0196141963103341,0.00013498403550983256
0.0023579029933201,7.081378976539139e-08
0.0168415185642447,5.757395482606702e-05
0.0133966730248079,3.309740458252976e-05
0.0128308405422078,3.355194615928794e-05
0.010084154872832,3.1677925886587935e-05
0.0176222658007944,9.763012783315803e-05
0.0129131882450493,5.080849789521978e-05
0.0070722050537471,3.983827037119828e-06
0.0147625423447989,7.806715892083466e-05
0.0125596983996421,4.609360308037914e-05
0.0005593788128738,6.344401139272737e-06
0.0005537238526099,6.012713174070607e-06
0.0151873479929887,6.819442945801279e-05
0.0189678149864854,3.9175304658518204e-05
0.006144382587047,3.39148583755028e-06
0.0153782521580059,7.235322534286929e-05
0.0146961906355356,6.233505937109863e-05
0.0004248992003687,4.441339616675269e-06
0.0050123830630781,1.6153853055335981e-06
0.0038824327895052,1.2939558085847342e-06
0.0195318042140941,6.4930500449764e-05
0.0155948325877167,5.1668010180651224e-05
0.0135149389863572,3.372036170020916e-05
0.0128870815348463,6.287433592594245e-05
0.010256562358078,7.437514705667053e-07
0.0031022187109871,8.873240384830725e-07
0.0134617938699181,8.108048941094114e-05
0.0109262000095451,3.592777289977404e-05
0.0031643910844128,6.864436452338521e-07
0.013478518321356,3.005873857893959e-05
0.0145239208047076,4.6889373249615234e-05
0.0123754347064103,2.2309348022431514e-05
0.0117847677354147,6.656898027003025e-05
0.013398119985387,3.4944791701446307e-05
0.0055635754981338,7.020237612799121e-06
0.0164513778644539,3.180931203024338e-05
0.0197481564389664,9.584041757148723e-05
0.018588860529578,0.0001270002978561144
0.0012972484231476,7.704093942657115e-06
0.0054568125313772,4.886229102507467e-08
0.011914502615602,1.0682225442821794e-05
0.0011269719356008,3.917023542604334e-06
0.0150313998745208,3.524602836024597e-05
0.0022516505400237,7.288251522727503e-07
0.0184261810164927,7.604401194802423e-05
0.0108492489019777,3.4513258428698373e-07
0.0117747101400678,2.8299637750634466e-05
0.004686143388756,3.941636892225364e-09
0.0182070195186503,5.1588321179713814e-08
0.0136270877896707,4.233645010674978e-05
0.0025752363868721,2.7994012442462283e-07
0.001097737090722,3.763044929170032e-06
0.0055499713315232,5.572693502580626e-06
0.0022340611222146,5.475537377143039e-07
0.0060292063241131,5.02963718867163e-07
0.0022604683437009,2.2713975558916315e-06
0.0110955629573175,2.5585633276517427e-05
0.0022411554423924,1.3296529698013412e-06
0.0199512795793379,2.6574420831022394e-05
0.004077971040382,2.597696240190875e-07
0.0146469027805948,4.3711981980085823e-05
0.0054170131974687,2.649898663957931e-06
0.0047099224006545,1.0434625280998087e-06
0.0002778349267176,5.398387782075836e-06
0.0088549962143172,3.0404548993565122e-05
0.0105416587535036,2.3072547958620317e-05
0.011220082801257,3.7102609361699146e-05
0.0012926190324638,1.496877070056614e-06
0.0123467734417312,2.559323739613804e-05
0.0032102704785226,1.2815090128599232e-07
0.003764918374334,4.835034565540216e-07
0.0029351975111934,1.9855027088106415e-08
0.0182513646048261,0.00011848076702742164
0.0125972791131749,3.7843365609269446e-05
0.0079382718702909,2.624556281055016e-07
0.0106934977605347,2.147962448793726e-05
0.0191428412333229,8.814239594603259e-05
0.0071853222616896,1.2624516012630747e-05
0.0005040077851815,1.742883605939258e-06
0.0133360837670128,1.3591083426040128e-05
0.0043732637295259,4.6815387700439044e-07
0.0139467067659688,6.934053731694882e-05
0.0142752295890389,3.2568705925876874e-05
0.0134767826004584,4.1328902960049005e-05
0.0068372808688748,1.1445914591717332e-06
0.0015331343300983,3.109948152729057e-06
0.0114399527074777,2.248273482538803e-05
0.001544599462697,8.296116715754642e-06
0.0059893649196759,3.4033392586664497e-06
0.017185778880983,8.531238201108659e-07
0.0191182772806189,0.00010909105168644273
0.0061609045279713,3.2848889043069098e-06
0.010094374784303,3.716079285676018e-05
0.0167866345402337,0.00010114408384133891
0.0144883072739512,4.014978539055352e-05
0.0101375161682813,7.789590910777676e-06
0.0190001260539399,9.039897792600214e-05
0.006684953627905,4.543187452169197e-06
0.0135940466022438,5.2399370313580294e-05
0.0061428703879718,1.555894291911571e-06
0.000776554026872,5.707029516651603e-06
0.0164732139276954,6.85237721899288e-05
0.0112489587645408,1.6648279888343093e-05
0.0100080069116327,2.439969399866894e-05
0.0032497385934279,7.596856833666352e-06
0.000316657416863,7.564576823327306e-06
0.0167587589636844,3.918261659967883e-05
0.0102481337990466,1.7267994465552219e-06
0.0117196721084899,1.7225383687121898e-05
0.0049226604603545,5.964825945831229e-06
0.0094294158889067,1.760699062995876e-05
0.0190261949890399,1.0746368483434305e-05
0.006856239573847,6.7850508814352865e-06
0.0155802749108312,5.975358394255244e-05
0.0140733084643703,5.039373416899594e-05
0.0140983879098315,5.825861441749791e-05
0.0189101918490051,0.00016199225098425887
0.0068544741266147,1.4682124759749692e-05
0.0041485237393722,1.192772426506082e-06
0.0189219757947114,8.951123306673542e-05
0.0168025800092704,3.820048625753387e-05
0.0107959714237158,2.1952947904977736e-05
0.0122459403048966,4.4186934724085656e-05
0.0044817670361055,2.521625525200844e-06
0.0152824045791903,5.666804998128641e-05
0.0144307128413273,6.632030681477887e-05
0.0183467104227316,7.10216117846248e-05
0.0166825004718692,0.00010506597077517265
0.0071543206264832,4.4998040350094554e-06
0.0040239112361445,3.0151088581827505e-07
0.017207122125061,9.649459059398232e-05
0.0155384606549505,5.594207199923237e-05
0.0133032298516602,4.0626266102987234e-05
0.016590852395454,0.0001132321765373692
0.0047566372981527,1.9191770053899957e-06
0.013355445035892,5.268177151209209e-05
0.0144918740204842,4.415869634706496e-05
0.0010949139803952,3.2076408306575984e-06
0.0002139296190921,6.0306672896060935e-06
0.0147792960788763,8.212410472709488e-05
0.0179816650289402,5.223655127063198e-05
0.0183541996170984,0.00012432753510893292
0.0010548686328459,3.61305292924189e-06
0.0070108056211176,1.932660782847195e-06
0.0017677954810243,8.832590323333561e-07
0.0194426897683928,0.00011694094613477282
0.0172752139682027,0.00011333818450185291
0.0182211998664634,6.449405588717622e-05
0.0021367828052924,8.490100218128023e-06
0.0008484397950882,6.223285200418041e-06
0.0009199747164569,4.3999983144484885e-06
0.0167070797302049,0.00010193857762876475
0.0146062048140888,5.6062294917604457e-05
0.0038553674456749,2.583213235171187e-07
0.0078822138589622,2.3476067690702327e-06
0.0071817460721537,6.201236290362546e-06
0.0086881346085899,7.219309469202026e-06
0.0143442462218293,2.6458725462408323e-05
0.0024570081698575,4.166264587716629e-06
0.0145790833679698,3.032403686265929e-05
0.0145773615205506,6.24795080669224e-05
0.0151300718413207,0.00010454318376594771
0.0098119990537523,3.148513314176494e-05
0.013161644991477,5.174908708734657e-05
0.0089453027736443,5.365301905095194e-06
0.0190368814164333,6.642547166424583e-06
0.0191828697158728,8.98427327104569e-05
0.0073515707348833,4.4614301086600815e-06
0.0139492345210695,5.487014501951075e-05
0.0181411348247575,6.707084713764995e-05
0.0026556550451113,1.9353891074896735e-07
0.0014502228995515,7.771800600567843e-06
0.0019224824960262,1.969186162431655e-06
0.0080735889603331,6.8221498842143396e-06
0.0198851648168223,1.2203996168276693e-05
0.0016859475129433,9.336407497926817e-06
0.0072035008986133,3.5265745995467226e-06
0.007320134572116,1.0701323851577039e-07
0.0157568291569403,4.838047617862337e-06
0.0055192369793041,3.7771811338614856e-07
0.0103842376333274,3.533078548499706e-05
0.0057234852913487,5.317366004372025e-06
0.0196004484937137,6.006333242122726e-06
0.0145721305881798,8.412748150955123e-05
0.0078784605110772,8.582397978234639e-06
0.0044803984122045,4.848463112079129e-07
0.0042916332680399,1.673989560677496e-10
0.0178683493599475,1.6697303091795568e-07
0.0155243972305907,7.556918688809436e-05
0.0129287811780229,2.366374969852481e-05
0.0047535777000939,1.2324835900222194e-06
0.0155735443630989,5.405986115896963e-05
0.0177097944118863,4.4891931054202066e-05
0.0009524047362044,5.0927664626684025e-06
0.0009282984754237,2.785706328489592e-06
0.0073399161665691,1.4408465344847152e-05
0.0025856488602487,3.05988457608097e-07
0.0112844869785689,8.271237498590704e-06
0.0093631742002955,2.9869524816589415e-06
0.0064250896787313,1.6422992123012236e-06
0.0149391542827446,2.1331971638447685e-05
0.0168810138166503,6.58785053294986e-06
0.0148035083868141,5.81833642642913e-05
0.0031289215073067,1.1830814267008468e-06
0.0037275981659467,1.0400298556650325e-07
0.0131266675200318,4.64790051938339e-05
0.0081009775807275,1.4985833196309537e-05
0.0135205862827719,3.5034159917909824e-05
0.011177473437783,1.9036200845702427e-05
0.0190076665829749,1.290516894652409e-06
0.0012785256301532,9.759197468804784e-07
0.0192696761196967,0.00019069257937245508
0.0115965005178867,3.206331602658638e-05
0.0020753087558074,1.4446055770307974e-07
0.0056089473398298,3.890378195974713e-06
0.0087522472587755,2.9199498025707133e-05
0.0176401977260453,1.1981020026620498e-05
0.0164861239503456,6.826170356793449e-05
0.0111278976657459,3.617883087334911e-05
0.0175045404240976,0.00011483418848748175
0.0003310883402876,4.802517724767298e-06
0.0164029263980565,4.81859898194517e-05
0.0103315542711025,7.097648811545902e-06
0.0165061630520883,2.2436359755349788e-05
0.0148455253600678,4.19907797071568e-05
0.0179161668713547,6.284892399755446e-05
0.001759535525583,1.1033461339245591e-05
0.0119735488389077,9.107876229042826e-06
0.0036848973484519,7.56480693326725e-07
0.0010022353241887,3.1838660073698592e-06
0.0023481237739219,1.702775773651195e-06
0.0013969372363433,1.9196309386688926e-06
0.0079768777506058,1.5703648508862657e-05
0.0169956168519034,0.0001170991779551924
0.0180363191094302,9.008566679260749e-05
0.0169742997604896,0.00010314764880248017
0.0084518746161987,1.1295851454516667e-05
0.0021565534399392,2.416832808153779e-06
0.015758799608574,8.024333587286854e-05
0.0174751189773149,9.27069715677544e-05
0.0005504659148503,5.377376291549555e-06
0.0164986388135319,6.116580818752233e-05
0.0024797482328739,6.428304691957855e-07
0.0190716998106472,1.800640155451571e-05
0.0024545770444302,9.079312337477174e-07
0.0199747901518528,0.00015075509284561567
0.0021829328359022,1.035999915118451e-05
0.0127382664547747,4.27355671673483e-05
0.0139471168727905,4.78996937195514e-05
0.0015660373258987,1.1752843479469736e-06
0.0082987669932163,1.9159068577435526e-05
0.0049608609186127,1.9482344477134467e-07
0.0023255138183133,3.713085131935226e-06
0.0098539834844107,8.14142534408745e-06
0.0180695544380795,7.028601985538898e-05
0.0152290242528586,5.629430147574662e-05
0.0057382905281449,3.5643358848974875e-08
0.0106218173402707,1.0979282196385476e-05
0.01760945915898,4.377230494652777e-05
0.0066537955382009,2.885248906210261e-06
0.0182576123065538,0.00010191933378708894
0.0112637898009103,8.271781635394827e-06
0.0081052495559936,8.958336999766936e-07
0.0177531182664294,6.448174870062616e-05
0.0142081377374854,5.424907187867681e-05
0.0173285155358053,0.00012629998636830766
0.0096871304467332,1.5141045544722546e-05
0.0136891219441588,1.633701348149496e-05
0.0072004460414699,9.095746056986855e-06
0.0023748311184361,1.1638963065173427e-05
0.0102754548062278,2.7493836455071086e-05
0.0069716284034204,7.246055861997937e-07
0.0065431116417183,8.341328006331374e-06
0.0139469418746554,5.7924886695590856e-05
0.0060713847949634,2.3848057808985557e-06
0.0032087014830207,2.4123426271013847e-06
0.0054615318847083,3.377699628150023e-06
0.0088303387293473,1.0219766342354355e-05
0.019568034228022,9.009540085904435e-05
0.0015083047907484,7.186720591295284e-07
0.0105358177298849,7.735248982141389e-06
0.0053341026355325,2.949847072359562e-06
0.010776449612878,2.765336280523406e-05
0.0192333484531748,4.355683586077799e-05
0.0096830532625371,2.87429458209378e-05
0.0144656825340949,7.312440341340162e-05
0.0093354340347303,1.7817665773386773e-06
0.0100612258691451,1.1307675406662714e-05
0.0081691007729503,5.2581721606067455e-06
0.0048113866271215,1.5965174347154705e-07
0.0088064070527733,2.5389737909517128e-05
0.0028476812932627,5.964726194445496e-06
0.0103903333368732,5.4016749924504845e-06
0.0182427158977753,0.00013040272098685887
0.0184940459329007,0.00014734199484671358
0.0130633775422759,4.255289355549723e-05
0.0176535918051169,5.8730908027955935e-05
0.003070467455127,1.5684845640457997e-06
0.0001128022622222,3.835464636540563e-06
0.0086611320066799,2.66724982211751e-05
0.0158054361587557,4.5867303066060833e-05
0.0092432115056027,1.540383478104068e-05
0.0111831151536117,5.7823608142428856e-05
0.0064633971385417,7.4956187908264454e-06
0.0006118097076757,6.065937608483324e-06
0.0174892216506155,0.0001289816470085212
0.0042176469921324,2.649159235602544e-09
0.0147835442049721,7.246838731974184e-05
0.0092748005211029,5.577757378675847e-06
0.0025924875761207,1.3529869464634036e-06
0.0078698419204632,8.066269918395193e-06
0.0029490947665807,1.367530278208416e-05
0.0063415380532947,8.6618654259658e-06
0.003334193522628,1.513008164688087e-08
0.0038761824910701,1.7421628683421888e-06
0.0002673785670511,3.424010311232587e-05
0.0054271543433195,2.3184244735086215e-06
0.010435971004076,4.900019350541983e-06
0.0117951842221107,5.195041135436395e-05
0.0062767504555209,4.711918700554077e-06
0.0157649901036196,4.120813395203684e-05
0.0033631993958107,4.318427033115906e-07
0.0082800967501922,2.8770610621229104e-05
0.0015463614794773,4.308699723598093e-07
0.0196227804592379,0.00017884785678359832
0.0005244898350268,8.496862093636517e-06
0.0115082809445609,4.452921339783489e-05
0.0083683810614367,1.9929607532381436e-05
0.0119037866707849,1.6231578777532886e-05
0.0150399634864107,7.642089988406958e-05
8.071881570132611e-05,1.066473053362739e-05
0.0083565636968443,1.5769925821777638e-05
0.0129481003335634,6.412080519782292e-05
0.000482209319353,2.068844134345036e-05
0.0005367239571866,1.142586175470117e-05
0.0038240979486224,1.7430951385524065e-06
0.0061997745634638,2.1694602416620314e-06
0.0020684897493261,4.8991407271228955e-08
0.0028689791541328,1.4978365396276929e-06
0.0128038864798969,1.4821319652475126e-05
0.0173825057304286,4.830988862576722e-05
0.0146351808881366,5.065858603298301e-05
0.015091607723443,2.6135621547788003e-05
0.0075767695685643,9.17340456827771e-06
0.0114999917099232,2.7867093563734637e-05
0.0174988261741764,0.00012714645850581005
0.0046733269166446,1.4937092353304889e-06
0.0035263930023893,8.775855236809936e-07
0.0078930774498515,1.396138737759744e-05
0.0090839306155877,1.2203443647244673e-05
0.0096737839427104,2.5041841285758315e-05
0.0129050877483239,2.5538296657840063e-05
0.0180118239863641,9.745630041091717e-05
0.0194233714762034,0.0001269744027427667
0.0090698191345233,2.351252585348592e-05
0.0167264630102957,0.00010414149443782446
0.0010744324913477,4.010757475657833e-06
0.0039959496447397,3.0210930919327317e-06
0.0086430808526535,1.1671612895449501e-05
0.012888066542899,1.917906387705185e-05
0.0156039572112938,6.109486975529558e-05
0.0184890235301858,6.133374529750685e-05
0.0088149043816187,3.5238041647347497e-06
0.011429519529214,3.7109632407691806e-05
0.0063298276040078,5.537760094877097e-06
0.0158318609976686,6.23810134801472e-05
0.0116206058105309,5.061139632919926e-05
0.0021176061980709,1.4287082622957448e-06
0.0025965499923936,4.7143655496959304e-07
0.0081474856833155,9.01199104395379e-06
0.0044993157446243,4.574797545080193e-11
0.0041178029756287,1.7609663912369142e-06
0.0006698140583401,1.1717109868486215e-05
0.0160320785977099,6.663949249817025e-05
0.0181110309067495,9.236499619181991e-05
0.004922373157477,1.3314266244346119e-06
0.0161522503287346,9.12286472464965e-05
0.0156482528962958,3.706230820190783e-05
0.0117900707942318,1.989211991893376e-05
0.0176624437915522,9.354305660211175e-05
0.0071885919623392,6.535905928335507e-06
0.009859318337665,3.3669455016031864e-05
0.0163736022949368,5.491673606969646e-05
0.0020761769435998,2.3969971048489154e-07
0.0067051822493373,9.307887347677049e-07
0.0180024797762297,0.0001444690321437674
0.0058338840429011,3.5763935217289463e-06
0.0193786679451465,7.631010838737737e-05
0.0124661539513481,4.545219063523358e-05
0.0192750907631361,9.85232715915879e-05
0.0084718937092392,1.4201775037644779e-05
0.0085894106241008,1.9824324656135328e-05
0.0184377707296035,5.840428126846768e-07
0.0016208744731977,1.211633594028169e-06
0.0117315521510846,4.199046816084406e-06
0.0186422874146437,3.724798837527432e-05
0.0193811085577743,6.43759892621796e-05
0.0157467789686921,2.098561114054399e-05
0.0007994102347779,9.480335458734811e-06
0.0151094572993456,1.685471105304955e-05
0.0113398212986469,3.8364171330933355e-05
0.0156655630696712,1.9487867663587952e-05
0.0053005248746423,5.153010173119626e-06
0.0063616822608051,2.3769049934861234e-09
0.015856092442835,0.00010042370381947975
0.0195660541946422,9.95712787274109e-05
0.0115661390930554,4.623805431226418e-05
0.0138910444855709,6.161246439217426e-05
0.0197096078598825,5.644206194433072e-05
0.0044218587514483,2.6531494742952843e-06
0.0137786404439424,2.9658181064260688e-05
0.0048605925873372,3.616810834421962e-07
0.0014495872409247,2.9219473576453236e-06
0.0055900255560226,1.060122823778372e-07
0.0092356503588057,3.4212521101167815e-05
0.001289261025338,2.8447925189698583e-06
0.0064784967791001,1.1483040246937912e-06
0.0085512872334833,1.2448765994150772e-05
0.0106552391462297,2.621005406835145e-05
0.0100332149763706,1.2951465160850625e-05
0.0132695520511628,5.506918761953682e-05
0.0111649130233539,1.2002765121351568e-08
0.0127822984142347,4.963777621539978e-05
0.0041221994065962,2.0591277634073457e-07
0.0154863326982952,3.4365146411134885e-05
0.0126329767061917,3.482031659189789e-05
0.0037313944410199,5.218135060885998e-09
0.0119434473069784,8.409823364100968e-07
0.0063271867948485,7.1805568710806725e-06
0.0148130671205386,5.569534696075271e-05
0.0143879673989302,6.75801909403558e-05
0.0136007616235601,4.63297971477345e-05
0.0114650675247125,4.656693544390652e-05
0.0164917440596776,7.119220317601866e-05
0.0123080687983922,1.8443529998329084e-05
0.0152780996943965,9.55790634288184e-05
0.0029762833444015,8.423602261976918e-08
0.0191407415214804,5.521919717143138e-06
0.0195565822241829,2.0447746086586953e-06
0.006006017552485,1.3706741013504874e-06
0.00114429982462,2.7638006141719896e-06
0.0092319112892395,2.560777447572333e-06
0.003853693759336,1.0322606737535464e-08
0.0009566859985249,5.977218808706844e-06
0.0196266002505577,7.446580266462702e-05
0.0120662941495154,3.8896154538819216e-05
0.0144570290478285,7.910166148707669e-05
0.0162831157928505,3.593109473113109e-05
0.0130808445850296,2.200911626313597e-05
0.0154272650349156,3.307348112479892e-05
0.0148685799893578,6.310036881414555e-05
0.0050047464751308,4.479184014548337e-08
0.0087552288868431,5.007669563753054e-06
0.0003111406939495,1.402515120907405e-05
0.0093151415116386,6.553447260816499e-06
0.0071424051033981,9.622088790305155e-06
0.0135979607438761,2.2457915046036923e-05
0.0194956948949636,0.0001015555888872848
0.0007505885132819,1.7793364127355042e-05
0.0053408071993607,6.538214683097696e-08
0.002398841138575,1.470682600240544e-09
0.019923921240699,0.00012662333926993804
0.0137372742869011,6.218394939912999e-05
0.0148487682320147,5.778952806994274e-05
0.0131029654903943,6.29544437989531e-05
0.0143178664295447,8.287532857808742e-05
0.0155533187789129,9.593069012042939e-05
0.0048344691771269,3.2247420315060876e-07
0.0021813735810575,3.927169143077771e-06
0.0024716624157396,1.7916159276045272e-06
0.0144250092690392,8.543911074575467e-05
0.0162065073387337,7.148507420481037e-05
0.0131985896507612,2.1705044982056708e-05
0.0086057594882943,1.6741647831690246e-06
0.009495072184121,1.8095001867082303e-05
0.0059744936576898,5.591854532795751e-07
0.0180293647671346,7.25513445979336e-05
0.0145679356799671,3.6136563010848765e-05
0.0149526729975686,3.794627400529078e-05
0.0129510109093594,2.128029350240397e-05
0.0065093191674003,3.6712323058602575e-06
0.0016921924170685,9.349541573934134e-07
0.0017439382118191,4.2666715869692854e-06
0.019732381177544,9.858065535239093e-06
0.0129504884473163,2.6519312405084015e-05
0.0013756521202492,1.6830380710822829e-06
0.0098406600138461,3.586206609975523e-05
0.0011725352247531,4.790237114837786e-06
0.0057271769925587,4.8236265177421646e-06
0.0054584708624122,8.852776639630954e-07
0.0137550043411288,5.688077521354053e-05
0.0138060341664831,4.612807395124298e-05
0.0021733216915896,1.0799474782432737e-06
0.0107023524264574,2.3523666002400346e-05
0.0143554468117955,7.277950464014592e-05
0.0136124535394374,3.395188403373829e-05
0.0107456092305496,1.8566907421181118e-05
0.0071683012882443,1.3425790785604751e-05
0.0142757821466126,6.749076624775916e-05
0.0174303946353693,3.230981680584558e-05
0.0055255648759264,8.372281351811828e-07
0.0143628311467014,2.7880206504165812e-05
0.0077451534070814,1.3070719548420884e-05
0.0054538697868999,4.9002587093393616e-06
0.0085914628937962,1.5203073717130958e-05
0.0041465254608975,1.013513178371056e-06
0.0159696553789922,0.00011863962927439587
0.0077571244775661,6.180426654110258e-06
0.0110351561751059,4.076826868704147e-05
0.0154461912666267,8.80910925884763e-05
0.0132516327172281,3.938936952308328e-05
0.0136996344084095,4.3274656985772e-05
0.0143468568185236,1.8806999530902784e-05
0.0050721434231419,6.43522216502412e-08
0.01429109700086,3.466188391659609e-05
0.0105520059655661,1.9374231117680205e-05
0.0003674846054004,1.3773822888572705e-05
0.0149635195346266,3.7002517850722647e-05
0.0142904873712263,6.848052472998149e-05
0.0075159281471148,7.951438969289501e-08
0.0012660937660935,8.643003503869034e-07
0.0068846754194133,7.501208249811649e-06
0.0145652571196687,4.037873905696664e-05
0.0011282999576783,6.208823657390538e-06
0.0164714293661208,6.90155374331602e-05
0.0186049664413686,0.00012581058119806926
0.0132757941958522,1.5655542692543066e-05
0.0130184140092795,4.6697216744087485e-05
0.0068967192950908,9.345680046298997e-06
0.010075059826817,4.4842129877612844e-05
0.0068159549178071,1.040031403846119e-05
0.0091900738595489,4.3696427343083275e-06
0.0091588060169306,3.5735013652041743e-06
0.0107943448985531,2.967864530370941e-05
0.0154106901737029,6.768720818724231e-05
0.0047778717026014,1.0757110137497785e-06
0.016527756605219,7.419413622525487e-05
0.0109123371695737,1.7121345657936404e-05
0.012491805481284,5.6128476736431916e-05
0.0191148605890234,2.5653249401097e-08
0.0004185537741643,4.736137686392911e-06
0.0080591102089272,2.424738207228109e-06
0.0166262840934009,4.7701011987822853e-05
0.0112869559546843,2.270664406289429e-05
0.0120860881193574,4.186213769144323e-05
0.0012386290427863,5.312911388816827e-06
0.0090175581546614,3.833276584645679e-06
0.0130525262689136,6.268961526994798e-05
0.0022433092954844,4.158549947128052e-06
0.0195604746814982,0.00017027390242271368
0.0103571763961942,1.7142316999966312e-05
0.0085715024369901,3.0193083532040695e-06
0.0050085549705166,3.6885582336540476e-06
0.0049682347496114,2.156676036563257e-06
0.0120845279143828,6.618680630785424e-05
0.001764648397545,2.7952286061622455e-06
0.0185572422157702,4.305290492879553e-05
0.0077299632333047,1.1467354942887004e-05
0.0085962192686506,1.4673426622193239e-05
0.0171528304091484,0.00011094755727911331
0.0101701498517865,2.8871480244124235e-05
0.012329318906472,1.680938824014968e-05
0.0132075642069657,3.237459613569508e-05
0.0039239252650894,1.6888870483547093e-06
0.0051736750423648,1.9072254828438149e-06
0.0170391740001848,3.541601023400429e-05
0.0053807936762538,1.8768827009806943e-07
0.0120346306057227,1.4759590955596665e-05
0.0002133998634316,7.201744362645213e-06
0.0198671946505178,0.00011568299666231174
0.0137437200857804,6.283630481104334e-05
0.0114423817499017,3.647962259402705e-05
0.0181215288879865,0.00014420067884839336
0.0091122597116061,2.832984899237964e-05
0.0007054769763115,3.3770360844119062e-06
0.00638820077585,2.6705760483337876e-06
0.0126996056596773,1.865524776038207e-05
0.0013831498499694,4.576717152300544e-06
0.0177824648729796,0.0001142476015842743
0.016405701499984,6.6378677558444745e-06
0.0044850711633108,1.4209811309827553e-06
0.0012355773095357,7.113137492001123e-06
0.0094906905222159,2.2811749736526906e-05
0.0188694253146388,4.4981047437074656e-05
0.0118185283623412,3.383862679978612e-05
0.0153069494635069,7.7141594457713e-05
0.012748351523217,2.2587594716556606e-05
0.0048351184011864,3.9486186278426056e-08
0.0195229053815683,7.122812991562322e-05
0.0051093737830701,8.885944566696998e-07
0.0194763914330076,9.274074394529253e-05
0.0189929406269278,0.0001269623532324664
0.0041427578145353,1.2090846413183945e-06
0.0037214924305904,2.690091569850818e-07
0.0193860308472184,0.00017497514921070397
0.0128276256427618,3.7791479056500216e-05
0.0134831422086283,3.9136957531411995e-05
0.002866559337697,1.2336471967567322e-08
0.0077964135561742,1.6058062924448778e-05
0.0083325109999268,2.7370021847457858e-05
0.0008490419661418,1.7045388992083353e-05
0.0084447243335742,1.0594364589569507e-05
0.0137630374419161,5.9286785658853094e-05
0.0179419487127735,5.903177053517963e-05
0.0194051991632254,2.288860360680666e-07
0.0022557504733403,5.495551122166582e-07
0.0063186369102101,5.146197435450839e-06
0.0134168485184007,2.4997767487830963e-05
0.0059354665657601,1.525220500417537e-06
0.0150293765141457,4.550297240269918e-05
0.0029614252791381,7.847575704660469e-06
0.0033814026510305,8.343382961564311e-07
0.0013602152914773,5.48235499203244e-06
0.0046202497539707,9.34135167296114e-07
0.00519251095813,2.7439293876899638e-09
0.0014967407987774,3.876086871533882e-08
0.007825640286105,1.939663337102702e-05
0.002863137384825,2.7677965727269904e-06
0.0182222338341515,2.034083058546991e-05
0.0073291588803684,8.8924340077456e-06
0.003073417992302,9.571060857931323e-07
0.0190056603744602,8.710226391099394e-05
0.000628348070313,9.5037913661291e-06
0.0074579267435694,1.2014977950797961e-05
0.0016274027824452,5.40692569018987e-06
0.0120432782256672,6.781506943816149e-05
0.0056942744817252,2.7860042144780607e-06
0.0044109025965011,1.1621788049613018e-06
0.0136349380779239,5.109740867332912e-05
0.0037200326932545,7.997093267323923e-09
0.012590562335063,2.0396882973172784e-05
0.0106825351406072,3.2246835850637486e-05
0.0179867888148861,7.229121666019318e-05
0.0089645439195495,2.047643823656452e-05
0.0177006650934888,7.534984367783422e-05
0.0090856250914752,2.082748169580101e-06
0.006263530859013,5.552752139458457e-07
0.0146942184920523,4.684016928834187e-05
0.0029760835854384,8.008795409208047e-09
0.005146023941788,1.738938879485663e-07
0.0103714197261171,3.6613979495161944e-05
0.0188756569788559,2.0478031236627767e-06
0.0061798381316021,6.502445455234398e-06
0.0159781805718383,4.877799726557766e-05
0.003952216016625,6.171396420082684e-07
0.0187570982002703,3.6971385491877196e-06
4.73579888629394e-05,5.7105410568205535e-06
0.0035241796310293,6.288906076644237e-07
0.0084363988170205,3.0504633976696852e-05
0.0002099018725998,3.2984308175471193e-06
0.0009086355543731,3.629802403848363e-06
0.0062232931947322,3.870048149679305e-07
0.0105015575373507,2.999807555843631e-05
0.0181711794684059,0.00010837867755397321
0.0048620361251549,4.568892039323275e-07
0.0140383506545853,2.2567291863557034e-05
0.0156222415355886,1.1957467031852901e-05
0.0099055329816073,3.0117177205196053e-05
0.0097779746734539,9.282679652701257e-06
0.0161204562725779,3.246599630386958e-05
0.0071856673870335,7.90563971340874e-06
0.0168410790971448,9.418851791023288e-05
0.0158438719697026,9.68420676897576e-05
0.0110948723353161,2.1345249634447092e-05
0.0145461474769,7.855453770938427e-05
0.0057993943555966,3.2958862294871015e-08
0.0118639666967961,3.306426456156188e-05
0.0046558328383158,6.933751403964609e-07
0.0193432212283077,0.0001992871861038144
0.0068401889032344,6.610154400513116e-06
0.0164063243996146,7.93441019241529e-05
0.0043373383950686,5.849651858653066e-07
0.0075920163752381,1.3244751172341389e-05
0.0019549506264495,2.7655545814525046e-06
0.0172952796993061,9.487020895475459e-05
0.0138556816371592,5.7638060213372265e-05
0.0058301869309055,2.909087679177781e-07
0.0180600475769239,9.323289314263405e-05
0.0058695582247775,2.6474114726409583e-06
0.0184503513916777,8.362378534911328e-05
0.0020809449250165,2.9050447137712896e-06
0.0163670132615098,6.216397829772749e-05
0.0030791598359121,7.223441500381224e-08
0.0085610746063414,6.3074557595036884e-06
0.0072144771712466,4.257079572031992e-06
8.43983891643818e-05,6.50562698333127e-06
0.0057493655549912,2.093480198321475e-08
0.0180155045806745,6.448394980674963e-05
4.1874253562677046e-05,5.754526174882845e-06
0.0043303321209563,6.6020391318500825e-06
0.0063053466236509,5.455449271529964e-06
0.0073611920820074,7.2644382283381974e-09
0.0180605597306397,2.8936577455683983e-05
0.0021610234010624,2.7656429964647195e-06
0.0122103420937227,5.6373537538225226e-05
0.0189101656193689,4.697788108311133e-05
0.0146028523481038,8.358209950474318e-05
0.0113430852689632,2.3881888523044383e-05
0.0039701370036908,9.140499566967482e-08
0.0187319140351097,6.043557706377203e-05
0.0046452108814024,1.5426068525866306e-07
0.0168794302607876,9.845652352129135e-05
0.0187415487521792,5.1385075324579355e-05
0.0079788420146709,9.893508028898448e-06
0.0049295719992443,2.421977175496152e-07
0.0028442040411803,8.533650883319721e-07
0.0030963783859978,2.634523167285995e-07
0.0154691097956584,6.941597426012391e-05
0.0125706818608191,3.420918253291405e-05
0.0143783482200071,5.892145644300888e-05
0.0030713361962439,7.019010482873451e-08
0.0022842904644063,4.950327027110161e-07
0.0193865539496739,3.4901449961324e-05
0.0156469325905289,7.771461479071861e-05
0.00911005809724,5.884006282921236e-06
0.006100293713514,8.288531269546892e-06
0.0141006913883201,3.711445999567225e-05
0.0179108850388194,4.043748640405124e-05
0.0032880470237013,2.6051667080478467e-08
0.0127035012255421,3.6036046709219275e-06
0.0124199371841537,4.782954947234224e-05
0.0136318961609347,4.5844254843376135e-05
0.0027197247064904,3.3761357855783867e-07
0.0160870936861541,8.67381829226221e-05
0.0099724411563995,3.8418376909837024e-05
0.001652067542942,2.428968262760706e-06
0.0136804256331676,8.629133672243579e-06
0.0065858588010573,5.7395001067709415e-06
0.0043893581220435,2.258928212197158e-06
0.0124885981835623,3.3212175023185106e-05
0.0136185431480868,7.857321748196627e-05
0.0056792039096377,8.14729997505517e-08
0.0089720727549291,2.076167225329766e-05
0.0106439282749218,3.5317398174900516e-05
0.0018567289725443,4.078109729811897e-06
0.013838095780538,6.220603884252027e-05
0.0005907402769121,5.782064735572104e-06
0.0028260447043713,6.780633603318311e-06
0.0017549426659636,6.259935783812036e-07
0.0026093713987494,4.0580548931881e-07
0.0064439115232088,1.8187636306404503e-06
0.0144745042401347,1.0475226100733497e-07
0.0012917132886166,5.1830052228482805e-06
0.0198960925107081,3.6687485019953075e-06
0.011801959768329,2.7395692910690733e-05
0.0052894322537695,9.713838512392564e-07
0.017754998499373,2.4400608356825555e-05
0.0157249112609725,6.562607852589798e-05
0.0146481929008721,1.3457868213455331e-05
0.0028652166795836,3.5318810423301624e-08
0.0155942405060018,2.0480711823023075e-05
0.0072272728117506,6.404407878706313e-06
0.0141431057514195,8.368330482849344e-05
0.0078981783220274,1.2484047063538565e-05
0.0110158688639849,1.3800161118054233e-05
0.0073434503827871,1.2584116549076644e-05
0.0118653951547374,3.519530396238915e-05
0.0061970111566298,4.845861859781387e-06
0.0150697304762335,8.382004447614817e-05
0.0015254409411421,5.08626288636935e-06
0.0089252694729707,1.6351331257097043e-05
0.0124986360082933,5.4071835437924947e-05
0.0086660374073728,1.3682134595149274e-05
0.014411787213296,4.166385348155229e-05
0.0114153741365249,2.2322377801360377e-05
0.0068147293528489,2.757634898015189e-06
0.0022227351305698,3.3307167751059466e-06
0.005839708187944,2.5613517225000156e-06
0.0064302492635882,1.217276258983804e-05
0.0057678553694001,5.1748529508566715e-08
0.0031015340583051,1.9682375474447676e-07
0.0073046426868446,1.1552795193680138e-05
0.0192282219444438,5.341788846010604e-05
0.0022211571189775,2.922172313802818e-06
0.0191703196093137,1.459057267829994e-05
0.0069592067599486,1.1550308805441075e-05
0.0168559192535996,6.511025956879882e-05
0.0098088036480777,2.8598847239498264e-05
0.0031501882863832,6.233462740773026e-07
0.0042490314802038,7.76858495310806e-06
0.0077968971326805,1.621889099991517e-05
0.019809142696233,6.528248810645692e-05
0.0184540877537383,0.0001641227312782294
0.0002253391950192,1.0951625606682438e-05
0.0199681786923171,0.00010611094794199635
0.0104162090710031,4.2811745655494666e-05
0.0195400629837897,1.7156891032363398e-05
0.0138426328941425,4.0349227090562917e-05
0.0185033870740274,7.997915556124477e-05
0.0192879378867612,0.00012215195283410435
0.0030561441940837,1.4383575481690204e-06
0.0130667984195617,5.525695852862134e-05
0.0053728161251486,5.337057473862987e-07
0.009336461774084,2.159560648610399e-05
0.0042722578894859,5.386213715577248e-07
0.0029009711504301,5.246833344823399e-07
0.0028494781910786,5.135988210943387e-08
0.0141650848522302,1.440150774454501e-05
0.0089819412968253,8.670684825336511e-06
0.0039310874883586,1.204829566661957e-06
0.0073544158098095,7.895296476921501e-09
0.0185259742945671,8.788204825963744e-05
0.001600374649705,2.9224493679635078e-05
0.0123690283530538,4.746885183368745e-05
0.0035728582962085,3.572145586658441e-07
0.0076404062484062,4.52984728086361e-06
0.0127939135484676,1.0217251022655925e-05
0.0040339572519845,2.748954159091607e-07
0.000545092998788,8.569365594608022e-06
0.0082561991749223,3.845888627719625e-06
0.0089314971924401,9.90115347020151e-06
0.0156327731770983,6.455026754248034e-05
0.0140298629715175,2.3694236553016715e-05
0.0067162680533591,6.358206013066635e-06
0.0128116973878104,3.781601206188299e-05
0.017320999062793,5.228244497920319e-05
0.0085698722227576,1.1560586001282998e-05
0.0012253453291908,5.2046696277253376e-06
0.0081972183544685,1.250182135470333e-05
0.0078489169674593,1.8064468578096543e-05
0.0152421293726743,6.627783115523496e-05
0.0199309407489006,4.139281806044885e-05
0.0181767234754578,4.293264341200318e-05
0.0145445833578625,6.204763689396161e-05
0.0143323311176279,1.7324654166090043e-05
0.0079381620650922,1.0812283275737122e-06
0.0164575762029953,4.60562915395148e-05
0.0027896982184747,7.806520257913892e-06
0.0058836090892704,5.572776231690919e-06
0.0016944982933938,1.4945766852330885e-06
0.0020724552944142,1.1202529541522448e-07
0.0024446946939788,1.4490504719732633e-07
0.0074922578723449,2.796083263885559e-06
0.0091424375091005,1.1113138726412082e-06
0.0131383915369614,5.477058623754617e-05
0.0083379610335032,1.6584910425665706e-05
0.018994845345989,0.00012164084008947342
0.0186396097282709,1.797926812976089e-05
0.005482710501349,1.818101182108307e-06
0.0191947281043103,8.905761538576486e-05
0.0027048065129058,8.493060591559671e-07
0.0009088131407033,1.0473144331431966e-05
0.0185199750016518,0.00012572003171557579
0.0057515562439012,7.602349745083076e-06
0.0059529695548012,6.009859357192542e-06
0.0194721559554119,7.329390224282535e-05
0.0104692897369024,1.910849267189039e-05
0.0138025328139534,5.664736700517567e-05
0.0075160607502334,4.89559513107421e-06
0.0120331994252775,5.059670874221738e-05
0.0089885216852697,1.4604006669378242e-05
0.0091043223992934,4.846217266503356e-06
0.0058793942028875,2.9328101298966134e-07
0.0071607869506285,3.6013433454319967e-06
0.0169025451627857,4.819385872483082e-05
0.0097839130072521,1.0459192967286763e-05
0.0124020159195374,5.8338835906435775e-06
0.006392792118558,1.0768630420610598e-07
0.0171346345453899,5.6983994339171025e-05
0.0117898835877246,4.64686777064768e-05
0.0100676846537656,3.622551847096962e-06
0.0181937628471634,7.7987579765802e-08
0.008659994576426,6.386403437521839e-06
0.0143828666328153,6.267301900402141e-05
0.0028130713190164,4.076230987620516e-06
0.0176838264644757,0.00010337637239705683
0.0174490729066922,5.3595070233364606e-05
0.001513946680272,1.4393238079746414e-06
0.0152384200033511,7.428169640370856e-05
0.0159830126185929,6.197320056370236e-05
0.0079794506272603,1.3619284800732023e-06
0.0066729377384165,2.167552800781684e-06
0.0104659969463441,4.326340889662812e-05
0.0116123460830993,2.5785787778359183e-05
0.0105062431370472,2.4647433574275146e-05
0.0028146757577128,2.075440277142927e-08
0.0058985774275401,7.427805509882019e-06
0.0113392184234626,4.6260922391159534e-05
0.0078319382636786,3.1470551196987148e-06
0.0017420756461683,1.4438903280240266e-06
0.0023616044350813,3.391933485556016e-07
0.0189339880977658,9.317627521306409e-05
0.0160098587901498,5.012891774742301e-06
0.0016545053152504,1.0661139687262222e-06
0.0120062349865512,1.972845560718516e-05
0.0133094301190208,1.2268530746742317e-05
0.0062858400316271,8.09153112042302e-06
0.0171809551617866,6.226793097799713e-05
0.0068637557620356,3.1054679550047435e-06
0.0061872819605885,4.722742322662316e-06
0.015669098652463,3.787060851047031e-05
0.017352019932653,3.0041387495090423e-05
0.0026304169011009,6.455313960493355e-10
0.0095941426945015,1.0938944461918073e-05
0.001980841601331,8.255598066500451e-07
0.0015715507186914,4.344930326210966e-06
0.0165676955553678,9.552195630888371e-05
0.0103916438868813,2.1786505615887806e-05
0.0030830406795145,5.728338675876169e-07
0.0017783716891887,1.2659574411935764e-06
0.0138801180592102,5.8128054530989265e-05
0.0047054229465254,3.526914368686052e-08
0.0142859948850406,7.159932686908494e-05
0.0127898656445272,2.4457283754568267e-05
0.0170288933009049,1.1244380389971769e-05
0.0127313980597268,4.409105155774782e-05
0.0080214149501487,1.7774847922933936e-05
0.0083777764970784,7.132841093989654e-06
0.0100408706324674,4.778595745314523e-05
0.0058540587898986,8.507011609602509e-07
0.0030094225973518,1.0867970062634934e-06
0.0150073229500463,3.5066854716409966e-05
0.0075510991258372,1.1868328933638066e-05
0.0142159338193514,5.188094632000008e-05
0.0188225491923894,0.00012279031850851937
0.0024771526391017,6.371609236575678e-09
0.0180718634291737,0.00011092599038626361
0.0039985897276029,2.0159907525332816e-07
0.0055628142857794,5.491090426025004e-06
0.0179087205823914,0.00010317960676247953
0.0038189550143998,7.361810330986858e-06
0.0064307435245564,1.205131115862041e-06
0.0173731048378724,7.963477138769302e-05
0.0076043035820401,2.0674263263346986e-06
0.0019616407446217,9.131870440195126e-06
0.0058736987761567,2.172378363464053e-06
0.0046605115918943,2.3909869505090075e-06
0.0118802513279737,4.270312001023481e-05
0.0120223756546321,4.429394910578598e-05
0.0120402582108639,9.360926072961827e-06
0.0164823457877097,8.852604243159489e-05
0.001607673508936,3.7279676964601454e-07
0.0181739981057803,8.778246670570436e-05
0.0141381616436907,3.779155710424971e-05
0.0003609392802835,6.263542186682803e-06
0.0002447823668799,7.586588302087727e-06
0.0086593824937109,3.835051848411873e-05
0.0028227139761155,6.995001969844144e-08
0.0085440800625668,1.658055374436449e-05
0.0017758439822674,2.1667677641416825e-06
0.0182726947107667,3.455388515709233e-05
0.006384390209972,9.31886452384035e-07
0.0126668299930395,5.85980479841407e-05
0.0112149168674655,1.9866214535904178e-05
0.0142434168619471,6.550508067317859e-05
0.0055934296115681,2.636639755913325e-06
0.0182751654114365,9.668820196237921e-05
0.0110398263140837,1.86152650055756e-05
0.0160057221501621,4.182910025538269e-09
0.0001181463274283,1.389345398241531e-05
0.0075997130133672,1.5542047395670384e-05
0.0165503306207275,8.09133504931561e-05
0.0129736104550657,1.761755085663666e-05
0.0140177490930836,4.912590521298032e-05
0.0157924904301135,5.0745401268967255e-05
0.015897663084924,5.441536550112914e-05
0.0195170432545255,7.055085197718058e-05
0.0008968979648514,5.817586144619186e-06
0.0117868848936452,3.6774777097044994e-05
0.0086443068560179,2.5953304802669555e-05
0.0054107470434632,5.4525337621609805e-06
0.017012729116648,0.00012880506116054704
0.0029933128064112,7.41093837445564e-08
0.0128712973001714,6.785758717267932e-05
0.0021215953158741,5.875780858462626e-08
0.0044087993438832,1.0187339550994964e-07
0.0096236614106872,1.9789887658876883e-05
0.0044662987833279,4.591235368805241e-09
0.0169538220873388,7.576217784596843e-05
0.0161739899440858,8.821761961010313e-05
0.0160420238618404,4.428389477349871e-05
0.0013295300753792,1.604886203619325e-06
0.0132397623345042,3.151164709322183e-05
0.0091105314750216,1.3635364395036844e-05
0.013315779610849,3.5198513599041894e-05
0.0173633437373375,2.147170906144502e-06
0.0013535644497103,1.994631830150637e-06
0.0173595043710208,6.844002922292143e-05
0.0131756550283576,2.505011853706856e-05
0.010442226379401,7.003368071803043e-06
0.0017324569202363,1.2856873188815012e-07
0.0068080322879397,2.5313156459785964e-08
0.0167271658730411,0.00014915584936769894
0.0059822827545057,3.3748053491152224e-06
0.0140976248167983,4.028449799679347e-05
0.0142149654664078,4.515768516734734e-05
0.0057905911958497,4.695504222692833e-06
0.0142763081990449,2.5971825147459226e-05
0.0019408753644499,2.5386681961536053e-07
0.0025934186462652,1.8475981804140046e-06
0.0189660404448656,6.024252593139675e-05
0.0151859740230149,4.175415547600812e-05
0.0033840645925477,8.870515134937957e-07
0.0102424830209974,4.2964438431559386e-05
0.0187951536923644,4.731638437986262e-06
0.0054039015186175,7.499446461177483e-06
0.0029827819455959,5.952606874363444e-07
0.0070961205838936,4.513520374906167e-08
0.015486316490157,7.96933817580503e-05
0.0172704203859687,5.791701031314456e-05
0.0096679922335586,3.414722985199306e-05
0.0173615831638866,9.32117266392074e-05
0.0131658970128135,2.8722842343097655e-05
0.0050700058158759,5.710268633049394e-06
0.0171278431264039,8.369775220305098e-05
0.0170566945023806,5.3871283596797657e-05
0.0075991716408463,1.283641721058879e-05
0.000334541394633,7.370425297658411e-06
0.0115181678261038,4.815239667135637e-05
0.0187361938369992,0.00011230972962054998
0.0083331737416944,2.6729862447648218e-05
0.0186987119184879,2.252544727233918e-05
0.012221745775102,3.05874340575814e-05
0.0140419011748301,1.3559757865111897e-05
0.0006563799077112,2.853058419050258e-06
0.0052432952376566,9.199201820766595e-08
0.003375815816953,2.7927662859410197e-07
0.0020801990153857,1.8288840099578192e-07
0.0134772614092292,4.770921527008965e-05
0.0172478633878397,3.0007806306062664e-05
0.0035149162723586,1.4848205692294958e-09
0.0168667009430123,8.21155875424722e-05
0.0169115123039429,4.083413308704494e-05
0.005241386596853,2.4170299404010893e-08
0.0159220399937613,8.891442055701532e-05
0.0085857960992939,1.1959355867474757e-05
0.0106121697386093,2.7362908030489534e-05
0.0049552672658074,1.7635480216074495e-07
0.0142489584801709,7.100406884022573e-05
0.0002297914823376,5.789823976559828e-06
0.0180650441773026,0.0001536937740097183
0.0098448436106796,9.649956650118242e-06
0.0036820828289,3.915008670783249e-07
0.0145654071551802,5.237644398167495e-05
0.0138344100821969,1.634885027105314e-05
0.012722198652802,2.82830285390561e-05
0.0050461271727724,4.812679523012954e-09
0.0073516468105941,2.6490968062651122e-06
0.0049315290081816,1.3227197928153989e-06
0.0158049413058055,0.00011280372388607445
0.0048044454946096,6.575427480448583e-06
0.0182657636423957,7.186161211254329e-05
0.0092429863205278,1.4527717041569497e-05
0.0069187723694281,9.793318549838195e-07
0.00114673638253,8.768169853662819e-06
0.0113320986697825,2.654535840454603e-05
0.0173986930611311,8.41738949693408e-05
0.0109574996424656,2.4195659619227235e-05
0.0119460521524602,7.579755564903447e-06
0.0059259295367628,9.99672594571176e-06
0.0178020333316996,9.634495196050963e-05
0.0151517746271556,5.967130889575355e-05
0.0005305085187497,1.5603085736595875e-05
1.74990098134753e-05,1.3459991463987027e-05
0.0176105810199718,3.0329276591963485e-05
0.0006572157170537,6.621856888144252e-06
0.0160764875983083,0.00010688774561172656
0.0080715496881548,1.3959575160830465e-05
0.009642976318204,3.312472603749766e-05
0.0114876417589095,1.6445591764573988e-05
0.0104195706251359,2.0596781855056183e-05
0.0136611883046632,6.042522708974789e-05
0.016740361431143,0.00010997188932202572
0.0142390095389363,5.903895975394584e-05
0.0112590068358941,2.0616451350456545e-05
0.0070253978995952,3.4337710667942775e-06
0.0183832352156935,9.902943746734583e-05
0.0041344058884279,4.000070303230863e-06
0.0083816855972856,1.9007932194628372e-06
0.0120948493295751,3.452859223370304e-05
0.0094587827046469,1.2123280228076149e-05
0.006015672977099,9.372429160061092e-06
0.0137804673210061,3.318567083486812e-05
0.0085887710227475,7.663949858996646e-06
0.0092327500926368,1.802264135631024e-05
0.0149407233031137,7.933649993883568e-05
0.010396304823421,3.892537740739653e-05
0.009204632666848,2.615513340013e-05
6.920844106832469e-05,1.3910824453259178e-05
0.0007710863872928,1.852822782144782e-06
0.0112268903851016,3.5976470992677635e-05
0.0156428239305271,0.0001167407071704146
0.005100891177309,1.0070251152505966e-06
0.0124212917671505,5.3429220702425404e-05
0.0166053504067606,6.387671717989717e-05
0.0054096863752931,8.418513545301187e-07
0.0051224443979207,1.929464639842664e-08
0.0139677108491369,3.005305557393799e-05
0.0085531087283742,3.046805080979128e-06
0.0133177157522293,5.620993777335112e-05
0.0027927478891052,7.843092633964612e-07
0.0091023703395335,2.1837757533626913e-05
0.0150052717623825,5.619089785465604e-05
0.0168883435050004,2.654079979560235e-05
0.0066141235365542,4.258054619262075e-11
0.0069280849206941,1.1068189096413755e-06
0.006223538631353,1.6564657364152329e-07
0.0038659729697167,1.4501087733122575e-06
0.0061775615561116,7.42342937000111e-07
0.0072258717342793,5.715026209213786e-06
0.0094069395498107,4.3136259380983265e-06
0.0044298637405289,4.0838134367862327e-07
0.0095453698782239,2.4718436511780128e-05
0.0103398029204679,1.175384915175549e-05
0.002272806060567,3.914172507315163e-06
0.0156363470993883,2.0399671630504327e-05
0.0075389758526943,4.2400899249983085e-06
0.0091952028380622,5.336690580327382e-06
0.0030151870200871,4.790723070811785e-06
0.0116833941166833,1.0583610694860222e-06
0.0068173924100132,4.3303211676052695e-06
0.0134794492105558,2.825537902386404e-05
0.005033568761879,1.3407408118745487e-06
0.0005864576534717,6.1437876212917396e-06
0.0176887428461286,8.346594641248366e-05
0.0057543369302977,2.431522808379182e-06
0.0012386990712753,8.022592171993161e-07
0.0172086760956245,7.639812861691707e-05
0.0159967934813704,6.10379824223655e-05
0.0117699282125066,9.14521200059912e-06
0.0033724378235648,1.4220827196045614e-07
0.0016681551519806,1.1978397717331648e-06
0.014964181826193,3.181006225003009e-05
0.0089152475673759,4.595782453891265e-06
0.0013161144287568,2.9720330650881055e-06
0.0182973144272062,6.765263459285049e-07
0.0082803428921016,1.4732598631984614e-05
0.0096518285908498,5.526338389523413e-06
0.0195341103964259,8.866588467978073e-05
0.0148536204018018,1.5848482130492795e-05
0.0164465895418142,9.135921307382291e-05
0.0054530587588984,5.141212764043606e-06
0.0067071002763835,8.233721162555312e-06
0.0049265769616432,6.937529758379548e-07
0.0155132490041483,6.495482795339652e-05
0.0140101036825741,0.00010090274834926528
0.0143951799833218,0.00010335516693321285
0.0095801596760045,2.1165593106695455e-05
0.016113467101828,4.443825732778895e-05
0.0072423210637019,1.8476135856150586e-05
0.0040936265285187,7.3183141484115224e-06
0.000341438369169,2.0744447596124264e-05
0.013627408388707,1.7162511816333296e-05
0.0187421433257031,6.332034771042772e-05
0.0143653169633173,9.86214607082623e-05
0.0181101406932798,8.715698045071971e-05
0.0173388038765256,7.84692924551095e-05
0.0169704338667795,7.53566862166406e-05
0.019213347691618,7.112486984159996e-05
0.008029822412499,7.491213818664167e-06
0.0171442662259415,7.428675816252465e-05
0.0156614913034448,4.854473354329283e-05
0.0160004063682345,5.304227640109903e-05
0.0017076553576025,1.1680803230240647e-09
0.015644958493591,6.960559044014756e-05
0.0139652285511364,3.918293792724453e-05
0.01823766723248,3.512079886587357e-05
0.0181648667120958,9.626184450363382e-05
0.0004509328346005,6.671716635976566e-06
0.01912745188397,9.798315323564156e-05
0.0176835087427667,9.20882456009101e-05
0.0095316753107,1.161675759293245e-05
0.0053997610575276,4.425984188555493e-06
0.0151112399107639,2.2994054778550992e-05
0.0043859859557783,1.561797680010742e-08
0.0065936126094568,2.484793444360916e-07
0.0041477406300639,2.284844559373836e-09
0.0030910353254097,1.3026710229157366e-06
0.0113153844270011,2.480562942342312e-05
0.0159128897138762,7.219714061475211e-05
0.0051310942910555,3.277986872375635e-06
0.0070246442458237,4.1000899112082975e-06
0.0149100671163799,6.90762407132263e-05
0.005320244868338,3.736193705144226e-06
0.0153329078023345,9.311980005352897e-05
0.0124014372934269,4.575921411825936e-05
0.0078412684410718,1.0630915887687101e-05
0.0097356714367146,9.63613417252328e-06
0.0180951274305621,4.2558389446695556e-05
0.0085472952073746,8.457472173499237e-06
0.0045127420776437,1.5833184965753167e-07
0.0102971004926981,1.2296102380283534e-05
0.0145741644189404,5.392698270149649e-05
0.0044286528101788,2.229820644010456e-06
0.0133219030846256,2.793209106321483e-05
0.0069380315609509,2.570265841726291e-09
0.0183299588723084,9.554893434151017e-05
0.0099076792015191,7.877394252852091e-06
0.0085105699973468,2.8236931138088267e-06
8.294025927548799e-05,1.9582866972907368e-05
0.0104617235229571,1.3100605405950745e-05
0.0084055928565594,1.1612289753668311e-05
0.014843283134358,5.1958833207352525e-05
0.0146752938095024,4.9882512223287116e-05
0.01437672969054,2.8055806766274146e-05
0.0165172482222447,4.659256964551559e-06
0.0006777047305999,9.522577298469086e-06
0.017822034887074,6.854519674621885e-06
0.0041332895858809,1.6286172489188093e-07
0.0144063606323112,2.479836544075179e-05
0.0195433909630874,0.00012844170553471255
0.0074812059506367,7.10408045777005e-06
0.0186885213183097,0.00011946380738841682
0.0074438992002637,8.48902277355404e-06
0.0039932455187304,1.2381163920090945e-07
0.0167267958377886,9.057528913924617e-06
0.0064494285474782,6.464595537155724e-06
0.0007698707703073,4.3579109248119705e-06
0.0175851259118082,2.508256509383034e-05
0.0052455962018296,8.194375125594853e-07
0.0162397346375584,3.794011791390311e-06
0.0065317723619923,6.040817532301752e-06
0.0171671849662935,0.00010511383164584195
0.0032170077991389,2.7399466724194445e-06
0.0016325488124297,1.32690386995953e-06
0.0135846220806988,2.447289274105769e-05
0.0078382226974871,6.939344877958641e-06
0.005950845154084,4.959648416695763e-06
0.0098630915706026,5.5262635012163e-06
0.0044461037088631,1.6463855014877282e-07
0.0056873522439885,3.547580444130506e-07
0.0072828757899018,1.6035749493836943e-05
0.0007329363861302,3.9902257869290025e-06
0.0041773726985057,3.446959194990355e-08
0.0030688473662047,4.817881607974166e-06
0.0192047144080369,0.00010401918714646278
0.0132693018651443,2.0336452331401457e-05
0.0056980575262965,1.5079116128652215e-07
0.0179997579032153,7.909324845159721e-05
0.0186438985204951,7.058585433855245e-05
0.0021371045750665,1.1405746010331283e-06
0.012423661641333,1.1807607767165388e-05
0.0189891246790332,1.9067761506652626e-05
0.0060034698088397,8.139667184478744e-06
0.0038880509744265,6.139039569263251e-07
0.0181027973287812,0.0001116477267620322
0.0032069913333851,4.588582239879633e-07
0.0198468464369161,0.00012007268555337761
0.0187863532752925,5.822950834544908e-05
0.0149466996971157,1.5203168546931557e-05
0.0189220799247377,0.00015212485555003951
0.0137992622051369,7.112629894122961e-05
0.0197341879807796,4.735817799266413e-05
0.0182873592402343,0.00010254647165247304
0.0125506340838079,3.511200890267919e-05
0.0079923638962475,1.0003915041452055e-05
0.002656274822984,1.2184096714589287e-07
0.00718749000082,1.5696660029820427e-05
0.0162272629514076,6.157273174084996e-05
0.0098198589608097,1.619783191145925e-05
0.0015589809048781,3.0244618243861746e-06
0.0045235795340433,5.342555042356852e-07
0.0129200156736683,3.90559902746681e-05
0.0046835250916697,6.815554252380546e-07
0.0139499847387229,7.302411862355182e-05
0.0162216992811906,1.53262021586389e-05
0.016160863854569,9.725061380687096e-05
0.0192325890821625,4.218284903609976e-05
0.0031174137733801,6.788548133138024e-07
0.0033573252472931,1.9279657233333797e-06
0.0087581512701938,5.9638315372580705e-06
0.005902793570811,3.552227911597112e-06
0.0038777977790883,2.6711734534398783e-08
0.0125327499371959,3.894066031937743e-05
0.0025560201540433,3.593762804107824e-07
0.0174121325093014,4.9100188949663744e-05
0.0031662331847241,1.8878375568199641e-06
0.0147948390847828,4.914740990098665e-05
0.0154089275367915,8.085745379378449e-05
0.006359351200609,1.148505447435223e-06
0.0193542000630988,8.490337235632204e-05
0.0066029150182464,3.4624422616998105e-06
0.0161578866121421,8.126008477328876e-05
0.0165793135495468,3.3298779625383185e-05
0.0185465193103039,0.00012440109282596054
0.0142280735097369,8.732525232252611e-05
0.000637376842362,1.9228698360836162e-06
0.0172922381524615,6.221071253629324e-05
0.0018198730914874,5.07601033376862e-06
0.0092683622300332,1.0313330262832796e-05
0.0003690716436603,4.059173468560398e-06
0.0150885273231775,5.772958235691843e-05
0.0072365382556478,1.3766370987015034e-05
0.0074521427497547,1.1336464025302664e-05
0.009255519865629,1.3329375176520438e-05
0.0025880794331516,4.2528339183945505e-07
0.015067214939429,6.930686036137146e-05
0.0171338159290351,1.6445137433237855e-05
0.0103463151397595,2.1889073927044482e-05
0.0101906401858088,3.301277078415582e-05
0.0124204615925122,1.5843429421386962e-05
0.0137969106868747,2.171475932818662e-05
0.0012060426927534,3.293521374090452e-06
0.018618703056236,9.822951939659984e-07
0.0071055856006802,6.728554587886757e-07
0.0140570594375952,5.439001629564626e-05
0.0176317725854445,1.8666278487179322e-05
0.0069113176424054,3.297934337985214e-06
0.0174963885191927,6.075240784077642e-05
0.0113201683988564,3.722867758273054e-05
0.0099050091947781,3.568169368202491e-05
0.0109859480795888,1.4465956238668653e-05
0.0001152273279604,9.539840309021284e-06
0.015162957731981,6.599811722767169e-05
0.0181173751189103,8.983902318816103e-05
0.0158271824492686,6.803827949215711e-05
0.0177295651081652,7.199631869959415e-05
0.0138186000675117,4.4534716953454956e-05
0.0164028142082566,6.296045669992417e-06
0.0013437906335387,5.535713989566565e-06
0.0002777438853152,5.058778783694693e-06
0.0095813775703335,7.793010556141107e-06
0.0062450443044811,2.089330125925463e-06
0.0077596952430187,1.5475064443654846e-05
0.0181750907524032,7.298639266930442e-05
0.0042654873928996,2.267234079095252e-06
0.0062570896588145,6.712734681559138e-06
0.0043547830538658,1.4909416141700894e-08
0.0187297603244728,3.883549043975426e-05
0.007489130538202,1.567565221135046e-05
0.0199777476791664,7.940488924943154e-05
0.0153518778469749,1.951403318641367e-05
0.0127272287835444,3.488149754578502e-05
0.0105223647490679,1.6448739527847962e-05
0.0107221489146576,3.241383887185892e-05
0.0086988902458622,3.4658597060746777e-06
0.0174647302529604,5.8854683184008046e-05
0.0085318433612326,5.846869576717433e-06
0.0165743528520904,6.57964633386778e-05
0.0191083164948622,5.020939037009984e-05
0.0185620420650542,4.035061154781785e-05
0.0137553629511029,1.3441966403990932e-05
0.0012308162655851,2.9517468678232922e-06
0.0055069583317578,8.893235530124811e-07
0.0101486424493617,2.0264433246865854e-05
0.008349076908038,1.4824114701420257e-06
0.0185775118991426,0.00011347791369800908
0.0050048213764173,2.2569156192359384e-06
0.0130379864548626,4.256999138076969e-05
0.0123378655453429,3.3801954795175564e-05
0.0172274926479193,8.951141942934655e-05
0.0083312074954924,3.0115771862250983e-06
0.0059258402514084,2.2043613892538207e-07
0.0098080083863234,3.197808077266361e-06
0.0042560568071357,2.539789853779712e-07
0.0175130648384564,9.460236248927551e-05
0.0109945150049355,2.4932622132107208e-05
0.0102206235237006,2.129207859918876e-05
0.012928943402612,2.4432838693749764e-05
0.0144463421198825,3.491447927950448e-05
0.0005116381821308,2.217006898213287e-06
0.0064749620698192,7.911515503024525e-06
0.008207934313203,9.318574688020724e-06
0.0054746806750688,3.4006105782801804e-06
0.0010513962003083,4.1477265764118824e-06
0.0073966460361192,1.3028900028780502e-07
0.0160534013806326,0.00011195987165583363
0.0012097573631694,2.382120250672633e-05
0.0151134243670894,5.209839951777339e-05
0.0054826210255991,7.741351994736858e-06
0.0158294375712365,6.791793850993138e-05
0.0126438913053968,1.5800478121830892e-05
0.001384923057138,4.500110895154046e-06
0.0114339556776757,5.3927461969667165e-05
0.0088682764195164,6.388293151329261e-06
0.0050908776720492,2.350923749619278e-06
0.0156632757068488,1.0918811589135826e-05
0.0097326764062935,2.197262496539004e-05
0.0021149039758695,7.3680426413952815e-09
0.0147920916588989,4.9775724325200774e-05
0.0107443336995246,4.468211370556642e-05
0.0016948593925776,2.07123642954699e-05
0.0050140406011147,2.0012426013329007e-06
0.0001278262837841,1.779690274025878e-05
0.013506181428232,5.1077692920425186e-05
0.0174703815989411,9.737098577439575e-07
0.0092394228955723,4.2618710667767916e-06
0.0142621914300647,3.385370282238366e-05
0.0079502267995343,3.4198993633727834e-06
0.0016790204101648,6.253541866247776e-06
0.0150635566640577,8.765950137453993e-05
0.0126289506226146,5.132145552101426e-05
0.0091619623501401,3.6261600218115306e-05
0.0103511152886856,2.3943838417320163e-05
0.0030809267441207,2.0263697807802747e-06
0.019716408625145,1.3099041100203007e-05
0.0042849953674077,1.8289701812502427e-06
0.0121116788253505,3.5126970064997584e-05
0.0057676015367777,1.5051560071158182e-06
0.0022785346743056,1.2017651818912856e-06
0.0114822062909806,3.3479083170832643e-05
0.0156240807794676,6.845816892208785e-05
0.0157042763303082,5.234587475699763e-05
0.002485187079613,1.5746972719492263e-10
0.0107708167752543,1.6244817854031822e-05
0.009882898441025,8.063188606153164e-06
0.0192376249565898,0.00010392347210637107
0.0162840914915539,6.477659870407332e-05
0.0145407135503685,7.645083863187808e-05
0.013086871208129,2.250952800153408e-05
0.0075870770141818,5.7681972168302525e-06
0.0064537137228751,1.2287588962539606e-06
0.0103015754460946,9.211561186268129e-08
0.0065691946017601,3.73361473247595e-06
0.001703239745364,1.2672766625923523e-06
0.01490572769789,7.119745057561576e-06
0.013914370152806,2.6974909325881103e-05
0.003684789372494,2.681015970430124e-07
0.0042826879432963,1.0245053915812164e-07
0.0168440358147572,1.426588286054892e-05
0.0058097967336059,1.632183676446744e-06
0.0063559300017312,5.300313290373947e-06
0.0031936368304154,1.8870294502680272e-07
0.0197969348923367,0.00013642841500669355
0.0042784416973652,4.407785859160366e-06
0.0162755379755764,4.731036318309275e-05
0.0010141686643763,2.1034036444808116e-06
0.0106935755190802,3.267697895664861e-05
0.0039745227257488,4.5299101746634703e-07
0.0123015422924736,4.878806290677533e-05
0.0091793502272774,1.910941077347317e-06
0.0177197774800621,9.037649128071929e-05
0.0112313733861213,2.7662562851433867e-05
0.0059970906033413,4.363416470943949e-06
0.011865250953825,1.6462563719810207e-05
0.0177689436560947,7.202523455822925e-05
0.0144606756413074,6.942872470278059e-05
0.0118152948092114,3.6920677585309644e-05
0.0015313988180131,3.3938598914677952e-06
0.0036590337968412,2.0290891955525146e-06
0.0005633781795878,2.527104863964702e-05
0.017543926403525,2.2908837474820352e-05
0.0158685862991638,4.113979906942827e-05
0.0197304751529113,7.97940242386279e-05
0.0182804195433105,7.819820549722672e-05
0.0057047443423093,2.618841240785452e-06
0.0193165945672327,9.695195955192915e-05
0.0062942195268778,3.5936003832446494e-06
0.005791004177256,9.600956749997442e-06
0.0002265460157998,3.6037920425353005e-06
0.005161882997566,1.695766224437053e-06
0.0064233230133775,5.763278085115109e-06
0.0129920814912699,2.4648109637970894e-05
0.0009300240470445,9.136464026143507e-06
0.0049923214159731,2.4349420719396382e-06
0.0123400476437841,4.361088182150991e-05
0.0175003861910973,4.9378268174075286e-05
0.0083594922758145,1.597444840501795e-06
0.0017127535516922,7.716271519493934e-07
0.0142275272781458,6.621003193023927e-05
0.0125836426770069,2.6128994723329705e-05
0.0173605148437164,0.00011913573811183645
0.019077732103069,0.00010953237866853195
0.0053176946497049,7.597007758029552e-06
0.0085777827336618,8.163884224069016e-06
0.0147519524522175,8.233319187193253e-05
0.0003443950610451,1.0893315489224352e-05
0.0072663382173395,1.137196727107763e-05
0.0101955492775242,4.217679014558817e-05
0.0093384128005407,7.895994630254353e-06
0.0057150810776595,7.756972801478039e-07
0.0103134508391942,2.987759813162255e-06
0.0019865665241492,1.2185064616962044e-06
0.0065105203003007,6.455989850111131e-06
0.0077261804070748,9.30751410209042e-06
0.0023960075116675,1.0426204803057668e-06
0.005423298249265,2.8185295081316143e-07
0.0018861374578751,2.818099903097526e-06
0.0006523545853888,7.829252075681742e-06
0.0058411116274266,4.588474673979009e-06
0.0149474693734165,8.063963810187723e-05
0.0038776280242373,7.308197778350686e-07
0.016121889303715,6.855863943113179e-05
0.0179495313749355,8.23376999045285e-05
0.011334492715907,3.5366723213775054e-05
0.0074446893713343,1.0248587895937626e-05
0.006194913317343,6.513851490944825e-06
0.019032355588088,0.0001039292768055886
0.0105463468760128,4.60061955322741e-06
0.0184621866378677,0.00013328975814877044
0.0009190840878141,2.0287518522993357e-06
0.0041605273279326,4.806351828582367e-07
0.0081172851136694,2.775446140716662e-06
0.0001673517109674,8.056830062736645e-06
0.0108404604109221,1.3730249912773179e-05
0.0132199150644921,3.9292201821525396e-05
0.0008757863779421,7.523060246072008e-07
0.0026285781679112,7.87127011460927e-09
0.0195160526284384,6.581161964947852e-05
0.0104473297780247,1.3898875699070227e-05
0.0065679803027697,4.40961032107649e-07
0.0141796956444649,2.2874123465289636e-05
0.0176970835978948,7.909457267768347e-05
0.0016324952780736,3.6541092432731394e-06
0.0048128553407239,3.363090574326443e-07
0.0045387972114107,1.085732297838949e-06
0.0148264557600942,9.115770100144397e-05
0.001964010736431,3.4819065963737565e-06
0.0004458976241289,4.435630401705473e-06
0.0066140309539341,4.601792874261413e-08
0.0112724836297001,2.9156311582680396e-05
0.0056228891563322,6.577129025857216e-07
0.0041138246492821,3.0883871955187803e-07
0.0115714159098653,4.406195592417104e-05
0.0059868117109723,1.3112194876443265e-07
0.0105964518047613,4.183596818860377e-05
0.0042338391368451,2.472941731368244e-06
0.0029560984700403,4.950138923930387e-07
0.0085448841161277,1.0415414002273918e-05
0.0197053049367232,0.0001224624374667019
0.0039874725207512,5.540326960307136e-08
0.0105321819521167,1.4627560030066037e-05
0.0095503412471505,3.078767969253168e-05
0.0165848916554731,0.00010046543936463445
0.0053718773631243,5.838049006783433e-06
0.0007836785334306,2.655774963382496e-06
0.0120381566507963,1.5491109657108038e-05
0.0001604873940358,5.775743441992985e-06
0.0195245290015448,1.5830511596243914e-05
0.0067016590032014,7.492635842218994e-07
0.0057007714503099,1.1593304790938422e-07
0.0007763904376293,4.844728409166975e-06
0.0015937919225447,5.8406125931920815e-06
0.0080932899935877,2.651587254766778e-05
0.0019060121313437,7.337664496671032e-07
0.0123761958918204,3.661213693760856e-05
0.0184971689067536,3.9184172717453766e-05
0.0140153274529606,2.6192747715705116e-05
0.0036404836623482,6.207040591779776e-07
0.0050757224088944,1.3914590863184767e-06
0.0100776926988011,2.482782376394272e-08
0.0044138656637133,5.168360288878832e-06
0.012756617779412,2.240381032602291e-05
0.0029955339303948,1.7563445525783167e-07
0.0074477304750567,2.056142338602155e-05
0.0020786886528728,1.1801980548782591e-06
0.016751152237502,4.62358754690014e-05
0.0188123296033247,0.00013816917518803904
0.0066725412495754,6.752599057341018e-06
0.0108588396336939,2.3716093514437247e-05
0.0043815470452692,3.992077009580513e-07
0.0042155437413957,5.900479796763906e-06
0.0043080252659174,6.169106023152571e-07
0.0075891363393228,1.6909030096575263e-05
0.0160107825059864,3.2115911794372094e-05
0.0114623361174622,1.90467506929642e-05
0.0079920435197562,4.1570658009557373e-07
0.0065541106361198,6.531608343001243e-06
0.0190546079446916,7.160558862079393e-05
0.0106521953641697,3.819521585432922e-06
0.014926417738661,5.3699036961243855e-05
0.0189478219494447,0.0001431741398264425
0.0045244261914468,9.152656741573237e-07
0.01738201604881,0.00012137171246867821
0.0073273214892464,2.0489777051710232e-05
0.011431218837109,2.2927819466148516e-05
0.0143844196387012,0.00011036391096342846
0.0099660505197013,1.2569029094103264e-05
0.0136435980103246,3.914141601195162e-05
0.0173556847443014,4.8580524553714896e-05
8.803578546307645e-05,1.0958731887481856e-05
0.0085284472187666,2.111114325745792e-05
0.0159820975262214,0.00011346889641864735
0.0011678557498325,6.190863623856228e-06
0.0194538993983016,9.22301426185585e-05
0.0162963346696344,8.268807244619095e-05
0.0098529595227553,2.0166941238859907e-05
0.0042132474275272,2.227618954617861e-06
0.0009559519147829,1.158247559836861e-05
0.0079091624623095,6.362326286506935e-06
0.0150777871462743,3.654071152668538e-05
0.0152278595464824,1.9678996262125528e-05
0.0058136862728696,2.2443370290250284e-06
0.0074144952531729,1.1468164442344145e-05
0.0085095325930198,1.1452718030716963e-05
0.0040293920546806,2.6136295104317305e-06
0.0103347203847477,1.1703146925843604e-05
0.0109845834120704,6.584726555432442e-05
0.0162197120380681,4.900394319399918e-05
0.0103559151372592,5.357409300816361e-06
0.0104013861422406,3.773890687278669e-05
0.00181933974549,9.1481656575338e-07
0.0116251427020515,3.162613821584424e-05
0.0033620164623172,2.6028390028203527e-09
0.0111953144223142,3.015143869210296e-05
0.0197648236507576,0.00015008133530313868
0.0149570198543447,5.7366593404244605e-05
0.0029595379312916,1.8848370037429519e-06
0.0159547453227304,8.193047373153617e-05
0.0172430196773088,9.039679776883495e-05
0.0076779802181374,1.5563383138252776e-05
0.0077653732105728,1.261059499719644e-05
0.0021625174663787,1.6178933346161683e-05
0.0083750334013884,2.672252861580834e-06
0.0169390218623879,5.158974551912758e-05
0.010480236333451,3.696434780927311e-05
0.0175621131172309,8.957793925602883e-05
0.0016940108657595,4.109588011918154e-06
0.0097840107494558,2.185571930462579e-06
0.0177031889032373,6.553362810135821e-05
0.0118584475204448,2.3907523745729593e-05
0.011987087244083,5.26532831573244e-05
0.0166466850549583,6.651457326090819e-05
0.0094960899095461,3.424342148420113e-05
0.0189904508326426,5.858814128373017e-05
0.0011129137605407,5.2235996917531445e-06
0.0017439915607442,4.846296199030749e-07
0.0026757842697137,3.735883702912571e-08
0.0038235891517146,8.948447691404495e-07
0.0168434747028205,4.76186584967152e-05
0.0139391921658785,5.202326924100878e-05
0.0035475654771477,2.8157491999102574e-07
0.0051439307912829,1.3336341782601718e-06
0.0151006357346637,4.726521672102222e-05
0.0019785472738065,7.848424800034912e-06
0.0046070236508186,3.2318086793895273e-07
0.0112743226858961,6.188064268004034e-05
0.0076601767018433,7.444453247798721e-06
0.0092737544942597,3.863399461755572e-05
0.0129994911680147,5.252369121546046e-05
0.0141724748330927,1.1375063258325848e-06
0.0024449257185371,1.5884098598789712e-05
0.0140364474393062,7.37265828833444e-05
0.0197474899074989,2.6847841602940217e-05
0.0091452925053574,1.0476063473196401e-05
0.0029701718076493,2.4231131073471395e-06
0.0187800154908934,0.00012095235778682437
0.0108553811939043,1.3873831555812252e-05
0.004593953323752,1.2844258058429852e-06
0.0139129511797696,2.0928407160168835e-05
0.0057046459013111,1.7026234999788628e-06
0.019105656762439,9.80030423314966e-05
0.0127999468972489,6.801986037572901e-05
0.0178791080828812,3.6895113832835243e-06
0.0141158050170341,3.765797556697498e-05
0.010953336907929,3.221095380672664e-05
0.0077050896725132,1.6906754926036157e-05
0.0034200249489497,6.644467063209458e-06
0.0163083651416211,5.8289469321281155e-05
0.0064314440860601,6.186281231580399e-06
0.0158565827615445,8.747538289595993e-05
0.0014445720855014,3.5492487398597576e-06
0.0184537436124443,4.057250894906753e-05
0.0029253586482246,6.157512847107082e-06
0.0039307670132148,2.3075372411504791e-07
0.018079689258522,0.0001609750343734127
0.0118116091680721,1.1843020244068493e-05
0.0057239422575199,2.3275396821260655e-06
0.0039058203407181,1.396245609346491e-07
0.017976321252032,8.640623099479306e-05
0.0133920273908813,3.871558787301654e-05
0.018685262594343,9.965516268739016e-05
0.0056250870512718,7.719914162564745e-07
0.015207344532321,3.736609423737971e-05
0.0140470876201157,4.810509478651674e-05
0.0117534198058404,1.6794362937686204e-05
0.001152003292621,4.938799124704973e-06
0.008116103524936,8.285590476538339e-06
0.0052397574905618,1.9281540110119336e-06
0.003442156090704,9.031677746272712e-07
0.0142172335799125,7.465560221191862e-05
0.0040246195155137,7.545616117984108e-08
0.0080115119238034,3.722893255455004e-06
0.0169789452313144,2.647112982030557e-05
0.0081763502436848,1.1906972563532942e-05
0.0045148856840733,2.3707022569803103e-06
0.0136060758888572,3.869220131250983e-05
0.0121586378671122,2.4010488871633542e-05
0.0049839902013568,1.4016463889635194e-06
0.0178219453743139,7.003378247109563e-05
0.0103565576019863,9.967220060095581e-06
0.014049419739089,7.550764489303874e-05
0.0112472511125357,5.446391906457174e-05
0.0175750647173885,6.690773660769888e-05
0.0133392900438749,5.667370301688327e-05
0.0160879970450641,4.8550898882801005e-05
0.0061370108690822,6.47403000339087e-07
0.0020774657452615,6.617197071620482e-06
0.0058029496490743,1.7924968776369038e-06
0.0156749563910855,5.6120456730815086e-05
3.1604086749450475e-05,7.483828308201138e-06
0.0189028962366247,9.845275408132943e-05
0.0080049530281586,4.442429609930521e-06
0.0089505889433577,1.3756154384855023e-05
0.0120853570722606,4.179303338038103e-05
0.0174900344536611,0.00010466217299718832
0.0114336831753875,2.345691484406616e-05
0.0096149357845953,4.08727556643024e-05
0.0136845286833288,2.077204928085173e-05
0.0131758411125367,1.3458649284679763e-05
0.0030735831508492,1.008344083782356e-08
0.0084302571083949,1.4396150928112379e-05
0.0068510606715161,2.579773022872502e-06
0.0090674612292369,1.4646494987932402e-05
0.0199677959002671,4.9935948640267226e-05
0.0119128434702656,4.062925785932953e-05
0.0023373136803918,3.1939695182843875e-06
0.0072437998436473,1.9398763498040313e-07
0.0114648561463526,1.849869649245153e-07
0.0059758474388117,7.117156297507367e-06
0.0050896086879833,2.3840563296811247e-06
0.0055682968424975,3.592482748911872e-06
0.0048981869030053,2.1505833436321004e-07
0.006217140867121,1.8739305356536256e-06
0.0096028263703226,9.544443064649453e-06
0.0130102562315647,2.722923383479403e-05
0.0089270422922302,1.6497527993116552e-05
0.0128391265667456,5.900582652225462e-05
0.0186234102802191,6.76260538617765e-05
0.016245108614162,7.272072857451303e-05
0.0086108542395307,5.216179579573448e-06
6.731372515370149e-05,6.8248128142107075e-06
0.0070625513492692,1.8028810470446768e-05
0.0067994456927196,1.575862370932085e-07
0.0027909018007258,1.0049422136277067e-05
0.0158202990455759,4.089054332642642e-05
0.0106713681849263,1.547402226088384e-05
0.0078586112713671,1.755379895755707e-06
0.0154017082376454,2.68084832944535e-05
0.000900217971924,8.741070455479583e-06
0.0142850626870169,2.8931256429135685e-05
0.0123046796412313,4.41830517158311e-05
0.018930793860404,9.538400570860459e-05
0.0163710388531483,1.1169061764691661e-05
0.0067803994474788,2.283351999910856e-06
0.0082114482500167,1.1242703217685665e-05
0.0030227886655047,2.855301126828603e-07
0.0165691084516182,6.008595412868071e-05
0.0109889404852524,1.0356137259387018e-05
0.0009771178793059,1.394916375639347e-05
0.0148232767181871,7.924679940080801e-07
0.014533065975969,4.373727624748496e-05
0.0071385133290385,1.0314578433651908e-05
0.0191434212903012,9.850428454208016e-05
0.0041388171695404,3.1570312475029495e-06
0.0162501072355955,3.471254677449667e-05
0.0038361812252014,2.3899894021841526e-07
0.019445793539657,3.5574268324828673e-05
0.0110749716692211,2.1109759478778374e-05
0.0124071658270587,5.689907089459767e-06
0.0010807522606694,8.370470174321075e-06
0.0056145278701009,5.966457944365157e-06
0.0159018134561387,9.798581032227379e-05
0.005935748467659,2.171672450908096e-06
0.0009251327019168,5.398872744127589e-06
0.0088338185814591,7.071717211435148e-06
0.0062474895373995,2.4767319064979294e-06
0.0014070720709874,1.7787840034712873e-06
0.0134689560192088,2.9065835594099244e-05
0.0142981320271696,4.825009429628328e-05
0.0101976081494202,9.64085156059761e-06
0.0153520189503817,9.075330337903988e-05
0.0009845971609863,2.206548714839445e-06
0.0095989844081057,3.4565005743014836e-06
0.0076457825970932,6.6721339907168684e-06
0.0072176871973716,2.1189069725320142e-06
0.013393501757069,4.5069116142999045e-05
0.0176551847005604,6.602143511930952e-05
0.0148251239420243,2.1167868298226118e-05
0.0055036399050612,8.801908795442119e-07
0.0114049945583518,4.115703287327879e-05
0.0149568067808416,9.078399782955553e-05
0.0158044986437123,8.748800668234222e-05
0.0132321753241667,4.3295442380665294e-05
0.0057170798031789,1.179364005714739e-06
0.0179748857434408,1.0325685941860545e-05
0.0041713968332065,1.1546864301869907e-07
0.0128420117569811,3.69453312226307e-05
0.0139341027366253,3.619320932941354e-05
0.0008920865030095,4.359847969055195e-06
0.0196845450757525,3.994040588024781e-06
0.0149995586330539,4.3346324640360426e-05
0.0053853461962697,2.5754433415086724e-06
0.0053726320325695,2.3748103607750313e-06
0.0172694437820812,3.316699302541758e-06
0.0108686468197191,1.1688608082246752e-05
0.0012582664611197,4.4133854921750625e-06
0.0043796486003172,8.825415716280649e-07
0.0076531378269866,7.046699045312149e-06
0.0013158499221647,6.891393233490624e-06
0.0092237573821829,1.2128241986324807e-05
0.0120369401454121,3.2530741681220904e-05
0.0171438090102237,0.000101668897559814
0.0027456797508893,7.099494481971982e-08
0.0170593827137778,9.395241125407895e-05
0.0016385562946375,1.96602847985773e-06
0.0003097802472579,5.560785595420363e-06
0.0104057729998035,2.1911287582948992e-05
0.0099484164562024,1.3026004242828655e-05
0.001380868267573,1.1852144880188966e-05
0.0062704962319631,1.5154931945536144e-07
0.0182998236679677,7.309557967017616e-05
0.0108364294006691,3.83990390600012e-05
0.0091417421192761,5.016208444778817e-06
0.0018241920146079,7.255452170122256e-06
0.0106254344393806,9.187493887351201e-06
0.0087576103512969,9.4395509534049e-06
0.0113987877670291,9.47841212541878e-06
0.0025039547613768,1.9267961555828048e-07
0.0143991209931104,5.5019450761973994e-05
0.0029621142307201,1.2339752205397013e-06
0.0049769503075148,2.500631375499748e-07
0.0007268427596845,9.044214548442199e-06
0.0015250473201372,1.2581930363469434e-06
0.0095790600718632,1.1458375436101938e-05
0.0120033664963216,2.1713115321156193e-05
0.0149065831769719,8.25411059504241e-05
0.0064627693081558,6.4119149558630085e-06
0.0198710036799921,5.477621397007957e-05
0.0180055668491108,5.16004618196525e-05
0.0041631867853195,3.0525920326713454e-07
0.0171663008824569,5.65772084374294e-07
0.0197358606105234,7.193580575494243e-05
0.0051202289065672,9.915125060867953e-07
0.0120831906363661,9.625478191773166e-06
0.0131739206915547,4.482410520459868e-05
0.0110563488153207,3.3568428854262155e-05
0.0108507476406242,1.5682274478242086e-05
0.0071946438302058,3.816321757057822e-06
0.0126463988301787,1.672673093346439e-05
0.0003992637770014,4.9220823311415335e-06
0.0196689450134656,0.00015659193789867488
0.0051332700819861,1.1878855892198935e-09
0.008430123418544,9.089565127625023e-06
0.0097820239036222,2.9649829885732878e-05
0.0016385762601543,2.000003655373603e-06
0.0037979789443915,8.922274830786152e-07
0.0199344087090029,0.00011861540575412166
0.0002731969071007,9.832217718802437e-06
0.0165675388659517,7.88499425212554e-05
0.0066390013619096,2.9828983045916174e-06
0.0113690988464127,1.3702478243301797e-05
0.009269248302333,1.0153644296328912e-05
0.0038080356609953,6.425142126922125e-09
0.0061316992873026,1.0478910860773807e-06
0.0016593913275042,4.137463866203311e-06
0.0124870028076057,5.205705030169507e-05
0.0150315382891242,5.559322480774685e-05
0.0097024999264502,3.286549600491446e-05
0.0096459599076812,1.2881172887732736e-05
0.0075783818625936,1.7874912405542373e-07
0.009176735322636,3.30335837864685e-05
0.0072989518490012,5.688531652767223e-07
0.0160922668690353,5.886255220802111e-05
0.004449884610412,1.8276109811878127e-07
0.0059185297468159,6.2374514514914944e-06
0.0158329676066785,0.00012088573785028163
0.0071787501697155,7.345591480423461e-06
0.0018466319919894,4.443631534835575e-06
0.0022964901166281,1.3588508862154333e-06
0.0131108138151894,7.412299963695949e-05
0.0077041383905792,9.860979058924508e-06
0.0006771030015052,2.474816118373838e-05
0.0163896638007575,6.716973720295071e-05
0.0106301281414799,4.749617588608201e-05
0.0124081203150986,1.9926616160627164e-05
0.0029095588266037,2.146194153538245e-07
0.0078816962895824,5.439158005326744e-06
0.0189629177232269,9.333666837514042e-05
0.0165244728252588,0.0001064631987150495
0.0032587380059038,1.1715810963043604e-07
0.0009891055198728,4.067086021531264e-06
0.016568744030738,7.180023525708825e-05
0.0036745996452895,7.41958564827578e-07
0.0143297042154581,0.00010389205317565241
0.0013391132577517,4.8096228384274346e-06
0.0008486459054745,5.812837290470034e-06
0.0160944948949425,6.960351641231556e-05
0.0139857437349126,7.251164633867043e-05
0.0070996152463895,1.3682415436916519e-05
0.0018027318312401,6.411015213564298e-06
0.0001748778570332,2.5645861333375464e-06
0.0102813610997687,1.96860057560687e-05
0.015524627240195,5.835401901333626e-05
0.0139957874601636,4.593625651463252e-05
0.006445926424794,4.3366064882061415e-07
0.0106891597939396,2.9367503962612173e-05
0.0183771310001126,0.00010078972986049467
0.0007050718221794,5.821675174948822e-06
0.0105144058376239,4.424393993894454e-06
0.0165421779856033,8.152474032010836e-05
0.0126029196398512,4.3895744257957454e-05
0.0152941193651404,4.95299919404164e-05
0.0152036849737422,8.239470855141943e-05
0.0067718681741404,6.607964500896781e-06
0.0028038885319359,8.681483764435818e-07
0.00544289438452,1.1105523873796867e-06
0.0016343763536106,1.7132614599556912e-06
0.0191509689004218,9.517001491950378e-05
0.0116688980524004,1.7315809446370933e-05
0.0112590559696373,1.561584991725298e-05
0.0116762571717513,1.0037879700006053e-05
0.0150177259256392,6.944265778178999e-05
0.0161411461221664,0.00011027263002725926
0.0102890662701441,1.4926496473444334e-06
0.0068146761348311,5.253270695478299e-09
0.0005823817151819,8.768839778102712e-06
0.0153030679955518,6.52479028862052e-05
0.0079527258314017,6.286037077354983e-06
0.0172439717900445,8.993298566075651e-05
0.0021496718432524,3.1232373958883476e-06
0.0079401007764645,2.8507624737495556e-06
0.0037902015135216,1.352751399683371e-05
0.0113844972339218,4.583101713518784e-06
0.0163521154890373,3.5762039667222355e-05
0.008931173648824,8.687057137320184e-06
0.0187229787826737,9.669247766071474e-07
0.0077811621589432,1.4733419173812591e-05
0.0015143714270225,1.4776437373044006e-06
0.0162332993452215,3.159475792814508e-05
0.0191168774224611,0.00012526012057709207
0.0118388233000597,3.5657643501787996e-05
0.0123915045750684,3.5115695317229065e-05
0.0164612305072257,0.00012092513635374679
0.0110356832405627,2.3530313152841454e-05
0.0058338927315918,3.150168381535153e-06
0.0191322175766886,5.234181693273974e-05
0.0047313474662532,7.590424544519012e-08
0.0043284736747194,1.0412694954268096e-06
0.0023425918289212,2.3527644771047042e-06
0.0143987931818199,8.607645059482428e-05
0.0166934901396258,0.00010227475602957971
0.0010032166120727,3.495775571229947e-06
0.0090633581191615,7.0170089971621156e-06
0.0052443793900401,7.336786182872839e-07
0.0165647104290894,2.79995240758626e-05
0.0033845524476704,4.850250744787413e-07
0.0049725035068527,1.621711572467867e-06
0.0139071589506707,5.550462495415416e-05
0.0174826327618105,7.035970908094454e-05
0.0181473780847699,9.190110456145316e-05
0.0019277004289559,4.889030663930876e-06
0.0012164802907138,5.886486300775666e-06
0.0086224284677775,9.760040018731475e-06
0.0022355025031795,7.352712722945507e-07
0.0150249626019809,0.00010575846906825382
0.0071152214224344,1.5228017807367717e-06
0.0142058257637368,5.38083936317769e-05
0.0022747263688974,9.72256095448877e-07
0.0173190980180625,3.741970780097201e-06
0.0192343545032092,1.215446150678311e-05
0.0099506610329219,4.2850042203767985e-05
0.0153460658786557,1.085511915638759e-05
0.0014801250189872,4.147553734003749e-06
0.0044047578164125,8.653964429606473e-07
0.0177407778638531,0.00011306130035956729
0.0052719876762181,1.9236359621328947e-06
0.0168543499909992,8.596150113107037e-05
0.0096515486953393,1.3749853265381387e-05
0.0190787420147286,5.336991325123861e-05
0.0111372599202359,3.8150088792043995e-05
0.0086298259661842,3.4613819665256306e-06
0.0162876072014845,0.00010306785164101983
0.0190926746346436,7.150687229853426e-05
0.0077674578352116,1.6092915319883355e-06
0.0057537499625824,1.2189142956907113e-07
0.0021131962074361,7.650648598767747e-07
0.0099862962863367,2.3054000881833248e-05
0.0069130153775581,1.0953321471444154e-05
0.0101653736828698,1.9281551924683823e-05
0.0012904324241188,4.24389863409835e-06
0.0109264615541672,3.8133540722726254e-05
0.0143489517981003,6.193865940681478e-05
0.0169058310185914,9.649790491361966e-05
0.0021831340908398,8.569576993795853e-06
0.011056014322779,3.0858838825305286e-05
0.0160925751672754,4.722641510848035e-06
0.0173066036307589,6.954342675966548e-05
0.0114167463123914,1.108228116546846e-05
0.008102220179834,2.272772005786055e-05
0.0010806728138735,6.693249908838204e-06
0.0066008076212186,6.717570083271213e-07
0.0010330969906867,2.6049223426821544e-06
0.0154997630402064,2.4681453894821285e-05
0.0037903502975223,8.573573597023071e-07
0.0105183307844868,2.375830939765548e-05
0.0192583801052382,1.723731081935361e-05
0.0063208511752367,1.3587908459312744e-05
0.009948378915848,8.455785852019768e-06
0.0150407477119973,3.057084344693167e-05
0.0186775296378669,9.281763486196283e-05
0.017558129177228,8.2075056517683e-05
0.0043244144848044,2.7369923493465977e-07
0.0074910303066715,1.862940624868321e-05
0.0086125286044561,2.829515882314398e-06
0.0181957768959084,8.600023552165423e-05
0.0145607317035814,5.316384145279191e-05
0.0155281856234441,7.96014574996372e-05
0.0026867362874705,9.460795881683169e-08
0.0163656443267057,7.591613006993866e-05
0.0054852326987358,4.866665068992987e-07
0.0153884476368483,8.726917438915674e-05
0.0145766956373765,2.585375461273039e-05
0.0055610697888431,9.751188928892823e-08
0.0093922347740718,2.0344149360703126e-06
0.0197576513191969,7.137533886507642e-05
0.0132929096486157,6.97111672677801e-05
0.0069246402612342,5.726532805198557e-07
0.0156511460816117,6.599117559682949e-05
0.0025263986112064,1.8054802797029072e-06
0.0187038156554304,1.231760354066399e-06
0.0087513697183847,2.3614706670566036e-05
0.0023815112536968,3.6459688462432765e-06
0.0163371808054804,9.715542129903822e-05
0.0042415673808801,1.4756057873151418e-07
0.010432372013604,1.6979252983298824e-05
0.0059486923427875,2.8722858715700893e-06
0.0156721386602229,3.6070831792311466e-05
0.0083623145433567,9.70984688643316e-06
0.0127686334348725,4.556315935240221e-05
0.0013477852412039,1.1477867616684352e-05
0.0175008779948782,0.0001087940200972037
0.004256555676131,1.8063500044960035e-06
0.0140320205390833,3.533569681378671e-05
0.014175504496373,8.40672694714972e-05
0.0178461364819917,6.544220493770071e-05
0.0092878832689248,1.3777174532238665e-05
0.019969777225008,0.00012952612912060432
0.0130034031080434,2.512741460277804e-05
0.0159497031423067,7.005213376180355e-05
0.017001259752622,1.7616729271287462e-06
0.012591763559074,5.0892421219937504e-05
0.0096926450401842,1.8148065736847138e-05
0.0151074226640498,5.2972396202044304e-05
0.0053657759968563,1.7443611081538232e-06
0.0016045104193793,2.479441210047788e-06
0.0193713837167251,0.00011894911517605062
0.0030879266084087,1.3013446986457206e-06
0.0193778314042908,0.00012579259211096858
0.01280752255737,3.296200914529884e-05
0.0062980663802524,6.125727216633829e-07
0.0011918679557379,4.9908331580873434e-06
0.0169676412166109,2.5706807467450292e-05
0.0159477361983818,7.503135201980313e-05
0.0024339058875769,1.087299721847921e-06
0.0141006900982835,3.5589077634341746e-05
0.0047923220094808,1.5037199265118027e-06
0.007218181599842,1.541384585126307e-05
0.0194099382549891,6.812687850129493e-05
0.0192034555863775,4.643688690368802e-05
0.0099119180116277,2.93402664623647e-05
0.0153222874313595,5.398480923285368e-05
0.012665555415591,2.035990442708967e-05
0.016220661507754,2.2372528614331888e-05
0.0185049139356482,6.74752076345042e-05
0.0181064452663875,1.1201303575647056e-05
0.0073745192732811,1.7080359413756197e-07
0.0001716044298483,6.205815337713318e-06
0.0124088987687187,1.0007834411281676e-05
0.0026109591106475,9.582937673974956e-07
0.0060760795158454,3.615688521129414e-06
0.0122919722143188,1.0380968980854582e-05
0.0085014123772361,7.502688209703758e-06
0.0106490460370899,3.7559683978894445e-06
0.0055903133884824,9.16864328825182e-06
0.0157331357701762,1.0675877584463007e-05
0.0025019298025982,1.3684263628740684e-06
0.0099856355631121,3.025797089973359e-05
0.0147030738006238,1.6167859855614458e-05
0.0109895240595746,2.498659995825483e-05
0.0172015009895148,9.17042859090259e-05
0.009773093101352,3.073182247650881e-05
0.015756004674667,7.148690021408371e-05
0.0110990853582831,5.9173699074108284e-05
0.0160632867027754,9.374677640915085e-05
0.0005350129840064,2.8546985831071696e-06
0.0038522473076637,1.8445223263310175e-06
0.004304647012254,2.255256366570047e-06
0.0143604399480447,2.9452653530717104e-05
0.0102053962634025,1.2931001321438508e-06
0.0173646960159613,1.204037158648213e-05
0.0181802666188952,4.8662232931360794e-05
0.0053153125548818,3.645764824814413e-06
0.0056807999716114,7.02021451586272e-06
0.0168356360325995,2.339448187162478e-05
0.0091965453810176,8.65216384513335e-06
0.0030729413857647,6.687801856149282e-08
0.007729361836098,1.5614928258394002e-05
0.0009056657026469,2.3687107429675023e-06
0.0176848408409782,8.409673559681873e-05
0.0139175221827709,4.253354999940413e-05
0.0164865637711364,0.00012744372055925626
0.0009099012014892,4.312327523531173e-06
0.012987260718941,2.113979785220757e-05
0.0010919031073412,4.87289224068483e-07
0.0023860879715833,7.047618729861955e-07
0.0166447663983577,5.333509165150626e-05
0.0030525626521663,1.1071525974475568e-06
0.0141973757569524,3.632147537218268e-05
0.0080333117545994,1.6294125044191134e-05
0.0154648803167336,6.185196758800053e-05
0.0122057321830114,1.252618763510011e-05
0.0082892715525226,1.0720325118663058e-05
0.0198185287445911,0.00010796775031197651
0.0160127776931143,5.9221450151977015e-05
0.0153539057913274,5.551601980341118e-05
0.0138283974640883,3.526214200066151e-05
0.0144665204310858,7.626389310840789e-05
0.0061047778484479,5.30623243271842e-06
0.0076947800989211,3.664203068065554e-06
0.0041724387776919,1.496341817178262e-08
0.0047358014035856,1.647609311477933e-06
0.0040682626866795,1.3925130714571464e-07
0.0068172365122924,1.8113687108862236e-06
0.0136234769227004,3.682464297505534e-05
0.0150601899652333,8.690926131427243e-05
0.0144163038422445,4.675350337298869e-05
0.0113739503773762,4.1523598569849504e-05
0.0021470048476227,2.601159294990526e-07
0.0056403357601249,3.7573241741016323e-06
0.0036304516926311,9.202210142370152e-07
0.008147920368277,5.5976176450642245e-06
0.0145592038997666,1.4138229577331459e-05
0.0070304753214187,8.1869492947599e-06
0.001391701849764,2.004596031139245e-06
0.0177905468685405,0.00012444769089424058
0.0005913082649938,2.803599843595019e-06
0.0140858618821601,5.1753004172724934e-05
0.00166192796597,1.4403397234180573e-07
0.0183966354598731,5.3325788672351996e-05
0.0199197057808587,5.8307395852688196e-05
0.0179544570427971,8.896955612752982e-05
0.0152506563459588,8.589033164619227e-05
0.0189607578746756,0.00017041517040682902
0.0199878208713119,0.00011630396459681337
0.0056767746499922,2.58168839261352e-07
0.0100315366612438,8.588619329495117e-06
0.0149152544120554,5.77284378368274e-05
0.0034947506713776,6.178046333053068e-08
0.0029582757185599,5.511641329817162e-08
0.0135624713024372,2.3258300362457105e-05
0.012443513488595,2.5045667285651985e-05
0.0077572500877584,2.3126075021346132e-05
0.0136788841912796,6.161101138805169e-05
0.0154076562135293,1.2586519028024687e-05
0.012454849208985,4.079516660721526e-05
0.0160466134894533,5.0912226994546576e-05
0.0032060162160398,5.78004955570866e-07
0.0198098976361065,9.353961590003278e-05
0.0098981901576884,9.04522273118543e-06
0.0080244132099405,2.6274206820043565e-07
0.0001289039966609,8.325203861218016e-06
0.0139528282491345,5.8441318938650716e-05
0.0153848762217625,3.270217358249894e-05
0.0176904519874367,8.677280087572712e-05
0.0030570028806227,7.831509616501319e-07
0.01937281552685,0.00010908438584282399
0.0011629456368697,3.299420547676718e-06
0.0149972514247146,4.578520776156304e-05
0.0167465366703745,7.520818331259869e-05
0.0040877809716855,9.846147181188833e-07
0.0189823699748912,9.740549761031507e-05
0.0034471149247979,3.8209872426364905e-07
0.0011283634923749,3.1254440824701573e-06
0.0185331097810685,0.00012731840691857936
0.0048052183214864,1.6951464765271873e-06
0.0107697040036651,1.2302462649638167e-05
0.0114423936694761,3.2233075047941604e-05
0.002119288416931,5.230119121890253e-07
0.0055589291513262,4.706794256819512e-06
0.0081857844510269,3.937624737396026e-06
0.0190857916432074,0.00011313552493429694
0.0196973481641125,0.0001167011995362763
0.0189618296363394,2.8194838508339258e-05
0.0184624866218917,9.381346301919284e-06
0.0050538605140702,2.168598695768363e-07
0.0034431813685308,4.28798893028449e-08
0.0167749647270583,0.00010188685718720309
0.0141817032957247,1.8340879963132336e-05
0.0184694654158663,3.1205754330713754e-05
0.0180446847430351,9.484142889893927e-05
0.0193185331102094,5.824088260972218e-06
0.0078687616167143,3.3412897660914034e-07
0.0093382546699013,4.468105691841475e-06
0.0030961345116821,3.9788311488190924e-07
0.0078557665032521,2.1762922953311678e-06
0.0084962580350908,3.238900353445127e-05
0.0069063412228458,8.590655282292414e-06
0.0167510039518252,4.3967511733694564e-05
0.0109141153695058,3.4915309212333175e-05
0.0195356025932357,6.171497701686655e-05
0.0069661584590883,4.777128505577926e-06
0.0071709245953716,4.86026087095288e-06
0.0116526745626796,1.6974186848989938e-05
0.0148741201907049,6.880526385263374e-05
0.0053678677201512,1.3594721673979469e-05
0.0188590579975156,0.00011627214993191519
0.0089784705135646,2.1084226098537262e-05
0.0036125978227311,1.7807678884257095e-07
0.005952036645365,2.6523872532798843e-06
0.0020996788888712,1.949452785609163e-06
0.0037323407510131,5.108431850462862e-09
0.0044767331129469,9.955319830750212e-08
0.0130927417543411,5.874777533861759e-05
0.0139003819916869,6.243477652409705e-05
0.0059404126568108,1.3383247859982978e-05
0.0150114046847437,0.00011438008147990468
0.0024761495905057,6.837152256469633e-06
0.0003704914195562,5.479924571111311e-06
0.0189151108621949,8.732117998230479e-05
0.0172594600351241,6.721742955778033e-05
0.0039234494003837,1.5705836313549533e-07
0.0080915900263842,1.615814999566194e-05
0.0024708051541671,2.1387571055196284e-06
0.0125393986411609,3.0068613700338792e-05
0.0112024723026765,3.807474979706816e-05
0.0026013223364596,9.861831535833414e-07
0.0007471041656898,5.437665098263996e-06
0.0019433966980512,9.900909237412591e-07
0.0170963319301665,0.00011015448054959194
0.0040675346173389,6.32866433849691e-07
0.0171828565917153,7.495346630041316e-05
0.0062050567361951,8.259984720916904e-07
0.0030410022765535,1.1301358646276388e-06
0.0013548501270525,7.486805090113042e-06
0.0153863336443194,5.722732349481887e-05
0.0185088430369082,5.62206839594269e-05
0.0182973128931016,5.882866184530446e-05
0.0146149962410437,6.717460273841279e-05
0.0119115110432075,4.9788887743398315e-05
0.0139345831749321,5.6476358091840156e-05
0.0068162605794285,6.086994220388781e-06
0.0182541446944504,5.275085449332579e-05
0.0161091942926514,0.00010856616904546346
0.000465488897927,3.1969871968100902e-06
0.0168349664994081,8.606285401573861e-05
0.0174496099111366,7.692128318861441e-05
0.0199527583033818,7.034755576919218e-05
0.0131185471317002,8.332719108093142e-05
0.0174107995827162,8.398996794566351e-05
0.0088893239173242,6.253729651530483e-06
0.0184482340420206,7.862994403352092e-05
0.0093510200546235,3.310483056090957e-05
0.0121896093398204,2.4985689915049988e-05
0.0107483362565644,1.66355384225466e-05
0.0120637860687789,5.181780743182026e-05
0.0139066607324823,9.870531199427092e-05
0.0179155059221451,0.00010591676507748782
0.0192669286801382,1.1555877223400428e-05
0.0040838162884545,1.676351935871664e-06
0.0089979169501756,1.3519675422783387e-05
0.0021535068849239,1.837704821672586e-06
0.0097174775570039,9.579040170054287e-06
0.0045474248326406,1.1139966741465814e-06
0.0188719233783482,0.00011594562149909594
0.0036222583766237,5.377930298527558e-09
0.0015190323556382,2.704120651221375e-06
0.0008000805018787,2.2353955851676395e-06
0.0179165389347596,1.3591291399956539e-05
0.0181405937366617,6.363568906517396e-05
0.0141385041858898,4.811438121449308e-05
0.0175425197733572,0.00013796594996143204
0.0181880151021479,4.131793959953165e-05
0.0009061230575087,3.1814568951170663e-06
0.0065883972415575,6.137753647047369e-07
0.0184083728394118,0.00010229992919883927
0.0149242116551414,9.164611392588076e-05
0.0003278581130186,8.321480614203961e-06
0.01919082071843,6.789174037709812e-05
0.0100607475316491,1.880023661840525e-05
0.0082142913952157,2.0111022298123462e-05
0.0199371533933339,1.235897020164647e-07
0.0088134099054742,6.5545644773708375e-06
0.0032290382350828,7.246461730711855e-07
0.0024291827804402,1.9925346154796128e-07
0.0119761134899049,5.952051756511451e-05
0.0196529823279513,0.00015339455981164556
0.0120572690706879,3.1711757349215305e-05
0.0180539558124035,2.039392262227029e-05
0.0019427840434877,4.2606492136592864e-06
0.0124333011191848,2.661404478639533e-05
0.0022702704310021,2.9674871922707817e-06
0.0027221949432037,3.5558956644352975e-05
0.0023064868466325,2.281279900925443e-06
0.0128714960393633,1.6256074730549146e-05
0.009986138956676,1.5106351704204352e-07
0.0192234825793962,3.874957299479171e-06
0.0065320510783646,2.3236264863723695e-06
0.0159046951690703,6.222433316643275e-05
0.0178463557965351,3.5469079851796298e-06
0.0029336734491749,4.478423340420018e-06
0.0008843270300648,2.383858941587057e-06
0.0145332813887824,5.7150246906224903e-05
0.0178298118446123,7.805030811338049e-05
0.0199969375994384,7.02165452776094e-05
0.0062367417245054,4.6980361910508765e-06
0.0148500461009983,4.593736406759372e-05
0.0174027335839168,8.680956640305655e-05
0.019934526674313,7.602036121707281e-05
0.00486909761714,2.8830478861639636e-06
0.0089962142394405,1.5348264871998337e-05
0.0050684478724102,5.385810666631169e-07
0.0196454191316352,3.59005278704041e-05
0.0188198801107175,0.00012258231496409057
0.0026462337155113,1.8692624544787122e-07
0.0055502135695415,5.465694629177897e-07
0.0049789454487984,5.01298973077019e-06
0.0079681368893776,4.985078074310975e-06
0.0055250891803624,3.4495067087710883e-06
0.014033301675751,4.6141840527499236e-05
0.0166732868449179,0.00011260460553293171
0.0093874887429205,4.836262579542427e-06
0.0197737254118722,0.00012421011912373177
0.0049872039770643,7.273758078965993e-07
0.0024566883919599,1.2465544244455013e-06
0.0092006887524864,1.2543417267699902e-05
0.0021829381718854,1.2974037916450195e-05
0.0066546147881331,4.257663147852287e-06
0.0107653351564967,1.4916088394623492e-05
0.0069276583924629,1.3010270698338338e-06
0.0152113485763037,6.659846493714936e-05
0.0136750818139777,3.7091974841150126e-05
0.0042236472399809,3.928623578304532e-06
0.0018322726443712,5.785200775562885e-07
0.0056134803381449,9.300674248278493e-08
0.0098141869387497,2.1490992535768583e-05
0.0031829038774736,5.2247146933157614e-08
0.0199762876527929,0.00010001867018340534
0.0178597883450166,0.00011989076732560822
0.010585057371154,2.4626484885755226e-05
0.0167246909669002,6.300969396979242e-05
0.0037036491637499,2.7117807608906565e-07
0.0017637301106646,4.971676588400367e-06
0.0178359727825921,0.00011081360677878264
0.0004494657017398,1.1222227114982847e-05
0.0197491543872185,8.862496578845325e-05
0.0092809959951907,4.605190544024658e-06
0.0176886492431245,6.237224865139797e-05
0.002834861461048,1.2763621207970385e-06
0.0147871923441796,5.0446962484432646e-05
0.013259878395812,3.938144085173145e-05
0.0112268744645876,4.77578458316296e-05
0.0124739987297054,4.39935586884568e-05
0.0064800559437748,8.389796823874356e-10
0.0009694352667536,2.342750109115619e-06
0.008802308207387,7.494414764741943e-06
0.0037693505884692,1.739181559483704e-07
0.0066602068688086,1.6289556965659652e-07
0.0063457642244877,3.277913220080861e-06
0.0016880540939806,6.497348007414426e-07
0.0120015534496793,3.4602541956392516e-05
0.0149114079378902,1.8670758789904837e-05
0.0142179574520584,5.378627916005407e-05
0.0079659746450373,5.6806460895915366e-06
0.0018070359408199,2.317524901364464e-06
0.0103471591344307,1.644022238709148e-05
0.0162267023521771,7.88911416501623e-05
0.0010864467167604,4.16214870752927e-06
0.006937305165552,3.6741789149545467e-06
0.0041934830755649,1.2853324992791692e-07
0.007024147685269,1.1319705338389706e-05
0.0054359122065529,2.0917634523810395e-06
0.0193840305419706,3.509792221176924e-05
0.0188619908858762,4.167068047638967e-05
0.0196234188912339,8.355356621895333e-05
0.0134450928680291,3.038933892585931e-06
0.0120348040315969,2.499886205196247e-05
0.0031484914094972,8.160612661803833e-09
0.0114545901963513,1.9417802212286773e-05
0.011437946820497,3.4484079769309224e-05
0.0197460421800207,0.00017524219256614016
0.0125369290115623,5.297567639842415e-05
0.0185161361417825,4.913744431846694e-05
0.0129361007326094,1.6871584866312374e-06
0.0002864848363613,3.277315659235456e-06
0.0083700726534404,1.9157864966597695e-05
0.0055912945994447,8.403224008429989e-06
0.0188692055473964,6.587991055709355e-05
0.0180900222277613,9.620586440575478e-05
0.0039960249067042,5.802208343531224e-07
0.0096122805910832,1.3496320466874264e-05
0.0012107516333557,2.513145584783088e-06
0.0080682026219412,1.768868302757244e-05
0.0117323198707239,1.669773977930376e-05
0.014526172247749,1.7582686556398788e-06
0.0163697488448711,2.4223432020440514e-05
0.0089203907106425,1.7636659155581275e-05
0.008736330949831,6.390399356855061e-07
0.0050137324745346,1.515240797919763e-07
0.0028341126153123,2.995603281501731e-07
0.010137384711499,3.690253444230156e-05
8.88644403009753e-05,9.94114362042773e-06
0.0049242381953544,1.3739378479557736e-06
0.0110564994407574,1.5507075680331581e-06
0.0061417243828955,1.301088222417031e-06
0.0116695344987269,3.9082658258645837e-05
0.0176462624023787,8.531980760263874e-05
0.01599053989731,4.530238898261674e-06
0.016010286934554,6.0651614804921754e-05
0.0187455890035554,6.931797252150613e-05
0.0074617138530582,7.624476521315622e-06
0.0067589019918392,5.430461644215938e-06
0.0086904935508866,8.853778155846874e-06
0.013164866678474,3.142243594593036e-05
0.0152756309108613,6.74163332146097e-05
0.0026683261651335,2.6816437334473287e-06
0.0140418762220043,5.393809555926354e-05
0.0079451211198525,5.489903214102327e-06
0.0037813875211985,8.864117401657471e-07
0.0141216131232868,3.6191144625786844e-05
0.014062860957589,7.280573661856999e-06
0.0096609641598063,4.719516151923637e-06
0.0099697847071068,2.124003303997494e-05
0.0146664421935922,4.6442826926547325e-05
0.0103669764732489,1.930826441677741e-05
0.0119281961288392,4.4345614617774416e-05
0.0108127430215952,5.0574282435482635e-05
0.0053003774959382,1.824437404710847e-07
0.0033089104548296,4.735826153892445e-06
0.0174776988916943,9.065870526880829e-05
0.0151525011096864,9.021419483401372e-05
0.0121195171042763,4.15255271472137e-05
0.0067912686034195,2.2052895071215235e-07
0.0071918365600363,7.736402880519166e-07
0.0009537655019503,8.598525538849551e-07
0.019584441143577,1.1979649846010896e-05
0.0017631117811043,2.2361065886013958e-06
0.0184833181949169,6.953287463040785e-05
0.0185785102995875,5.3813883260399175e-05
0.0071744345375771,1.356394903662105e-05
0.0035771822556557,2.489949862374122e-07
0.0143728150857244,4.2886467085404767e-05
0.010804040126684,5.887496460658028e-06
0.0024500015692423,2.0780230959448404e-07
0.0018309792321884,5.369008581388833e-08
0.0068756061470332,3.3240931911376315e-06
0.0138283859506348,6.746063192311085e-05
0.0101736549430778,1.1794907578411817e-05
0.0180180650285268,0.00012610607732844406
0.0177985510160465,6.517602100910125e-06
0.0174469517657605,3.8888227963457164e-05
0.0078693824923009,9.743355300117406e-06
0.0168722845062318,0.00012908018639454667
0.0191411767682966,2.2064466185978287e-05
0.0009138314559902,1.2934727264241494e-06
0.008975836296914,8.066496967714492e-06
0.0119890014319836,3.4941945167686504e-05
0.0135473059230765,2.2585645039873953e-05
0.0158747412065477,7.393814230705235e-05
0.0036693215280699,1.095925889539686e-06
0.0135564529527833,7.932218323016038e-05
0.0154915222964771,4.5138216753760394e-05
0.0082234304484215,1.7762704572620228e-06
0.0001237348829723,3.5636064015545676e-06
0.0116215255182392,1.9771652023862715e-05
0.0003485186968437,1.6076090663928757e-05
0.0147431674287268,6.193017655413584e-05
0.0109435776839159,3.0344236366113717e-05
0.013209431261618,1.501852847197785e-05
0.0174002939459689,9.840084697204781e-05
0.0155835155571061,9.770676219410467e-05
0.0013376299534065,1.628276315382031e-06
0.0131236192386961,4.6125367393737276e-05
0.0081167288344323,6.1130331842381355e-06
0.0193358869972492,5.701657511650474e-05
0.0119418494118431,3.470923687795634e-05
0.0148695933781477,2.6515525877475368e-05
0.0126598604965066,2.7050764039648616e-05
0.0051778485974562,3.5765522463645894e-07
0.0089381120070131,1.2420561689215992e-05
0.0069224119880742,1.943437682439951e-06
0.0100507667991396,4.199321120846852e-05
0.0126287471530445,1.8805592366059172e-05
0.0120137899048227,2.6084314160927107e-05
0.0046244114099154,2.537572839114838e-06
0.0116485881263272,4.473613679414753e-08
0.0089013765044627,4.121459031966708e-06
0.0111995164750719,1.6308153777306136e-05
0.0161529667927609,6.310959196434992e-05
0.0197050938688425,7.707039883697268e-05
0.0130282456930978,6.034317404298493e-05
0.0118268325041568,5.641035858097627e-06
0.0098024399377902,2.756961129811648e-05
0.0166608006573467,5.787783350101652e-05
0.0066097954219226,8.06654698790027e-06
0.0064085901349127,8.333847409234843e-06
0.0030579677544327,2.5688252274887478e-06
0.012220526213516,2.7371698418282822e-05
0.0092921006654015,2.215639128621507e-05
0.0196479207394327,0.0001544744413791552
0.0047332958479451,1.5485479131961113e-06
0.016391436724574,3.8349869797148296e-05
0.0035733180409742,2.807242648047976e-06
0.0069030482168583,6.778824474668598e-06
0.0144138642593384,3.701515395102264e-05
0.0168637937757098,8.338338606797967e-05
0.0077907819396997,1.4897094238480909e-05
0.0144668773806006,4.934675179524381e-05
0.0183284900959817,5.2422085134817355e-05
0.0005204644451054,2.849323118115465e-06
0.0010101073135822,3.100723884270145e-06
0.0020402450073098,5.901229673674457e-06
0.0084486079074128,6.216534092334938e-06
0.0019029836186547,5.6355103489439965e-06
0.0021950359926729,4.423515625846496e-08
0.0160374011487695,5.478978848044558e-05
0.0091594042518257,1.743875875823009e-05
0.0075685371059138,2.284971714350312e-06
0.0157824744666872,0.00010420940332490695
0.0076700187495653,1.436947775426344e-06
0.0179597963423712,3.127070568626291e-05
0.0049643008022358,1.076973039916047e-06
0.0146794841708884,1.6960296358942714e-05
0.0060801320075037,1.0874497401962705e-05
0.0172725134882001,0.00011895378257807138
0.0099406468112007,3.0039016017004615e-05
0.0100781168023121,2.720362156458149e-05
0.0009776635632201,1.1288312125889299e-05
0.008193786200918,1.0157367367036162e-06
0.013089851739528,5.1403156165242395e-05
0.0185865069016842,0.00010998211718203966
0.0022637970347599,2.579342380774706e-07
0.0183243697256007,3.465530025535111e-05
0.000734032174931,1.1445867707441524e-06
0.0177451114223574,5.78392793264472e-05
0.0039730871679783,1.2809303566598302e-07
0.0076621796285429,8.06968935589875e-06
0.0021301736466307,6.801527480824866e-09
0.0037989107373839,5.118485210076395e-09
0.0145053677238172,3.63013713852541e-05
0.0023608559144328,3.9615866394892215e-06
0.016757392044984,6.078122369531042e-05
0.0196067463610653,0.00018451237130870114
0.0190863467551722,5.1343725338511835e-05
0.0157287909522197,7.205069081652347e-05
0.0084189449524745,5.590154568311632e-06
0.0160191499983638,9.329780235246187e-05
0.0190383244738673,0.0001217169311150701
0.0099813919977241,7.272035041934161e-06
0.0050175994018511,2.1603164228928476e-06
0.0143282936128967,3.434217634037453e-05
0.0127456436101647,4.751912057317935e-05
0.0078157499875853,3.162746932546695e-06
0.0077213360951938,8.92905918606311e-06
0.0122750966855446,1.9662038064366984e-06
0.0118376825633106,3.555338028237994e-05
0.0048913425084521,7.695634966587634e-07
0.005062818484809,2.8287534022263163e-06
0.0079079900064699,1.4476210502949763e-05
0.0096374531166314,5.241567070843369e-08
0.0086463942591512,5.02154344269833e-06
0.0143462901300413,2.8325396442030887e-05
0.0139601851653729,2.6005700522639167e-05
0.0054302617172648,3.052734409135785e-06
0.0147474432817055,6.686934157063565e-05
0.0091761391044556,8.636979895371477e-06
0.0160195925332578,5.301310805777239e-07
0.0082129815301659,1.665467034661076e-05
0.01185461263668,5.635358811418013e-05
0.019516694312004,4.156386900047844e-06
0.0198552229252099,0.0001591056516958883
0.0159237497701479,4.2156611577864985e-05
0.0089645896376486,1.0335263073764111e-05
0.0034437049874593,8.18962468282084e-09
0.0023138696676459,5.6002686321256846e-06
0.0179437340403765,0.00010499202416019355
0.0012250257264229,2.538240741676797e-06
0.0014671916556962,8.505059227226841e-06
0.0054001539018059,1.6928139931602367e-08
0.0096350769177399,7.187330214927734e-06
0.0191835515082754,3.234741220433145e-05
0.01773174955442,2.4654415241049737e-05
0.0174693324716526,6.275053191143762e-05
0.0103039822966072,3.09352868455102e-05
0.0053716336037199,1.753306946855094e-08
0.0074733322763751,9.446602241063363e-06
0.0059638680824408,3.1694946970783434e-06
0.0096969907601183,5.529377694593563e-06
0.0062865596605792,2.2189933842189165e-06
0.0063509454746044,2.4168730648515784e-06
0.0122608420117611,1.5219049350876113e-07
0.0137873503415452,4.225709932515697e-05
0.0037426574446981,5.280524073487386e-08
0.011069307717606,1.4921556549716245e-05
0.0010484619965509,3.475115751785751e-06
0.000878545785794,1.8215375068393452e-06
0.015454790470052,6.394076396698443e-05
0.0023140055678934,1.0075936821646823e-06
0.0083230219693324,3.080557499128611e-06
0.0184256279846469,5.361532517341438e-06
0.0146341269445746,6.227957281010763e-05
0.0059421788963801,4.199390537170312e-06
0.0121056986546489,2.678694400580862e-05
0.0132837362819869,4.7248975041171066e-05
0.0066740256219527,1.759355185226632e-07
0.0037767139586797,2.987588176106543e-07
0.000914104817232,2.9744958113506545e-06
0.0006065896016098,5.290083238140361e-06
0.0031210840638208,5.913085675848142e-06
0.0172819894148743,0.00012136936738465342
0.0128605712566944,2.092877068982666e-05
0.0168381561690054,6.580189741939905e-05
0.012181464703662,5.55682331642219e-05
0.0032687658368748,1.5311079592698245e-06
0.0113048315797628,2.1402541219040392e-05
0.0194229208246498,8.196456090352304e-05
0.0082396422080337,2.535214052685068e-05
0.0030756804180035,4.167248986776448e-07
0.0015794076167027,4.4920887972547244e-07
0.0184098518164752,0.00012085582646964642
0.0023550787710415,3.617546620307005e-08
0.0069565567315224,7.981515670870622e-06
0.0029177935629725,5.687188638501237e-07
0.0194672165001403,0.0001026106899853098
0.0138939078288387,1.0085916524499674e-05
0.0042228977230759,3.638865713835115e-07
0.0113816611919504,4.218010132474343e-05
0.0038466602931891,1.4711062606675823e-06
0.0108048115404163,4.5263509733973337e-05
0.0055847478595835,3.1790032536487284e-06
0.0008145004980642,4.5140849218226515e-06
0.0115526901894537,1.666464017140859e-05
0.0026711810824152,2.4567127399252906e-06
0.0120335934877427,3.862176458735299e-05
0.0046100772987982,3.7413750705706656e-07
0.0152693129808526,6.244157571139388e-05
0.0146812226611703,9.628125686148303e-05
0.0063930521602826,2.13949255957224e-07
0.0188235938582953,0.00011369440379419124
0.0116613752484036,1.123669529812664e-05
0.0112010993480536,5.252877360793457e-05
0.0133340070495073,6.083837452575213e-06
0.013676602463302,6.644315034345358e-05
0.0155997573239532,5.469763862010064e-05
0.0017131823398764,3.0949905971583834e-06
0.0173026513137511,4.480430724882107e-05
0.0086104416138949,1.5502757388587897e-05
0.0119256519654861,3.8650861730006326e-05
0.018474364061298,7.491497186687084e-05
0.0092608683828286,3.488328092993628e-05
0.0084770465585331,1.4051602801157826e-05
0.0116500102799745,3.0649477458285356e-05
0.0014808744168423,1.3045448700998966e-06
0.0125722112113862,1.9576969148082753e-05
0.0127135995859512,6.922204563115116e-05
0.0093424918068493,5.633864662483564e-06
0.0063091835205952,1.6552580581728233e-06
0.0083056629094158,1.643210170665137e-05
0.0182756487184291,3.8081650129937376e-05
0.0085102507444308,1.0767581288833656e-05
0.0074162004994478,7.76143498132173e-06
0.0172299624693826,9.567079489148805e-05
0.0130288193589922,3.586720603199139e-05
0.0059343738794703,8.127238483295348e-06
0.0166104172935185,4.6066921440170194e-05
0.0189654489600976,4.024143967139302e-05
0.0150967724116405,3.385417431861005e-05
0.0164008744678526,6.119228501976688e-05
0.0098840336087689,1.2571287710228999e-05
0.0007911939296174,8.405534476683479e-06
0.0022345071224891,8.737084877927293e-06
0.0134496022313818,1.2801212197315154e-05
0.0080795697794062,1.8421900233369206e-05
0.0049631870210823,3.838608800484781e-06
0.0126798185483505,4.689202998868507e-06
0.0188069177598773,1.7884590709925206e-05
0.0048244633856038,2.3842236248543413e-06
5.4009100794718543e-05,2.138194854809642e-05
0.0056627292906279,5.1244996306279615e-08
0.0031172102217776,9.81359140377e-07
0.0175171235932938,5.931689776449109e-05
0.0165111729004422,0.00010422819967062619
0.0098696745396171,2.6670994744784773e-06
0.0030915542897609,3.6666344676713734e-07
0.0024114231997567,2.6533925729234735e-06
0.0053204881054764,2.9755959428798506e-06
0.0141197918956233,1.600920881553813e-05
0.0157890977476777,7.332322850093484e-05
0.0162595706835478,5.588908890273415e-05
0.0114549227674157,5.275576602536023e-05
0.0094139883493473,1.2424010462076833e-05
0.0037421106816609,3.416807023735208e-07
0.0074049437452782,1.3230386026552124e-05
0.0176872719400881,3.49817136408845e-05
0.0015176446092691,1.1543874792241583e-06
0.0179288902960248,5.824425064208193e-05
0.0139851236446656,2.6087096664983207e-05
0.010598288195319,2.0110515457096503e-05
0.0019954977569729,2.0821724908641995e-08
0.007984997664092,3.2433340829438167e-06
0.0152734034303351,2.7518595450558374e-05
0.0150965113788781,6.68483087100339e-05
0.0160645779433917,5.688913085127345e-05
0.0135760107622969,2.336422986287555e-05
0.007199990267317,1.0135393233339085e-05
0.0068167366873847,1.4589851172736727e-05
0.0188171709959528,0.00010280721814350473
0.0005297947957745,1.7355358664140075e-06
0.0029594946536605,5.029225093620782e-06
0.0019125014492821,4.689521445120759e-08
0.0107816032794193,1.73380421910954e-05
0.003771837745914,1.934819631355359e-06
0.0066125164848416,1.0035865013968894e-05
0.0179463269719384,7.259061450297069e-05
0.0096381978018408,7.441223816629273e-06
0.0032411862151577,2.482146129571459e-06
0.0124003702813995,5.941696428232264e-05
0.0004052010393898,5.312015209046436e-06
0.0109377535756665,2.4198223468905772e-05
0.0186794099684481,9.593154493835903e-05
0.0030559675646107,6.75612928735964e-08
0.0185672271107217,9.755592576935771e-05
0.0139536330469592,5.616889549683354e-05
0.0018937199368966,3.1744868920314204e-06
0.0094592180356716,1.107986621149451e-05
0.009925892926978,7.474390514841189e-06
0.0097396823655248,1.4623446628168311e-05
0.0036117712327925,1.3604229528790628e-06
0.0170568573545119,6.599039613379892e-05
0.0063500410373687,8.01639803628554e-08
0.0001127940749249,3.955739586267818e-06
0.0097834109228945,9.459044021902594e-06
0.0142762372318654,8.380297714924953e-05
0.0056318434995029,3.068370043411016e-06
0.0030360063333087,6.414317118297379e-07
0.0110792786933024,2.9206261928920737e-05
0.01370740724039,3.713863675892805e-06
0.0007780316798586,3.006613153318621e-06
0.0195634483822011,7.07533854738979e-05
0.0079148293464154,8.014301011238504e-06
0.0145080925891709,6.539966192150773e-05
0.012272419011016,9.518236637275528e-06
0.0135624661535253,4.385450777305475e-05
0.0084759041172473,8.368183527894246e-06
0.0068643436820953,2.8742533201552194e-06
0.004122148061945,2.929646854101061e-07
0.0188158584281382,0.00011043382178241147
0.0138455436023268,5.001512121822057e-05
0.0189244863710504,1.144546359586873e-05
0.0025607082639383,4.71113625892668e-09
0.01277802280847,4.078407955380615e-05
0.0054619884967386,1.5849791140311466e-06
0.0017001857075485,7.815481696457556e-07
0.0096948934338273,3.102948692184434e-05
0.0033705402821542,5.368319510396245e-07
0.0083760379189948,4.119668679661868e-06
0.0057448822600662,3.2119800375420827e-06
0.0128860831621347,3.839338897404767e-05
0.0136002877638957,2.886824800493551e-05
0.0168452935775916,6.819130725464212e-05
0.0137725841731618,5.3506015301786785e-06
0.0194740720737016,8.98206677814444e-05
0.0120199509989936,2.814231585809e-05
0.0164055208659977,2.7244088765761467e-05
0.0068327115131397,1.0082776779004901e-05
0.0118916675057444,1.6031915277385166e-05
0.0058795057610816,1.909238145092182e-06
0.0093978710566587,4.888265821530437e-06
0.0026039133974161,2.0943234459800068e-06
0.0113389866887818,2.513605646831403e-05
0.0030648698384829,3.8224290628063194e-07
0.0148116841801535,5.187883500651892e-06
0.0110247165346723,1.2524421633127142e-05
0.0150274156953502,7.45741799893741e-05
0.0039916688972528,2.303465894818379e-08
0.0094884323999254,1.937358818215679e-05
0.0046890431000643,6.940806536021935e-08
0.0026946023297794,5.428259375668788e-07
0.0064735075163012,2.5639096185910648e-06
0.0003622740338726,8.66763796878358e-06
0.0036130994743726,1.2233729537042075e-07
0.0180068982679501,4.335181072566028e-05
0.0012964104213021,2.7109530383163834e-06
0.0045399960512682,7.481463974864239e-07
0.0140388203964809,2.250965753572123e-05
0.0006198944382235,3.886667783857708e-06
0.0145534814503805,6.539667821180166e-05
0.0008187578648248,1.219774890635605e-06
0.0176575642062049,0.00012395801797313846
0.0034888065671285,1.7978943278811136e-06
0.0017799060597179,8.093849764093811e-06
0.0186360854342543,1.2349319184483152e-05
0.0009876726489148,3.4951920999086426e-06
0.0171077437771124,1.347249260255399e-05
0.0120752463562532,3.7714260322153115e-05
0.0002938181194966,1.653960040677946e-05
0.0019860066426901,2.3205242791850053e-06
0.016077241111653,6.371230849225743e-05
0.014887947172778,7.939769953173607e-05
0.0056214503072756,1.3865387295874512e-06
0.0138226455767852,8.32988317524363e-05
0.0045470263967936,3.0063025308710493e-06
0.0015760464658155,4.657638860632957e-06
0.0085646836654742,2.1075030732182157e-05
0.0002873975186562,7.7825518270685e-06
0.0028954691848108,4.472552074579055e-06
0.0076980569497324,8.025744536045562e-06
0.0187953209164039,2.77186016025074e-05
0.0063931482528524,4.03830162211806e-06
0.0168020832344991,4.005199123558213e-05
0.0082254137140185,1.5449536638548178e-05
0.0102124152939872,4.2377546352571675e-05
0.0016269967636342,2.7202031992836947e-06
0.0177127285727509,5.1446376182391296e-05
0.0085714257424181,1.803902061210811e-05
0.0165023266030732,6.160216205289947e-05
0.0183255700006784,0.00014012772074689626
0.0101947821579623,2.4842184564274993e-05
0.0169416079674774,8.768699195035461e-05
0.0067224984305423,2.5009876935293986e-06
0.0097744455854342,9.841028609128678e-06
0.0161267009963315,8.730914795941596e-05
0.0021537731354737,2.6761930502101356e-06
0.007680545079481,4.499437388666429e-06
0.0136379262320844,1.0338343948834002e-05
0.0125095056353447,1.8078317312067388e-05
0.0106078511088089,3.29238885029705e-05
0.0058985469919128,6.317486935199751e-06
0.0021886558184096,2.8248771680546747e-06
0.0112312072098305,4.574527351259698e-05
0.0098914048279795,1.5393410226767164e-05
0.0030258281712655,3.8453895065508636e-07
0.015555525816842,8.055302884766284e-05
0.009782139984949,1.0716244125991875e-05
0.0164439755858939,4.201548894403575e-05
0.0052284067190763,1.1910581006217404e-08
0.014786158391257,3.2261524933126357e-06
0.0105011695022822,7.068237561515954e-06
0.0161815401037796,9.838428360092895e-05
0.015310799297741,4.3846162582958205e-05
0.0005095376204297,3.6536013568144945e-06
0.002083298368494,2.8614687811304284e-06
0.0151237709843834,4.399225275392114e-05
0.0044195070726294,5.6772792726525975e-08
0.0019101652001903,2.733602990315523e-06
0.011585072602054,7.302762537081885e-07
0.01193364896715,1.7489343674656026e-05
0.0075708009900294,2.2350462672789517e-06
0.0198379059320726,0.00016751153043945914
0.0086978476939433,3.0404563318133507e-06
0.0165585104509863,6.847609697056515e-05
0.0070525182644058,5.351317522446663e-06
0.0078810349182323,9.502585031990732e-06
0.012074407197855,3.6796282621546296e-08
0.0114442125209866,5.080099439402071e-05
0.0062442728335634,1.831723619137265e-06
0.0172930452270392,9.394973403740882e-05
0.0072595552061253,4.828866634103542e-06
0.0052928266975794,3.8483977253361835e-06
0.0189878682170067,0.0001011565445265252
0.0010439222025626,1.3376988434952794e-05
0.0065653338417025,5.860371059536231e-06
0.0077023121894363,4.166339384040061e-06
0.0072910037699329,1.2886811390828837e-05
0.0181880260424775,0.0001081560732022517
0.0179536160965439,9.688286549833733e-05
0.0087494344348493,9.375751171121028e-06
0.0028224915591416,5.466459518866616e-07
0.0164251501400218,9.147186614960606e-05
0.0194150659347998,9.672221425333476e-05
0.0154100907743024,8.400747924926401e-05
0.0001339667614023,4.2637823671076425e-06
0.0067709420754199,9.362204839911849e-06
0.0163550434612699,0.00011684031615698984
0.0189676635152533,0.00013371786081924216
0.0150642524874675,8.532546753359655e-05
0.0049413086983446,3.6784542638576224e-06
0.007848373849237,1.7056565074150876e-06
0.0068619625258444,8.222606875490584e-06
0.0074120431364952,1.5910609614189917e-05
0.0037236914012817,8.598553294213029e-07
0.0191136959368597,0.00010173569426074358
0.0104825429989552,1.9886232162018365e-05
0.0122605281485661,3.697342818832969e-05
0.0008320636649202,3.689996433943191e-06
0.0097713831780098,3.113390994655323e-05
0.0185741741136595,9.255307722212601e-05
0.0062738119835277,8.463418132544781e-06
0.0040058372451557,4.633699800058155e-08
0.0144710410497295,1.718848514038236e-05
0.0114750678366642,3.478854618653806e-05
0.008079026837781,5.639774254458128e-06
0.0044474290558832,2.2995616343907383e-07
0.0016903415409548,4.259979573570985e-06
0.0151734665035455,6.531375899287246e-05
0.0041332285554325,1.639917488260476e-06
0.0055130169935431,5.475404928830237e-09
0.0072839344488501,1.385469133215505e-05
0.0074563254354186,1.0563662597177787e-05
0.0054174253896077,1.4950091620555784e-06
0.0052910936677468,1.9271683385548405e-07
0.0034318641150193,1.3627544379308753e-06
0.0171422817161726,3.0250459013287764e-05
0.0170002303496696,9.453100778661907e-05
0.0124684947168729,4.7332189575784975e-05
0.0127243454414281,2.7778720991341317e-05
0.0111662865998222,3.4137008189176376e-05
0.0082264274912175,3.331042894544371e-06
0.0044742397651502,2.672893307263358e-07
0.0084598850481033,5.846591910840816e-06
0.0147291836339713,6.768732197034346e-05
0.007850149155456,2.0078886165575958e-05
0.0060748043720734,4.452863581567511e-06
0.0027215020999459,7.090047860460271e-07
0.0064003073720551,1.6643895849130826e-07
0.0197644097633392,0.00012914314828579566
0.0186555629898717,4.883769381252799e-05
0.0167826019388508,8.167862633618699e-05
0.0063601861106229,4.228542135810216e-06
0.013531649851676,5.2046961023730006e-05
0.0009355167423118,6.058652356884426e-06
0.0104402467162507,5.033725897909845e-06
0.0087108565834266,8.82801189089334e-06
0.0152791340942251,6.13812799179529e-05
0.0172808957504232,0.00010137853627386118
0.001140441358428,4.649187574995705e-06
0.0101604295808905,7.936010948420288e-06
0.010336547094967,8.929668264153013e-06
0.0173574952365313,9.130732388250457e-05
0.0162597804499606,7.323804554006492e-05
0.0087851642271682,1.841019214237322e-05
0.0159929813134476,6.704408936223959e-05
0.0096308193223352,1.5657794518961093e-05
0.0126300734987985,3.31533116756264e-05
0.0137467846832399,2.7981965903765935e-05
0.0144837230478506,7.60165556962132e-05
0.0112693614706843,1.7711256159434676e-06
0.0124495457616313,2.6589384279591904e-05
0.0199593544134738,0.00013917517086111197
0.0058020667149354,3.011616832353102e-06
0.0121186761565902,6.115024247880298e-05
0.0094388792042936,9.285555777405587e-06
0.0186436006868453,0.00016392908433885892
2.037626027477924e-06,1.3257163362338006e-05
0.0008134436953702,1.3278877018094694e-05
0.0153635231102338,6.30313881667327e-05
0.0149432296343572,1.1707669168882364e-05
0.0013272263617072,1.7800933817492166e-05
0.0180124514948895,0.00010361938800848711
0.0160574535710915,5.5318978448039856e-05
0.0123307127425908,2.4229386713493362e-05
0.0065863194486711,1.0464005488473229e-05
0.0052434060925232,2.3933676875869185e-06
0.0027206469400475,1.413530683893692e-06
0.0031964841860264,1.8787171872207826e-06
0.0139410830023812,3.393836974504523e-05
0.0091747866269939,1.3124779357479528e-05
0.0053665301847611,2.5992431652194677e-06
0.018499504916309,9.730078898032601e-05
0.0041608496375313,1.6086237880448913e-06
0.0116751480088576,1.7035870618243092e-05
0.0034662061793447,3.707967041585784e-07
0.0180089111565074,8.475945380220312e-05
0.0155276300693116,6.214090395509545e-05
0.0139248729049235,3.992767003060399e-05
0.0090675272429656,2.202569396232926e-06
0.0108138411478927,2.382424896685407e-05
0.0038089942725593,1.6475083004927136e-07
0.0150441250247598,2.1395737876531013e-08
0.0048173445277157,2.8310441911664e-07
0.0116862376688463,4.784590623746711e-05
0.0051567881425035,6.662987919817358e-07
0.0113863200695808,2.328868978377103e-05
0.0197617725818643,0.00011027694415246813
0.0008525653015135,1.2838099378750326e-05
0.007461125647093,8.863090457233832e-06
0.0103724319818511,1.971728317292008e-05
0.0002152487811034,1.1953142390018114e-05
0.0077397465958317,1.0773385310205627e-05
0.0070512331411046,2.1078707676656236e-06
0.0158676403784846,5.0764637969225195e-05
0.0145742261723527,5.3655506747100676e-05
0.0059451436204701,8.395430259916346e-06
0.0121023793304086,3.982091837836984e-05
0.0104427150497477,5.9010322549247456e-05
0.0072970912744166,6.371423762299183e-07
0.0092302451863163,3.623752392058383e-06
0.0162525386878669,6.568963688967576e-05
0.016529320462237,5.218001030100413e-05
0.0069889610686115,1.4182977641461158e-05
0.0044760007301706,3.9200655246133826e-08
0.0118445953517484,3.6001508462527477e-05
0.0027705199367741,9.51502815655396e-08
0.0061657092042826,4.883399884433021e-06
0.0142478238371517,2.3990530822105705e-05
0.0172552000072038,6.912683001535799e-05
0.0069457521372991,7.1990450058491595e-06
0.0127059348011775,8.963877553725688e-06
0.0129368920119836,3.903971066976971e-05
0.0148025259855751,2.2487840533613394e-05
0.0014369255576816,6.349042584908412e-07
0.0074849327743145,5.345116934923136e-06
0.0019721491709367,2.1066912369718306e-06
0.0055279977985578,1.0357851018116899e-07
0.0096048693437916,1.5885137385540943e-05
0.0120579183948694,2.379351361251275e-05
0.0031471520487854,1.1155258584492314e-07
0.0116247337818446,4.288652402921717e-05
0.0042911967196852,1.623757859088349e-06
0.0119060820248468,1.0393723152073513e-05
0.0184010100532931,4.181621503107514e-06
0.0011898160280578,1.4504253934510826e-05
0.0037745086688425,3.667274172772043e-07
0.0109566243081908,2.0708178411857606e-05
0.0179637357248647,0.0001235901739728731
0.0134888226544522,4.574121231221113e-05
0.0095929152491016,1.6219009283737717e-05
0.0073762219983685,5.565098943278509e-06
0.0048377407352754,4.897024858116155e-07
0.0127855038017944,4.711495362115226e-05
0.010018669089543,4.552743620980704e-06
0.0098303692237789,1.2187837728780568e-05
0.0103965859830888,3.608095600513421e-05
0.0114524187801112,2.5092560354382405e-05
0.0171616299158305,3.741645929122957e-05
0.0196884700419242,0.00011084501634853723
0.0032550680476346,5.03468849629162e-07
0.0063984619025792,3.7352170838614597e-06
0.0048715533423027,5.779591874032124e-08
0.0036819192789664,5.016881559915893e-07
0.0171510416978748,6.704370608654432e-05
0.0143488045081697,5.9257009687103596e-05
0.0184019735975396,5.332955348845478e-05
0.0069195715934585,1.228717766507609e-06
0.0196691029212881,0.00015495514370855514
0.0111520150860173,3.0381492936724092e-05
0.0065637323590356,3.1551606759143873e-09
0.0169660614324458,6.446142593575538e-05
0.0139469544626909,7.297233787321815e-05
0.0149477945431004,7.664511667006282e-05
0.0078559983583816,6.947497152361759e-06
0.0045903586097486,3.894708815475989e-07
0.0071844724693003,7.255554194240839e-06
0.0054478797326531,3.3218116985235756e-07
0.0170481930116437,4.3268603201907395e-05
0.0095821446527993,1.652345906557142e-06
0.0151920342070523,7.055689735989576e-05
0.016209250377446,8.292893839861714e-05
0.0147373589789453,5.549596595929131e-05
0.0197428192724345,7.048950722227828e-05
0.006780253871042,9.716228333249775e-06
0.0076828016149696,2.4830518721196704e-06
0.0159383523576776,2.167703167529797e-05
0.0160935939733671,5.2126880062906e-05
0.0069930567785638,1.5788725586698244e-05
0.0115510785658977,3.8496375226071574e-05
0.0037346240530303,1.3884887387874759e-08
0.0159261625284227,5.516867495114408e-05
0.0179919913626553,0.00012003776643824881
0.0073363345916474,1.14275570333006e-05
0.0163945625033053,5.4292305543813586e-05
0.0195592710861555,5.9137457692182934e-05
0.0100687446030506,2.0152965967621727e-05
0.0168497172734101,8.475188372411568e-05
0.0034879167018845,2.621288793974991e-07
0.0196864521790826,0.00013123608945259297
0.0043121348748875,2.3502733571172616e-07
0.0062063192576025,4.755182297136392e-07
0.0005739305382875,2.7064968124235064e-06
0.018726703184563,0.00010135363030282993
0.0035617337910753,3.196403101949759e-06
0.005193723333541,4.061576646251816e-07
0.0064743847252413,1.1085399773688e-05
0.0101553246945311,2.368054320627118e-06
0.0099524995107,7.863420927982093e-06
0.0158529752163353,8.518312631877585e-05
6.685523417671036e-06,1.2509795126411432e-05
0.0121587783658426,4.793992492791767e-05
0.0028033291494176,1.4907105706311464e-05
0.009016699397361,4.163604692633803e-05
0.0173520045979195,1.3014287649827859e-05
0.015901931274884,8.120143788176107e-05
0.0186416264232663,0.00010124760600913368
0.0037120145111612,3.997088550083054e-07
0.0196791301170913,1.6191391518555462e-05
0.0086424842253459,1.169977799015728e-05
0.0176183831448952,0.0001045778562582222
0.012429735252157,2.4567734703217153e-05
0.0179688257294232,3.7005882553350593e-05
0.0020769448184928,3.362213531661974e-06
0.011903737043194,3.192832547536616e-05
0.0158758932113751,1.7152430267379595e-07
0.0068944076970347,1.0204047152090645e-05
0.00102362554359,4.78654455224633e-06
0.0017406851295883,1.7899717688821752e-06
0.019567918759419,9.040021363064376e-05
0.0160151584469682,5.244659304361134e-05
0.0069697888054604,5.236322206833966e-07
0.0134704590993187,4.15290371441504e-05
0.0134401863775937,4.445304915532847e-05
0.0109548564284805,8.794196569652119e-06
0.0132473865838929,4.2785461148367915e-06
0.0125906542795471,4.541556377457253e-05
0.0153562318505414,4.158271077588168e-05
0.0091077693610383,2.2633302550898246e-05
0.0065150983476757,7.877380118276134e-08
0.0096468213935402,8.875058068386725e-06
0.0175918575666201,8.067569106071527e-05
0.0050887953474585,2.758665697020459e-06
0.0023082835968814,6.778923990230613e-08
0.0034587380004092,1.956922286419163e-06
0.0183313375824168,2.8092825293931185e-05
0.0068746900601894,4.422928992441072e-06
0.0102042324746627,4.0225421035116855e-05
0.0121163123842911,6.160187102047978e-05
0.0064033358694714,8.669534464945804e-06
0.0072240063740701,8.917401263286253e-06
0.0033582343182418,1.6993948520858287e-06
0.002649518114084,9.329438141662764e-08
0.0197047267554097,6.582978838402805e-05
0.0036295230935614,1.0772371013287246e-06
0.011254717786556,2.034494392106308e-06
0.0003612656726275,1.0601997284225207e-05
0.0136017453714502,6.115844238491006e-05
0.0065058049322216,2.673875530461292e-07
0.0060651885914237,7.91977232861075e-06
0.009954972897758,5.259958060064312e-06
0.0051307131785486,5.24785662015897e-06
0.0145716812965096,7.130702148216968e-05
0.0191236776075783,0.0001299589209323787
0.0081966202480775,1.778800803137468e-05
0.0160684671490432,4.854112560941366e-05
0.0045439940498917,5.878276088826354e-07
0.0074905896998485,7.846918927735782e-06
0.0180261708098349,6.929729577198092e-05
0.0065732492820621,1.2306358725903566e-05
0.0133540537203488,5.8031785418852264e-05
0.0046428182140912,2.391856309680059e-06
0.0104089184606248,2.457674162359004e-05
0.0195075858588843,0.00014157040672180734
0.0120282976711891,2.834763681933617e-05
0.0150127808394768,4.024470001062526e-05
0.0106479170342026,7.2619590404713795e-06
0.0149091811436008,8.147334401844995e-05
0.004558207034461,7.710483076285094e-07
0.0155243177504332,9.024722064229232e-05
0.0158772378489095,0.00010611511575423494
0.0070689078654791,1.1705821816251516e-05
0.0102316788913754,1.511811441509618e-05
0.0116023156043884,2.8402026316567405e-05
0.0082039323148638,3.2083637180145143e-06
0.0028707077092269,4.228200228048821e-06
0.0105524380052909,1.2434661885232727e-05
0.0008323686847951,1.871306170496045e-05
0.0075110430378982,7.678321887196154e-08
0.003491272197074,1.1045815671971102e-08
0.0009667182668493,4.351699927359906e-06
0.0001107727688628,4.771741718305362e-06
0.0003085801595221,7.88680997686495e-06
0.0007697632299116,3.3569167593283078e-06
0.0160533611110603,7.839143810002767e-05
0.0003119846578982,9.696376740021212e-06
0.0030612608376029,5.766029067761102e-06
0.0073360446840981,1.2281202211348628e-05
0.0072315807335423,1.9445007793925525e-08
0.009858136584129,3.580113103247927e-05
0.0058681983918451,6.3891264509859e-06
0.0048412576445839,2.2867967001328553e-07
0.0171715355710394,9.158328090232041e-05
0.0012658054301177,1.13177415317423e-05
0.0057430430082272,5.014562127748226e-06
0.0038986009346547,7.840265358246245e-07
0.0159653676460946,6.896424846252064e-05
0.0190748027848519,3.195566144517166e-05
0.0192970386202556,2.1211166193804826e-05
0.0050447780760689,1.5983365684181328e-06
0.003039750893462,6.474437274759326e-07
0.0001874524435361,6.8472492233946655e-06
0.0163410380164968,4.862093959154078e-05
0.0177778659315938,2.1887636240134423e-06
0.0126907596142182,3.997448548587881e-05
0.0124765666288352,4.6505390230453755e-05
0.0182583555331887,8.491653507782985e-05
0.0177527346745895,2.932853662775044e-05
0.011130913058978,7.58485409077505e-06
0.0008358596988734,8.140672170656024e-06
0.0165469638442216,5.454834644604444e-05
0.0064168533943148,3.0815222490356776e-06
0.0050769297915011,4.332933029277827e-06
0.0104142912118471,1.5798217240153506e-05
0.014788046321991,1.8726974837976225e-05
0.0129172110634688,4.674812105650645e-05
0.0182518788085748,9.417562314052685e-05
0.0056077150422293,2.9904420651703767e-06
0.0109170141971215,5.297310345106454e-05
0.0013876250464427,3.075456062207407e-06
0.0062067093529906,5.652554995788966e-07
0.00949243060192,2.9307470791928134e-06
0.0008510947162229,2.9437052961062743e-06
0.0195638669471313,1.5341469641287307e-05
0.0050131176165839,4.39599690570249e-06
0.0081114705937416,6.384740038629351e-07
0.0135893030982438,1.5043552820930734e-05
0.0178857041501635,0.00010623535516483782
0.0031105104719246,3.96183080553845e-08
0.0037272106050205,8.744738610471905e-06
0.0067696602818348,3.853177694993234e-06
0.0173640010379089,7.522956082559055e-05
0.0086175035937173,4.364222005227015e-06
0.0052864877262088,1.519792517451868e-06
0.0181105687826052,3.2404671030775904e-05
0.0193468025657948,0.0001298972029454329
0.002946097701265,5.313590434038247e-07
0.006673401067194,7.649230798566562e-06
0.0091550534140382,2.4434919331716382e-05
0.0110940440879478,4.530897406074033e-05
0.0157819397870278,0.00011017017299472976
0.0158372330165867,2.7577384402679884e-05
0.0104055988379002,2.501029269534708e-05
0.0043689287583701,5.245764428823415e-07
0.0038926241028292,6.311922629212562e-10
0.0034941660904891,6.138801595184786e-08
0.0172393955050428,8.590053253629336e-05
0.0198481030455376,4.961962801479812e-05
0.0015639179754455,8.042075491297194e-07
0.008822688942937,1.1987010537818648e-05
0.0071989100809846,1.5787280903529576e-05
0.0075676883805074,1.2502533923010997e-06
0.0150071680617032,2.9606016109064707e-06
0.0006775922851815,5.0015780978032966e-06
0.0124324148110637,5.3669841429582495e-05
0.0176687950237939,3.0449606839682812e-05
0.0191942650911018,0.00010191153519412354
0.0104376992913193,1.423609736504142e-05
0.0199702520220387,0.00010229156470787818
0.000372186806522,5.59261510402739e-06
0.0121008347055136,4.202603571788666e-05
0.010083892445479,1.9001481478464e-05
0.0109990487504884,5.840364464650234e-06
0.004703922545847,1.4550700667728198e-06
0.0073886353768559,4.648775562140247e-06
0.010148128951064,1.0553585309735069e-05
0.0037297610988717,2.3828935271129992e-08
0.016343007699189,6.581083314614158e-05
0.0172807095639222,9.208427171094607e-05
0.006261832884755,1.1065442365617104e-06
0.0159442648688893,5.38348117709074e-05
0.0078694054508188,9.560608229222408e-06
0.0151673706867828,2.926076445562288e-05
0.0168266542410717,5.431486781635985e-06
0.0006232396601413,3.2766177276855653e-06
0.0072577317150113,7.871843549642692e-06
0.010688373137138,9.707910712676942e-06
0.0008457173558594,1.0039206609789295e-06
0.0118511749232273,3.510527042422413e-05
0.0011226955941868,8.768741267987767e-06
0.0090441639672919,1.870961472375615e-05
0.011705421629004,3.4074779346632035e-05
0.0098633718479098,3.0970527227954664e-05
0.0041574594094903,8.221096064168699e-09
0.0110102517823792,4.958342103447199e-05
0.007660914349961,1.5161854199321366e-05
0.0057399185796235,2.2667490168820114e-07
0.0193625993813139,0.00010537687799826306
0.0164130254265014,7.879361725209135e-05
0.019967156183666,0.00012094529285416491
0.0085738079433586,2.7100430917021438e-06
0.0158153061336221,7.599006988327508e-05
0.014894669602706,4.092461480671471e-05
0.0100185816459044,2.306728949583976e-05
0.0137638735517574,9.387551473171086e-05
0.0026163435278817,5.300770663899799e-06
0.0167237054128898,6.495148292633379e-05
0.0181956767217649,0.00010096599600990085
0.0125922502876135,3.073841564857141e-05
0.0078344047448755,1.2782136760432449e-05
0.0141175948173833,1.1602551255052389e-05
0.0163528175251211,8.143918855471246e-05
0.007184876907404,3.6995564504672915e-06
0.0131818760985536,4.828098728453114e-05
0.0055093248741469,3.4348117377917495e-06
0.0007880564639052,7.066967017269997e-06
0.0135357209160293,4.876725135101112e-05
0.0070231293104541,3.951954892756319e-06
0.0195271725904926,8.111352231605484e-05
0.0156319082115807,4.7945235623226845e-05
0.0180710837254518,0.00011324126023043947
0.0006411070996734,2.229888781170461e-06
0.0131039319462864,3.671343434352112e-05
0.0040342909639524,9.787479161573114e-08
0.0054425074716194,9.062965778842393e-08
0.0099731918146809,4.298733382977941e-05
0.0183849071817599,9.682432110613137e-05
0.018321910792764,0.0001376671155773058
0.0060030155942532,9.319601335639727e-06
0.0161179475206845,5.448569113002398e-05
0.0004916185592919,2.0188932676208824e-05
0.0163897589480236,4.650187504772426e-05
0.0007759706165087,4.389932410078037e-06
0.0082796124094838,2.2125027732071392e-05
0.000371165121651,2.605554245430186e-06
0.0147409469991446,4.0218444000857375e-05
0.0180285171579898,0.00010130938885882086
0.0118210734481631,2.005490186842051e-06
0.0076256107624591,8.307603092075759e-06
0.0012541564349568,3.6229505069416424e-06
0.0163714186881541,9.206295558083107e-05
0.004702369309924,2.482322151475302e-07
0.0003457254858195,1.2327279865284106e-05
0.0181009511361707,4.8354160868016734e-05
0.0096561300867867,2.746341814972241e-05
0.018421964861557,0.00011885269603187303
0.0008787165469129,2.444728685834609e-06
0.0053581477926834,8.608235889780174e-07
0.0161571773634952,7.838147501574913e-05
0.0146353752033883,3.472768935408668e-05
0.017422085103988,0.00012347895093119633
0.0127420184487417,7.119329990100798e-05
0.0193002671591696,0.0001329181539745847
0.0021048450213192,2.4771786243917057e-07
0.0082886669851805,6.44010774227658e-08
0.015686884223783,3.579283823889789e-05
0.0105240908499541,1.1907218608603677e-05
0.0064508060416747,6.608184326070548e-06
0.0007644132969094,9.632807562694925e-06
0.0062211221035518,5.399425305161487e-06
0.0007696424416558,5.235463635476871e-06
0.0095565014261231,7.753723766335008e-06
0.0168294950884006,8.872146486702072e-05
0.0016870622781554,1.4463085729695443e-07
0.0043675371736892,8.02106852104478e-07
0.018957208605442,0.00010628393547351901
0.0055570721942845,1.302529810962878e-06
0.0191530755544597,8.287426480296803e-05
0.0097694442857221,1.0489592621432385e-05
0.0164720164284754,4.169680609751053e-05
0.0179800183006835,9.222461921753612e-05
0.0186346379428124,7.192647238097139e-06
0.0095864391549195,1.4886497462658314e-05
0.0162518495005405,3.057756521790088e-05
0.0083883723502631,1.710584921513559e-05
0.0046340467219141,1.3662955565454294e-06
0.0192166016069604,1.0711205475747562e-08
0.0033949591148087,5.738259696299523e-07
0.0066283396089176,1.062733717483363e-06
0.0094622615986144,1.316333475867233e-05
0.0029884840066266,3.3863351602391434e-07
0.0152004396500435,5.4231527441094e-05
0.019467978398993,0.00012205620426444443
0.0152829628068406,0.00010778994137889935
0.0159305738935376,2.8360567220084043e-05
0.0187141735732033,7.384895458886213e-05
0.0078474682359039,1.0435546927894178e-06
0.0163834133832155,0.00013262992140728317
0.0010767805649402,2.2111228280799863e-06
0.0037860441141222,1.2878301003290226e-06
0.0039842075380948,2.0700186458915448e-07
0.0177921700203199,3.188831459615845e-05
0.0135329509675114,3.6303997043088825e-05
0.0162355659445328,6.248803954542388e-05
0.0073722308058666,1.0513303083350171e-05
0.0034624368163391,3.049960272772366e-10
0.00126694962865,4.323157626780068e-06
0.0140117288590237,9.698766688145577e-06
0.0131555113775635,5.8078645088931195e-05
0.0070071049058179,2.079945256181877e-06
0.0019688034859699,8.04634375780416e-07
0.0065357678355647,9.317650264077662e-06
0.0175862379615297,6.207478712359483e-05
0.0166204085822616,0.0001054036686896975
0.0129624617298117,7.804102092900155e-05
0.0099893773715281,2.561183480053357e-05
0.0002995450976804,1.4074097778543188e-05
0.0198914256930928,0.0001397861945355296
0.015352876094488,6.962574596635814e-05
0.0069256051220637,5.2385823729970875e-06
0.0052248174617257,1.5754295330557952e-06
0.0043939615295352,2.0899595263065703e-06
0.0084510352554741,1.6696491337156725e-05
0.0152024154314168,0.00011778025597894929
0.0040818213966488,3.997452134735427e-06
0.0199381933318664,9.489504581119085e-05
0.018657858562935,5.0686579659534364e-05
0.0053852799756735,5.024957077431253e-06
0.010567906808231,3.467251615092379e-05
0.0026377155715204,5.413806297188286e-07
0.004621943786352,3.6971002772344403e-06
0.0029831072525815,4.025060330695956e-08
0.0196241619236331,0.000168900752692782
0.0057958564283762,7.371199213391046e-06
0.0045512593576919,8.001356027329931e-07
0.0109680394593312,3.413786526039835e-05
0.0186339077774138,0.00010482994235837624
0.0032152238972891,1.173044242253922e-05
0.0158957071166868,3.6873619884497666e-05
0.0090020135965561,2.0545047900384255e-05
0.0081107803808832,3.244034080330148e-06
0.0104473793655173,2.603111000447475e-06
0.0115154806350458,2.149411155316769e-05
0.0162841048756726,9.007586922021534e-05
0.0073603359521662,8.729071825612173e-08
0.0016710955185466,2.9433412847606026e-06
0.0126631244799766,5.2056374394703815e-05
0.0055829535141795,4.685471490656867e-07
0.0176050812640769,3.139267628790461e-05
0.0005784191378391,4.970167916095972e-06
0.0101219981333053,3.2531967985109054e-08
0.0020732421214787,1.6946786726819716e-06
0.0197058312663951,3.3933913498165764e-05
0.0159694559357205,3.736004727576174e-05
0.0120366353661566,1.090268927475226e-05
0.0179153048788503,2.611587328426673e-05
0.0116280132828796,4.024628353893982e-05
0.009946809585739,2.8485774468270127e-05
0.0060453501296076,6.916802746419796e-07
0.0032668514463934,2.6339017530096327e-08
0.0078100387009975,3.312491136128642e-08
0.0112167718467424,3.1474972924397314e-05
0.0091985233453499,2.301315426088356e-05
0.0113897113377164,2.0755537877315855e-05
0.0031904589475196,8.070660648205083e-06
0.0142235316720547,6.697983396481693e-05
0.001822726656987,3.472767926574186e-07
0.0167393143621059,6.624434021748782e-05
0.0046132844273798,8.750674519775081e-10
0.0185845841764343,7.921431151733542e-05
0.0119587102740967,2.8774456696713134e-05
0.0142300339283767,6.596776131886354e-05
0.0012268759552991,1.636163060769143e-06
0.0112631421384727,2.8522244104503672e-05
0.012713445852665,6.182841048904932e-05
0.0102929566729265,1.0501339374709101e-05
0.0108731799593938,1.8773264850019874e-05
0.0195836937314175,8.131040395633384e-05
0.0180043956246379,1.1553764111617464e-05
0.0038975130992124,1.9526994283823113e-06
0.0142341539289225,6.234997020516627e-05
0.0135162790711643,3.698807734466922e-05
0.0126798908164269,2.133419404241058e-05
0.0054219408922194,2.3733860879208324e-06
0.0046468645356987,6.17221833064995e-07
0.0085103153973767,4.10135444909978e-06
0.0029514123110876,1.2169957337742276e-07
0.0091214634742825,1.2611328115986894e-05
0.0033180036270857,1.6792598264980444e-05
0.0178466393000992,3.248871149834741e-05
0.0137500073146967,4.0568654390002596e-05
0.0151847639630191,7.376794416791246e-06
0.0191739722342646,0.00011736750433734427
0.0143033096860425,4.89216381051942e-05
0.0123527309052435,1.3135991460730966e-05
0.0197945804612668,0.000120288680825189
0.005207701697867,3.7403341420167323e-06
0.0156518731064332,5.981242966815588e-05
0.0155754698516381,6.0336035360507036e-05
0.0148495005552177,5.413734718648801e-05
0.0052070208441741,6.177233434368323e-06
0.0035091949923343,2.5998576969818903e-07
0.0052526032959284,8.56892482083782e-09
0.0191046588691259,9.535534049252239e-05
0.0055367773258956,2.0964085691772023e-07
0.0131121397657674,3.691825751318749e-05
0.0004716897886556,1.5787646174945436e-05
0.0181829960701114,7.382116152141627e-05
0.0038530432007979,1.6495791616155637e-07
0.0043797444573383,8.734397065608002e-08
0.0134919360650404,6.315524958713339e-05
0.003108734255617,6.67550511427354e-07
0.0081583330763362,2.6240437472899238e-05
0.0103421751839259,1.914448431914586e-05
0.0054710134835511,5.222957092613799e-06
0.0009695516788841,4.247171717827889e-06
0.0046126226129853,2.7622615106447637e-06
0.0079723500954703,1.640622564302474e-05
0.014815922257059,5.9716781539677866e-05
0.0171884937848296,1.837190533283906e-05
0.0133623442873648,4.1448444368536454e-05
0.012172777079418,2.8639668603629362e-05
0.0009228661779888,3.486270650547308e-06
0.0090882522861783,1.1202793669220115e-05
0.0022747207101842,6.740814012049022e-06
0.0019322886960198,5.097862792583118e-06
0.0138357909507482,3.5030884873964455e-05
0.0140948729783747,6.222844315585654e-05
0.0009199712816765,8.225564533018905e-06
0.0163208525832667,5.8222228263385176e-05
0.006526395317731,1.6712920837191277e-07
0.0035549009638558,3.1977349559521395e-07
0.0134025857517744,1.5424750440722625e-05
0.0014020586342159,9.520724666048524e-06
0.0049506093488789,5.522327214145665e-06
0.001117996104041,1.4473953472158071e-06
0.0136899730881751,5.568504646507057e-05
0.0112286614746957,8.558483480414463e-06
0.0054953000426308,7.108525664852856e-07
0.0080438433189099,4.786970638633458e-06
0.0115073567392157,1.6284186009113994e-05
0.0052234353563131,4.5114413711265234e-07
0.0135440464743439,3.207672333361891e-05
0.0177991953993698,7.62712131208081e-05
0.0186352304635314,0.00012476919491107087
0.0037814776687688,2.544617720768912e-08
0.0152667235290256,2.1221334011091947e-05
0.0086112920049725,2.7862069750058e-06
0.0089657653784027,1.8551670879506366e-05
0.0105680376133804,1.951561847453116e-05
0.0028676960017425,3.4207410629878376e-06
0.0150736900308331,2.13007429632963e-05
0.0012186653513482,1.873413262113987e-06
0.0040549470199359,1.2588316651331566e-07
0.0127023601658043,4.31883637256071e-05
0.0194321842463098,4.522268375671303e-05
0.007894359667207,7.888494808822972e-06
0.007280631166168,5.06809411952367e-07
0.0057172295118887,6.286635866428022e-08
0.0039985493132415,4.400931958281982e-06
0.0168377363877695,6.377758793721075e-05
0.0073463728665605,4.684036753087005e-06
0.0099305889630918,1.3419727878888869e-05
0.004010330590165,1.7000793819435634e-05
0.014550207014419,7.808325808342192e-05
0.0169120857284583,3.757890270764267e-05
0.0031935927555511,1.743917103768982e-06
0.0031876566949415,3.438399568985176e-07
0.0081631488692164,1.1041563210383851e-05
0.007278725950478,5.936356673592489e-07
0.0153319885889739,6.311826880296666e-05
0.0108747467328555,1.4490630864465753e-05
0.008722471812578,3.209404898216855e-06
0.019897928959722,0.0001251302108223261
0.0183817373807389,4.0763951825301707e-07
0.0161039212514796,6.035838188886286e-05
0.0133009299582597,2.7332174263547767e-05
0.0063519037231625,8.722987377021884e-06
0.0045488186295701,1.184158381929539e-06
0.0167436530232656,9.042118785957008e-05
0.0164499289833836,5.693413200482097e-05
0.0003532334418702,6.528951238451039e-06
0.0066594684166959,1.0183440063823795e-05
0.0167502815208541,5.942042638710762e-05
0.0096689460554798,2.5299090849232403e-05
0.0070570360285415,9.620613500057106e-06
0.0073002565948905,2.3410828694849312e-07
0.0119491292499423,2.7484707790920874e-05
0.0114716205249866,1.9940396069922318e-05
0.0055421139231936,1.4066914554737778e-06
0.0192661769823902,9.756121896488227e-05
0.0124408583534055,3.453058821422164e-05
0.0043628527472132,4.867268057033618e-09
0.0054198898142885,9.75654916469939e-07
0.0046905282921117,1.0029667457092515e-06
0.0010937738519246,1.5275621312537276e-05
0.0059863571080393,6.297804769719994e-06
0.0078881413958912,1.2084795256565261e-05
0.0056263038161884,4.872543916001965e-06
0.0033755473491067,1.8611738670724239e-06
0.0158498151912538,9.904774175114396e-05
0.0061867912407798,1.8190527009513257e-08
0.0011758348071381,7.1097226827001996e-06
0.0081854883196069,5.450792005785211e-06
0.0075442725635981,1.4855148356242709e-05
8.207220917382241e-05,7.504437544753053e-06
0.0018642152556924,1.9502419135157083e-06
0.006831566641699,1.4840799723552826e-05
0.01878528983367,5.195955451395456e-05
0.0087155642917624,3.875903895293809e-06
0.015891886032126,2.470987886487218e-05
0.006519590052813,1.3829711861291333e-05
0.0121254448228755,1.0771319664509055e-05
0.0120111995609786,3.001319938927061e-05
0.0163888393533702,0.0001094312162730291
0.0099952387004418,2.7995764664169315e-06
0.0128893474382365,3.1459272487482554e-05
0.0163248103228064,2.9708080207824964e-05
0.0020351656711098,2.409112893690265e-06
0.0186463505092432,5.641620618840934e-05
0.0077818391598355,9.869833508692523e-07
0.0187147717970809,0.00013730026202059658
0.0192685171396883,0.00012070834310829839
0.0010866550108436,4.829039668438369e-07
0.0077356028700171,1.1773110360972408e-05
0.0163377706193254,3.226085394219435e-06
0.0026893661912083,4.70149075684532e-07
0.0087292680518841,1.2857248777165446e-05
0.0129816014902173,4.5986857431736956e-05
0.0137136826521922,3.985907239695321e-05
0.0086155357090157,1.71775097024597e-05
0.0087155786419862,8.576381589859429e-06
0.0006182295542233,8.4912149620224e-06
0.010846094098086,2.8719554037964816e-05
0.0031618757837067,2.6333903948857224e-07
0.0097413022310545,3.2142045974941774e-05
0.0187757797205199,0.00012184240331531926
0.0113454444556526,3.1431591071631246e-05
0.0054593872710514,1.8664499077278546e-07
0.0139988415459305,6.0529889211320966e-05
0.0158348488883524,3.494755809084602e-05
0.0063407838776444,1.395600951920755e-05
0.01529947548285,2.7253955911748467e-05
0.0039789371240143,3.227645179629212e-06
0.0091338598369783,8.376804615117998e-06
0.0085840782382498,1.026866297083784e-05
0.0081555821625567,2.565614329694066e-05
0.0184362962491383,5.750631160145855e-05
0.0144767931853178,3.472821463785098e-05
0.0020220603812429,2.3761172383131757e-06
0.0081669344612605,4.4619814575915074e-06
0.0009431478289828,2.5185747793681146e-06
0.004408979334385,3.598858957111555e-07
0.0045633376996679,5.463505503441612e-07
0.003575354320654,9.32638939580615e-09
0.0088940527548291,7.761202902420794e-06
0.0054697208040749,1.119149488409187e-06
0.0020457127059593,4.384148890403313e-06
0.0164632523529812,6.123690470536102e-05
0.0192155878990221,0.00010515327785190158
0.0003282580065877,3.172760386904255e-05
0.0082653717125785,8.388927842880173e-06
0.000668046045751,1.2964043436427339e-05
0.0185659413351588,6.61795883676466e-05
0.0145203627671336,2.1041141927537736e-05
0.0073780848067723,1.625341145375714e-05
0.0030539946644898,4.830367303314274e-10
0.0014359710738477,6.973853617783372e-06
0.0048500959593256,5.173907813574262e-06
0.0194602577517895,0.00011314223978578066
0.0139098803530633,3.2161977780920655e-05
0.0092692294176274,2.7429967305166052e-05
0.0161354609659669,7.04590861854395e-05
0.0160999915139192,1.2063060558957e-06
0.0118136364033367,9.1009258302974e-06
0.0108472000857346,2.12966294856747e-05
0.0118067317994753,1.2543852102286405e-05
0.0007251134841262,8.108688421942205e-06
0.0176647788008708,8.092425192113762e-05
0.0051942577855804,4.570510618792097e-06
0.0145219790491592,2.7170544755955235e-05
0.0039445186831814,3.219305909980736e-08
0.0109358536643202,2.4087532346565706e-05
0.0112422516798858,1.681083125205759e-05
0.0059143508721258,6.367715708515464e-06
0.0192533799372198,9.028581785620216e-05
0.0130403109468046,1.7798354020927643e-05
0.0061131590499975,6.239529286049827e-06
0.006970148861316,8.753505690340548e-06
0.0170217079624645,8.48050342950183e-05
0.0183460770796935,0.00011535700399291162
0.0156562324574763,5.165298381615175e-05
0.0059978361158677,5.90723090202574e-07
0.0035136172280421,3.3541088637138996e-07
0.0192461987867653,6.658262327568887e-06
0.0175230998902863,0.00011140963293671862
0.0168567359584589,4.371889468641506e-05
0.0164990133922592,6.0503207088107005e-05
0.0086163173593851,1.1411204493330379e-05
0.0068218588850638,7.154713224878111e-07
0.0105643759255217,2.465878232765037e-05
0.0124662448571344,1.8522850193571635e-05
0.0186575594862146,7.334683330470861e-05
0.0174834235734472,4.869368848467751e-05
0.011896476623564,3.5574775863468926e-05
0.0145645117047776,3.255306380768704e-05
0.0092052522432344,7.300931964141234e-06
0.0036776398253976,1.8368453618734102e-05
0.0133792886132374,4.182176236381149e-05
0.0090730139696393,1.1831659852714326e-05
0.019059052084336,2.1941250295870095e-07
0.0163447979880844,7.1229578853702e-05
0.0121848566339214,4.594494032849336e-05
0.0071832905829624,4.571517962597398e-06
0.0183892243314164,0.00013758424100976036
0.0194754197825423,4.2453790131285685e-05
0.0098898602894826,1.1343782609202994e-05
0.002115771489166,1.5144679873536838e-06
0.0011581769333475,5.016173380317124e-06
0.0145525783893722,3.10971006989389e-05
0.0116055013451532,1.9479349248548885e-05
0.0125811706964802,3.0929531401205294e-05
0.0090516977114855,7.711190368318775e-06
0.0085235222855081,5.581199320737029e-07
0.0179595095497292,9.201770176401557e-05
0.0038662173606896,8.870664795430508e-07
0.0088547313785147,1.2678606199711053e-07
0.0162382969175925,4.0620446110877535e-05
0.0158331613464193,8.99653458992765e-05
0.0085132687872468,1.6709126082158347e-05
0.0177791694918116,5.0923455984487846e-05
0.0015432827379085,1.6261532253748995e-05
0.0119347889022526,7.739903876019598e-05
0.0053506878959089,4.036557402212258e-06
0.0041053770039908,3.373267216980218e-06
0.0040212190379693,1.2567136016208892e-08
0.0046205720268651,3.563322061348392e-06
0.0172586637705045,1.366432370106653e-06
0.007579020138649,2.5408254312086296e-06
0.0012867762565695,3.962608086415556e-06
0.0090641308624081,1.4489663124323696e-05
0.0110074503369829,2.6982374512688406e-05
0.0144648606707542,7.786331335783675e-05
0.0089368088400525,2.2663833358448834e-06
0.0072017763461831,7.381357398445794e-06
0.0008795497223257,3.714170498491093e-06
0.0119668621539112,3.906932801852895e-05
0.0151243180049926,4.691592044264013e-05
0.0088573083264649,1.2287782203416789e-05
0.0025801639060461,5.396226261465629e-08
0.0049231184754075,2.9291773912603216e-07
0.0051000202497021,1.4435882488935897e-06
0.0128281650798892,3.066983237481813e-05
0.0087395038879207,4.9133123329476514e-06
0.0068246086826362,5.606083812747438e-06
0.0095766583283704,2.3099264152176004e-05
0.0093930459006749,1.0608871758091676e-05
0.0106465635929326,2.4398907487048905e-05
0.0071934654120401,2.0767126621569757e-08
0.0053793265248213,3.2523922042833385e-06
0.0159622826888204,8.71453305301356e-05
0.0172777168851417,0.00013202524044065206
0.0085081064039435,1.7032075753551104e-06
0.0060493260731444,1.2110627606236345e-06
0.0065734683805079,1.3169458126609932e-06
0.0035072285213576,1.4798633541287577e-08
0.0051692497680984,1.9967577850621444e-06
0.0004609515890033,4.988628902515819e-06
0.0151255610203013,3.221309484977737e-05
0.0027434827912574,3.558911529911036e-06
0.0090976008489601,1.0164701466271618e-05
0.0027157564982314,5.4688353424480215e-08
0.0199525329112731,5.776385362692575e-05
0.0041866354943405,3.4568534124961575e-07
0.0119502749427074,2.3498811750035172e-05
0.0119443748951153,2.141366226307104e-05
0.0100869055681301,1.1599765323653244e-05
0.0170039305727051,6.473303124992414e-05
0.0150496988243654,6.096774953707722e-05
0.0148495062228366,8.250714740309257e-05
0.0171803925693832,6.132754877422736e-05
9.597834918997794e-05,1.773708400439542e-05
0.0197567522807913,0.00015449094753747987
0.0024362462047031,6.485512508112554e-09
0.0113594306222351,3.0399300584193788e-05
0.0021787161804505,1.0882533059659199e-06
0.0169833085329196,9.663747012519781e-05
0.0029667131648407,7.756331422589486e-06
0.0196466529196025,0.00013035906520996788
0.0040108159051715,1.8963094829451087e-08
0.0034784858325032,2.5774441741297005e-08
0.0160579762777095,3.031244799020688e-07
0.0170783816889433,6.982391926736098e-05
0.0186697218683217,4.523924384113984e-06
0.0160288862280165,3.582003234749658e-05
0.0141926269810324,8.30428554524117e-05
0.0152945845127436,7.661130624791096e-05
0.0127661149109776,3.648054126788142e-05
0.0101496953586258,1.6487703595610458e-05
0.0124231732712227,1.9671246796808232e-05
0.0112012571565993,4.203436746170249e-05
0.0066520873541156,1.6535435876701365e-09
0.0129783488121399,4.097692651649226e-05
0.0103914801018779,5.576460038700869e-06
0.0070105901884171,4.102102579153146e-06
0.0157822685074829,2.3300234601402107e-05
0.0017313755600838,5.331348863599523e-06
0.0005458946323472,4.871314138980871e-06
0.0108738506225963,2.6526733468157585e-05
0.0171618968238086,9.228966580387042e-05
0.0159397401064359,3.074406291511167e-05
0.0139779268169254,2.9934583508521024e-05
0.0170852838715947,9.321001634166874e-05
0.0023377732814516,6.142548439345127e-08
0.014375533189319,2.4174239290298882e-05
0.0038192234780184,2.0700872315855935e-06
0.0121429862822105,3.759278822926348e-05
0.0182110747482628,7.856532551448887e-06
0.006760081712321,9.183041904412052e-06
0.0005601876407736,6.767409735366129e-06
0.0025088618626494,5.236077473722765e-07
0.0190329816214832,4.914744121080511e-05
0.0001661787289843,3.940508509775594e-06
0.0148858431164753,1.9319201614634546e-05
0.0105901761405494,7.58728149346133e-06
0.0159902055971808,7.01378755576918e-05
0.008625364423606,1.6522703241209205e-05
0.0102063787109851,2.461633562243561e-05
0.0122536947470306,4.287667093384869e-05
0.0045002979221456,1.102212879804319e-06
0.0111794401713443,1.8216045608814996e-05
0.0129882336254746,3.623219114718938e-05
0.002199479887362,1.8066707004910574e-06
0.0193219620971651,4.590231690180649e-06
0.0001904222596695,9.01785634276674e-06
0.0017308166970608,3.917395419812846e-06
0.013584028006852,3.3243326288848384e-05
0.0196090008936974,0.00017164488230885484
0.0039105158099904,1.0107516292243234e-06
0.005213330644676,1.6571588070370744e-06
0.0128270446336981,3.341879610054536e-05
0.012286934155499,5.1667188163511246e-05
0.0060250275915656,1.099027283698387e-07
0.0101068871632159,1.930924437974751e-05
0.0029284965385073,4.77486099239719e-08
0.0195698139656922,0.00010227229198827778
0.0146507047689926,7.415438331158302e-05
0.0026200558660233,8.191439885407831e-07
0.0099849062403739,3.251037781381502e-05
0.0178395388065491,9.260545155747465e-05
2.119327001535165e-06,8.368028040916989e-06
0.0015116275939084,5.3702442458480275e-06
0.0115055281522838,3.093088960852907e-05
0.0098231562103359,1.1246986950346723e-06
0.009101159716219,2.8287712208035445e-05
0.0082033113215265,1.0896297877719134e-05
0.0175121997451445,4.445536605140231e-05
0.0159149823920863,7.785985923720922e-05
0.0160727184684503,5.200513962711146e-05
0.0017428653331534,4.036997944305866e-06
0.0001294223617887,7.685924013443427e-06
0.0005591633050717,1.228787083698024e-05
0.0130890091583494,5.7343258466632824e-05
0.0028337502517977,1.9397466370457954e-08
0.0164005652822611,1.3738174956563073e-07
0.0137023034586146,3.2126558147227455e-05
0.0029769124922621,9.696734815929968e-07
0.0096502413395176,2.850666770327107e-05
0.0023742065899366,8.720589209227438e-07
0.0175118350706536,4.6116770305541775e-05
0.0181665717261453,0.00010062158924790783
0.0128783663716177,4.141173565779601e-05
0.0128753418698195,3.1584907839770516e-05
0.0032621173248948,6.573253930279683e-07
0.0012102440129084,1.5499117073300827e-05
0.015118995293809,7.821988424902074e-05
0.0016369911280622,4.934408646005887e-07
0.0143910042896752,2.109968719328922e-05
0.0007435426122405,7.252246327817441e-06
0.0151023377342461,5.121031102862752e-05
0.0074732607767483,1.6148700267381542e-06
0.0186520513366122,6.17296407939583e-05
0.0039531581402476,7.734887256864343e-08
0.0188294560299665,9.825897883239585e-05
0.005879482844599,4.425515129250682e-07
0.0135264154500716,2.2329003647501916e-05
0.0093306088365968,1.1879728327116934e-06
0.0183271182276471,0.00014288802053115355
0.0005998573700708,8.791223868723245e-06
0.0086450488483988,1.184854152015868e-05
0.01901687012913,1.5271945513262435e-05
0.0060794880853253,2.717677312274317e-06
0.0126824667000472,5.01149518835678e-06
0.0158331004220406,8.81707689870194e-05
0.0062419311686416,9.651873263691229e-06
0.0052073045811472,9.15076949948972e-07
0.0159655972247784,1.9237019245015082e-05
0.0068173634260978,3.6004880175438553e-07
6.353489119349298e-05,1.7164360665937142e-05
0.0038191152313584,4.364429903252598e-08
0.0098486540442743,1.931775186997273e-05
0.0138286925799429,5.6531086960371485e-05
0.0179617119160936,0.00013310969463230623
0.0172152103358615,8.545280887583584e-05
0.0003394053764554,4.6476809533689805e-06
0.0192148849652856,0.00013741032702057387
0.0041536584690572,3.783475659708634e-09
0.0165195597336447,7.333458644372487e-05
0.008235530414136,1.2660669670504802e-06
0.0174823447706652,7.797199959502557e-05
0.0179276985333892,3.2778768514468775e-05
0.0042626725943278,1.2416018462695632e-07
0.0164737281276854,0.0001240254815176286
0.0188525335668513,2.996582450445504e-06
0.0114351314804134,4.712729553499173e-05
0.018906704147619,0.00010315260352472094
0.0029363133313993,3.191083918135407e-07
0.009812659496017,8.20021199184488e-06
0.0199611091117472,8.303088971437545e-05
0.0185480218130096,1.4116880707174833e-05
0.0189862884734559,4.657936732609743e-05
0.0089921362422201,5.94590677541107e-06
0.0033644491523462,1.6260144512336382e-08
0.0094340208040507,3.120314240517518e-05
0.008493381865683,6.256339325872742e-07
0.0080611147572185,4.898195116678795e-06
0.01831815256564,1.9348925363318674e-05
0.0025761815978471,4.249891248505375e-07
0.0022301846527327,1.7458383441322155e-06
0.0158550730000236,7.156837235589829e-05
0.0069001287043293,2.2257346355844562e-06
0.0029274442764064,1.3581483062790635e-06
0.0076586231657498,7.468923001537903e-06
0.0110316744550521,2.718762555348262e-05
0.0068488347789583,9.070229444343414e-06
0.0030114875249856,2.008724224381178e-08
0.0085616518931046,1.0558261649336494e-05
0.0130903351952242,5.2944728118287404e-05
0.0164552179119639,5.016997553438469e-05
0.0002738638457802,4.085817790843533e-06
0.0134303833693404,8.862351532319184e-05
0.0107601965125931,1.8864656690198653e-05
0.0071935382211155,3.667157672094699e-09
0.0031739795743728,2.2833996014760183e-06
0.0057796754192745,1.0475579119827349e-06
0.0135311888874286,2.8735423435783502e-05
0.0181541420031732,3.551143494756577e-05
0.0112095952868858,5.229064286017532e-05
0.0184344290407354,6.555741107192214e-05
0.004240716941418,1.1295529130065898e-06
0.0125306234492856,2.5175814444470492e-05
0.0082072879725292,6.600598960558794e-06
0.0128662226184182,2.7250378872273915e-05
0.0075234712167977,1.786611195044853e-05
0.01228502992439,7.597648464454702e-05
0.0140855144787776,5.324833502055924e-05
0.0054186844377764,6.97238325380889e-06
0.018223602130026,3.6335329114195296e-06
0.0122170765991807,4.463759637628483e-05
0.0184557469156187,7.510560456652033e-05
0.0141810038402533,5.6780467669113005e-05
0.0153040705330606,8.444544021867137e-05
0.0088937165654129,2.123454482162792e-05
0.0098290503921676,2.97486307051302e-06
0.0175467944717331,3.024516547766767e-05
0.0101411247104668,1.798934496313232e-05
0.0074899013109293,4.679484531520074e-06
0.0150104446165129,4.1029916351549683e-05
0.0112260972068948,1.958359659349668e-05
0.0133563298196369,6.0770822928099595e-05
0.0134526825468496,1.6179160690491382e-05
0.007164150104321,3.63492624706575e-06
0.0118716755618542,1.1147528813842393e-06
0.0169665338914322,7.37860484687862e-05
0.0051583167582099,3.957650092556193e-07
0.0074230324678991,4.9471893341736065e-06
0.003983660065818,1.3734126547234714e-06
0.0083494083375522,6.786046767740831e-06
0.0183054713946202,0.000109752076729672
0.0170820217860771,4.819309007948967e-05
0.0159660462265744,1.0274431268584086e-05
0.0077588967477946,1.4132956296851222e-06
0.0023455961313805,4.5581674856138985e-06
0.0193933661373726,0.0001206477268214706
0.0142192632855061,5.350381936732822e-05
0.0054546684078145,5.136986413974664e-06
0.015997248327854,1.760813320192051e-06
0.0124649757257704,3.207788303657507e-06
0.0154957261247334,5.13056010608903e-05
0.009313516142247,1.1744540157344591e-05
0.0122978437706741,6.731698705196142e-07
0.0120586286308645,6.545191313808473e-05
0.0102605026972283,8.330089846786354e-06
0.0155696479270182,1.298236315402195e-05
0.0156586211826878,5.991685241840241e-05
0.0093642417880897,2.0586683945389616e-07
0.0050964552619415,2.746612710568194e-06
0.0008466210383559,2.052280172495912e-06
0.0154782739396058,4.805068205549128e-06
0.0140618066958161,6.6024450686854e-05
0.0014891803757349,6.540924506474082e-07
0.009614236576489,6.970982402747706e-07
0.0197188421654355,8.707457574539953e-05
0.0055966460856523,5.293687229635826e-06
0.003384911613261,4.198801232808291e-07
0.0042181544180816,2.009549549598035e-06
0.0174094613787371,5.826425966924856e-05
0.0190865897148257,5.82873493082489e-05
0.0102483369158514,2.7099920066087915e-05
0.011901494731893,3.227343677374393e-05
0.0095174115557022,2.5370757063602386e-05
0.0101407393790096,3.0134183405992758e-05
0.0081912311433287,1.1722717091941473e-05
0.0108957162214658,3.582653938603852e-05
0.0114331861774786,5.553616432463676e-05
0.0066113269877445,1.5902392847645453e-06
0.0077239699427609,3.0711579596811624e-05
0.0190310664873781,1.1030868654521526e-05
0.0026594035741432,6.039443134033776e-07
0.0180325444996384,8.839591567453974e-05
0.0094288760294336,1.3940259748446932e-05
0.0039147403598824,2.28118982402316e-07
0.0112045167694949,8.962158136058972e-06
0.0146097649495708,7.53341083150987e-05
0.0144547470297647,4.854674775140211e-05
0.0064990292330263,4.742772618911557e-08
0.0181008112992197,8.677755432195752e-05
0.0075190376305445,3.362497663026619e-07
0.0069545660141502,7.462446204011922e-06
0.004207355471219,6.057693020098071e-07
0.0195416857296673,2.3593228643612398e-05
0.0052512062336207,1.114429765838975e-06
0.0172407180430035,9.594657475746851e-05
0.0165559163024232,8.200858573653605e-05
0.0101434254876767,3.075637051383988e-05
0.017969371559848,4.33944510761563e-05
0.0168705584376858,5.3933176460316445e-05
0.012314321120825,3.8238719342632805e-05
0.0076519642399075,5.930212422477491e-06
0.001584786792555,6.444450450062601e-06
0.0128041205749134,3.175764504880346e-05
0.0066671788461495,9.58924350067523e-07
0.008689099753919,8.791566366982668e-06
0.007761978732234,5.288986044704381e-07
0.0100350261932578,1.6269893703363185e-05
0.0122984459597155,3.696275355964301e-05
0.0032115384852491,2.5932196720086726e-07
0.0026887843675032,3.7468848067090113e-06
0.0129034588782289,1.7856348801792357e-05
0.0095455545300768,1.9603145557033642e-05
0.0127123759272376,3.701857996655932e-05
0.0133750441875517,3.1840072242058615e-05
0.0019796086649995,7.26732393951427e-07
0.0104995716015843,7.663122254281173e-06
0.0042170367489187,1.152728042191684e-06
0.003214659988072,9.539975939991938e-09
0.0023713517710329,3.637040681251319e-06
0.015406083717999,9.223934647242487e-05
0.0005721765121275,7.222398431639757e-06
0.0059927198049142,1.0081293361360852e-06
0.0094720902394983,3.920613756018418e-05
0.0041837173068944,7.336512160433885e-06
0.0084093268403432,2.895933382055751e-06
0.004122411930212,1.8126026515932017e-06
0.0047744287653638,9.070815178702777e-08
0.0085341852063566,1.4993308954565651e-05
0.0170413409494239,5.687814917768103e-05
0.0004988152288507,5.522052175814636e-06
0.0127497532193548,3.455693158422436e-05
0.0107335201347662,3.779637813737338e-05
0.0166395426009606,7.72289059188311e-05
0.0150981037925896,4.4727340706353606e-05
0.0124011328521447,2.50230545063501e-05
0.0065799636771257,2.8951909496019926e-06
0.0193209619940358,2.2419536920927472e-08
0.0051983816560018,2.1749856577397492e-07
0.0006943759821673,1.711741249068432e-05
0.004683399750349,4.016020013312903e-06
0.0089190588323682,2.0255145063753238e-05
0.009939964245599,2.3445635263365654e-05
0.0132728867768058,1.81959434973764e-05
0.019097476875994,3.1558953111765074e-05
0.0086888582519826,8.688719697080698e-06
0.0088753392715101,2.511640483074594e-05
0.0119781438586284,2.607084398659576e-05
0.0016980047765019,6.8778204463946185e-06
0.0199980536666386,3.558931003660747e-05
0.0172896532487862,9.114892778525722e-05
0.0110388379629808,4.115783767355449e-05
0.0122940637939854,3.099869868930881e-05
0.0039381372265855,2.7086916826283584e-06
0.0018251403881198,5.863076373997464e-07
0.0123137095786429,8.359143108296088e-06
0.0140393872878052,6.318365542563885e-05
0.0069802126999453,9.206487612477981e-06
0.018982920072904,8.732756075461267e-05
0.0020565417049914,2.483172914401453e-06
0.0108859003100733,1.1970299766462201e-05
0.0093638038133047,1.4963858649160732e-05
0.0166747737828658,5.655579986158391e-05
0.0184667408438022,4.0738253644927865e-05
0.0031935292802805,6.691030250177245e-07
0.0143947287322254,3.305985245625394e-05
0.0174075828588558,4.6082156726127265e-05
0.0087983223962262,1.2920920693782703e-05
0.0037913253997189,2.188046676945153e-08
0.0124661123109995,3.9157019655308405e-05
0.0138705864043577,3.2497690924075e-05
0.0163567792937287,8.334942912175047e-05
0.0039561381006778,1.144677364740126e-07
0.0176226909466733,0.00012247400664587674
0.0167525846178843,9.87998606925203e-05
0.0030798609035983,2.0719569606618868e-06
0.0171207144997095,7.753908685125914e-05
0.0082481301805308,2.8739840953999664e-05
0.0054097329635651,5.920823386099033e-06
0.0074870487135733,1.138864288823291e-05
0.0017222786857291,3.396044538603516e-06
0.0148555800638755,9.700336804682134e-05
0.0065036646341772,1.0957310228238379e-05
0.0126343211893279,1.3513524688441445e-05
0.0142469856547216,7.18117246724907e-05
0.0171197747427512,0.0001265373374940114
0.0177360132943976,6.264067534555935e-05
0.0120329243089861,1.2260065921094964e-05
0.0074929322129044,1.1225642557885138e-05
0.0198058503561274,0.00010928747630831478
0.0015460886524624,2.369029228934217e-06
0.0109113857831083,8.751367164500846e-06
0.0193013237689469,8.340407669224568e-05
0.0002429120096305,1.0847309531744182e-05
0.0100224110803593,1.6344811740399593e-05
0.0056930020981182,1.935808873979854e-06
0.0194264481275518,0.00011948696395784924
0.0154421802573882,4.662165549929004e-05
0.0051598242435197,6.242022438820471e-06
0.0160069872536805,9.493148613118746e-05
0.0049550685152164,3.552785135948694e-08
0.0128618846132775,2.7670382078767914e-05
0.0128636016754433,1.8186143880552212e-05
0.0051813312217829,7.360090704844931e-07
0.0182681317602751,0.00010293424001432661
0.0160829809727534,8.408360170826713e-05
0.0053154060367666,2.2910882840217825e-06
0.0072518543195139,1.8456495489998438e-05
0.0090916073349399,1.030153087226283e-05
0.0055707922428855,7.360943079575988e-07
0.0084761393858941,5.997305126671326e-06
0.0169268760858799,3.937251436143587e-05
0.0035691603595693,4.6610451676490037e-08
0.0018691730103823,1.2501872406535325e-06
0.0035232945478801,2.9510638213728117e-08
0.0075809895721974,8.61972727897676e-06
0.0155680239829554,2.042500081906086e-06
0.0133466904076121,4.680421732305827e-05
0.0172638943940956,7.155681387149132e-05
0.0063871237643976,4.363595131516746e-06
0.0101518736899992,3.873473594282684e-05
0.0176733625529954,1.1587782683932205e-05
0.0108029168935337,1.536067785292901e-05
0.0152349466931532,8.101209612203926e-05
0.0052461766112289,1.614976747019836e-06
0.0133790584219963,4.609436974143896e-05
0.0017235872264853,6.505429427495334e-07
0.0007969666889208,9.208939005178081e-06
0.0149842603332109,4.961613597241324e-07
0.0080434104366797,5.007772764460824e-06
0.0135226730740102,5.8219103371621775e-05
0.0026736318408596,1.9578769058047197e-06
0.0048976705155018,2.0944916360639376e-06
0.0177861324330302,7.592988478315685e-05
0.01131374864303,1.346970740228277e-05
0.0069595413082206,1.7114610281717376e-05
0.0062242555563775,4.386708907190305e-06
0.0006177202088641,2.928053140383299e-06
0.0038112165309195,1.7035853568850481e-06
0.0088921922570272,2.1396727228869788e-05
0.0084898229617752,1.216456212167261e-05
0.0019219081560106,2.324176693627995e-06
0.0003558093681376,5.616291822618693e-06
0.0054147896043657,2.9612901003179122e-06
0.0107804381386552,2.8301446803808276e-05
0.0033511692126063,2.217403574298977e-06
0.0105564525111246,8.734245966009257e-06
0.0081653111914806,1.890663617073044e-05
0.0016626605321688,5.991399353315507e-06
0.0034616738325692,3.571662352441655e-07
0.0062558452061925,2.6355762289534037e-06
0.0042404694285427,8.381597719783931e-08
0.0137896661468253,2.1000794644128818e-05
0.0038611939170015,1.277575491142498e-06
0.0068655998321739,3.7500717527594654e-07
0.0091918609494534,1.6507719341899435e-05
0.0068465023832636,8.676440247538213e-06
0.0020680301326628,3.455739040996571e-06
0.0060951674470489,3.6605632560172937e-08
0.0120123122492695,4.3439245584829134e-05
0.0070819800421973,6.383082011566365e-06
0.0088979112307438,1.1295777384165766e-05
0.0037924169967933,1.6562295742737755e-08
0.0100464668953526,7.786202239474197e-06
0.0085964683374576,8.057837930131e-06
0.0065481428184941,6.045744712543299e-11
0.0118742455094219,2.645387698393468e-05
0.0190337264378192,0.00013951809046688508
0.0115521696200751,3.693585052525191e-05
0.0184616919780989,3.073556809738243e-06
0.0128471544694977,2.9158604165174925e-05
0.0199365228963417,0.00010622320027132255
0.0027016476731139,5.233003855934119e-08
0.0088615854996441,1.354731216660762e-06
0.0093360391273867,4.2463651367143896e-06
0.0134605124792614,5.4549929626216097e-05
0.0042510621929723,9.72462935131513e-07
0.0130174754476711,5.4662687591772866e-05
0.0065573908372941,9.581932758766542e-06
0.0097697379836367,1.2599143161634336e-05
0.0139945629416314,2.4320066418839213e-05
0.017076316711178,4.3292383131049474e-05
0.0190889771351446,0.00021256771878744098
0.0167865453293416,6.339650499634716e-05
0.0144154259959819,6.630792769081208e-05
0.0128034014467881,4.639058444069114e-05
0.019660339861576,5.245063641086846e-05
0.0004411691103754,7.649195719351434e-06
0.0158797049328656,1.6558571373901273e-05
0.0100505059558612,1.6644032471125878e-05
0.0091174299439715,5.501273743051342e-06
0.0173772412584832,9.986574809402586e-05
0.0178705037895975,1.1955536200540234e-05
0.010393232990537,2.0224307064797032e-05
0.0155526413912627,5.5926016340326274e-05
0.0165469022436685,6.531974127260449e-05
0.0127268023838601,4.3123274391355964e-05
0.0166435110606359,0.00011738119640553437
0.019637724633632,0.00018681880701230166
0.0032518738134626,6.617899803520749e-08
0.0031434651820682,2.21737424471168e-08
0.0153303185370583,6.582088642308708e-05
0.0004468439579896,2.6157447158997286e-05
0.0063981612726282,3.2525248271054714e-06
0.002505753855089,2.190891785887875e-06
0.0116025561334808,3.092164472665262e-05
0.0107300201318575,2.0538259557413284e-05
0.0010988598763518,1.594382221953415e-06
0.0112975742040362,2.649606969450674e-05
0.0195966422454771,0.00013770659841501058
0.0046941015712904,3.351842798261981e-06
0.0172991845947302,0.00011647351079421084
0.0101795709751435,1.6618760096670364e-05
0.0073606442862596,7.98348577579429e-07
0.0011918560984218,1.5823479503782959e-06
0.0034471471596138,1.8362765421691492e-07
0.0112183295044574,4.9853986718912874e-05
0.0063264070448834,3.809777903267202e-06
0.0159653082891297,8.542300460830855e-05
0.0066817394353212,5.5516943560679574e-08
0.018777515687865,0.00013912753138790968
0.0031671136013159,2.919863661288383e-07
0.0110694900661501,8.904316314527737e-06
0.0159204968656735,2.609527109269531e-05
0.0033000821195823,1.5787403925817543e-08
0.0187699968424908,6.499802234845538e-05
0.012144974244485,3.3500623802678826e-07
0.0169777002736576,7.96818114511535e-05
0.0106962973534189,2.633775655754891e-05
0.0015474699960403,6.023196194994361e-06
0.0174577220922016,0.00011295738822471806
0.0103396796827531,1.5089529815360868e-06
0.0198270394935674,0.00013763821721215417
0.0150382369668332,5.001787107763524e-05
0.0174831665855779,0.00012391478255764993
0.0100791601223633,1.3926571297061907e-05
0.0044834665966804,6.260255520878515e-08
0.0079829508166307,8.226835004486643e-06
0.0177735165825766,9.189825238023004e-05
0.0144832859353483,1.9106514972650257e-05
0.0047942414389324,4.6708124003410464e-07
0.0035802429163013,3.4834113519440396e-07
0.0139989636450707,3.6475594136936066e-05
0.0135275950266547,3.978549031154212e-05
0.0135746837862085,7.038389302546978e-05
0.0073169669722469,9.292494921213916e-06
0.0135166721967765,3.5260101796686645e-05
0.0196238378428343,0.00013137139470410477
0.0172940220836986,5.751763268268409e-05
0.0020877761774085,2.0428790749455954e-05
0.0131583854292824,4.415558995528953e-05
0.0107267001860426,2.3667415333387585e-05
0.0103162365688826,1.7373405997089644e-05
0.0092535516986677,1.6320587970172373e-05
0.0090547915533067,2.509767713774159e-05
0.0025297414939242,4.878340004869189e-06
0.0106977601889038,3.7580645183447766e-07
0.0178806764355005,8.29663284769074e-05
0.0131319712413545,4.475695920725725e-05
0.0188033629387405,0.00012335111814818273
0.0043169989156132,2.6099775366777427e-06
0.0188927326708004,3.9023485448100496e-05
0.019767975523532,8.866317960571839e-05
0.0149245467321475,6.639108246499826e-05
0.0058464168321815,6.545273245824242e-08
0.0020308901495797,4.611657214644568e-07
0.0129479446760365,1.031668670945901e-05
0.0141554327345065,3.1238735010431116e-06
0.0073912372831924,1.8477516915148336e-07
0.0058698126395278,1.3415546315362062e-06
0.0045597249242233,5.567954865869515e-08
0.0080547289539511,6.1337037466597e-06
0.0055598970287037,5.4279638101900456e-06
0.0009282941561302,6.8398476619941635e-06
0.0021114125252411,4.542656504027846e-06
0.0162870850389883,9.35445389664578e-05
0.0051977919566722,6.45790305923137e-08
0.007930065744343,1.7901586388548423e-05
0.000987335924397,1.4279418518534285e-06
0.0118968347761897,1.5097082858688428e-05
0.000444182780563,8.771910785199544e-06
0.0017366353210662,9.417651037913358e-07
0.0101401423394451,2.1260800364923147e-05
0.0141160462012249,1.794108310376899e-05
0.0022952319090089,2.9148727620049486e-07
0.0040040175938261,7.299969268780183e-10
0.0076726453752531,1.2667425707855243e-06
0.0064312213760169,4.371666489192637e-06
0.0127498147647598,1.7848965755006347e-05
0.0017506532910233,1.0198188418286974e-05
0.0188218056910161,9.984070923068413e-05
0.0138919038329445,2.9520594131225722e-05
0.0175347862470498,7.814832748522748e-05
0.0140217867424982,5.647359518420881e-05
0.0108239140874212,4.351627351874044e-05
0.0197998594296295,0.00012811433154478303
0.0081496186221266,6.27675195521972e-06
0.0051628105914155,5.621926957692312e-08
0.0193403562659958,8.24073005784805e-06
0.0018191407272957,1.0043025414484214e-05
0.0012015726291564,2.4031435381248896e-06
0.0097515694389477,6.295493291210924e-06
0.0104255364179678,1.3272016548880871e-07
0.0103572505392782,3.579280376427275e-05
0.0169218712981841,9.203371022707011e-05
0.0078718563227799,6.229038661605274e-06
0.0105844945344608,2.0665236529126458e-05
0.0130927378688595,3.204027070467586e-05
0.0075954728173408,9.520565651631622e-06
0.0004554574648458,1.8439452044964228e-06
0.00642735553452,3.047110344294353e-06
0.0192896094434149,0.00011753659646941644
0.0032680363914923,1.545065338584867e-06
0.0083732211844109,7.950382735759714e-08
0.013955655724707,2.060249249044317e-05
0.0182857775801392,4.547698183749805e-06
0.0088153347345071,2.1112813218142576e-05
0.0119423862199278,5.69169208772219e-05
0.0041719470732489,5.58002971840368e-07
0.014990722112476,7.093034538658565e-05
0.0014188445869142,2.8111848788259082e-06
0.0015003279884888,6.617392403218176e-07
0.0062346158892138,2.8661652094170224e-06
0.0091648110222535,1.4904676172381207e-05
0.0060331021939757,3.7066116159551835e-06
0.004381764924963,1.2058475436347912e-07
0.0124706532217713,2.33000697304692e-05
0.0069024760478349,6.942010359531124e-08
0.0041288551396052,1.713072542696255e-08
0.0089407050194682,1.6504854071084963e-05
0.0027924512329749,1.1338546248629824e-06
0.0093226246892963,1.1180142855974176e-05
0.0100470057904642,3.11512172132484e-05
0.0155881545377292,8.145325625698846e-05
0.0117309051813522,5.9786938372420017e-05
0.0066435267157873,1.9195585755943775e-07
0.0044706415106101,3.8910450357698665e-07
0.0011271337038393,6.108567669871216e-06
0.0103380117980986,2.2405393797053756e-05
0.0034975197196677,1.0386648001738265e-08
0.0072143598254293,8.64557381103795e-06
0.014453923898985,5.808114102624143e-05
0.0181585978498634,6.48582051712272e-05
0.0079822196346329,2.5120413088195867e-06
0.0039650374369279,1.7011608561177713e-06
0.0045847792845789,1.631223497728241e-07
0.0144595677080245,3.179145235952989e-06
0.0111964960060295,2.649572080661459e-05
0.015826096657553,5.48747724137236e-05
0.008662645559264,1.1166556113923967e-05
0.0183914407400565,0.00010925780732172586
0.0055502905908845,4.7318288801000595e-07
0.0014998831446122,1.6644581189208546e-06
0.0050791505673674,3.0720170678122616e-06
0.0109493413534979,3.790371602426534e-05
0.0174966720462275,0.00010593963657555635
0.0191151023299133,0.00011125071799548598
0.0177252218608798,0.00012062268030972942
0.0020028226140752,1.4081846166981343e-05
0.005618071975898,6.091186915035563e-07
0.0063417641751537,6.9726676410409e-06
0.0177803398759281,7.56862519368441e-06
0.005983828265289,2.417438916629562e-06
0.0106186101577839,1.9985507769665977e-05
0.0096382885005353,2.1494709944572847e-05
0.0123822286072047,4.0495965125134906e-05
0.0179960168041813,0.00010467216627482109
0.0052243583446757,5.4251775249320395e-08
0.0004237992273536,1.6643530538104852e-05
0.0017943335053557,1.8155276994272633e-05
0.0066437680994192,1.6755633757170327e-07
0.0127822648576535,3.0000649916722975e-05
0.0090125411333781,9.039420601645627e-06
0.0160708886882949,6.997803924159387e-05
0.0092496916260521,4.125600003284718e-05
0.0181560681669952,0.00012088754481710613
0.0084616503535012,3.244774703208264e-05
0.00020559405402,4.090891366312902e-06
0.0003787943696599,7.386641172593378e-06
0.0011206919208997,4.37589439363663e-06
0.0036067617763546,2.215734354388324e-06
0.0112769929818059,4.921411389133061e-05
0.0062727637384738,3.67370077540263e-06
0.0155230046841385,6.404797987274346e-05
0.0121416672912685,2.2419077996782806e-05
0.0119131820279792,5.4061174120468826e-05
0.009236504332716,2.059646689442952e-05
0.0005188883142647,8.81307082333335e-06
0.0044695537604878,2.5372546519918604e-07
0.017926741822649,0.00013190143030922166
0.004542322850545,6.232287876897964e-07
0.0199052122939084,0.00016885766739077406
0.009896909691151,1.9648907566231557e-05
0.0196130742770092,0.00015332405779277237
0.0179331514730241,6.655563801011222e-05
0.0045932382913415,6.490426747709662e-09
0.0037517629250114,2.684576498223551e-07
0.0174102230701627,6.369003098881798e-05
0.0169934801572367,4.710538699055174e-05
0.0127400354310564,4.7816306242433984e-05
0.0026928835365965,1.6705285932935477e-06
0.0183701531138587,4.923432009243608e-05
0.0111947760641714,6.665320772173218e-05
0.0012241824152518,1.8982498333438845e-06
0.0149251467896017,3.8027449530341764e-05
0.0075299756224332,8.807376777477882e-06
0.0004692829894986,1.4715289626705608e-05
0.0037354634763253,4.4490368503781784e-07
0.009694848236279,2.1772313678126867e-05
0.0146088527731585,3.1509688815138755e-07
0.0027288800101332,2.949853951568344e-07
0.011268878354324,4.152210980792911e-06
0.0169263019568981,7.706748661745725e-05
0.0195791436026464,0.00013696438994736387
0.0043262110458455,1.885635487483117e-13
0.0136496367474785,6.353548663690455e-05
0.0113632794201837,4.876687680972896e-05
0.01989284460721,4.8403676780152845e-05
0.0008176965049319,4.5453197360113646e-06
0.0170832677932908,8.883545156337275e-05
0.0042442047181892,4.438631576370896e-07
0.0042481286363499,3.0297981772022514e-06
0.0132719226986524,6.321707913247279e-05
0.0197549252595643,3.0876286049069087e-06
6.176710839289834e-05,2.045786432656518e-05
0.0076105683438349,9.762481080043702e-06
0.0143488558155082,8.476388676561526e-05
0.0035465483238362,3.99909179076521e-08
0.0127281515807557,1.8202650352303813e-05
0.0038268424641116,4.496909457674706e-08
0.0115811327859541,6.1019596028725256e-05
0.0008394852478336,3.828114371603876e-06
0.0184422739907603,0.00012131453453313615
0.0024178573334508,1.562367700533056e-06
0.0013580973980966,2.4303599086936215e-05
0.0007356593136549,1.153104866300657e-05
0.0171793713613523,1.2080063747617671e-05
0.0083015043385177,2.1533030398611436e-09
0.0038054209918721,1.0179973332410774e-07
0.0060723585326878,5.346804971018654e-06
0.0018443718883313,4.000058176165846e-06
0.0093997292442556,1.907707386993662e-05
0.0132696169152042,2.7321413688966802e-05
0.017124891314287,1.316016553563639e-05
0.01463937731765,5.0517114783802205e-05
0.0168058990522504,3.7975914360045966e-06
0.0100637680935986,2.0956384044268152e-05
0.00043777437517,2.7136162745276224e-06
0.0067234657080013,8.815609125347159e-08
0.0122945397423238,3.8829019606963904e-05
0.0100927548499187,7.413012309218898e-06
0.0086246035117067,2.5252322336333164e-05
0.0166543408190324,5.380622831747164e-05
0.0190246879676283,7.577427801764907e-05
0.0105290281463704,3.904587750747965e-05
0.0165824449822475,6.262403938643005e-05
0.0191319846631337,6.252461833822669e-05
0.0155658776522391,1.8990184764115442e-08
0.002021764919133,1.2578656396281756e-06
0.0061934227827567,3.0002538495089894e-06
0.0066465427821127,6.8914400071030845e-06
0.0071888842062587,9.474553017062417e-06
0.0075604795819301,1.3790977130190275e-05
0.0081073911806936,1.4564746863963883e-05
0.0115228529811324,1.1258927041969829e-05
0.0056168214496907,3.412121041231499e-06
0.0023019223351009,2.152556033309625e-07
0.0186947102265602,2.3983697101029113e-05
0.0065770040046831,8.813737769110808e-06
0.0062183789995988,8.963555503334066e-06
0.0096293762598727,1.132085552722051e-06
0.0086019177075449,1.4432249710211822e-05
0.0083989782719261,1.089368361730386e-05
0.0177637909537676,8.982544528642256e-05
0.010366685475599,2.0819968892467096e-05
0.0010228408563563,9.782922034561375e-06
0.0088370861100508,2.118476126085383e-05
0.0036051776839512,6.441567803833302e-06
0.013555137103334,8.128019279443944e-05
0.001447437103598,1.5525651597214104e-06
0.0195424535229325,3.979161909360749e-05
0.000617744273297,4.021545239761677e-06
0.0070708410601348,3.9282371774396275e-06
0.0163270814552294,2.8995597665288234e-05
0.0176083383772233,1.0532727862032726e-05
0.0180317358464781,7.835230327252001e-05
0.003716163305889,3.750308160775229e-06
0.0186090600646619,1.2511464408805467e-05
0.0189070244129048,8.085533371784363e-05
0.0189876344280659,9.392449236425698e-05
0.0084627558289454,3.5297118088757833e-06
0.0056827594404765,1.3457914450463827e-07
0.0003046386739857,8.010193375954912e-06
0.0064294953961815,5.582964377000167e-06
0.0116001453725225,1.9720535559369372e-05
0.0065112217967467,4.687124666958104e-06
0.0178826722898142,7.027825621935238e-05
0.0078070250631493,3.904563070461249e-06
0.008406218901157,2.5077916349975785e-05
0.0052618983950703,1.914379906764388e-08
0.0090824459883886,1.6660712955724507e-05
0.0073720302401849,1.6047729291215077e-06
0.0170505378683501,7.954283467001071e-05
0.0006032669921299,4.17577932563662e-06
0.0178201535806851,7.857990200437512e-05
0.0060138352806693,3.3802744344275554e-06
0.0091976342223269,1.0716830812414356e-05
0.0072863435416543,3.1636419045857314e-06
0.019888064735832,0.00023095520367789283
0.006425641675109,3.8512230524438265e-06
0.0077935211808781,1.3260571737807278e-05
0.0015437935362114,2.7966995907764955e-07
0.0080725647677815,2.2395855342420872e-05
0.011944433975113,3.918553040566642e-05
0.0172681637100682,8.597425688316623e-05
0.0083041868235655,1.255038706320922e-05
0.0167746920102472,7.498302196261285e-05
0.0017691433192928,3.123173671695161e-06
0.0190869559690157,5.7477282135563514e-05
0.0184202788972783,3.5106821779228493e-06
0.0045519692332517,1.3573212286969476e-07
0.0103632276211625,2.5424000642166962e-05
0.0086135881369666,2.072246002768353e-06
0.0046888161709541,1.7900877281839689e-07
0.0118661776399959,1.3484269650113602e-05
0.0163663788500535,3.381547897260941e-05
0.015227978658262,2.717568166298964e-06
0.0042078908023397,2.6728868560320014e-06
0.0194600045113135,4.9437108475450086e-05
0.000833542257791,8.753238215305116e-06
0.0065847406724589,8.327273513053484e-06
0.0033686563229499,2.753599168397946e-07
0.0171706079287807,6.116984845032814e-05
0.0159205720574503,4.406209013356561e-05
0.0081137098979196,7.731084559282332e-06
0.0161955888322104,5.549698421081582e-05
0.0178905044789779,3.596486010251552e-05
0.0134655285833442,3.4470778651130884e-05
0.0031079302375785,1.0311362108484602e-06
0.0180327929981501,2.902841740422933e-05
0.0105340879219427,5.249091783247219e-06
0.003914346266732,2.629896232529307e-07
0.0037934879161101,1.8281323871839404e-06
0.0074715154111666,2.526535286656675e-06
0.0174758146405543,6.268698611814348e-05
0.0065240908647775,5.53659770702324e-07
0.0041240551608749,9.530982580191126e-07
0.0056708047929614,2.7808596766571542e-08
0.0173638902417329,9.988419452530662e-05
0.0047457963388604,4.083388437513213e-07
0.0002902151528747,1.3963179395910143e-05
0.0151634995817849,7.997682534919695e-05
0.01265877317793,5.340334464649341e-05
0.0199208799696863,0.00013549357122029834
0.0017517921843986,1.5298846384088667e-06
0.0067081677457294,9.346178671539855e-06
0.0059351282474187,3.239914997522568e-06
0.0017635689122774,1.024612142498822e-06
0.0151946229230902,5.2768585058627786e-05
0.0082748673115531,1.6964734357946207e-05
0.0198556262051426,5.633810897449565e-05
0.0094746166776497,1.811784473019401e-05
0.0025226169325351,8.481063415419846e-08
0.0046372055011699,4.7572881520634107e-07
0.0033884922134465,2.801113095477011e-07
0.0068621006432776,1.6392470839478207e-05
0.0010351619922069,3.948933383428633e-06
0.0115426608621851,1.546500310653076e-05
0.002682483431328,5.897490818642097e-07
2.7641317966091704e-05,1.3428131579805715e-05
0.0029815276119097,6.166868006342972e-07
0.0162045745274172,1.3495716355232664e-05
0.0141315470182813,6.57767358075005e-05
0.0184848535027496,0.00013051106826525536
0.0078571746860713,1.1326439614349474e-05
0.0057816185013565,8.416165160581708e-07
0.0189668414215452,0.00012337522372431225
0.0013295938352871,3.416282525776421e-06
0.0183000086532631,7.674357682463568e-05
0.0081038033059304,3.166504132278938e-06
0.0033057205492976,1.4188383537953144e-06
0.0076176769191417,6.805799243046806e-06
0.0159608381259517,8.815033849460663e-05
0.0198757521222611,0.00011613535238246065
0.0100269688676196,1.7384818055429236e-05
0.0141563988602543,3.744346389013193e-05
0.0097460864783576,2.6593522226834557e-06
0.0039340860346696,7.124038929914437e-07
0.0106841232302141,3.6569995354991126e-05
0.0185240072249208,4.384065869420013e-05
0.0112875471720656,2.3607894130811325e-05
0.009270825968699,1.2488701671287515e-05
0.0146353398304302,5.453792394660834e-05
0.0100596392312954,2.2670806295409926e-05
0.0125557222833308,4.947422327548711e-05
0.0094751163828924,1.753193397441724e-05
0.0180174154028597,0.00013763052369452248
0.0045104139856868,1.6361640755700375e-08
0.015878463263834,6.227398637251354e-05
0.01878252228137,1.8508104738392458e-05
0.0110299176266197,3.970133508424781e-05
0.0155731289260853,7.364749541906327e-05
0.0089833113419542,3.922824954269153e-05
0.0010493610030559,1.139424656258371e-05
0.0019247581862453,2.997199480016719e-06
0.0046195548155162,2.4970048485579304e-07
0.0162418442331814,3.464774873372942e-05
0.01521898069015,7.305672087136838e-05
0.0170228184287975,0.0001002831334929906
0.001168259961413,7.912215388687166e-06
0.0038434670703519,2.7563580417222453e-08
0.0138237610365092,6.813287274790669e-05
0.0123370761817251,5.5870669090317316e-05
0.0055205470113185,1.1777766678201694e-07
0.0167244773603742,9.648998216573484e-05
0.016844113290756,7.63875086185147e-05
0.0031972626350653,6.092414852921594e-07
0.0077663892351429,2.989615971576175e-06
0.0124419126765281,4.147980984657747e-05
0.0141761272523572,7.09657390708095e-05
0.0074462650594935,5.242852214707839e-06
0.0072509870987853,4.508917437732207e-06
0.014648998963186,5.210311216108002e-05
0.0038212464861177,2.5932321669713956e-06
0.0043489446568978,5.372680087883151e-06
0.0116037885735175,2.3729042519794346e-05
0.0071648029821057,5.261888562221643e-06
0.0094753995714189,1.1976276819820335e-05
0.0139881925889902,8.331679751265193e-05
0.0153451169851321,2.227130120802252e-05
0.0173854274964879,6.017288834667237e-05
0.0129721647714768,3.918961126317165e-08
0.0192938888296464,3.022433064262206e-07
0.0192658795527579,7.15854333508003e-05
0.0170496119899236,8.198793586007161e-05
0.0161742519711769,7.388436483267426e-05
0.0006182071116255,6.496366045459233e-06
0.012851409056592,2.031807788654719e-05
0.0055779402668019,1.4234473551996884e-06
0.0136036721025541,6.066816017370933e-05
0.0025489295194391,2.4022919639767137e-06
0.0062057409575867,8.28915797864184e-06
0.0125164203022407,2.0393262489536176e-05
0.0015061602801197,1.0549903431018784e-06
0.0116667257119981,4.218964287792585e-05
0.0159144323422105,1.2504201775328089e-05
0.0110945952252288,4.733035265577664e-05
0.0163416731250664,9.892380018641607e-05
0.01986330490099,0.00013773536148794534
0.0093429007718076,1.6588148303047493e-05
0.0011404649871429,8.436622312754804e-07
0.0156511197158211,5.9087655641771274e-05
0.0079820728304874,1.883025632123478e-05
0.0051404154920797,3.33659698798078e-06
0.0194498910987667,0.00018499266040018146
0.0038658131382159,2.193666132409614e-06
0.000635706890285,7.023303805258863e-06
0.0149843858053482,6.674827674192341e-05
0.0124335302838891,6.506537124094105e-06
0.0032069400959109,4.391945028247789e-06
0.0108706443076494,5.2113674853454214e-05
0.00380097616477,9.387313449639883e-07
0.0048734928717534,2.6701628475960327e-09
0.0130396535406114,2.7425851434977413e-05
0.0035449925746648,1.6384325969719048e-06
0.0135716406276239,1.576496084652104e-05
0.0148608097760764,5.404597602651516e-05
0.0158628939702812,9.723302248742045e-05
0.0045087727768572,1.3213372507846894e-06
0.0043865020253199,8.782957943795137e-07
0.0022122572386256,4.002623392345662e-10
0.0029987752087041,1.4322475879151845e-06
0.0072182486895656,2.782688970762236e-06
0.0066467125774323,1.1979061449233177e-05
0.0043834305740602,2.8064357553383264e-08
0.0050880175328136,8.696447921807492e-07
0.0009025738209735,5.8955857882279404e-06
0.0099819388587301,2.2237153821809864e-05
0.0073484826702578,1.1432118753586144e-05
0.0169666831289438,9.733151418237634e-05
0.016982790795613,6.728998187730654e-05
0.0033570562842607,1.9128602111688444e-07
0.0111775750640256,2.038838723853761e-05
0.0187606900285305,0.00011406478420273949
7.320586660188866e-06,1.2665857391952447e-05
0.0039118899771918,1.064149667805082e-06
0.0154858029769873,4.885822495670141e-05
0.003413595588251,7.216438002353164e-07
0.0088278206491435,2.118193038103715e-05
0.019941444432209,0.00010507999333871754
0.0135221882216711,5.673486991774547e-05
0.0062912081769699,2.8180118994823672e-08
0.0104048906598864,1.636667855786504e-05
0.0006466508491578,1.7317321359122656e-05
0.0050327278944998,3.181312055256374e-06
0.0184939679864952,1.2624684031965938e-05
0.0089758579040584,3.850114644336626e-06
0.0071158233901323,2.138371725758624e-06
0.0089235663104326,2.101087745440375e-05
0.0192891407509329,1.6237066718487092e-06
0.0034046088559433,7.3160472856442865e-06
0.0052073952526676,2.0823857435284255e-06
0.0163935925673414,6.640269266386143e-05
0.0159409161811294,6.813649396322316e-05
0.0125234461529405,5.751351631154571e-05
0.0101503918693235,1.6263564119243963e-05
0.0087831552798008,1.3898478070915881e-05
0.0008853707404329,5.8011783154136535e-06
0.0026453902754516,1.5177782336203132e-07
0.017626014880405,4.960998477802617e-05
0.0013836555610419,4.440559262023017e-06
0.0197408598790628,0.00014223958130421587
0.0093782122689673,1.227930764508745e-05
0.0063525571617634,8.222986930665717e-06
0.0157130496255311,5.213581829450462e-05
0.0093709624959449,2.943494465678078e-05
0.0112538385820857,2.552673610969213e-05
0.0104154810269806,2.0430514090395738e-05
0.014926451095681,8.918064053013411e-05
0.000636449965816,9.51582311225724e-06
0.0035456344898286,7.938253879942801e-07
0.0157671223381898,8.468811568981596e-05
0.0056611596539846,2.705309874230148e-06
0.0179644754473611,0.00014167475117342007
0.0103822155727465,2.82401404557895e-05
0.0078612679955251,7.547461932210838e-06
0.0113732333851088,3.545232896654887e-05
0.011599373287959,2.329509162316048e-05
0.0181854448167641,8.151237659524114e-05
0.0143236352088931,1.4792709980304907e-05
0.0017705355939246,5.051177459462398e-07
0.016960155642845,8.645768757110334e-05
0.0145635322931483,5.760854228004393e-05
0.0095909207768953,1.560918910837238e-05
0.0098434565651589,2.5541008122497e-05
0.0042194806728684,7.299625608582096e-08
0.0081849073038456,5.387843087954215e-06
0.0062226658909504,8.502204448371538e-06
0.0091542014665206,1.3323634191540201e-05
0.001992513734483,1.0934394906154832e-06
0.0050543537187719,1.4235445262800706e-06
0.016072399003757,7.401484772168054e-05
0.0094084875935481,1.2335784977414878e-05
0.0028090465293438,6.429975871500171e-07
0.0057281900321425,3.307390077306373e-06
0.0020433267572434,2.0321038460027327e-07
0.0021804435316253,1.1601033936977995e-07
0.00168979805368,1.2733167872339735e-06
0.0005510052307662,3.865249243226485e-06
0.0030630363645159,8.233804729953031e-08
0.014323400371328,5.946076821566202e-05
0.016495576377456,0.0001055965929586754
0.0005119371094523,8.684758548670611e-06
0.0141702063992672,3.641055079356888e-05
0.0085084195247314,9.649037039718662e-06
0.0020969158161017,4.338109438868067e-06
0.0087163428915039,2.5841906940512385e-05
0.0141891695522421,3.994736164512058e-05
0.0173060930136687,8.513923166635698e-05
0.0107654141558062,4.827858319276903e-05
0.0129923656516685,4.616321889133476e-05
0.005374066258891,4.253431601758224e-06
0.0052788593471349,7.451418473933913e-06
0.0129119182515426,4.2499227385325034e-05
0.0192818801451966,3.4589672849838137e-06
0.0035674421253228,1.4330993559183518e-06
0.0005720777980997,1.4532617190628455e-05
0.0012007660135548,3.1937623495609598e-06
0.0098787742337758,1.3238054943297747e-05
0.0036075690139475,6.778897882985562e-07
0.0002384576173867,7.272300171596239e-06
0.0123684108243929,2.680516292552325e-05
0.0064327464582725,4.369192047400895e-06
0.009582090057519,2.048777308943478e-05
0.0024260150769317,2.4102648225733622e-06
0.0101937130428561,1.771306805676261e-05
0.0062791427909657,4.387400304779513e-06
0.0023266574807237,1.1626610839707483e-06
0.0029141856940514,1.5719045351383298e-06
0.0111048601668941,2.3730890831947652e-05
0.0096627328183782,2.999350345133173e-05
0.0133748289961993,3.360931689712347e-05
0.0102728304050191,1.0484077858389657e-05
0.0119474222390122,4.097383270462236e-05
0.0031742249718923,4.2381668329496184e-07
0.0085521024035057,2.341677139325496e-05
0.0180112426243223,0.00014897945184817147
0.0029504891869478,9.120545010416398e-08
0.0181133036649354,6.0061068187698275e-06
0.0051563177632124,7.91595819341072e-07
0.0126286739076443,3.5470486459450004e-05
0.009644598953318,2.2984904789744967e-05
0.0106819705160105,2.1346282725926043e-05
0.0089345670137633,8.687205551740322e-06
0.0033194480384504,1.1941647176995626e-08
0.010862190057839,1.6782940473777174e-05
0.0072860990124116,1.210024048236612e-06
0.0093661196678826,2.6521891086787375e-05
0.0148636500400168,6.002931836967262e-05
0.0184123387432761,8.302096914334781e-05
0.0043183803272808,6.916179931540518e-07
0.0080549738334408,1.1779821723491368e-05
0.0042147999687939,2.2104121390440977e-09
0.0127330330037715,2.3591109818170587e-05
0.0177714585874505,8.908575961612394e-05
0.0144688264306774,3.58645323909344e-05
0.0075982342486512,7.6175509923154535e-06
0.0008647069038366,9.528128804707264e-06
0.0086167626108923,9.61177708291505e-06
0.0079671636900388,1.021693727567217e-05
0.0003737598346555,5.84835092652655e-06
0.0036595526444972,6.250713062951846e-08
0.0089043553294499,1.0944735855093717e-05
0.0086537429213417,9.73530496831757e-06
0.0058154325242158,2.1695737632349163e-06
0.0183948000137904,0.0001333194932339001
0.016086201143345,6.480182936226019e-05
0.0044805609801664,2.908342822942381e-06
0.002402374775575,7.134528086620241e-07
0.0040891778854691,1.0731278796276678e-05
0.0078672045943568,7.901277754474932e-06
0.0130848206778975,3.118958412383253e-05
0.0090065411958604,1.3356292454432076e-05
0.0188616726944079,0.00012868626397107897
0.0123752331719982,3.283912035508164e-05
0.0010345013708712,1.7785156996799018e-06
0.0079108559034178,6.68984699328594e-06
0.0177926921882199,0.0001006414404319317
0.0068636921209056,9.193642906870722e-06
0.0086780758212995,1.9866884254029244e-05
0.015873453794964,5.398627876283454e-05
0.0042090901466869,5.5300884450148496e-08
0.01284253626795,5.7606847044310496e-05
0.0075879012286332,5.178342690176038e-06
0.0049879606615994,2.9197943751939163e-06
0.0135492816123496,6.98082075374197e-06
0.0024670231700227,5.1851760719436625e-06
0.0156564064156462,6.449922420433368e-05
0.0083678204259661,1.615029775584494e-05
0.0172887952553458,7.145538046353376e-05
0.0150016884016327,7.209962493202111e-07
0.0157921725062875,3.810843370025433e-05
0.0069948737802266,2.2124195518367323e-06
0.0169138330670478,0.00010413811226166506
0.0019728144297623,2.17821985713252e-06
0.0176036265528352,3.8794782268708145e-05
0.002377543354441,2.2968622554738618e-07
0.0182694217809096,5.222242306155669e-05
0.0187987000585686,0.00011384761269023711
0.0076924460677509,1.1399244792800709e-05
0.0110506966563174,1.1497820902383464e-05
0.011273513725401,1.9464349127238924e-05
0.0093015422156764,2.574548913411705e-05
0.0168300831435941,4.9864851731088465e-05
0.0128283187772915,2.7515389108229717e-05
0.010005596963201,3.264210838214691e-05
0.0132971624122439,4.042665580781428e-05
0.0009405599418495,3.8194443119185426e-06
0.0152543295164881,5.5985916387748636e-05
0.0088099840079539,3.88711693544117e-05
0.0186886752734537,3.0224324870061188e-05
0.0020618024492086,3.319940653558403e-06
0.0188675616163128,4.386527534547586e-05
0.0192336792171936,8.970435700156047e-05
0.0120464457798674,2.5261371172862124e-05
0.018310884686622,2.8970367399965115e-05
0.0175303835552081,3.34640760114409e-05
0.0068529442328041,7.785802825042672e-06
0.0136174868536065,2.9284345272086888e-05
0.0050423165783625,5.4867313083916985e-06
0.0096132312946746,2.3499254101859508e-05
0.0181685828842697,4.111423069207464e-05
0.0186685050492863,0.00010310557295534133
0.0192031993623581,7.864863944396829e-05
0.0046844841743028,3.325544335398587e-07
0.0167083194945483,7.075519823862787e-05
0.0195774484854544,3.8341808274462244e-05
0.013765288693597,2.831826385630956e-05
0.0049614652077848,3.270636419091951e-06
0.0125416794135056,3.6108675432807585e-05
0.0179475279138107,8.648496604371732e-05
0.0031034470140603,9.849784310009371e-06
0.0057591270036467,2.2578741245174822e-06
0.0062517542863538,3.1290817993872283e-06
0.0050625729664107,9.519462173839028e-06
0.0154885293000414,6.154230939948036e-05
0.0175511217263025,6.343289973534145e-05
0.0172271825110294,0.00013529647950214936
0.0072746713734577,7.886534480004682e-06
0.0115828631269878,1.8951397648468744e-05
0.0062573569342199,3.788002614678859e-06
0.0137848642231901,3.278357322539774e-05
0.0033202351782061,9.943292918639143e-08
0.0018725673005158,4.158398718531613e-06
0.0130089968828698,6.631935290156341e-05
0.0069096165395,1.2726938694766258e-05
0.0028025835886392,3.288499680488123e-08
0.0189203065887712,8.929111663169154e-05
0.0002871902764829,9.322860574027473e-06
0.0064125981471645,3.5471200652400167e-06
0.0072061540715722,6.61411832499397e-06
0.0063122543956321,3.7355172991970794e-06
0.0021843129459262,4.4665560271808143e-07
0.0184796141299309,0.00013213960307258469
0.0124441825784816,3.8910277230961845e-05
0.0146017453166683,0.00010883819440775823
0.0018194666687084,1.8725611985024997e-06
0.0122577496372779,5.3896468215560885e-06
0.0131870357329768,3.5808247375882514e-05
0.015309938695167,7.266026204165004e-05
0.0158581450008801,1.7757619332244963e-05
0.0015927163127423,4.6345708269321076e-06
0.0085364576458224,1.7341596359865694e-05
0.0166514374655218,0.00010123705209952464
0.0058413794035027,4.849234341170989e-07
0.0179022532680951,9.7704408449237e-05
0.0066056823509902,1.6565001039839505e-06
0.0165061914934644,9.811516683816842e-05
0.0017352634132049,3.4211552797625503e-06
0.0026612627606104,4.127281175144842e-06
0.0073171080570786,1.29220536732074e-05
0.0079839911940211,2.1735573782484556e-05
0.00385773136362,5.786766522994608e-07
0.0095768919210384,2.512989948330656e-05
0.0163066729506343,6.728189921161223e-05
0.0037315264298508,8.000605795773752e-07
0.0140725743131981,6.726757419897773e-05
0.0054021547249467,3.7662343406690714e-06
0.0142169168804572,4.7016712969552156e-05
0.0198573552736454,4.9259680573892344e-05
0.0151889619120558,8.235275337849568e-05
0.0063182990968038,9.984279363308476e-07
0.0154207018855047,8.119369829495342e-05
0.0109739833897623,1.41941974396006e-05
0.0118875458897572,3.758433150177895e-05
0.0169972162384215,4.7475819249757445e-05
0.0098097418734045,1.0537097474450272e-05
0.016969822024246,2.7821032101353273e-05
0.0104041797488733,3.2627509403959354e-05
0.0190039791763824,6.105891112981309e-05
0.0003504894709622,4.755473817115288e-06
0.0078519497018411,7.169452918732024e-06
0.0077577615344519,6.2252256221934345e-06
0.0118113077377847,3.517980854389319e-05
0.0108621605052474,1.6188906769458563e-05
0.0188933845654649,5.598166018924803e-05
0.0170566280349289,5.351474956740474e-05
0.007584849423023,5.350357681606135e-06
0.0134606644463605,1.610651209839219e-05
0.0016140893721377,2.640553172934316e-06
0.0112421315104491,2.6491567062008296e-05
0.0086827986639448,8.218160520227676e-06
0.0195275435087684,0.00014128994486322635
0.0178345749891752,0.00010810607856148989
0.0074491107775579,8.576771534823308e-06
0.0139021311317339,5.114858109438816e-05
0.0014232218438775,4.853925863513387e-06
0.0092776661103218,1.309459938092187e-05
0.0007807190641853,2.0400251553985475e-05
0.0183845105715079,9.978516019944078e-05
0.0085008526432437,1.85631913019073e-05
0.0050594012161149,4.768635131449237e-07
0.0050346509741401,4.427956592131524e-06
0.0048165182003157,2.5243518850922256e-06
0.0011408586857611,8.415791718896709e-06
0.0049748205650725,2.8014208506420183e-07
0.0081805749133311,2.330791722771776e-05
0.0131991033490653,4.655665673943303e-05
0.009690829729245,1.1299779601725017e-05
0.0177066395427642,2.4942090138619125e-06
0.0078668309208063,1.256297840503961e-05
0.019106034212519,6.490030479045941e-05
0.0018194341157427,3.6231577790939967e-06
0.0089176171704843,1.8535971776644913e-05
0.0189883502108077,9.337957248250106e-05
0.0057487387928382,1.423216292772295e-06
0.0017443565747948,1.0047176999793762e-06
0.0148973444140746,6.493666454720252e-05
0.0073127869732106,1.2739980143037848e-06
0.0129100029078943,6.654192146170494e-05
0.0046295355901946,9.249268580656461e-07
0.0195712759075209,5.772523258585345e-05
0.0137992941524903,1.2383536629483424e-05
0.0175133272544013,9.38546220574057e-05
0.0194199827837854,0.00011422651809144937
0.0165698133020739,6.786405189186663e-05
0.0113259302134022,3.498446600608223e-05
0.0011463855364189,2.0606803432349915e-06
0.0087919308337913,1.679862968010619e-05
0.0018847122577951,1.2876831118766967e-06
0.0014672082183332,4.439811633122032e-06
0.0067408024302306,5.183337386381118e-06
0.0021815374583216,1.3133866207347604e-05
0.0107823864245463,1.2891163572205777e-05
0.0124225449938908,1.6121209914493804e-05
0.0091397225562636,5.020525988465677e-06
0.0042753954000138,7.745193331154349e-07
0.0117470583170047,1.4372136944971836e-05
0.0028681247254743,2.6024629643710373e-06
0.0079913423352856,3.676476053016773e-06
0.0021194098807124,9.307394971595692e-07
0.0034964985172093,4.5814957346823463e-08
0.0075936565553556,1.1199895205542068e-05
0.017216149288333,0.00012948247447113934
0.0069189345089974,1.1070438406293428e-05
0.0013220532365179,1.9562866772770933e-06
0.0003372097857979,1.0240360091077175e-05
0.0154078245618926,3.4765164624802685e-05
0.0107098865962136,3.559982944441712e-06
0.0166346304093252,4.2600312810994554e-05
0.0023545607669958,1.0213081046654467e-08
0.0003443720784838,7.1091654786353806e-06
0.0070023687442168,8.378052831484261e-07
0.003527838940285,9.913258481431377e-07
0.0146015468029614,4.845210663456372e-05
0.0131536649523651,3.8742020202226816e-05
0.0126342135022534,4.436126195723857e-05
0.0128469027085185,8.690706304645739e-05
0.0144467219148931,6.126448037705379e-06
0.0002223708887622,7.792797354671063e-06
0.0160953136045838,5.215171413279141e-05
0.0164491308875661,6.831052715440807e-05
0.0170279277798202,8.312057245739407e-05
0.0132314279073931,2.196286741210883e-05
0.0016576062854613,1.077190330659338e-06
0.0078201420408425,7.328544642300976e-06
0.0057556608233701,1.716426890036985e-06
0.0069065964170489,5.321409145555533e-06
0.0170108739514675,7.110788703929862e-05
0.0009499245817901,1.080467740182229e-05
0.0010049285041658,9.294728058534875e-06
0.0116911533351207,3.746762837777954e-05
0.0022094264623189,1.5869128973755546e-06
0.0093234368145554,1.2184849318199788e-07
0.0197031322514126,8.985499717607846e-05
0.0118983061469003,6.532035523936363e-06
0.008719989217967,1.3936675507618558e-05
0.018705932539444,9.906980546750249e-05
0.0053294476910214,8.432975841003405e-07
0.0056011227185995,3.3561743596396505e-06
0.0061200452273252,1.1130621425481467e-06
0.0142605582445746,4.172850329785238e-05
0.0102665838438257,2.2694368639616567e-05
0.0125982073749034,7.427588957293555e-05
0.0015008275558619,1.3852589052145149e-07
0.0136010500828772,7.013627351779544e-05
0.0033486273364924,8.013541406285621e-08
0.0168757510463947,9.236609443067585e-05
0.0102288263933743,2.7373926188307388e-05
0.005096585927083,4.5116535892018126e-07
0.0005559113756241,1.2504973036246572e-05
0.0169290460984526,9.409869333756376e-05
0.013625793889971,1.665505054581515e-05
0.0106625256983989,6.914817179614221e-06
0.0024747685076076,1.7089951255242004e-08
0.0078447741921683,4.92053947275747e-06
0.0098334291427986,1.1042617205652747e-05
0.0183893281981486,6.041368863151805e-05
0.0065250104360409,5.026822512236865e-08
0.0139281301525708,6.317703829525546e-05
0.0189908284775754,9.526519199460658e-05
0.0111720470585935,8.186466296449815e-09
0.0141006308537578,3.959918582141757e-05
0.0188604652091593,3.189793141794737e-05
0.0048098973624723,3.6812686295081124e-06
0.0050638128920328,1.3094969244264184e-06
0.0088657819219361,1.8891989499771605e-05
0.0059518127619401,6.597863651857207e-07
0.0039146544876789,5.230076828536298e-07
0.0174430098004972,5.748954733291011e-08
0.0119710516403087,4.265275024374751e-05
0.0089248117159433,6.8933576030536515e-06
0.0180268803231307,1.3881905369643867e-05
0.0086924191551806,1.7347441725141871e-06
0.0146101975750004,6.405273267379577e-05
0.0044072883712056,3.117731074038764e-08
0.0113915166992279,3.205067970637023e-05
0.0041444113983338,7.357631759506462e-07
0.0164469255257789,8.066927997628095e-06
0.0091666332867137,1.0577010107201255e-05
0.0113090106659271,1.1958462943281237e-05
0.0076062969361838,5.45324707176432e-06
0.0015781766847019,6.218505789240533e-06
0.0185819830030783,2.4687455145421338e-05
0.016621048274477,8.250579039651458e-05
0.0096532456570601,2.2360961610466835e-05
0.0120641116999204,2.458920647489611e-05
0.0058774244417638,6.089429489048059e-06
2.757782373533635e-05,1.1074906763586983e-05
0.0127069147370384,5.288220428552841e-05
0.0036963406363394,5.863704399040125e-07
0.002793304124744,2.624187017328106e-07
0.0007531494393274,2.3358526707926496e-06
0.0185952475568866,4.665876469461487e-05
0.0120504749975004,5.997732998705707e-05
0.0028547804708182,1.207789588312819e-06
0.009932831298642,1.799510981832749e-05
0.0068149808687761,3.664026686515142e-11
0.0152038234466617,8.660457765770251e-05
0.0125656688560042,4.772077509009436e-05
0.0027803466569106,7.908390108344773e-07
0.0151135146982759,3.393754534773351e-09
0.0019451505998878,2.1423680410228767e-06
0.0002809633466876,6.084991149036679e-06
0.0178297720077853,0.00011611533203112863
0.0065973010093488,4.87570436658949e-06
0.0064664057252171,7.965676824217029e-06
0.0169885783004246,1.1899902436076698e-05
0.0175041331628431,0.0001014749632957614
0.0136627679844645,1.154004205422931e-05
0.0195429605743617,7.055581957793824e-05
0.0031149101913874,2.012564302590681e-07
0.0169565249706974,2.09042436730136e-05
0.0184126246268262,0.00014406369304211295
0.0022509546555591,2.1616882610541356e-06
0.0019193178665168,2.227191976335097e-06
0.0197328066166773,0.00012140267280603914
0.0099546994326986,2.0047686072896773e-05
0.0023663135605908,3.6823897911765056e-06
0.0147680627558022,4.693567019745179e-05
0.009085490435464,2.8275899581167315e-05
0.010117005591219,9.05112693966172e-06
0.0166832096964017,6.941671671455228e-05
0.0020865993938757,3.000072363322518e-07
0.01924923250592,2.9876384385942807e-05
0.0044110218759427,1.021325231605081e-06
0.007275464281329,2.9352035686732066e-06
0.0189541938087475,1.2167139025062545e-05
0.0049392388109889,4.94651189906671e-08
0.0122792350184697,2.0432746162655694e-05
0.0137866243429602,3.150632636729409e-05
0.0134469649501951,3.70163412753131e-05
0.003042969625445,1.7282929936628536e-08
0.0004076807567127,8.22897990032392e-06
0.0050171416082272,2.3844020890786386e-07
0.014412260955434,4.423279678710628e-05
0.0170250473497682,3.08957157288264e-05
0.0108465554688763,3.796768606943363e-05
0.0031048116101979,8.236166189472189e-07
0.0108122207063022,2.016650922901988e-05
0.0191821829164987,9.984983097847731e-05
0.0097238454790544,9.761305776429232e-06
0.0169854583355278,3.7625083856434356e-05
0.0051820673015947,1.1864150736211476e-06
0.0119984138824551,2.529585435639224e-05
0.0039374892783755,6.462185814996841e-08
0.0121936973362762,2.3495008815558785e-05
0.008496602953762,1.3472560599011733e-05
0.0153495823671447,1.3793881069989988e-05
0.0162269294076911,2.2185896663104503e-05
0.0191089526903606,0.00010157232784261695
0.013842471560955,5.998885861331418e-05
0.0106743753162348,3.825839022834326e-05
0.0079119250306307,3.3079087175491788e-06
0.0094744313498655,1.3596909124780565e-05
0.0170652047894578,8.386641371977036e-05
0.0063264682816543,2.2426867521342746e-06
0.0081763054125817,3.5558069916000898e-06
0.0083336553012528,6.366502396532593e-06
0.0117065880145222,3.071871375454935e-05
0.0181738789419807,2.560425310730857e-05
0.0044035062299672,6.904421805257923e-07
0.0173088319570325,2.4504985781299435e-06
0.008801603197451,7.472058885976569e-06
0.0056453414086975,2.844040887076528e-07
0.0035354276337419,1.2344456080603133e-07
0.0014259032828967,1.4388822261790526e-06
0.0191486793864291,2.5854722265223504e-05
0.0110616019938661,5.501382443044467e-05
0.003252193576979,4.3425019235242576e-07
0.0133076843651212,8.553776736061497e-05
0.0058248028477639,1.0639503904998719e-05
0.0040747519447658,1.651772368305671e-06
0.0042120169450796,2.9433188308599378e-08
0.0021136988515465,1.186824921611352e-06
0.002479438733209,1.7691441634480846e-06
0.0139531161792796,2.3180167176900427e-05
0.0068869101814638,7.823467504165027e-06
0.0045029711454674,2.7107813949748044e-07
0.0069000943588151,8.834224478330988e-06
0.0014585946000968,2.5474880837088737e-06
0.0175924433429798,2.018722632387553e-05
0.0112900126036387,1.6814668433173873e-07
0.0123495817961887,4.6829519229960495e-05
0.0168053983745756,1.6078422381603605e-05
0.0006588802540492,1.0512440432131413e-05
0.0175875153526499,9.040988406459549e-05
0.0090931308637161,1.3526933783839908e-05
0.0034430738251479,5.972701488070913e-07
0.0060072411339975,2.1408370908191164e-06
0.0087963676027663,2.5026586306470036e-05
0.0111268119272168,1.608828818781322e-05
0.0192076630150581,1.8700145201122156e-05
0.0103683737626763,1.3923035380227616e-05
0.0091444180980171,2.013986493201536e-05
0.0161511425451865,2.1696650269359928e-05
0.0007663620347614,1.1677246101365474e-05
0.0172531688081429,8.721718282468442e-05
0.0096660898953738,2.084674714385942e-05
0.0014895702509507,1.643777972273301e-06
0.0172151714128988,0.00010534025128722405
0.0001559888925453,3.501604668848413e-06
0.0095131016630622,1.4548857437569985e-05
0.0057971848788756,6.937001292226175e-06
0.0133661286777355,1.0125081932319735e-05
0.0027846104598183,3.249671790418599e-08
0.0015756212939921,1.1919518836151778e-06
0.01782826182431,7.930636364668198e-05
0.0065965249852754,7.510733568472552e-06
0.0125597457227998,6.564924836741513e-05
0.0197679666863913,0.00010394227323967325
0.0053124612876982,4.491637988056308e-07
0.0137978247974866,5.1330410784814847e-05
0.0116353103571947,2.0188487219260627e-05
0.014317769998522,3.472179525483532e-05
0.0011968667834072,4.875521581060274e-06
0.0034303217984742,9.984223870794964e-07
0.0078637765173986,4.929090134798571e-06
0.0036708325463071,1.6406593270545055e-08
0.0143976467793575,0.0001006559834128856
0.0034866794121829,6.423976814114146e-07
0.0052145230571619,2.125324533142657e-06
0.0112115214368036,2.896490630171132e-05
0.0187376907416255,6.216182774200549e-05
0.0086764926406359,2.1818010213171163e-05
0.0178192405568877,0.00010803384862728728
0.0135891993029027,4.558938264300385e-05
0.0048344937576771,3.8540388093534147e-07
0.0190384123705945,7.074092828921629e-05
0.0119899384767304,2.6707128201307955e-05
0.0042569698969287,8.752319476702127e-07
0.0074759598946076,4.051702281376119e-06
0.0042018533209041,9.285361408861669e-07
0.0178784932596959,9.343568789949086e-05
0.0031669375233592,3.7672328228710716e-07
0.0053446085675466,8.631034639536561e-07
0.0079420454993713,1.1663854039878073e-05
0.0006690610487364,3.808541268491839e-06
0.0126573244613799,2.472165737487429e-05
0.014266111152559,7.487932019024456e-05
0.0076880249468414,7.113747348041832e-07
0.0176166639883818,5.0078801821103366e-05
0.0023233686396569,8.663092237265761e-06
0.0014916391300705,3.266171138603592e-06
0.0175774573524507,9.502834870349346e-05
0.0139135888654571,1.1086047063461815e-05
0.0179486989744316,6.419102956995273e-06
0.0089629233406334,4.007739925760169e-07
0.0109445677851552,1.926542461323894e-05
0.005503640041018,5.968215873965558e-06
0.0113362520924391,3.2802706186704656e-05
0.0183027431528534,0.00010535209985101494
0.0089744624981767,2.7432715334761516e-06
0.0081058165641812,7.32003895498887e-06
0.0067882290190417,6.344266656129544e-06
0.0007709807839772,5.354486548365826e-06
0.0082541507785188,1.9130076929148186e-05
0.0071534810297573,3.981033319769347e-06
0.0150839275612145,6.966010195257532e-05
0.0106254550148202,2.7196684812133018e-05
0.016000402610945,7.241795317277599e-05
0.0090804510617313,5.661986634558553e-06
0.0199204462784234,0.00014628850595307726
0.0017929674386648,1.147196364594327e-06
0.0168880490779803,7.325729963035626e-05
0.0127263097281482,6.007655932923848e-05
0.0152508707459966,8.312242623553705e-06
0.0093085834252476,1.703367674965031e-05
0.0059074979008769,3.1920191901530996e-06
0.001793692552429,5.095169190651348e-07
0.0007311264456645,1.5984307489128586e-06
0.0075386638591954,9.763405242856428e-08
0.0102469854950714,4.9450537689114145e-06
0.0171209945314059,9.666232316537612e-05
0.0052528018436668,6.651481974236635e-08
0.0013930910307263,7.968286463104818e-06
0.018921464784466,6.075822959814413e-05
0.005789455699648,1.1677563573327432e-06
0.0081045052886943,3.7247330939481337e-06
0.0018326555644907,2.5045321469980266e-06
0.0070242451684899,7.854104688573778e-06
0.0008433104149256,1.3193888864529697e-06
0.0192229563194832,8.601719041743743e-05
0.004441513383977,3.876655375698191e-06
0.0023311513860553,9.269508973875188e-07
0.0162585230500167,5.382243259330207e-05
0.0156239558354389,0.00013886414160204838
0.0149826694249664,5.285728394305193e-05
0.0031853808290482,6.946008660586804e-07
0.0077796584949413,1.2930831555974794e-05
0.0058091290488885,5.587279384353431e-07
0.0091535837253112,9.682498673378656e-06
0.0055958736712724,1.0865882952536136e-06
0.0150503912949037,4.348009923136174e-05
0.013753219025503,3.6234510005984045e-05
0.0187267634683432,0.00015314801481233604
0.0031423420724427,2.1220350622137353e-06
0.0152273634223651,5.355492748139104e-05
0.0045068112218573,1.9506634259761364e-07
0.0027549248689297,1.1192057215589646e-07
0.019180190879723,0.0001551876673019835
0.0013432436006635,1.1008699753754274e-06
0.0179618518264651,0.00012298077139729244
0.0124918977990786,2.0555143533216534e-05
0.0120131633382854,5.071162391048156e-05
0.0134693730916514,2.470857832761121e-05
0.0021694737326733,3.5502674516288202e-06
0.0133111164352686,2.2489953320189406e-05
0.0007918136342504,1.4687503325997223e-05
0.0076535837802783,1.219323509211556e-05
0.009043765632458,1.785111055933676e-05
0.0076672056924484,6.781161422914528e-06
0.0011143796140784,7.3071598410688405e-06
0.0160365318864362,4.978483193491757e-05
0.0122284175742237,1.1693402052858845e-05
0.0176142668532574,0.00013867703408162145
0.0175522921165514,6.422164608089635e-05
0.0149102102499628,4.4256621979333886e-05
0.0163577344813421,7.314384975298106e-05
0.0146664247107895,4.2195145164828575e-05
0.0135749200384996,6.544492875887129e-05
0.0154675269609833,4.76274295854261e-05
0.0112019936140515,2.6422051767974858e-05
0.018027120382185,9.800775147246055e-05
0.0100293774503231,2.782549643895153e-05
0.0036621253110844,2.0900554919043354e-07
0.0160684937288752,1.648971063338726e-05
0.0092813760265682,3.716003986447771e-06
0.0002263332292459,1.2615664211196713e-05
0.0138733759905966,1.0461990921473767e-05
0.016104547062523,5.205181761657712e-06
0.0087817078588348,4.039124573662787e-06
0.0001115930074349,2.9526200045334953e-06
0.0079641151573533,1.1072133011774136e-05
0.0014925523394262,9.079177654767822e-07
0.0065569900306754,7.90743265663413e-06
0.0124535656857593,2.8207190969973385e-05
0.0164431448615306,6.398955119458833e-05
0.0036087722608449,1.6648081531866958e-07
0.0013918182674321,3.848293120699705e-06
0.0138321676406116,4.141889500061949e-06
0.0104389283570211,1.1130301911892801e-05
0.0059159497457417,3.5174771229968477e-06
0.0042829157317253,9.923384556362784e-08
0.0099328608032573,1.4036655365647832e-05
0.0176801272726772,6.807087607207575e-05
0.0015202048299368,4.288205596474688e-06
0.0163579943861993,9.265779492224072e-05
0.0146785225060738,3.341729108322352e-05
0.0049790429477969,1.5190989699348647e-06
0.0040915769260332,1.3968211482848864e-06
0.001880849745698,9.898064233598659e-06
0.0091933268466402,7.4919982970671795e-06
0.0119233104239687,2.1382232029554658e-05
0.0082501289243162,2.3999301645453925e-06
0.0176935645754073,7.392219440100456e-05
0.0096327526976186,1.7277390809766755e-05
0.0017380523102227,6.555459027444498e-07
0.0087200076687358,1.908136980077615e-05
0.0082515581312028,7.965903144232556e-06
0.0132709084677501,3.493832502379722e-05
0.0114743951835274,1.4609501276636889e-05
0.0106053869824586,1.6473386808128228e-05
0.0177044103629682,8.9265568478915e-05
0.0039460860484763,1.0739591507084103e-06
0.0086296312075454,1.1935071610890925e-05
0.0024314659135334,1.0686189488250888e-05
0.0199046432851181,0.00016700475693336308
0.0053433896313454,1.2735128400710626e-06
0.007729073632992,7.299137281275944e-09
0.0107467441459696,3.641605152377503e-05
0.0088205675738794,2.043266709757046e-05
0.0119739279756639,4.2118653340653224e-05
0.0131099243580898,3.212853543473906e-05
0.0114769305753165,5.931837888286538e-06
0.0042007167578267,4.4362729424589895e-07
0.0118162709340305,5.336814504004058e-05
0.0199800824638503,1.67581607242024e-05
0.0009402769623116,4.989516323348031e-06
0.0038659935111832,3.9719967203997414e-07
0.0154020375153324,1.2842179979109785e-05
0.0163762889775849,6.479180522084192e-05
0.005848376227144,5.695209519991205e-09
0.0042523798227347,1.8068296585267332e-05
0.0150345837249346,9.171342416670573e-05
0.005441894686099,2.9315137906661504e-06
0.0084412018821193,1.8746310398944662e-05
0.0048090120142073,8.299748460410864e-08
0.0090636622760717,8.757247497156619e-06
0.0153404015869026,8.293704171022701e-05
0.0159953431285103,0.00012714876616688641
0.0137682908391392,1.4671564880065972e-05
0.0035879931764373,1.7942390149674024e-06
0.0045623977813971,1.3494177282657978e-06
0.0013239878148667,5.21827416782364e-06
0.0112605703324179,1.7941873114814836e-05
0.0168649001157313,6.0552852630324375e-05
0.0087355628898654,6.1452389830806465e-06
0.0096681486638809,1.429697336185352e-05
0.0045823516265763,8.232116885786842e-07
0.001753867927045,9.335375855480342e-07
0.0001292819086468,4.976828471810534e-06
0.0134835525353383,3.895089554840716e-05
0.0194139427389247,6.783483513728425e-05
0.0114369351261806,1.539669549720289e-05
0.0023470504350803,1.939477595001213e-07
0.0031412588347137,3.0176911135223283e-10
0.00711493736696,1.0286520432997608e-05
0.0170945758472903,5.169899730575946e-05
0.0034805668610584,2.3549203027738503e-07
0.0053201780437947,6.238971507233003e-07
0.0152990030006863,5.449402358572496e-05
0.0026243686492001,8.209651490799188e-07
0.0023760586287023,7.74295851420482e-06
0.0171549842552123,5.0357182622355016e-05
0.013615457258884,4.48041704781624e-05
0.0199410306454245,0.00014197407807025266
0.0134052690669852,3.319638512683431e-05
0.0106556724093376,3.4390421533285606e-06
0.0101500253885092,9.305398769614348e-06
0.0071132175404498,2.0493075734974953e-07
0.001822262366794,1.993857690964142e-06
0.0105899895457176,2.4175933236754694e-05
0.0105197451391375,2.902856079319905e-05
0.0125123006435506,2.9216083424149414e-05
0.0051321921302855,1.8147787229075686e-06
0.0197538534150236,0.00013646374096625433
0.0082972115558117,2.039257573643826e-05
0.0108940298851594,1.3705323148412976e-05
0.0136038101818446,2.41405832780485e-05
0.0051544254220229,3.925343869991222e-06
0.0027466413167304,5.082550213912956e-07
0.0133614838018462,5.6229456556495294e-05
0.0172860535775592,0.00011379384329594543
0.0153017501826051,2.1239499398266163e-05
0.0129779804761925,6.6763422024576e-05
0.0136289673394103,6.550156588438598e-05
0.0169724925970753,8.305235222308744e-05
0.0118576609187232,3.0923712950928446e-05
0.0135359102577731,7.249826780693242e-05
0.0167792364878526,5.0943929156572615e-05
0.0197056724406953,0.00010354782712325807
0.0145707709834088,2.8423419330437255e-05
0.0013740020964025,1.9298736408023452e-06
0.0106267259422133,4.053635156857507e-05
0.0019045831527433,2.1030645579169397e-06
0.0008296668088313,2.173642808491931e-06
0.0193576205259648,0.0001273139654073793
0.0052086016124776,2.387168252016948e-06
0.0045784690318552,1.5054335178322706e-06
0.0039753450263505,3.296775792347006e-06
0.0130159283220624,1.2154751974576455e-05
0.0032409359240359,1.5847892313321497e-07
0.0193487505678084,9.076249338263069e-05
0.0089738756599514,2.112545505824322e-06
0.0118915358306499,4.604973097147021e-05
0.0052466996961206,2.8468966326993774e-07
0.0069024463000694,2.322426235604854e-06
0.0172260286095402,0.00010230758851346792
0.012882211261874,5.072168673187625e-05
0.0002433421814479,5.364467544666465e-06
0.012528635595681,8.904425156592506e-06
0.0095207847401417,1.3196515032984035e-05
0.0059619070871208,5.324136043443271e-06
0.0069819259307327,1.3548632632532779e-06
0.0131433076938961,1.2290255487434107e-05
0.0062197603000644,2.2900240873235483e-06
0.0011830437692832,4.813010205827578e-06
0.0152634764747868,4.875227311559974e-05
0.0159249048647746,1.1544351373961689e-05
0.008635962010409,2.1556141508373455e-05
0.0147073829386399,2.7895882582491252e-05
0.0078705823404383,1.4157908325370233e-05
0.0193893650797044,8.182498856173357e-05
0.0105931637958787,3.635179518551306e-05
0.0056435006418775,4.513398027929114e-06
0.0076833350146265,9.592564049808993e-06
0.0038482932287569,8.589922256229093e-07
0.0061568793796197,1.5148445995661294e-07
0.0182588986784902,4.508059190163956e-05
0.0172803285667288,7.37141858987799e-05
0.0097136406189306,2.9482706193162748e-05
0.0193652518106316,0.00015674949435414895
7.434391502155302e-05,4.040443559742703e-06
0.0170687674318702,3.0412485557279005e-05
0.0164391638983341,7.967510216469188e-05
0.0072119022443517,1.3505805489637574e-05
0.0145077988176717,2.597719020642412e-05
0.0040587950588026,1.0499335008314479e-05
0.0198450810821675,8.375660468914194e-05
0.0182098985480728,0.00011773053129916429
0.0136187883673477,2.586045004215899e-05
0.0191694835050408,2.390828981182971e-05
0.0133478362174779,1.042554873289103e-05
0.0169477163407082,8.82203819198849e-05
0.0199386306318901,0.00011351528148814498
0.001327109951801,8.08346086629922e-07
0.0190230788199304,2.6082170578240113e-05
0.0126307241080316,6.0557442054581806e-05
0.0187321820005856,0.00010730142768640987
0.0085909929049755,1.3868043091495795e-05
0.0102864081463994,1.7125637543202228e-05
0.0157264381510412,7.429774272800004e-05
0.0042404692525189,1.137874119952349e-08
0.0198154915551056,8.631750246286763e-05
0.0148666635279278,4.6117234312579375e-05
0.0020454753716473,1.0681407659141348e-06
0.0139356351950289,6.481212174104199e-05
0.0150211976409799,6.143002830472285e-05
0.0059419354805382,8.053010221891061e-06
0.0187799814854396,0.00014460726933865554
0.0187204503941864,8.771013929485407e-05
0.00184450714256,2.5319353594669077e-06
0.0016719068769896,3.1159319162812436e-07
0.0186297203467098,0.00011543511194339816
0.0156933489183957,3.792330326362069e-05
0.0152733222699727,9.130813936365137e-05
0.0057405769321442,2.482884945308729e-06
0.00920219260752,7.720812266901656e-06
0.0154280931525356,5.811252805126356e-05
0.0163469461418683,4.78916764010695e-05
0.0175002787984793,4.5870891141839906e-05
0.0029938586948503,1.7162120368174385e-06
0.008334507072531,2.2316817898258494e-05
0.0137005727815123,3.935703800606301e-05
0.0015308041471496,2.8414242655825887e-06
0.0010830198625074,5.1608841938973956e-06
0.0065935609395176,1.4712624036550155e-05
0.0009974457317069,3.236263645844248e-06
0.0162909816967303,4.598945242683094e-05
0.0192879218926618,0.00010300858426442905
0.0032950848117106,4.6708070118038326e-07
0.0079507571525918,7.407514245948266e-07
0.019989372797798,0.000112895844407289
0.0115664216180031,2.1883996749599095e-05
0.0150495698238088,4.5791124728213756e-05
0.0130933921134859,7.264481783820344e-05
0.0076954248279788,2.017920584285197e-05
0.0076890943193533,5.015983244162216e-06
0.0151919076477286,8.977271910490944e-05
0.019208672744268,8.519807963793601e-05
0.0082495407230288,1.2760186068724183e-05
0.0033421714980145,1.1466048120386694e-06
0.0125379734969257,3.9054521672081125e-05
0.0188734846555415,0.00013504045691046192
0.0142409239975354,4.8136243757341854e-05
0.0160723471879027,6.099913663342807e-05
0.0144522492832002,4.570881058106457e-05
0.0046026144724109,4.224115896360267e-07
0.0170309662739854,4.6082106416958806e-05
0.0092404202936795,1.456897140624203e-05
0.0052812728650455,1.8653090921078683e-06
0.0142917948257318,7.678353803288296e-05
0.0046715407620359,6.3740958913604e-07
0.0183245534143479,0.0001404176947306333
0.0052042628850581,2.9674504093100555e-06
0.0173345008336505,5.1902761357868656e-05
0.0014180090346268,2.8378690519024874e-06
0.0144698883013334,1.2885506347637934e-05
0.0055295903693459,3.2024892625496745e-06
0.0026395822498081,6.452289211791506e-07
0.001555229116647,9.995728109246608e-06
0.0047582460022862,3.9210323282379635e-06
0.0123900045359198,1.4403232702911567e-05
0.0144443835271338,4.2763063320845926e-05
0.0114571788230479,2.4304958724609802e-05
0.0071899728919211,7.447213122654371e-06
0.0015965399583991,6.776781787397062e-07
0.0085563035769716,1.0929818423816347e-07
0.0067832702304064,1.5321396919157387e-05
0.0103928694095498,9.747320619373651e-06
0.0020708469187883,2.8802663285412765e-06
0.0022869065948833,1.2587202938826972e-06
0.0020672766941269,4.802061377396912e-06
0.0059868881440228,5.331093174809014e-06
0.0102370535608176,1.42234484607035e-05
0.0023370513161123,3.3685598774831165e-06
0.0006524376797115,1.385823309699819e-05
0.0027858257246911,9.305107302624739e-07
0.0032530295034376,3.1282540993143446e-08
0.0155991125718314,2.8849644378818304e-05
0.0052855089516808,4.8722645409796025e-06
0.0022546780388197,7.740117146472935e-07
0.0182052021279403,0.00011124322496003449
0.0189109745449683,6.542793867632881e-05
0.0122719143239012,4.533021607337381e-05
0.0124686534926417,6.0840348931943134e-05
0.0005704354012249,5.63729469253657e-06
0.011329838031339,5.281218054437217e-05
0.0049861837939001,9.249055280119914e-07
0.0149251100058586,9.064068820515257e-05
0.0085469655717793,1.4072067911913557e-05
0.010202283747006,3.0052268659435955e-05
0.0169016905702603,0.00011750420054945814
0.0050632958472144,5.167774243907562e-06
0.0178439259865885,3.024178037549159e-05
0.0024739344863179,2.4816862187589115e-06
0.0165501780641221,1.617186028540196e-05
0.0198138564985988,9.052198567690531e-05
0.0103092552238656,1.6627568722896263e-05
0.001116480545868,1.2501165764551107e-05
0.0173248589286379,9.334676866232176e-05
0.0029479786897669,2.144519069800631e-06
0.0150294926274241,7.654404130497839e-05
0.015377671819933,2.3233628173956915e-05
0.0004525107268935,5.596539899229896e-06
0.0165537277571002,7.321837672224517e-05
0.0020467070372191,6.237784659769046e-06
0.0110301463081721,2.6350654255043537e-05
0.0152824675735992,4.603667152676733e-05
0.0169297209685675,7.296579283010225e-05
0.0073977685763839,1.4427340803520659e-05
0.0109299623754499,4.002227008093932e-05
0.0111647016005548,2.536548667603023e-05
0.0132716488685193,2.715090863775568e-05
0.0006427068783695,1.0047758451992177e-05
0.0107315689126762,2.4268207165214025e-05
0.004676740828625,3.454659535284987e-07
0.0157730067970158,6.0287137674946897e-05
0.0060090056631649,3.024320804014463e-07
0.0162624818997809,5.21184488495399e-05
0.0168959403762647,6.610605911970789e-05
0.0062237754066097,9.030376756643719e-07
0.0146604865086897,5.828299604698133e-05
0.0063109875090108,3.43767134955678e-06
0.0106837613787944,2.6453397000006256e-05
0.0174065568021565,2.8806565242064185e-05
0.0160528201261306,1.9978655444411603e-05
0.0198526234089547,6.690622862330823e-05
0.0055196230082201,1.1751174612653476e-06
0.0114688137948036,3.362764712333008e-05
0.0197017878357587,0.00011545295770952166
0.010495443425883,1.2762778884986228e-05
0.0191359916091295,0.00011441196658547298
0.0058942168845355,8.290218606032138e-08
0.0139124934966206,4.4424837011348784e-06
0.0027743125648037,1.3617137129470097e-06
0.0001496107766828,1.0689197920026409e-05
0.0068326850878544,3.563565325239072e-06
0.0193268298373528,9.245477785341863e-05
0.0109767616084025,1.2764485526720296e-05
0.0006343996036614,9.889133395169657e-06
0.0176594074304911,7.272743638516963e-05
0.0148470797032261,4.759086307036347e-05
0.0146609525803831,3.2861374294730995e-05
0.0114796238896957,3.7951145601241896e-07
0.0001402400055841,5.897161819692988e-06
0.019708214934177,0.0001076231603503783
0.0196483298323817,0.00011746062143262243
0.0103103879509086,3.771430283749177e-05
0.0034890421884239,4.351268904029138e-08
0.007266477334439,5.161445302120529e-06
0.0169083322507619,3.0441829906594695e-05
0.0189463746744071,3.4123916935229085e-05
0.0172486909492347,8.836171125191742e-05
0.0103117766240925,6.992659074841794e-06
0.016062138732821,4.182083341728044e-05
0.0174862327156456,0.00015696293814844775
0.0178899570332222,9.190282324474604e-05
0.0182485944459336,0.00010221268838939994
0.0025584670067078,2.8943282216192304e-06
0.0053821832588106,3.8252675199601415e-06
0.0045571472479373,2.7172224362210487e-08
0.0127761895785937,2.8386871087757795e-05
0.0142695978806274,5.870115915222674e-05
0.0103551485371214,3.887889272172734e-05
0.0147263104239736,8.65447125928098e-05
0.002570973443129,1.2762823709029307e-06
5.334809892907577e-05,7.103155542579766e-06
0.0176430474268523,1.7004364721158902e-07
0.0075116781798597,1.0819951238229532e-05
0.0124707606635205,3.6226009620304345e-05
0.0197681695741424,1.1234666940010056e-05
0.0022319285642935,4.896193549419102e-08
0.0026129843053689,3.1123964966748295e-07
0.0103110410890339,5.631277541601261e-05
0.0049258810451592,2.5925608298933683e-06
0.0032262354709718,8.180007388894875e-07
0.006335037217626,3.2247931258788465e-07
0.0172277500860171,9.3105123024481e-05
0.0056974973223717,5.719185810724493e-06
0.0108247210837356,4.089209183452721e-05
0.0075070822234304,4.210989204511375e-06
0.0148437075252984,8.007763375772172e-05
0.0153718112594348,7.289615530975775e-05
0.0160379775656996,5.5706573468172145e-05
0.0077988171530074,1.3321368612992575e-06
0.0191733919104047,0.00010743517101576664
0.0053892060379085,3.0609664683047374e-06
0.0089855522192061,1.6295515391135862e-05
0.0028121853987572,4.894981660692359e-06
0.017182750781244,6.1867626356952e-05
0.0179216679137485,5.977471670755662e-05
0.0033458077583866,1.157064361356622e-09
0.0047201393705318,3.5074317095572463e-06
0.0023586102463029,9.213610860764695e-07
0.0067733991293729,3.5208622013919798e-06
0.018139027841163,9.461594433799181e-05
0.0164815441792538,8.529383569550119e-05
0.0148176377687421,3.147077055842541e-05
0.0149538421187746,5.547953814179505e-05
0.0057722427932726,1.4176991026725936e-06
0.0010712575343294,2.595540830406894e-05
0.00810068834783,8.181322179948288e-06
0.0092707159968712,5.897458384968376e-06
0.0005951675526136,6.844896414995549e-06
0.0186425372131074,0.00016057768434091108
0.0028017258046111,9.638826688024074e-08
0.0115648345793592,5.986912642691716e-06
0.0018469440645596,1.572674813620501e-07
0.0169876639384513,9.514504015423154e-05
0.0089443736208101,8.54712356417885e-06
0.0075778694000561,1.6875950166255287e-05
0.0135063065731156,4.225199043781991e-05
0.0069310897912654,3.873189269747274e-06
0.0191732526997689,9.715692695454939e-05
0.0109297436128565,2.662571082628239e-05
0.0133190471872034,3.1561463926798256e-06
0.0181065700172552,9.413347262379149e-05
0.0175747727212688,8.714981652043234e-05
0.0088213407709464,1.017701572297159e-05
0.0115476290300227,1.401247957514311e-05
0.0161702613991296,5.581379263978574e-05
0.0078328829282874,1.4220164144053053e-05
0.0143200424808861,8.585221127148742e-05
0.0109630088391424,3.4936443942068185e-05
0.0057862930507072,3.761505913718592e-07
0.0059315607051354,2.326724499180541e-06
0.0082003197783751,1.917047234949855e-06
0.0015769732983314,5.9840724343718565e-06
0.0024699276459015,3.8246113132115165e-06
0.0148397748410302,2.4309029820382333e-05
0.0147757870433004,6.911953763815002e-05
0.013505710837411,1.8189563332102233e-05
0.0083740060209221,4.63883381377598e-06
0.0108845842354984,1.153698868144878e-05
0.0106673056667335,1.9769078264332234e-05
0.0192194785733175,6.403037794675065e-05
0.0129885007525712,5.924263582372871e-05
0.0198559868017651,2.8839189505471075e-05
0.0102859036025886,9.822011569368334e-06
0.0106066582593403,2.0799205077500993e-05
0.0072398300401277,2.6831041206185017e-06
0.0095422093088486,3.2251061201550006e-05
0.0104827963313529,6.711494431127157e-06
0.0033511139433294,2.4671377377989067e-06
0.0026454343933865,8.767261071317803e-07
0.0042596809762398,2.726445960029719e-07
0.0107064397161417,2.456887960170761e-05
0.0011490748257669,2.503577836573098e-06
0.0077568358436983,2.2856350563690184e-05
0.0155108056476599,3.2918938659478966e-05
0.003731450082906,2.727294935923655e-06
0.009431318435223,8.018988185276656e-06
0.0142196863770713,1.200513734836438e-06
0.0088631251256669,4.977908009196297e-06
0.0161205185194979,5.902121259198939e-05
0.0090254005833426,1.0682836144961866e-05
0.0094036018961471,2.4566137998683534e-05
0.0106752025300529,5.15955748206835e-05
0.0058173060797262,9.16480161607235e-10
0.013739539216558,6.144341982227898e-05
0.0020774079012272,9.082290457425413e-07
0.0149830406935734,8.55041721963867e-05
0.0039100727821992,1.0665061017944107e-06
0.0121909856864387,2.7544364432854275e-05
0.0103757843097423,2.3758680622995706e-05
0.0043427976707228,3.651462251888234e-06
0.0195494232217808,0.00011898811171350189
0.0085409684023348,2.6823758142684935e-08
0.0168185861313614,3.2646885880038636e-05
0.016756710431808,0.00010609825050815106
0.0095323588494113,1.9373679726816678e-05
0.0038719503703621,1.8658174063985915e-07
0.0155149904206109,4.060550805268855e-05
0.0132787205050578,6.095361384085308e-05
0.011492517078315,2.9195943286612863e-05
0.0021262385790392,8.961504277603771e-10
0.0039368117807413,1.8101885503059328e-08
0.015276017033551,6.477835708619965e-05
0.0094752476697658,9.388397151607207e-06
0.0008440397554711,2.957455053104344e-06
0.0093804415208867,3.592729517613235e-05
0.0182154045255853,1.5863680569776847e-06
0.0050047058011984,5.626845113813946e-07
0.0111035158080393,2.3570539033239474e-05
0.0146762403742181,8.084960956080514e-05
0.001975682811841,2.1316874885123272e-06
0.0198495822343806,6.820602861527277e-06
0.0117261306504047,3.8335340100796793e-05
0.0158866004647186,4.9084742528551096e-05
0.0184254232678225,0.00015567714070241948
0.0031478433573363,5.973438340463064e-06
0.0067508257167494,6.671288993797871e-06
0.0115156201474639,2.0155104856268338e-05
0.0026056179966599,3.7241106592174177e-07
0.0182836845807354,0.00010632607216826424
0.0005126708737457,5.823525570333071e-06
0.0008415879436507,5.7320393466106385e-06
0.0143522136877795,2.206930526346687e-05
0.0032051456439966,6.265797539687357e-07
0.0058528494113867,9.035411875798986e-06
0.012347763550176,6.863446046334004e-05
0.0178221582430546,6.89699134103147e-05
0.0013013488574468,8.357222390158251e-06
0.0096443922623978,1.2109202749306377e-05
0.0004464581688144,3.5953482039713034e-06
0.014919901749862,6.681524812767354e-05
0.004760417999256,8.479281626140927e-08
0.0007547755495676,5.574250541213248e-06
0.0045994139978463,7.048414299758052e-07
0.0132681104387843,2.990151742745013e-05
0.0129590685695188,2.5524080039294736e-05
0.0050782774928996,3.422624272468189e-06
0.0129730440920553,9.989612905699103e-07
0.0043503529106347,2.913741968679418e-06
0.019324992856825,0.00012136539144017348
0.0055196539367406,1.227291190341211e-06
0.0038299396589034,1.8423574818924126e-07
0.010571247047846,2.5700863387174022e-05
0.0158220123905704,5.456359434857572e-05
0.0031156717662186,8.80253350866475e-10
0.0130785565632265,1.0755477717053812e-06
0.0074022444734703,1.8205178509335401e-06
0.0140479122269277,5.877629616908487e-05
0.0110409839728109,4.6073634820637976e-05
0.0154050471880667,5.8825073804071985e-05
0.0116966863966276,5.266742118709856e-05
0.0131372977617826,4.045055435972784e-05
0.0124406069398193,1.5275324422532585e-05
0.01104698743774,2.368050046096303e-05
0.0178224702977681,4.864498072417712e-05
0.0174051887883369,5.175207642807397e-06
0.006056625655975,2.81921202714442e-08
0.0040744862886059,6.622060086095312e-07
0.0101695775752376,2.8380209197349577e-05
0.0095050072962666,3.097817761286189e-05
0.0102703421162259,2.455611046585791e-05
0.0064262045910557,4.559298167593335e-06
0.0037258783951273,1.600951836858609e-07
0.0038379226287563,8.112722890215065e-07
0.0132018172698405,4.39545173797082e-05
0.0071601264429493,9.243253970953071e-06
0.0038342648746391,5.972205472704548e-08
0.0135800114286404,1.4109641556097333e-05
0.0067147826747716,1.574404406124197e-07
0.0078559519875982,3.530713900440995e-06
0.0134181866770537,2.9992839125245295e-05
0.0132004911096953,4.4654345752747115e-05
0.0155901318074076,4.293503975251408e-05
0.0077345025481562,4.308717890127643e-06
0.0133930773494186,2.347333160516992e-05
0.0003203088120088,3.635559924797869e-06
0.0158263510772276,6.551296037114079e-05
0.0035107640377601,6.858247512932231e-07
0.0091756714675961,4.910902983711453e-06
0.0029640054511833,4.321784269119928e-08
0.0137569551657832,3.812010004395506e-05
0.0194532786378595,8.951828370641315e-05
0.0067695035104467,4.578916589581005e-06
0.0089027913594554,2.5780314164330842e-05
0.010883303639725,7.41462408393382e-06
0.0103241408094247,1.391001534244351e-05
0.0056852939048677,9.694963442675761e-06
0.0048536471777562,1.8706123458470537e-07
0.0003473694723773,8.036945384616857e-06
0.0016138260244365,1.5391008245793771e-06
0.0027770745370164,2.8182542018676294e-06
0.006658131045106,7.705208950560642e-06
0.0079560053674459,5.729852796164043e-06
0.0194334637323993,1.6376856936572504e-05
0.002250104909124,3.680794343875881e-06
0.0010667706902709,2.161705653421897e-06
0.0129811887882384,5.81510135686006e-05
0.002607752230441,4.7655090584150893e-07
0.0031454248960167,1.5683470757494715e-06
0.0080696775460313,1.3080584454366177e-05
0.0127303313029278,2.328087531868081e-05
0.0046893387996326,8.560876890251525e-07
0.0186869495372027,3.5062332126340235e-05
0.0197948687960477,2.4777273375366635e-05
0.0140213957983869,4.231484972844056e-05
0.00440783874162,7.029364925439574e-07
0.0151271597149174,4.8393087462297376e-05
0.0176051397670539,3.435622348950119e-05
0.0179497678707645,0.00012180428812124973
0.0109262670708929,4.8945281761280824e-05
0.0072378968593311,1.03719593652014e-05
0.0181482063476152,9.557294590799853e-05
0.0094604030478278,2.2929439699792466e-05
0.0126340038898057,5.539368080809875e-05
0.0036499999200193,3.3910388517515696e-07
0.0085708746775419,1.981158132927828e-05
0.0191334716362974,1.6730771618254654e-05
0.0121219810301952,3.512540697610305e-05
0.0040336816203106,5.411113673102069e-07
0.0183727921204711,0.00014462943939032126
0.0180308456732365,6.298015521916616e-05
0.0123671053093122,1.5687623802720115e-05
0.0136690908187482,5.739919029715184e-05
0.012117699703353,3.8836528963702245e-05
0.0199284329487984,0.00018741975598249845
0.0073168973805174,1.2134085095626749e-05
0.0181749168008879,7.505720087182615e-05
0.0196509091275682,0.00012634582611023841
0.0114394086152461,3.359187097600015e-05
0.000962895863891,3.0523099159350694e-06
0.0132266550447508,1.0978443997939088e-05
0.0037114659369795,1.0867692844604892e-07
0.0119090808163472,2.6562782852405447e-05
0.0107139119031776,7.685631026162106e-06
0.0017748559189122,1.24018500657354e-07
0.0169685939400264,4.986884817927407e-05
0.0101249122194764,1.2048017781529208e-05
0.0141768834026267,6.173257533066498e-05
0.0080272580682011,3.326706358514997e-06
0.0122610435673668,5.559019647891807e-05
0.0070407351123815,9.431525050207639e-06
0.0055936310972177,6.094356553692627e-07
0.0048833268830159,2.7459890748362393e-07
0.0140843065939119,3.7732662027136416e-05
0.0069300450199557,1.863611711443957e-06
0.0085577160629916,1.0504518090367768e-05
0.0149982719545028,4.6395751357312887e-05
0.015134144081513,2.78600183125251e-05
0.0184651749373035,6.702683639933642e-05
0.0162348891712828,2.3735724671587565e-05
0.015764500876656,5.480995517821317e-05
0.0085994667898682,1.9691496170623236e-06
0.0088872477008068,2.410926791267972e-05
0.0024797479309398,3.1806908382143996e-06
0.0120008361892849,3.347224104342533e-05
0.0116604854085189,1.2008170664001205e-05
0.0064827198980457,5.201244190460018e-06
0.0119683703634751,5.538879338875865e-05
0.010218008166819,9.134681854635675e-06
0.0012174103683247,6.311741306210333e-06
0.0021254958005178,2.2172355582372115e-07
0.0080281561191982,5.048641181274186e-06
0.0141518002697375,4.435704257308923e-05
0.0194818402682014,7.914745087687668e-06
0.0070962762231377,1.1140883133971961e-05
0.0101833619301939,2.8497219528791235e-05
0.0060508705701544,6.831194239750297e-06
0.0028357800965907,6.033548061814259e-07
0.0136980379274288,5.9785969139016526e-05
0.0078725943373456,1.0516602415166447e-05
0.0174597853171621,6.930700482371521e-06
0.0132345680561791,2.447734681219141e-05
0.0124892950572247,4.453199618480333e-05
0.0115690307553812,4.3839171097141004e-05
0.0089847420392806,1.558310150362013e-05
0.0147683986794308,6.35358055125048e-05
0.0183350140040992,0.0001235167780743186
0.0091430445077367,2.506089120137698e-05
0.0105385044374382,5.759707639739889e-06
0.0042450094373403,1.1461313748515862e-06
0.0051673217185847,4.464893856050438e-06
0.0115672402213416,3.6049488887710825e-05
0.0148664609905218,4.622920334739471e-05
0.0107703219159405,1.7408670833142602e-05
0.01189035144671,5.448430634419507e-05
0.0094400889368293,1.719878289259955e-05
0.001339751335152,4.065004952063453e-06
0.0159466361573743,8.247464568084916e-05
0.0062269658975892,7.88512253136502e-06
0.0161703698194116,4.642630105298918e-05
0.0167844024445292,6.551120132382873e-05
0.0120036964510621,3.433931439024081e-05
0.0096239288206826,2.2692580007333746e-05
0.0131480368921241,3.635255434333175e-05
0.0122871257954442,4.314376926297086e-05
0.0114377081733253,2.2725926016631217e-05
0.0152660823228324,5.6668969955393605e-05
0.0104706491679051,2.8181882511485432e-05
0.0027964252873428,1.5819721571126906e-08
0.0151605902520351,6.37583712968985e-05
0.0117638016164131,5.727476990702039e-06
0.0148831212740399,6.225210429484992e-05
0.013996806896757,3.3460756875509026e-05
0.0099099820367504,3.471143734100138e-05
0.0100777844315604,1.0032722375247842e-05
8.194869713529674e-05,8.816977042246926e-06
0.0064992140806065,5.960889589658554e-06
0.0125196864306851,5.356588016929501e-05
0.0114363097343024,2.828887615559275e-05
0.002795511362616,6.542178700822072e-08
0.0098286779819752,7.952282762098698e-06
0.0168967564548458,1.740667354995108e-05
0.0010305917288609,1.429456759957379e-06
0.0026700441506045,1.3430845349010512e-08
0.0078347197437586,1.376586636631995e-05
0.0182289189745266,9.986441690893236e-05
0.0148113015472501,2.0620531427362168e-05
0.0039659713189239,1.050778522066011e-06
0.0051604989972579,1.1170133175344962e-06
0.0185478266648115,2.1322100641080254e-05
0.0069611028472089,8.95633307814785e-07
0.0086912401250905,2.5610015473170106e-05
0.0191560219223118,8.114061525616117e-07
0.0190100924447249,1.751375575392647e-05
0.0178585251295281,0.00011568335776750987
0.0187333593947071,8.000799118955474e-05
0.0008898532724481,5.0225105187684054e-06
0.0128164096327585,1.166095111320314e-05
0.0150981801201654,5.789976411578877e-05
0.0089117547058367,1.3531992297465853e-05
0.0013255790016184,1.975767983135148e-06
0.0070612208935901,5.9787716438535636e-06
0.0005038812879323,8.260302041344222e-06
0.0146670480309931,4.3096153692719517e-05
0.0091876449178399,1.2585258387961237e-05
0.0051629476907374,8.483484805526194e-07
0.0049075464317485,3.404697543492476e-06
0.0060240499518239,1.9548579340434505e-06
0.019078854023109,2.629824130352414e-05
0.0088888016027066,1.0801697731861873e-05
0.0174768479635253,3.4026763353944694e-05
0.0113984755097282,2.5028476443560882e-05
0.0082075334951163,7.335685977150394e-06
0.0141496610992829,2.0866302936512447e-05
0.0028284350869868,1.466949440808467e-07
0.0056189156037434,3.273874378335839e-06
0.0090133156392508,1.8760150703126688e-06
0.0154214913730439,4.344459471124316e-05
0.0188424487537895,6.744719938919676e-05
0.0063311113536507,2.5084703844579457e-06
0.0113851201382069,2.7190426733723704e-05
0.0039829166640552,5.530580502440821e-07
0.0079522771460595,2.2056301286482704e-06
0.010300943114716,1.176287157299887e-05
0.0070689822136592,7.027747165659542e-11
0.0150347391447771,3.511106522134783e-05
0.0109099145991188,4.373357872166309e-05
0.0159236905359837,2.781828979345312e-05
0.0033163625737588,2.036205984972859e-06
0.0033816083846092,5.610560790186619e-07
0.0041419997054411,3.2948034700136627e-11
0.0098356072629403,3.60970208628444e-05
0.0152142107674264,5.494074021183625e-05
0.0044548547849134,1.6624537587889893e-06
0.0146269748851201,6.689059953775491e-05
0.0103134732082756,3.59938321940903e-05
0.0156681329568247,8.077511349833168e-06
0.009122798979562,2.0001502750678992e-05
0.009272069773211,1.680213597863721e-05
0.018501315459915,4.211111590032949e-05
0.004121670416924,4.549298770243273e-06
0.0007606266398949,2.9966069079082086e-06
0.0045142912535171,2.0097578698207294e-06
0.0181859609114546,7.010252122617656e-05
0.0036457797440072,8.042672075164637e-08
0.014904827468809,8.260559883998486e-05
0.015010700657384,5.079004200256386e-05
0.0060402058811918,1.979762876974608e-08
0.0081298829433547,7.3486285332967126e-06
0.0039749043098917,1.0897270272207417e-06
0.0020720278763125,5.241964687488018e-07
0.0144254866888322,4.111388509644368e-05
0.0044408215018039,2.2609630170383416e-07
0.0058791410171727,6.523849541891607e-06
0.0097537471506652,3.0156408896545604e-05
0.0080347650554686,6.565857671349936e-07
0.0058047808353784,2.3242111418094825e-06
0.0154135628217745,0.00010184203657929156
0.0194343210331765,0.0001144637492611126
0.0169683888526323,8.484290456016287e-05
0.017612108946896,5.465028934163531e-05
0.0059729470514833,9.364692815415802e-09
0.0075358259768274,1.4289600023611546e-05
0.0127663334336761,4.837532540718084e-05
0.0114873880500104,1.7471626666612353e-05
0.0163815822278185,1.5600694985338264e-06
0.0160174789610946,9.740474417290469e-05
0.005215212711406,5.73647486322995e-06
0.0197997786600325,3.69371799322746e-06
0.0027106361959409,3.355056888522238e-08
0.0058118617972735,5.5483636680803165e-06
0.0070544668507587,3.3589683831856274e-06
0.0062665650558571,4.035338868316206e-06
0.0021057439712091,7.51600127597341e-07
0.0179442264460193,0.0001221794027679175
0.0158007019279887,0.00010033977884354156
0.0113377595235087,1.5381131821623232e-05
0.0009461384856737,6.649900205737794e-06
0.0170184263800296,3.978179099877106e-05
0.0009839536320647,6.949009756914309e-06
0.0183510037753779,1.5670479669772364e-05
0.00832699587781,1.5530579679023602e-05
0.0121971495501035,3.338114434701487e-05
0.0014820775432234,1.196015134431672e-05
0.0115221602801769,5.537312394625764e-05
0.0111451907076907,1.9823806066339805e-05
0.0147680222258326,6.685595331109186e-05
0.0146821888375026,1.3658687305346095e-06
0.0147159482098584,5.2638371528896955e-05
0.0021742062739376,1.4987318791022257e-06
0.0020505659770876,1.6387093932518665e-06
0.0165496014419894,6.421934863891571e-05
0.0016431113212674,6.059792214008235e-06
0.013090932753681,3.459879067541955e-05
0.0140729032065882,4.475552623637184e-05
0.0136085204315772,7.023473453085617e-05
0.0077737113090614,2.30922562745387e-05
0.0060812810151272,3.187054748166523e-07
0.0068475698959231,4.497385885751831e-06
0.0075198297697748,4.012364783299639e-06
0.0120488496195055,4.557056528434684e-05
0.006500725890546,1.0785852657113026e-05
0.00443395365342,1.3009101318551883e-06
0.0176334369126843,3.6608965073825236e-05
0.0166053517640657,0.0001084572412732763
0.0061541443182097,4.765514387482172e-06
0.0190231203383144,9.805960803002348e-05
0.018116550886502,9.487037627393038e-05
0.0079126160438351,1.0857291816210219e-05
0.0135683953540262,9.064258785295608e-06
0.0055140654918223,5.901745531497457e-07
0.0170053284788807,0.00012819404210492137
0.0158471048978957,3.519498662458954e-05
0.0038052475981082,1.1971629721916303e-06
0.0068468859923487,1.4559221264481691e-05
0.0010457485405141,1.3008655988086228e-06
0.0150017005718624,3.711377056978473e-05
0.0151572434558793,8.475463725034508e-05
0.0150060342352262,6.914448795138596e-05
0.0106216374445712,5.01387508761417e-05
0.0111552444111835,1.9457958674339657e-05
0.0034084521010704,3.940792206345845e-06
0.0056683236710865,2.347569701089527e-06
0.0001405049801737,9.106470987249566e-06
0.0029492022725907,6.192153657738427e-08
0.0143111482745523,4.503577812471221e-05
0.0122371051279967,2.1492759241698693e-05
0.0004210468539402,5.9000839479066835e-06
0.0010297160536285,3.400851683737248e-06
0.0120903039841986,8.126608554942392e-06
0.0087607175964145,4.1562912883343673e-07
0.002565595787867,2.7999825860332066e-07
0.01590462563327,7.962018565136626e-05
0.0104651613753678,3.11958856350499e-05
0.0151667683910906,2.6849421769437894e-05
0.0061830938622631,5.8433510888808646e-06
0.009966621656913,3.1905729259645666e-05
0.0063046157717137,5.970134680609059e-06
0.0163884274337396,0.00013904624248945805
0.0198316131308201,0.00013617749631743243
0.0130341898669472,2.628346917089679e-05
0.0176396823162674,6.238522633187256e-05
0.009837196170295,1.082213822576046e-05
0.0001408709313934,5.409029419700028e-06
0.0112665681224178,1.0235700388684233e-05
0.0186975557141956,0.00010300176252490221
0.0074293980803923,1.866736321899896e-05
0.00514068297785,2.710174600368673e-06
0.0015233232191584,4.162428689990088e-06
0.0180549013279547,8.967374938018175e-05
0.01811931665595,3.383291597535074e-05
0.0002873831186592,1.4073824036603426e-05
0.0147393359816116,2.3053374954047335e-05
0.000639831105724,5.650595074909208e-06
0.0006780089617942,5.849737212013188e-06
0.0105410613876008,5.300838352996726e-08
0.0029390867982927,7.585353808614459e-08
0.0089130542731727,9.498883884824135e-06
0.0171430624145107,8.404921960610959e-05
0.0193628784319469,0.000146593535673598
0.0196877877429474,9.826654275725587e-05
0.0148546715636111,3.572954190706589e-05
0.0122401388871063,5.7808943370706914e-09
0.003912797464278,6.532503084428829e-07
0.0102313388163976,1.9068007723818127e-05
0.0099984834312149,3.979935437230967e-06
0.0167354752816509,7.771878256329557e-05
0.018916790889953,1.076450039247555e-05
0.0129298646593517,4.678923139458067e-06
0.0091303959853151,3.398453967597933e-05
0.0195785760221795,0.00010495017740911675
0.0023127666429778,8.053331342965849e-07
0.0022770125306344,3.0085038785085738e-06
0.0093387438692291,2.3400453866746835e-05
0.0193154724879173,2.949001350037035e-05
0.00509899691412,1.6627235794715746e-06
0.0097716737857603,1.0066776707046818e-05
0.0073604803738154,7.293946888134049e-06
0.0104971699810065,2.9724197551831632e-05
0.0017456624864441,2.255401020141941e-06
0.0040774793819304,3.384523970852285e-07
0.0033584940914783,3.309317896068759e-07
0.00758891200017,8.043880682962635e-06
0.0133197803825081,2.747959549458267e-05
0.0091760542340175,1.5454024814622984e-05
0.0142910588603361,4.5941094934585054e-05
0.0092482407069348,6.399726788038853e-06
0.0077727344059131,2.305722209539121e-06
0.0164228192922708,9.748607660120748e-05
0.0138433986296743,4.0961739536939347e-05
0.0164897393207032,2.382755166339974e-05
0.0031352164444601,4.497867983755908e-09
0.0041050394226069,8.445777491747462e-08
0.007156748455498,4.289186904949307e-06
0.0178580692315296,9.170527197956241e-05
0.0120458415415745,2.0334625257950577e-05
0.0046144404000521,1.3467262377444979e-06
0.0086069874127709,1.5412711554946445e-05
0.0123079870771974,1.9093918711035295e-05
0.0170217443749457,6.987253762293129e-05
0.0170533747451464,0.0001271907823650507
0.000614816218123,7.457784622342959e-06
0.0107940332869026,2.9293677982241765e-05
0.0054078008281299,1.749131249139939e-07
0.0032271806955216,1.3177243867983377e-06
0.0036757249992401,1.1191197780909501e-06
0.0014158746800571,4.359103121655523e-06
0.0169967744678628,5.591634706451763e-06
0.0053210961296742,5.0067641872550584e-06
0.006242322301449,1.109246218249534e-06
0.0196915103952216,0.00011002702001029459
0.0188565546996615,0.0001313911753977454
0.0177904498000083,8.63522026291443e-05
0.0174020489165545,7.750298306945764e-05
0.0055045268758966,8.206168608418875e-07
0.0066100798204627,8.439900958802932e-07
0.0143361595952972,3.933413392292679e-05
0.0064262753643641,5.864739401881939e-06
0.0188521363220541,0.0001217596575858751
0.0185761096171157,0.00011043602728925568
0.0051716715379016,4.617872175665554e-06
0.0021786986955659,1.2425319409818632e-07
7.752767856473276e-05,5.678483812241672e-06
0.0150088418709231,9.291575765295409e-05
0.0177892790430214,7.592494500580923e-05
0.0143730753320224,4.8491005838799734e-05
0.010938902487308,9.395968718636526e-06
0.01444419016949,2.4888356701646115e-05
0.0166975992071327,3.9769167899243836e-05
0.0097946136430892,9.050304779828198e-06
0.0061471828079771,2.0542691309017915e-06
0.0069063242755971,4.170182094339308e-06
0.0106605622451966,6.887052561087673e-06
0.0133020952710381,3.0009099558770536e-05
0.0007220356445214,1.3614524713708964e-05
0.017613126139495,1.492298141791571e-05
0.0168803482712815,2.107185316268095e-05
0.0094582315814454,1.4831826211905372e-05
0.0002294853840463,9.50464725092527e-06
0.0146679745836052,7.426191089797912e-07
0.0142139548714365,4.800110022162947e-05
0.0039394680704432,1.7410463925064718e-07
0.0068858985298282,1.2682356327970312e-06
0.0003591898768841,3.817448278704527e-06
0.0140665212247372,3.913859414575664e-05
0.0106233523078046,1.78820819594421e-05
0.0063369805349759,1.0273750292571424e-05
0.0015380807114271,2.7771241978592375e-06
0.0045162824523575,8.428943388281007e-07
0.0167395905723412,0.00010674889588993536
0.0038602751836287,4.731485382229947e-08
0.0130375666705569,3.59517439451823e-05
0.014416640438273,6.889402213511614e-05
0.0033956826588659,5.697661508217512e-07
0.0099061139547675,4.607823827774567e-05
0.0169086791894514,7.718480143487536e-05
0.0122575508430221,2.4127320027011325e-05
0.0045662080983487,3.619041055740495e-07
0.0117997280991627,4.8103971995486564e-05
0.0128183135194163,1.480328972559792e-05
0.0196629234202593,0.00011183118578068295
0.0001324773187,1.1431910145156979e-05
0.0116982527109307,5.934851922552011e-05
0.0146920431580153,2.370425238853195e-05
0.0056914016166912,2.0105405616982755e-06
0.0030230730978951,2.6616044244100444e-06
0.0097079723815098,1.8859482950487344e-05
0.0086795532167851,4.5920182060995946e-06
0.0070468634537298,1.2316744437327043e-05
0.0110130840162877,6.8007908060061605e-06
0.0141500529625774,4.157137792021696e-06
0.0178714467194575,5.3813832181538226e-05
0.0104503837275115,1.5921182908521525e-05
0.018163790306277,6.169320210871878e-05
0.0068531208369194,9.307699780109961e-06
0.0023531524003382,6.120879832348429e-08
0.0002950935586347,4.669624640789829e-06
0.0051345540015129,1.516722003646727e-06
0.0189900742805637,7.313920360676337e-05
0.0100464949850022,2.8296448272152428e-05
0.0017191490978885,7.049963006562586e-06
0.0099526564087365,3.725984895981029e-05
0.0067868314129503,9.061169757098362e-07
0.0109486721896341,3.2703352638120475e-05
0.0035281034989945,1.1504262744000613e-06
0.0045563410097759,2.3617342999164117e-07
0.0087150913672095,4.02222677021971e-07
0.0071496647982012,4.370880807879091e-06
0.0069426780399017,3.1021147255921144e-06
0.0143176565080609,4.596674625247438e-05
0.0001923090939612,7.410978468896991e-06
0.0163503172841011,7.39375485003232e-05
0.0078823458742613,2.489574320467259e-05
0.0016108235056758,1.0711778791145569e-05
0.0034940518583324,8.457493833525179e-08
0.0162779162326724,6.733568565162308e-05
0.0081408646562498,1.0059890154036444e-05
0.0049308528930319,3.932141395798856e-07
0.0183544473245756,6.955121836689684e-05
0.0116949828082779,4.446680949876303e-05
0.0048728730095306,3.295875471550086e-06
0.015596743400139,4.8771843649586786e-05
0.0182905842871535,5.717951511895964e-05
0.0122437388471497,3.894638160684123e-05
0.0109437911061869,2.365407942854235e-05
0.0130248994453824,6.540708812669963e-05
0.0144610224802053,3.2155411442583575e-05
0.008943792143951,1.776432040189656e-05
0.0050837531910706,1.0684105429094556e-06
0.013616834456026,5.344664625358824e-06
0.0018995863574222,3.299866487256039e-06
0.0129077555209718,3.975939350343438e-05
0.0119461231023082,1.4852583931201508e-05
0.0182303205787025,0.00015996420227852243
0.0070023260328091,8.270593048918939e-06
0.0190698787215743,6.262180834862986e-05
0.0053530382816375,2.241263664214474e-06
0.0054237189098045,6.880746100469585e-07
0.0076112159323126,1.4843573594820562e-05
0.0077026699098729,1.0608920902168547e-05
0.0115113628158194,1.575918939545135e-05
0.0061139281393149,2.104588824285391e-06
0.0082362315108995,2.7458945073399214e-06
0.0129145981693628,2.733371190945351e-05
0.0091298578366903,2.6689393372491964e-05
0.0078074412792844,1.447332716470294e-05
0.0009748009420967,2.2039917048067336e-05
0.0009027528188865,5.870961053054927e-06
0.0054150987662667,9.023651324498253e-08
0.003722417999547,2.875311559003342e-07
0.0080797844434243,9.453084260646562e-06
0.0012285624349294,2.4381557951205832e-06
0.003814205612185,5.7030574690434495e-08
0.0003669129485499,1.110819507096634e-05
0.0040644555100114,1.3551667893637942e-06
0.0069027282637879,1.2007153540957692e-05
0.0048349435939491,7.939931440305533e-09
0.0084948482943376,1.7800025020972005e-05
0.0087191431339112,2.3925107404472542e-05
0.0138736231698477,5.2892771962826244e-05
0.0185938494467085,9.584955905302498e-05
0.0187320753837994,0.0001218058771059323
0.0179512863532866,0.00013109450382516334
0.0061443788023986,8.152436127090321e-06
0.0081854442755337,4.054672461947793e-06
0.0014065230982519,1.4626347561672037e-06
0.0104185422432618,1.4143065349061084e-05
0.0039158573462104,9.984629504009072e-07
0.0050215501745347,2.3647207590737275e-06
0.0150197803858696,1.6553539323561175e-05
0.0068463706378675,1.7208951504455994e-05
0.0099778081982254,4.458283972743925e-05
0.0033301705516302,3.048527041024419e-07
0.010919586651059,1.8668718813551902e-05
0.0010680932123366,1.704803077162742e-05
0.0183947758544909,8.57793719971871e-05
0.0096515023608303,8.329059675075571e-06
0.0105819498501225,2.002953422333638e-05
0.0036875545742072,3.246608864340972e-06
0.0130673331531207,2.7970655534281485e-05
0.00391528383009,3.406160642711378e-08
0.0007486184516372,5.261762243813205e-06
0.0143837951225266,4.970514674132672e-05
0.0117467162507246,1.79172907639527e-05
0.002811209535098,3.686129795845354e-06
0.0070533146622238,3.5662002984934205e-08
0.0073309038374317,4.006588688813188e-06
0.0157660442357076,3.473278959186104e-05
0.0103447428605179,1.2829855683211203e-05
0.018555750268907,5.539778794240192e-05
0.015809605210395,7.826083066375015e-05
0.0163644055611953,9.012021484202844e-05
0.0180933766538024,3.6218009013254275e-06
0.0193937871047519,0.00015779264909373535
0.0068010544662375,1.1442102683308498e-06
0.0008095219039809,3.031861636018156e-06
0.0061416337150409,1.711430818948191e-07
0.0166998384611564,5.9654812062398643e-05
0.0035520451091664,5.759147214061398e-06
0.0130265907100568,2.232978059455777e-05
0.0120085813675821,3.4178551105103424e-05
0.0081278211984842,5.35190454830784e-06
0.0079636302887839,1.49165402040965e-05
0.0052209081379515,7.173034616363327e-07
2.268671609369832e-05,2.221672436649532e-05
0.0119238876553864,2.8355968853262028e-05
0.0116392186699484,7.164828310440265e-06
0.0089371617759526,3.842760714600314e-06
0.0160950754297843,4.740645923317213e-05
0.0063329069849344,1.928747208124855e-06
0.009138522730745,1.6793283951097373e-05
0.0041921816393128,1.2287246130632168e-06
0.001680055602516,7.523360340358696e-06
0.0035240929374189,3.2855472515334764e-07
0.0074652587268409,1.1825026060434709e-05
0.0118669826529826,6.14644200579483e-05
0.0074008249800715,9.166551056087512e-06
0.0130650173178385,4.458592167208996e-05
0.0003529328732385,1.3480138653851409e-05
0.0096543480199631,2.2095508454263252e-05
0.0015678002211394,2.986531868511122e-06
0.0188969363773844,8.011796461472498e-05
0.0158973375773715,2.247034589518442e-05
0.0029961410586157,8.791307854209276e-07
0.0087853926318493,2.8218060752690466e-05
0.0170013551897994,9.283086786956451e-05
0.0012496917280618,3.161859486255951e-06
0.0127676985215989,1.23544026038389e-05
0.0063653878430655,4.917159031294884e-07
0.0032486811111237,1.9904532210337186e-06
0.0122109969261807,4.07220227277973e-05
0.0015868545232623,2.7540913209394475e-06
0.0032425032381863,1.1208973360949814e-06
0.0043379606279216,5.020506683846752e-06
0.0039516697660621,8.166098058823702e-08
0.0184440847217548,8.13738064310336e-05
0.0128938105787409,3.9173531775977154e-05
0.0037670831313132,1.104465546329786e-06
0.0081192722395661,1.1409338120508135e-05
0.0087893247020815,3.275306029605656e-05
0.0048956502862395,3.45062853545032e-07
0.007233336547337,2.478472464693606e-06
0.008850503389107,9.471583437259837e-06
0.0046731808821241,8.737707849906385e-07
0.0133885947350207,8.593526422912766e-05
0.0191002226838654,0.00011905449179368587
0.0161981048220462,6.182950277327093e-05
0.0041157990443602,5.4726651392251795e-06
0.0160902185744654,7.033280167414791e-05
0.0134409993069565,2.843508779045188e-05
0.0084560251085742,1.358800323652499e-05
0.0196422988140816,3.0310500963887763e-05
0.0125062691761019,2.8887291795561644e-06
0.0167861386088332,7.457719355195214e-05
0.0105759062493809,1.966982703104889e-05
0.0036568705958461,1.54270583422275e-06
0.0170355802669164,0.000115670730385749
0.0162316636092205,5.1372489746723274e-05
0.0023904787420519,1.6015449770654246e-06
0.0173116733546863,6.498775237139162e-05
0.0156037900419628,8.694570700564672e-05
0.0078267210133193,9.60415187013715e-06
0.0127593985475326,4.0830208915167386e-05
0.0181151983246667,0.00011128723860845384
0.0040407161650702,7.447253749662514e-07
0.0092683478759916,2.7274745336996088e-05
0.0017192129421731,5.8021732100538265e-06
0.0153732019736241,6.987176030319217e-05
0.0116686616553221,2.636779251727318e-05
0.0023877747134946,1.4558888493612507e-08
0.0192063527986372,0.00011731257018125489
0.0165873431579874,6.3606731148224e-05
0.0079928102485686,1.1065781798816557e-05
0.0133136436181664,2.5576070928294092e-05
0.0101402093540218,1.8273901808775814e-05
0.0155403874742397,9.93641894985329e-05
0.0190104770880797,4.483921095697704e-05
0.0089362432138424,1.9806134555235843e-05
0.0152429834663466,7.12838424804972e-05
0.0153349913223443,1.4076904589146343e-05
0.0119252745209619,2.9770315355176557e-05
0.0048058004242252,1.8207532970499484e-06
0.0067898929401363,4.6815708719152505e-06
0.0116936669267933,7.026480993489556e-05
0.0113104216143858,3.707671228937735e-05
0.0094052903557143,3.163245434327043e-05
0.0114920775528953,2.9794765405666602e-05
0.0077146028351305,4.573101903899571e-06
0.0170986397149692,7.937718517899794e-06
0.0055024931452421,4.6011850714096826e-06
0.0114545003870629,2.527367381235846e-05
0.0140772764241516,5.043520977084258e-05
0.0082090115117358,2.499324446747502e-06
0.0089099768547786,6.2343321329439215e-06
0.0082160598896479,1.0633951193168557e-05
0.0132776659483085,4.891693406652945e-05
0.0065828501637336,2.263825625942956e-06
0.0121603650064372,2.3141519176464685e-05
0.0011742645531713,8.695545755077773e-07
0.0137354706332115,2.7779554550974117e-05
0.0022747030796211,7.877782490746209e-07
0.0171205281606876,8.229001350283782e-06
0.0196802869328363,4.495298186783886e-05
0.012565695586978,3.156184376114712e-05
0.011427679747188,1.326453353280164e-05
0.0177681162589794,3.6637008473178216e-05
0.0001068766112289,1.8997674037401693e-05
0.0107537788518696,3.607783363303143e-05
0.018959681103937,7.583949534141978e-05
0.0091594322347084,4.1405103166018305e-07
0.0002287823855869,6.777234866146596e-06
0.0126258680832404,6.934914220363651e-05
0.0176740072859693,4.5871528761307785e-05
0.0096609473955242,1.2447392671120706e-05
0.0161037870523084,3.466922203344728e-05
0.0142067537229069,4.846475727366986e-05
0.0093729939752686,1.7305577990143697e-05
0.0173738678036395,7.90954454069464e-05
0.0137974457414863,2.2010948154559848e-05
0.0155777333592389,7.749141616245277e-05
0.0140638650699948,3.94478810647611e-05
0.0081694559970921,1.3348408155300642e-05
0.0175583119833063,0.00012849151197423522
0.00949132151291,2.326761840705105e-05
0.0003883353367232,5.853840607406727e-06
0.0057423872583889,1.0599298156324626e-05
0.0033193717808198,7.844764984600648e-08
0.0066604813624471,4.4067072863074497e-07
0.0178729258465448,0.0001302098911087337
0.0124151432635972,3.094322490131033e-06
0.0151411414328031,5.7780527565767465e-05
0.0115476214795854,4.012308293615483e-05
0.0086506523023479,1.9105237814579953e-06
0.0033491406972987,8.782307498993714e-08
0.0113680643851676,7.974819656115037e-06
0.0120291130267458,2.9418893097110547e-05
0.0181501219008342,0.00015640700675513677
0.0103599985418515,6.599614982922711e-06
0.0151336470700288,3.6630134257687704e-05
0.0177699823881275,7.922324714158646e-05
0.0102898293863708,1.8009716876132485e-05
0.0197987485359385,2.6552945857880587e-05
0.0128302620526095,1.793875403812799e-05
0.0029077760258151,8.637408483394869e-07
0.0047274331472317,1.449987220136893e-09
0.0064603866486579,5.231205346733775e-12
0.0080853297173169,2.5165779799775337e-05
0.0131214364410443,3.0057546332149504e-05
0.0092351549197208,1.3811220363302181e-05
0.0150951372790308,8.615316622147459e-05
0.0135200332510277,8.041608726428686e-05
0.0134467930706468,1.9171633675740735e-05
0.0079579491310722,3.707358677430058e-07
0.0124151181115051,6.348806987836746e-05
0.0121944429674131,4.049948210372582e-05
0.0147840215508093,4.388478443904423e-05
0.0003725396289879,7.828522549371082e-06
0.0141212547115999,3.3930509809962575e-06
0.0009181481063454,8.35721659324322e-06
0.0025484815840391,3.925421186851431e-08
0.0078797959893726,4.617678000167813e-06
0.0113988041062417,6.162525102874745e-05
0.0178300543421365,9.402678405675887e-06
0.0173941026698401,5.6108837507199604e-05
0.0043960069515065,1.178895553528354e-09
0.0133335282883167,2.123921468709294e-05
0.0180394669766492,3.943030020144892e-05
0.0167124993593914,9.47561796169824e-05
0.0027242830935692,2.905186998012324e-07
0.0037295198875266,1.8896992076967613e-06
0.0145638018013577,5.398046762722434e-05
0.0125319332734425,4.067162018347096e-05
0.0110895354277041,3.404940368057329e-05
0.0175676303613332,4.2450182154587924e-05
0.0095879707383924,2.0270322671214347e-05
0.0102706061292414,1.156903994388716e-05
0.0095769169145514,2.60961787657847e-05
0.0139571253931302,3.996092466760543e-05
0.0047392496551449,3.7407840522644347e-07
0.0037646443042146,7.317944612239104e-07
0.0196835274795705,0.00016013317139285718
0.0128122239619755,3.5997483041488e-05
0.009111721074816,1.4357987143812884e-05
0.0008913363405472,5.707692232730264e-06
0.0182719921239988,3.3481977253124086e-05
0.0008081304627777,2.994573186239579e-06
0.0050891356260744,2.823110276501422e-06
0.012649516487581,4.163230791372492e-05
0.0164988369853589,0.00012956957513510947
0.0126170323867537,1.38416068286289e-05
0.0165321139071634,6.035038493878923e-05
0.0054730604570138,5.845509987158905e-06
0.0065987889019321,5.486295808092899e-06
0.0055470693950492,4.44849345883456e-06
0.0016871083973937,8.195208230729665e-06
0.0134246296537947,2.2110750758298157e-05
0.0077633697569738,9.28351073337913e-06
0.0173382940606859,8.687348791974685e-05
0.0185078806211286,0.00010077447764848375
0.0018197838840505,7.94610587789068e-06
0.0013398897830546,8.691834667459494e-06
0.0118618066335744,1.7274045831800534e-05
0.0099969816214397,1.1844978647599749e-05
0.0185575970063472,6.990100534410985e-05
0.0073327763266354,8.253643998721364e-06
0.0047135141321203,4.323012655046571e-06
0.0193864698262958,9.14416962258716e-05
0.0125816201120477,3.782818787318631e-05
0.0014962966136546,3.1830749750885633e-06
0.0110895535110744,2.8971467128888133e-05
0.0040078934881966,1.4291776610376573e-07
0.0063971421144446,2.795878975345578e-06
0.014783229046232,7.83295254553646e-05
0.0138343308935197,1.8318113120181546e-06
0.0023976538283277,2.7452218667166923e-06
0.00913640710495,9.95225312307909e-06
0.0189043288613806,0.00012411677388442599
0.0003726151665103,6.740455069098906e-06
0.007555816746979,7.884128708697848e-06
0.0032708552281,1.2165645302476219e-08
0.0139098380764122,3.742681223364854e-05
0.0184670049050005,0.0001101631488817641
0.0166377146911602,4.644352162098843e-05
0.0182716976054358,9.736495492400044e-05
0.0125888074988053,2.4230712642367483e-06
0.0071762709121536,1.6803707754741337e-05
0.0093320189909489,1.5332401859274113e-05
0.0108532105245219,2.6037406238668716e-05
0.0028379294013869,4.7635724335129164e-06
0.0081481173374403,8.227525280166587e-06
0.0160249828384393,6.0802769907318026e-05
0.0124435011929614,3.456165529400257e-05
0.0140763521408213,1.8026303490572337e-05
0.0067700062519518,1.3248217738126814e-05
0.0003440787350223,8.216842715238213e-06
0.0144504494004869,3.0132290796944547e-05
0.0077596864819492,1.0416492818547321e-05
0.000564266056593,1.0923863511226237e-05
0.0080050859768764,1.2286729179198532e-05
0.015957965286299,8.273229896220216e-08
0.0118324210170281,4.140505019190552e-05
0.0070386385450353,5.376306731257357e-06
0.0195260129658831,9.92503087382853e-05
0.0107572337823467,3.384393757129489e-05
0.0001012855187464,1.1958796357642464e-05
0.0061766473435956,1.0295334145580566e-06
0.014364156085334,5.357340161575666e-05
0.0021423898258073,5.587728835207109e-06
0.0047827002767186,3.11475993857818e-07
0.0045112697829618,8.080187315219457e-07
0.0167264722887584,5.870832779764196e-05
0.0133107685762852,6.144171202260266e-05
0.0038912447608073,1.8424265098877468e-09
0.0059500752822505,6.90235571393791e-07
0.0035282691734022,2.574477438767531e-07
0.0054527643182441,7.210007370612289e-07
0.0078513608818534,5.688808320643613e-06
0.0004129021537629,1.544518417103844e-05
0.0148157613724338,4.614527859298592e-06
0.0129522122524225,1.775209765268911e-05
0.0032094243350818,6.62901069727401e-08
0.0166694324027673,7.187985662067044e-05
0.0148537344059585,1.7136559725800183e-05
0.0151734534708362,2.9609112115674172e-06
0.0188941143836748,3.4304041548123154e-06
0.0147872340996424,2.249235846484348e-05
0.0169797167628541,4.5078026627426946e-05
0.0077762261599337,7.895546434119776e-06
0.0125056213012847,4.619854368027742e-05
0.0041120571656397,3.1071935951096803e-09
0.0085251713516324,1.1490699854829491e-05
0.0122924029090161,1.4392935321730166e-05
0.0083619579778575,5.363458901066095e-06
0.0020951784041318,8.158711050271781e-07
0.0141362770961491,2.5709167802587398e-05
0.0019536100638432,7.924334754532866e-08
0.0002244482548708,6.0813336852709665e-06
0.0145872021797411,2.3510966749092876e-06
0.0079490372368931,1.9953421406903452e-05
0.0031534051690147,6.808109162270268e-07
0.013208485669632,3.4405874671698094e-05
0.0131691034176716,4.6525337681611513e-05
0.0029528907688512,4.264311279147354e-08
0.0111547088079628,4.189322521565662e-05
0.0056229575465783,5.369005487369911e-07
0.0001583700304781,1.6137232282522266e-05
0.0007033046543129,4.218159165879191e-06
0.0048761298095523,1.1592933063791003e-06
0.0155982414455176,4.897185979035646e-05
0.009420622786598,1.6923550268593072e-05
0.0009113545023636,6.247288954766484e-06
0.0099762995223331,3.571378349379097e-06
0.0077483288293358,5.86032459667791e-06
0.005980145560288,3.988001483084456e-06
0.0171109707337314,9.960924907383629e-05
0.0112194591621124,2.419316200392286e-05
0.0193738771347647,0.00012607894248906686
0.004481551329544,1.2948079900821834e-06
0.0181117141251068,9.392789941616193e-05
0.0185139507610754,0.00010404907515295609
0.0044973968553553,3.974438460472961e-08
0.0143424546161943,2.9436758812200328e-05
0.0043125579057593,2.5682495805469115e-06
0.0108003795884473,2.852961576924729e-05
0.0030204049077894,1.4918827698085817e-08
0.0141007471160965,4.668367877911264e-05
0.002951254764321,1.7301358666667662e-06
0.0147881731960801,7.615037242537386e-05
0.0019575733032452,9.173510596158094e-06
0.005280528262202,5.732167868557324e-07
0.0081204660578639,3.4811303438957894e-07
0.0096758696189717,7.3728891487547675e-06
0.0045169009624408,1.0233587467292626e-09
0.0166593217893449,8.4066765845295e-05
6.60520066740089e-05,6.101119192852433e-06
0.012977456614012,2.4125839639811487e-06
0.001123204171301,2.7428464961819477e-06
0.0054764308008497,2.7923700424550868e-06
0.010378893986432,1.4084809733654239e-05
0.0092028092882385,1.1598879404482413e-05
0.0035370792304248,1.730035953262304e-08
0.0044428008292839,1.0981739670227806e-06
0.0072146846717078,1.2418547511298906e-06
0.0037464689858665,6.93916129771314e-09
0.0191975387254269,1.8796772794964657e-06
0.0190860966637573,7.056896436644153e-05
0.0021052369851031,3.7217583137245765e-07
0.0069464515879488,2.525027078414427e-06
0.0089402823383876,7.114606033729841e-06
0.0018052666268146,7.704599131956983e-07
0.0155305227188828,6.079031590050338e-05
0.0015539276065553,6.233845408878954e-07
0.0111247656132918,1.1378093093748375e-05
0.0092194369653968,2.883515929380153e-05
0.0024132547682386,2.62149349650771e-07
0.0187102566575981,9.003560559117907e-05
0.0137054324603846,3.599797836611213e-05
0.0072909758602497,9.235313347304249e-06
0.0107178676082817,1.9591119918704628e-05
0.0057436759330629,1.0205119230806876e-05
0.0084913197755739,1.563872685424788e-05
0.000381137111204,5.8317656801336404e-06
0.004534005601059,1.9328053604067694e-07
0.013105051859145,5.5551984231222575e-05
0.0126005356887405,1.80318883801095e-05
0.0047300349101718,4.769168198035691e-06
0.0020451929385195,1.7865293901610115e-06
0.0117044934474052,5.1539172120567394e-05
0.0072336571570892,5.728330340771882e-06
0.0043683466211189,1.0616275142615523e-06
0.0037881974025529,3.112614539493557e-08
0.0110965009294639,2.9802104875412818e-05
0.0156416976117368,4.3676261538152185e-05
0.0012754195311849,2.2856731872574695e-06
0.0002393573526015,9.599363087914861e-06
0.0115030392316666,5.268362404440868e-06
0.009919987800354,2.6869063763555078e-05
0.0085861882927751,2.973957115291415e-06
0.0121242737711297,4.168684019028474e-05
0.0185928328411509,5.848380967112111e-05
0.0176412659613892,5.780862552457253e-05
0.0004240533885322,1.2722260244312385e-05
0.0098693884403285,1.8867060465922092e-05
0.0168393200364403,0.00010700784040151014
0.0148998060768009,9.28272126304988e-05
0.0096850762144265,2.0201189708422882e-05
0.0033680775744746,1.894016783598466e-06
0.0143938168365289,8.62627758384038e-06
0.0019836028408832,3.2651554030646856e-06
0.0003802840413953,1.1698620656550692e-05
0.0043212859096819,2.523767799646088e-06
0.0022006087315038,7.618611324534895e-07
0.0061744914052367,8.419447515472641e-07
0.0141399832867159,6.398631928379064e-05
0.0029285351385069,7.454550513535504e-09
0.0174544669233409,0.00010393569413652879
0.0032595333086414,3.7093314725545035e-07
0.0010983984561438,3.0611651521078686e-06
0.0128089154418555,2.1727634910738202e-05
0.0006190436964552,4.1220060266713305e-06
0.0027850169832992,8.368441541843566e-07
0.0074752328554347,2.0106726411472464e-05
0.0133738437298938,7.752073675061787e-05
0.0005125824269767,6.916449629292652e-06
0.015256489589603,6.649596527157603e-05
0.0185290654915551,5.987223861301983e-05
0.0117103819380511,1.7074348703489426e-05
0.0062994719366705,5.424257395522432e-06
0.0072139709011062,6.2503013499860825e-06
0.0064001119242794,7.778082836941326e-06
0.0096033311182155,4.1066583221470536e-07
0.0130917632590519,3.00377758937005e-05
0.0197813281232238,3.790391193252158e-05
0.0052334765385742,6.063088063221462e-06
0.0088530331560741,1.2130644764245923e-05
0.0158121674924439,8.409826101057042e-05
0.0020294304332706,2.8647804866255637e-06
0.0017557337896238,1.5473856664009156e-06
0.000791713121296,9.607577036608333e-06
0.0088488105563801,2.1644908302064345e-05
0.0093534620095458,2.352268530627961e-05
0.0131740065312348,4.358246294353342e-06
0.0118890636042185,2.1217247892620575e-05
0.0054981440467661,4.41154789958221e-07
0.0156365653247082,3.916309831239036e-05
0.0132882297883737,2.0391051379793474e-05
0.0004424849592879,7.971541422085981e-06
0.0179987796637165,8.642045582495684e-05
0.0003048060235024,9.579658162659568e-06
0.0172113996693499,7.211607451026643e-05
0.0108635093521616,2.173489496043443e-05
0.0184539192776278,0.00011358681162676277
0.0174391146515641,7.013914302386439e-05
0.0198335856250438,0.0001424533560839577
0.0059092500792265,3.4963821818087536e-06
0.0039077770592811,2.0657166680381784e-07
0.0106105304902325,2.1790115556140265e-05
0.0122852786851474,3.2131654838330765e-05
0.0022520175792444,2.0062050989195597e-06
0.0142899516091948,2.123758991180107e-05
0.0096072493547571,2.1228807297679072e-05
0.0197343584169708,0.00015363757402714302
0.0025420174686484,6.506749296001938e-11
0.0171795868161615,1.5653875097307112e-06
0.0032115611471012,7.98741221363114e-08
0.0098125017508498,7.39766927510399e-06
0.0172676781802564,6.75183803287962e-05
0.0063569641365346,5.412132063365611e-07
0.0141740456571768,1.637275543725872e-05
0.0080471064988161,6.573576750512062e-06
0.0033480730267922,7.242180839733209e-10
0.0051872957074499,1.516415166216836e-06
0.0196848848788907,7.64436875897721e-05
0.0004477910843803,1.0634325371025646e-05
0.0063720390406291,4.020426349051321e-06
0.0002304765789832,3.661422291861095e-06
0.001433262187166,3.1827665919126143e-06
0.0123943261260437,4.4264156150254444e-05
0.0144978185682465,6.110167157222667e-05
0.0016743108564378,4.039450796569109e-06
0.017739568872121,1.5449746230131409e-06
0.0165733058196871,6.37732420518823e-05
0.0155859236349288,4.2196626764803524e-05
0.0103497586396255,2.218112803845566e-05
0.0022662638486263,2.1671658324209685e-06
0.0158239417372683,7.168439640747308e-05
0.0161132415601143,8.299023119137555e-05
0.0063751478268854,7.908416555872882e-07
0.0032196606490204,3.5374252054571365e-07
0.0143342008104621,4.688145561263634e-05
0.0092469339560856,1.9514011885139997e-05
0.0087621952558685,5.317727790682032e-06
0.0107768856014078,1.4558064223244165e-05
0.007727964095726,2.156739759506806e-05
0.0108885559604887,2.8665093731525465e-05
0.000324009340086,7.096185948353093e-06
0.0055247714584842,1.7157910859806197e-06
0.0181714338763346,8.871698215957716e-06
0.0066961903437228,8.758515706970948e-08
0.0179248292240579,0.00014822585407404042
0.0093600809725909,2.024842597872092e-05
0.0151440301103706,4.693728922706694e-05
0.0186356253766622,8.47468548070985e-05
0.0076149924529074,4.313351101897955e-06
0.0172668760659962,0.00011563566507319984
0.0012845875320124,4.7419425482899225e-06
0.0120536633946836,2.8140472146169565e-05
0.0132680800775172,8.800500104163548e-06
0.0113956833514128,2.985164749176571e-05
0.0048568928281368,4.194991469818599e-06
0.004515781812436,2.3593339323527353e-06
0.010994400102858,4.6914369295088716e-05
0.0063411950599482,1.777319806862407e-06
0.0126247900638825,2.095449455260336e-05
0.0005127854379626,7.89933655024252e-06
0.0152554147136898,2.840975279932928e-05
0.0132269190930776,4.235987604442282e-05
0.015947413089562,3.114529794850356e-05
0.0102359100893214,2.081935695040975e-05
0.0161313820736383,9.923971945644437e-05
0.0176701303515674,7.737720042482851e-05
0.0184509700461249,0.00013225673157868088
0.0106687658198006,2.7189833366580835e-05
0.0101192137746318,4.131782397854328e-06
0.0017336577882475,3.0152485240533154e-06
0.0048484069968405,1.7312174675260402e-08
0.0143469805867897,2.5393905564287205e-05
0.0004064717897058,6.2409981884216105e-06
0.0149740837490661,6.761325632063784e-05
0.0123946276015848,2.510682881419542e-05
0.0110751022204953,4.8894200118722525e-06
0.0017301172078521,1.429822533632707e-06
0.0069460030439582,1.0096534849479424e-05
0.002412730174711,8.145039760628328e-06
0.0018451415358089,4.5532557697247594e-08
0.0068284649780552,1.057533760001639e-05
0.0155367167833617,5.697482527783456e-05
0.0153791514608436,6.348444972924315e-05
0.0180891368933171,0.00013245121134994428
0.0094635333094004,3.3514983287921915e-05
0.013767467222756,5.747730968424076e-05
0.0145254564350429,7.076656002888033e-05
0.0108588070828318,1.8881923269974434e-05
0.0079929328834268,1.562207421512523e-05
0.0093310204994266,2.705260734378073e-05
0.0013923847541042,2.2554550834165687e-06
0.0057742168810441,9.69353717460478e-06
0.0185738004531439,8.087259426833327e-05
0.005771765117894,8.950981005758837e-07
0.0085790530033807,4.348391393884832e-06
0.0105026754877453,3.546366235314396e-06
0.0172115042295065,9.033633955203345e-05
0.0171073586703528,8.9240855524811e-05
0.0036183796671484,1.035820932118203e-07
0.001240028389948,4.899987000157663e-07
0.0013007508386599,3.707994238341946e-06
0.0090702693693045,1.426908997100811e-05
0.0088275464312038,1.557056003415672e-05
0.0129809794729137,2.9655655850016938e-05
0.0172238609185677,6.432796519286354e-05
0.0124935022868147,1.5827921928947137e-05
0.0008157017844822,2.263664724307348e-06
0.0186026431778806,0.0001097952405291807
0.0019534931453865,1.1843930068028325e-05
0.0184605277149928,9.992369194582528e-05
0.0027130364370829,6.313419529086063e-08
0.006721527280387,1.2388875603211716e-05
0.0113745397895345,4.61133408246472e-05
0.0068819055233753,5.216545232917948e-06
0.0055115631030258,4.1252589611158536e-07
0.0080870427282062,3.2233205012293493e-06
0.0170974173104309,6.723958901298308e-05
0.009985503985964,2.6905958566869266e-05
0.0133180544004047,2.61332469045682e-05
0.0011650511322291,7.975251954333286e-06
0.0033774964649712,7.520307928466082e-07
0.0032450721754587,1.1197481842676467e-06
0.0024688534685704,2.419923209920022e-06
0.0094700343172479,2.375752170287057e-05
0.0012662647458275,1.4890909804303397e-05
0.0138184710043708,7.284682582663947e-05
0.0003743315892324,3.665854249251929e-06
0.0192271554918244,0.00010665051052682426
0.0006695052219056,4.204797105115983e-06
0.0014735263779789,4.121691045328158e-06
0.0199976970526412,7.640591828076458e-05
0.0194996559623956,0.0001237880547761413
0.0119843535386202,2.9373890726556544e-05
0.0168634470999199,2.3910960821708803e-05
0.0015089366373405,7.560853825107604e-06
0.0144070694503423,5.246428016229645e-05
0.011862257094531,2.4662221335461073e-05
0.0106584549482232,3.932543374425068e-05
0.0086089435941327,9.832039540020533e-06
0.0152453960554417,9.447662281025502e-05
0.0035838357655865,7.677644111962957e-07
0.0018361564344306,5.8737550540519005e-06
0.0040337607739347,6.247819391999929e-07
0.0074651150595792,8.575257294227693e-07
0.0060594814105703,1.4253127173904908e-07
0.0061778524407125,3.213274051023887e-06
0.0045069157438331,1.9194525321269996e-06
0.0161526536776946,2.176673680319558e-05
0.0053090886822219,1.699298231430299e-06
0.0031905393458528,9.77819568328547e-08
0.0101616172124766,1.333149098956123e-05
0.0057602065054503,4.242075699281791e-07
0.0160289254744486,7.286765994869428e-05
0.0182261150010045,3.428555744335169e-05
0.006993367297542,6.043540620370956e-08
0.0075567923108473,6.227486492948617e-06
0.0163698448914728,1.822803695223262e-05
0.0197446093424951,0.00010128250511529418
0.0027654417721617,3.0274970459994828e-06
0.0195833479567554,0.000123762619574424
0.0157629676477913,7.151217014100207e-05
0.0148392502929974,5.197765564088736e-05
0.0056829737958408,9.56870497334585e-07
0.0095218685417845,4.804232873991826e-06
0.000163894584896,2.6522544470170038e-05
0.0110543942069756,8.211646430001026e-06
0.0042396452084418,7.51102028012369e-07
0.0076302667433891,6.400903373829861e-06
0.0134978157788358,3.153790001104617e-05
0.0138602539158693,4.809635022378271e-06
0.0199625942160662,7.36954459992032e-08
0.0063214494320617,9.402787092708781e-07
0.0071904052764378,1.9445277951809932e-05
0.019220154385213,0.00011190382959940423
0.0010521898243854,5.821553306639315e-06
0.0120437101348268,1.3519134577340292e-05
0.0133960960512011,2.3124753826762718e-05
0.0199109798334396,0.00010557286067295269
0.0058371960338917,5.656156226543159e-06
0.0006775791127662,6.606233149874586e-06
0.0192785445959621,8.660217723741472e-05
0.0130825571701806,2.264202226527738e-05
0.0172731762825895,7.525051069196438e-05
0.0171578271652308,4.833036195794625e-05
0.0103331754179153,3.0320565486697816e-05
0.0198632892972844,8.871377569988397e-05
0.0069506035382221,2.5695017419772626e-06
0.0078847208831261,4.7064011742424464e-07
0.0073771537469687,9.352591649206901e-06
0.0160659802984171,5.983440299641944e-05
0.0004717499352046,6.808608446135556e-06
0.0098011394937512,1.5978762476225656e-05
0.0094266687125933,1.993576935950174e-05
0.0048060900989422,1.7149227740273154e-07
0.0198748782014001,6.0567280540836375e-05
0.0168371165547769,7.916463387870795e-05
0.0079404929718037,5.776907735805116e-07
0.0111018702233268,3.433343646217291e-05
0.0012641158252783,6.951658454326264e-06
0.0173707042203382,8.458719153342074e-05
0.003766554024929,6.324748144120485e-10
0.0076037164888998,6.539966420149185e-06
0.0128689218043823,6.320458158696167e-05
0.0031392893930777,1.263919790180241e-07
0.0142210558014056,2.5904909894166395e-05
0.0026851961594589,9.593504802906339e-08
0.0090823577410405,2.0067441893478463e-05
0.010297509552835,1.706566280599097e-05
0.0126761798578853,3.6496647411328334e-05
0.0070765676333567,4.2410947034287536e-06
0.0083859261709485,1.2940659081886059e-05
0.0157413492288762,6.430655440017936e-05
0.0057263875277313,8.566078205873037e-08
0.0098361056397656,3.636470274300841e-05
0.0015133378497983,1.2637325604667524e-06
0.0084406612969404,6.5238148471810375e-06
0.0053214468811392,4.15619749109571e-07
0.0050426089823565,1.0967495911139291e-07
0.0010863909086508,5.212631452564203e-06
0.005986523790359,6.622886143865831e-06
0.0088524036864503,2.8840033200198736e-05
0.0103230017388502,4.111602090739559e-05
0.0026923049089835,1.9059693238339972e-06
0.0032863764739692,4.1396972104415963e-07
0.0021047309571855,2.2857200371658433e-06
0.0169066281366385,6.168734068939618e-06
0.011501500478569,2.8266476411057492e-05
0.0135003316440422,7.666515181003608e-05
0.0088840183240548,3.361460672338275e-06
0.0082708200764146,1.6779157155092955e-05
0.0073431204460257,2.1783211813103357e-05
0.008490465166235,7.057743882753914e-06
0.0132426816423164,2.8592327327233084e-05
0.0179999059040825,9.249560411175135e-05
0.0076103224785622,2.7748540475869896e-05
0.0187999084235351,0.00010741123538004374
0.0065557493908219,1.1585643447622317e-09
0.0033917338257548,1.0654459237921817e-06
0.017494906961484,3.476834592457107e-05
0.0122686813251097,4.465622976718724e-05
0.0181244926567692,1.6883319608916292e-05
0.0102339368630582,3.1137087601404134e-05
0.0074730813535521,7.470849854531408e-06
0.0002236200498819,1.1049608939275002e-05
0.0144760892434147,5.458003773723389e-05
0.0195395125145,7.594685533434184e-05
0.0197169874416283,8.481341635262063e-07
0.0073129467112226,9.601923783358164e-07
0.0075725107644172,4.3043725242100585e-08
0.0062014847936413,6.269772906104875e-06
0.0134590125367366,2.482616965631587e-05
0.0035075895210017,1.1474597026946406e-07
0.008422855971973,1.1430787099815086e-05
0.0052206415755032,3.038371474103789e-07
0.0168992887959175,7.837420419305302e-05
0.004394170229404,1.885002713441424e-06
0.0147981005054972,1.0522248710377077e-05
0.0148999691696043,8.482093278915777e-05
0.0188467967813437,4.139852586169209e-05
0.0175016039536105,9.417917524163721e-05
0.0071219957643616,6.822880085691445e-06
0.0156543554101293,5.303175828015061e-05
0.0183032844787875,3.654978035808107e-05
0.0120618842481251,1.931137771415202e-05
0.0192587928689933,0.00012220906154886008
0.0074892645575264,2.0372495178982943e-08
0.0009131556988762,3.460416779868106e-06
0.0003653732146901,5.097435671784525e-06
0.0028701827835739,3.626608461240337e-08
0.0100756148088283,3.110219530503003e-05
0.0028653496416907,4.503649238177076e-06
0.0135544297871848,5.759085666241117e-05
0.0037859088027878,1.0512971632024006e-06
0.013048330746516,1.1829285463864762e-05
0.0123091486652108,3.41894869554012e-05
0.0198973206548498,0.00014371407296520376
0.0021323635947599,9.6250315652041e-07
0.0186079211193956,9.648262408005025e-05
0.0193567479739997,3.459092854174645e-05
0.0071871786727761,4.430461581334286e-06
0.0020306913209272,2.9598814704934803e-06
0.0168198391917035,8.278503806596726e-05
0.0003881274881876,9.486143072387227e-06
0.0191213384778767,0.00010551333038456102
0.0070934273943712,1.3600451482182007e-05
0.0130500527342405,4.151418543712917e-05
0.0010465361513326,1.0306531295263493e-05
0.0137538153009005,5.4760526954859276e-05
0.0096330709431415,2.833306423547324e-05
0.0141543901296405,1.3181131992105415e-05
0.0144040283454667,6.670823608617341e-05
0.0032484510769367,5.690223400024735e-07
0.0049511632200895,1.6527445733978021e-06
0.0037299433884849,2.402932641260249e-08
0.0031778854459309,3.7663222390155905e-08
0.0001549124140537,6.435096971175742e-06
0.0184032795306621,3.392738970004065e-05
0.0043119719486563,1.2137634258535616e-06
0.0119032863033351,3.480551182829449e-05
0.0188500384227033,0.00015281963600357205
0.0149985588539271,1.32449465752863e-06
0.0111086960740505,1.1561034727978173e-05
0.0150609566750699,5.7334669209081125e-05
0.0140121743345873,4.284257075093265e-05
0.006520396523532,1.964870045939223e-06
0.0045217408154056,1.2658433940637675e-06
0.0136242661125026,3.680007274457171e-05
0.0029953918430105,1.6780237376129705e-07
0.0084863713955972,4.783319468274648e-06
0.0190520849719311,0.00010973133917287906
0.0004859409584125,3.5683555289683476e-06
0.007108633969035,6.647772847769967e-06
0.0072987411550332,3.497404830035729e-06
0.0113906822688243,1.1966381897704126e-05
0.0010733198250192,3.873823907530815e-06
0.0030298100072514,3.7247989196863515e-07
0.0173269937258811,0.00013197608638574026
0.0054790337501878,3.206936628860889e-09
0.0028684322757614,2.9460529229215116e-08
0.0134291540981954,2.328728607505945e-05
0.0045085892768631,7.042280898510306e-07
0.0151479543504696,6.851781856726014e-05
0.019566295768099,0.00012949225763608896
0.0102579792747776,2.3426153977498387e-05
0.0162421139610034,9.368507743602853e-05
0.0183757605895744,0.00014678859270036344
0.0090876338128013,3.841941712343039e-05
0.0193375152190145,6.773286399655442e-05
0.0094327468015109,1.3306878542804985e-05
0.0042985252346772,8.160069729974831e-08
0.0161837171344535,8.142126822003965e-05
0.0063625443382415,2.6352449115235805e-07
0.0075934787211701,2.0393831427963808e-06
0.0104418681575387,2.979454425230219e-05
0.0153759800964354,4.486586363984291e-05
0.0076824178157611,1.7326750021120653e-06
0.0186894107719384,9.432912033899883e-05
0.0196495396766434,0.00010048204223963757
0.0099897324984337,9.66636028535352e-06
0.0165624392826964,6.643039260185036e-05
0.0152342361654932,2.5418254073326217e-05
0.0042243394803695,3.9820171197581755e-07
0.0196189212110186,7.797156347712919e-05
0.0052680537569488,3.1250356410223855e-07
0.0159485991901424,4.153660759935315e-05
0.0087931217424086,2.4987402733267423e-05
0.0042376982587544,1.9003178565941664e-07
0.0054954624196882,1.4224821247781631e-06
0.0013274652080379,6.4613964374756185e-06
0.0139995973536081,6.037859118594016e-05
0.0029091446554962,9.802033702403218e-07
0.010342090330812,2.940533335425596e-05
0.0016396614592612,4.05617585688698e-06
0.0046264811812151,2.5512594767081217e-08
0.0020305516280093,1.20378451067649e-06
0.0163651092273069,6.879789090873466e-05
0.0109152885448006,7.442691006505522e-06
0.0008745266920854,3.0166054695521925e-06
0.0045833667416028,5.819443630582648e-07
0.0005179415780479,3.801489086740458e-06
0.0093074744549883,1.1069490145355081e-05
0.0102984508222172,1.0212710536986219e-05
0.0068776965662418,6.6247161063782706e-06
0.0036127576297529,1.250083673326784e-06
0.0155232378214939,6.715782572609722e-05
0.0189031322512681,4.398499526595545e-07
0.0075696696883446,1.560846733922742e-05
0.0017867980167095,2.1304380653517096e-06
0.010658330647393,8.448951074425257e-06
0.0005192304570352,5.981196406680004e-06
0.0154900237043102,2.0678488774042132e-05
0.0162965263224415,6.081917747390197e-05
0.0003603086971043,1.5446474717010047e-05
0.0113550523255964,4.4619851960214034e-05
0.0170370160688885,8.786756945639203e-05
0.0101938899672655,1.6692058192363575e-05
0.0154746552770244,7.419406497361698e-05
0.0193497956245895,7.02728954828585e-05
0.0110003919683181,4.8318077917992046e-05
0.0198904946788348,0.00012172576333856622
0.0164528015071591,7.200354986647677e-05
0.0058491353636737,2.7176102145433526e-06
0.0043830582002604,7.398097611662082e-07
0.0087204714121435,9.316238009986274e-06
0.0165225431705456,3.94075788174151e-06
0.0107567074398224,2.797516287551553e-05
0.0007107310231565,7.064686041919475e-06
0.0144705087874971,3.343776295718501e-05
0.00049661788716,1.5319703914364818e-06
0.0043527687589634,9.829134300664033e-08
0.0070086256715717,4.301105029496509e-06
0.0054452335873974,4.848318900639072e-07
0.0047789150761269,1.8021771389788245e-07
0.0095602984440414,2.325958148446257e-05
0.0012472790193553,1.4416067845159882e-05
0.0008974215994667,2.609364767807705e-06
0.003641579227539,2.8092562845812024e-06
0.0125684221196368,3.6517096532608577e-05
0.0149212143691716,5.488056140010986e-05
0.013587383058296,3.1744978720736244e-05
0.0054706184328288,7.710662294684887e-06
0.0151093439700933,5.89032812937208e-05
0.0168032149357721,3.857616877290061e-06
0.0028675865731147,5.96073048231741e-07
0.0015029619222321,1.0107060479034742e-05
0.0078230399175865,1.475102333772032e-06
0.0115477817978686,3.521736655363962e-05
0.0131915086146946,5.6058564601262035e-05
0.0103254236069967,1.0610218276249673e-05
0.0019373085890919,6.961577963627323e-07
0.0017379382820512,9.585583875584785e-06
0.0071753182760032,5.130811873401297e-06
0.0172271729208818,0.0001013241942687421
0.014173328442604,1.7907255390981407e-05
0.0153875388150539,4.883763864241443e-05
0.0025404793901522,2.7265214944737704e-06
0.0145912308197116,7.82940942077061e-05
0.0076169611509849,2.2801992937762777e-05
0.001925486584974,1.0119910235831743e-06
0.0066371871879828,1.4452121914082491e-06
0.0037439046145263,1.5196030721684265e-06
0.0023613106035101,6.276801105081093e-07
0.0113749766438317,2.712876212645251e-05
0.00725252667288,5.156138374048462e-06
0.002089811896303,1.7850919388935861e-06
0.006287479591762,9.777465727333365e-06
0.0047622625881586,4.550197390923151e-06
0.0048192927288129,7.232864782137728e-07
0.0032536260773651,4.6452482514979525e-07
0.0187349680957929,7.246815099508488e-05
0.0133752710360422,2.271581584168101e-05
0.0026627799456308,1.905928250856161e-07
0.0183703416891735,7.928916027669698e-05
0.0117193381797926,1.3056012407958634e-05
0.0111578303536084,3.9210589012448705e-05
0.0028158210883855,1.305672739090371e-07
0.0104042550220729,1.3008944123424358e-05
0.0194765835230473,3.9473402471599545e-05
0.0172825025372915,6.45481935829168e-05
0.0161815312617248,1.3200501569900587e-05
0.0092976628788636,4.051935434630841e-06
0.0063706979590047,5.731786364275039e-06
0.0015937677149438,2.4096013548951967e-06
0.0053109781082254,5.618990217134771e-06
0.0189630908756298,6.523759911823331e-05
0.0010024001798396,3.340109840467553e-05
0.007934884760222,4.8374806725413185e-06
0.008578574261505,1.3882971471134318e-05
0.0163808374901022,6.549548441286177e-05
0.0051528490009922,1.4549773107503044e-09
0.0193962149954923,9.702611993620985e-05
0.0044812517070484,1.55940233441479e-08
0.0039000090880311,6.806989523845873e-07
0.0191103426554875,0.00012040979781246928
0.019335677068333,9.866745540988396e-06
0.0025246986617607,3.13334320031281e-06
0.0107421936370671,2.110574433590598e-05
0.0169865318867475,7.710152493778997e-05
0.0133592765097309,4.306904300685815e-05
0.0086888585779946,3.610040318159345e-06
0.0074448003021139,5.994426355756478e-09
0.0137186667168477,8.430783779557036e-05
0.0027874980632249,8.877977877369707e-07
0.0069983737531626,6.902667141289569e-06
0.0046203393727852,4.5727780794829565e-07
0.0185810998006016,7.715698402678695e-05
0.0017375915680202,5.135571850121919e-06
0.0178349561601485,6.3962227649724e-05
0.0073469119181938,3.7938224532814542e-06
0.0092620561183452,1.3949256729505312e-05
0.0154402121178597,2.58642092941739e-05
0.0077027388759093,3.365245076925754e-06
0.0139371415193398,1.4834269344784296e-06
0.0155413487374373,8.435407125568664e-05
0.0087228518432828,9.732034056120977e-06
0.0022353422422146,4.953286035604734e-07
0.0184684979391558,5.845447554936134e-05
0.0184141904585028,7.450328898753079e-05
0.0163499379146844,6.595361802912572e-05
0.0021530456431559,4.8191422764290474e-08
0.012039295250719,3.3240714856616e-05
0.0123448427826183,4.655212854774359e-05
0.0030134233124498,6.083545745893145e-07
0.0078719626287195,4.281268475726876e-06
0.0009936180469724,9.2585106875323e-06
0.0095444020115658,1.766822113065482e-05
0.0126900562778115,8.644151583680855e-05
0.0106227063141033,1.042637305948223e-05
0.0126518782013514,2.040190043098218e-05
0.0108808392209697,3.56848315188614e-05
0.0071420232667023,1.4011652960833723e-06
0.0017822112455017,3.7273081709354794e-06
0.0191861027024845,9.875965435174111e-05
0.0070116535465293,5.331699471064738e-06
0.0161040649821475,8.363928029119121e-05
0.0162071926993316,8.615545554448162e-05
0.0157911363529468,6.080575100593298e-05
0.0077449714051742,6.814377149822014e-07
0.0086068582672117,1.2835459376353602e-06
0.0125431345070664,8.641412046916167e-05
0.0160730534500474,7.437101852284547e-05
0.0052044760426563,1.3114776535206676e-07
0.0120485052239747,3.610618784939569e-05
0.0153855079494688,4.795641489626462e-05
0.0035064496822929,3.868718503387447e-07
0.0168252241877377,4.1820180168587477e-05
0.0069304078444953,2.1761243050212322e-07
0.0149807748432809,5.642939355283626e-07
0.0023409066216779,3.3590334175026623e-06
0.0083581210191443,2.1502958951374276e-05
0.0059495691587513,4.345049622434687e-06
0.0149964270506402,7.910456383594075e-05
0.019426108379428,0.00010039601348142392
0.0103823268150706,1.2424026944086792e-05
0.0030891518561901,3.687534968436724e-07
0.0127981183635998,4.316998084729192e-05
0.0137218423267024,6.570397146877548e-05
0.0067256561541146,5.2903089354334055e-06
0.00378400838786,4.77775571268661e-07
0.0085837371844899,5.868445571888599e-06
0.0002263009696213,2.9461167751196824e-06
0.0154575604506252,2.882107394672103e-05
0.0095311346619139,1.8920227171575217e-05
0.0078968922865003,4.281497856754843e-06
0.0059678468924626,9.834576122272936e-08
0.0055351110151115,6.520872257551874e-08
0.0147281524055533,7.04944795648277e-05
0.0142885094433731,5.5015903551836664e-05
0.0066991191025824,7.299168188114736e-06
0.0100248824147037,1.6837989612547634e-05
0.0154531228685091,6.129643603048944e-05
0.0100422776428037,1.6039536441685364e-05
0.0115612839736541,3.1830417112376016e-05
0.0109894213710564,1.7812384250579107e-05
0.0094295623597377,3.2766100643780136e-06
0.0010359789575884,3.7449400570448583e-06
0.0095796675875432,3.0922757800630826e-05
0.0062395510028512,1.0677155534325124e-05
0.0025520518619699,2.3846415236519667e-06
0.0055765375937493,1.8365437518087152e-07
0.0044971582453764,6.5047717246337945e-09
0.0091762783379001,2.0096936146172156e-05
0.0033640414402917,1.6008550788667786e-10
0.0141874701562338,1.6440985649365594e-05
0.0094678602909018,3.7428429461156465e-05
0.0178788064632016,0.00012355469259630415
0.0091881929937964,2.492108607315886e-05
0.00779699575461,7.10439675380252e-08
0.0176817123135793,0.00010072821431199537
0.010467472628564,4.2348159076195096e-05
0.0102466799282453,4.4291788801255427e-05
0.0144428364320898,3.211254166223861e-05
0.0198529029560439,9.13609521051146e-05
0.0175594003828563,6.237018730442578e-06
0.0015334580992369,6.96646126145404e-07
0.0129214621224075,2.3378662263144273e-05
0.0199648450209054,1.2268864124478154e-06
0.0048933641967773,1.2501517095262744e-06
0.0154687459671345,2.9156858481697378e-05
0.0066568537701352,4.1936099586384925e-06
0.0152513941489637,9.547649797948883e-05
0.0057186066674231,1.1197733244571861e-08
0.0095823398829366,9.148030983228866e-06
0.0127971941109906,7.2765161812859785e-06
0.0056708958941299,1.708968554114215e-06
0.0151114146334201,5.6444561491760595e-05
0.0164624543428824,9.10023289768771e-05
0.0147407262055574,6.16221699088435e-05
0.0096294028525505,1.0674701094684528e-05
0.0072136409196116,1.5547765142698116e-06
0.0110433629916876,2.558679888023651e-05
0.0039329157390482,1.9987355184315255e-07
0.0040721926963263,6.728015115310048e-09
0.0126289733558995,3.7342768425550434e-05
0.0159123757885078,2.622072576423902e-05
0.0122677529145621,5.6218784688260776e-05
0.010014769946035,1.1041566257899069e-05
0.0059609663243662,7.285206402329668e-06
0.0165946631930264,5.736302623654085e-05
0.0098806676743,3.277135636031162e-05
0.0005352924709068,6.876294399847501e-06
0.008772907819405,3.021280979792557e-06
0.002654720443032,1.340515602761412e-06
0.0064894343819229,5.149189872274851e-07
0.0123961979569991,4.0324458974390946e-05
0.0014071540608315,6.076336277775806e-06
0.0035025441274628,1.2896096435401063e-07
0.019573086095395,0.00012175790901164378
0.0183524681870777,5.7312007556821315e-05
0.008092743375547,1.01375242747304e-05
0.0142461067697573,5.62001944156171e-05
0.0152469107956361,1.3191467995712617e-05
0.0042544907326279,3.9076994987141847e-07
0.0144522735014458,9.17122229317511e-05
0.0097022681666767,2.5506346470890538e-05
0.0149470323658399,6.305755772864645e-05
0.0137155540548476,3.305845744810227e-05
0.0028780764496824,1.4635193348997987e-06
0.0100362768137749,1.3819563492375806e-05
0.001858498709766,1.809314332213915e-07
0.0065505217294404,3.6566069101263673e-06
0.0100138098576104,1.6029906926247035e-05
0.005944335892131,1.4072745694485105e-06
0.0020936502332557,1.1056601905254462e-07
0.0071783070083805,6.019162945642098e-07
0.0057870000338634,5.896592043886611e-06
0.012407727423006,7.620430023385945e-06
0.0163448618917977,9.715744093422937e-05
0.0064498958849273,4.046682260030847e-06
0.0009993352819036,3.2172676517649213e-06
0.0052905587564111,2.4366830815018827e-07
0.0104716842470489,3.5553568827200786e-05
0.0130887498035584,5.87872308072592e-05
0.0166065034411449,6.52195846628245e-05
0.0014300112447198,2.983227044325022e-06
0.0033775748793803,5.898996707501418e-09
0.0102338958881152,1.49331960276067e-05
0.0178203454501033,8.011443503186182e-05
0.0163467667384025,0.00011160883999890558
0.0107386609134912,3.702998898054983e-05
0.0083433576415432,5.847770284632551e-07
0.0109689440580105,1.7695649109244506e-06
0.0057340741511715,1.033991241607792e-06
0.0102265232990476,1.0734705834503717e-05
0.0156737001700411,6.258632052946244e-05
0.005655279436694,1.4415177897151316e-06
0.0063149702635516,2.91817800867327e-06
0.0164330176974624,9.390833983945487e-05
0.0021233406216288,1.92981695386888e-07
0.0164249303334397,3.065121368524023e-05
0.012043827397768,1.5355845554561662e-05
0.0105226976997015,5.915614412027451e-05
0.0037473880083726,8.01693501712213e-09
0.0155367801158058,1.390247491536672e-07
0.0100996539970014,2.5485408627215727e-05
0.0068239865214062,8.76070235618447e-06
0.0068863002995347,3.122392154040848e-06
0.0128918938786754,4.7947067234338126e-05
0.0096060174162754,1.039853033092391e-05
0.0172430084111365,6.947626469555177e-05
0.0052797924382388,5.168621225663151e-07
0.0144827566281267,2.3413576076973214e-05
0.016751120247008,6.068347025440956e-05
0.0162122635169555,8.673193071476034e-05
0.0059129723866075,8.727491108993036e-06
0.0053345306021263,1.0174539687581405e-07
0.0074319632148764,9.651315890092195e-06
0.0147325882004582,5.025320580879915e-05
0.0013131086978616,2.7667334043581604e-06
0.0122697568798736,2.087945671698187e-05
0.0168612897701443,9.383915055515148e-05
0.0176164826096882,9.213664228978661e-05
0.0170644661148008,8.549111769804425e-05
0.0018736974800384,3.84918373611638e-07
0.0067725790416453,8.949445344431133e-06
0.0096073573510848,1.2745033620232687e-05
0.0010730379682549,3.41719324739458e-06
0.0017799997675272,6.813860669718763e-06
0.0061096990513528,2.474210380829807e-06
0.016815883455194,4.067303951033192e-05
0.0146912714565487,1.7624012795426427e-05
0.0179035033270443,5.645706449696859e-05
0.0144859962895624,7.284590085583272e-05
0.0074892942272501,5.093194143012554e-06
0.006745798215911,7.728156162509788e-06
0.0095626308539682,3.64720668108559e-05
0.017434326350644,5.691308903565583e-05
0.0092055685988582,3.166550453635855e-06
0.0097965509365496,5.253943722452899e-06
0.0019126842504247,1.749341557253958e-06
0.0029445086087358,4.6040032680794347e-07
0.008852076964117,1.0770583194397233e-05
0.0043125628421593,3.176314000779668e-08
0.0007578148974108,3.1111263577970093e-06
0.0026554818873734,2.2042084759733752e-07
0.0151549187706904,5.515039806744627e-05
0.0081566744846649,1.262400646976891e-05
0.0197927202827381,0.00014138052237235634
0.0005797420251501,2.994599957815614e-05
0.0128259110787909,2.481510341462285e-05
0.0016534046964148,3.919040940669297e-07
0.0043553268758564,2.6592388371228196e-07
0.0191129030326488,5.2488835425446984e-05
0.0098528036248595,2.1022452942726084e-06
0.0023475401435534,1.189718522785542e-07
0.0073177395292057,8.325040492681535e-06
0.0026828533949325,1.7346886174983182e-07
0.0020359280473501,2.2778483732379155e-06
0.0048790896006677,1.9402759707848908e-08
0.0082472414465481,1.8804983096629773e-05
0.0056147516676036,1.3201107739455125e-06
0.0157726920756268,4.714755509332131e-05
0.0015217719588656,2.344019656133679e-06
0.0126721094192602,6.135247750825552e-05
0.0196529493699288,9.530629981222988e-05
0.006024118421984,8.67850439257496e-06
0.0039835699831409,4.122738210997222e-08
0.0078718469185789,5.606480711144383e-06
0.015890898521121,2.0539010687392643e-07
0.0077490392344352,6.836805971155508e-06
0.0145477356899018,8.659818385004191e-05
0.0185833761449557,1.2605149874581606e-05
0.0160732793767152,8.850599449960128e-06
7.219546995153481e-05,1.0379014363333419e-05
0.0021474096890876,1.4035189770649678e-06
0.0054611230681769,2.179268352969667e-06
0.0108598171786948,2.695714305852501e-05
0.0004745693504228,1.664790397915117e-05
0.019715958915377,5.561786280927877e-05
0.0031820524874273,5.184501873799616e-08
0.0160352895934793,5.6530575820071606e-05
0.0020951805865153,1.408489108573924e-06
0.0175623910737343,0.00010889489848928612
0.0188116580142267,9.880845568780793e-05
0.0093260775082552,2.2678155535112217e-05
0.0051788040155914,2.0040058750653728e-06
0.0055774644298989,4.842033919354614e-08
0.015322073385041,8.97449851478664e-05
0.012825746395296,1.6633769493766457e-05
0.0111644217712646,3.215033585845624e-05
0.0057422561235463,7.104944774919221e-06
0.001865092623075,8.548194670171235e-07
0.001356920084997,2.607031966585389e-06
0.0143565560463924,6.880372239596764e-05
0.0035678324208334,6.434162844635562e-06
0.0098957659687285,2.0358376725002966e-05
0.0022071254058421,1.644504079267298e-06
0.0007028013156926,5.03409587901079e-06
0.0196617640667479,9.142726835048589e-05
0.0001233878047157,3.2392953559759952e-06
0.0194656537167869,0.00015104280684467573
0.0012462732852428,1.3785255148420647e-06
0.0097994893690766,1.5829123592478584e-05
0.002283486142791,1.8114162331521793e-06
0.0171944128569662,2.411748748510079e-06
0.0147265206063026,6.203001888488149e-05
0.0167187568449187,4.02978651299899e-05
0.0012700732321606,8.266390255020413e-07
0.0178458389876645,1.0629170990841097e-07
0.0128957440694332,6.404133753113766e-05
0.0150039800983436,8.473553077505701e-05
0.019656168194435,8.547766621932376e-05
0.0191717569179197,0.0001575205317717854
0.0053225365167676,6.209034534762959e-07
0.0113991235932572,2.4339114134693198e-05
0.0066487500694487,4.652877661705165e-06
0.0073770973575881,1.1333558163964096e-05
0.0041403072139741,3.8599196226145985e-07
0.0053379944565461,2.4252878152491454e-07
0.0081787222590826,9.200511033714093e-06
0.0067866207573722,6.154591985445264e-06
0.0164740922082391,7.667854364506531e-05
0.0008052165276518,1.624879239609955e-05
0.0052981282698715,3.2874991571341616e-06
0.0083309909000809,1.5750677178586758e-05
0.0026530393706076,8.762597250994668e-08
0.0165441040255525,9.006784813055635e-06
0.00699393260079,6.47844157410719e-07
0.019715315634864,0.00017650130483750972
0.0139976851924722,1.923914784328744e-05
0.0136000177319973,2.3357408382293467e-05
0.0151156450770377,7.810442000321033e-06
0.0108873392089851,1.707481126702542e-05
0.0052069479627034,4.6897961490437505e-07
0.0069753653856584,9.270636596178837e-06
0.0145893189674017,1.1999233288798217e-05
0.0164771055608247,7.38416799062664e-05
0.0068127741242306,7.790656212006598e-06
0.0190469309417685,0.00012443991192707542
0.0103472370602561,4.879817873889717e-05
0.017793363064054,7.984867011641136e-05
0.0119595961039796,2.4020351978494786e-05
0.0148073944569863,0.00010095117558360346
0.0060871906327146,2.9331659970712113e-06
0.0143119331808618,5.949156933502786e-05
0.0033115535328627,7.411731751474863e-07
0.0156813934260574,6.0198903968129154e-05
0.0074293699198925,9.6671672410603e-07
5.7751611630514346e-05,3.4605290267913094e-06
0.0070664191445584,6.887386092228214e-06
0.0128032846232208,3.355553428012458e-05
0.0185143444760473,0.00011785996035284609
0.0162322419740461,0.0001351517853331727
0.0039590567784544,4.384489475230323e-08
0.0146723937100272,3.0144959256242528e-05
0.0150133504057937,8.243364801102537e-05
0.0135545120655573,3.942340948381938e-05
0.019094444131783,0.0001125872489419037
0.0072159375670997,7.584679627947541e-07
0.0057922632162675,3.846068200832629e-06
0.0134254912506795,8.023694932289838e-05
0.017397491283144,6.0333005949886166e-05
0.0057466703980883,2.650775970440275e-07
0.0078635131230847,2.660618261763261e-06
0.0068912947901561,1.4990377969450482e-05
0.019337373887572,5.430454394528214e-05
0.0087151991976407,7.967898825477657e-08
0.0133856172171571,3.170851063874403e-05
0.016206481847341,2.1978625088874754e-05
0.0023051952235896,1.8364226490226463e-07
0.018379308526792,8.981626504373096e-05
0.0127433417999918,6.423769228536455e-05
0.0109527225466389,3.5472443676182594e-05
0.0047718971166224,1.516290581541847e-07
0.0129359026017993,3.748546055776198e-05
0.0079260836162117,1.2006702986955645e-05
0.0178436969265287,5.7261071874994786e-05
0.0119453372386749,3.869479032685064e-05
0.0138144645548265,7.880415345651179e-06
0.0126105682426225,3.569099488459518e-05
0.0084975329150249,2.476227842930448e-05
0.0017302200248447,2.374398980099931e-06
0.0150385781090656,5.495720365268659e-05
0.0091204306138901,2.6330553965755887e-05
0.0141411270140372,3.073402398664031e-05
0.0119204314192303,1.8652130660303273e-05
0.0112820462572745,1.1147589947326752e-05
0.0192106715449221,9.692021532817218e-05
0.0046113879419974,6.91214903674651e-08
0.0095146657405381,4.003326999486444e-06
0.0053714117543019,1.3132569241736837e-06
0.0146094873842816,6.744038982951581e-05
0.0072039599875566,4.704925102069833e-06
0.0010736224446009,1.8144182609664243e-06
0.0115654910114215,4.4257477781419524e-05
0.0021802075227885,5.274737420062397e-06
0.016435731732231,8.142372618574541e-06
0.0086907027422732,6.433968686544215e-06
0.0003712626520692,4.2497150246302065e-06
0.0083436183438077,1.794176779631768e-05
0.0084477026269211,1.4252328369460853e-05
0.0069320623240922,4.27872415580362e-06
0.0163118296103019,6.526463536068193e-05
0.0198453973674771,0.00012702066319261203
0.0014546706343886,2.0742600721480345e-06
0.0195499603460725,0.00012693353582825115
0.005536848996637,2.5381698300673724e-07
0.0159742508647344,4.62467240765235e-05
0.017832594250398,7.538719530839422e-05
0.0185035754520089,8.748910699283721e-05
0.001617437221209,6.646617432659955e-06
0.0101844423057329,2.3929993376429408e-05
0.0078132943321072,7.638509382379523e-06
0.0005999811801652,4.679520062184522e-06
0.0016000617759899,3.1899776477686077e-06
0.0178753651946441,6.616382307635287e-05
0.0070428065474869,8.330736274793128e-07
0.0199520923253627,0.00010641611581750278
0.0011448910526693,8.894676300945542e-06
0.0052395871936042,1.618610286545056e-06
0.0042598708408516,1.8722935073829513e-06
0.0034854875720965,1.1376338395804752e-07
0.0152475868253512,4.94540693031952e-05
0.0191978507625542,1.3520122514982839e-06
0.0035193358983296,5.891417374499947e-07
0.0158528727365821,3.107116379201117e-05
0.0178708045006951,8.506383857177197e-05
0.0127000936182958,3.9674637237703645e-05
0.0013756555509986,3.3669561916176506e-06
0.0193094230925833,0.00013961150161701346
0.0128940691222269,6.667652235663506e-05
0.0063105121250225,1.6693647461307155e-06
0.0129043754061369,1.8108592666598222e-05
0.0088470011874099,8.690304165453915e-08
0.0181198295045491,0.00010320201863060413
0.0197835011343126,0.00010154178526601367
0.0095001276420657,9.563465767968802e-06
0.0058957946996803,2.678464088730315e-06
0.0109795317967583,1.3245449312142613e-05
0.0109352425785093,2.830557906753065e-05
0.0142918630856248,5.066033358552708e-05
0.0098394146515038,5.472593713071744e-06
0.0049306129959019,2.3077415555020534e-07
0.0086872995727494,1.9426038185568223e-05
0.0174884508978448,0.00013710028076525685
0.0004672465431524,3.0824165101984423e-06
0.0010756682438822,4.068262734368084e-06
0.0122301844382411,1.0991802457899722e-05
0.018754410148828,9.065253839990913e-05
0.0051209223971358,5.230879147887401e-06
0.0075131691512485,1.5051347958955483e-05
0.0064859980986743,4.363252768490081e-06
0.0091053015532094,2.055381746294975e-05
0.0042481257641499,2.099523169959115e-08
0.0167302639618096,4.391966042726858e-05
0.0194328670279561,3.1125391181520754e-05
0.0140958756039708,5.2595042782006454e-05
0.0134701946196282,5.0136854648953505e-05
0.0176884113633482,1.734149535140958e-05
0.0045943767868696,2.614321506844637e-06
0.00691456369737,9.508712150787127e-06
0.0115982373650258,3.816859947653538e-05
0.0085806377597798,2.4896453746094917e-05
0.0190764251462662,9.36051453647745e-05
0.0028038257952569,1.2811988873034675e-06
0.0121498491216048,6.104347661459453e-08
0.0066404198106951,1.8432993339159577e-06
0.018482904070285,7.00868376225453e-05
0.019176126337982,8.516025229105467e-05
0.0006742079575697,1.9412284024574042e-05
0.0049784953568327,3.088577829738511e-10
0.0174945986946536,0.0001006117232983736
0.0162064636099766,6.808012303147268e-05
0.0007136536420737,4.715417774459173e-06
0.0077410774108627,5.167505454760157e-08
0.0174579609225242,0.00012524170263347143
0.0083698264442551,7.767020727910469e-07
0.0092653426722439,6.570726631503507e-06
0.0153495292755521,6.956919644669655e-06
0.0021137488974068,4.1179493281130325e-06
0.0092466990101413,1.0698301417904806e-05
0.0143251542902618,7.677328759718818e-05
0.0175962807342219,9.353539960084137e-05
0.0110000563040873,3.97433170781674e-05
0.0049196550142459,1.6259116358344155e-08
0.0027403411994056,6.224305978175438e-11
0.0118796976364827,2.2272301620911264e-05
0.0196914910226058,0.00012291062176529837
0.017387944550714,8.05849395704854e-05
0.0064650557195402,7.65486448426308e-06
0.0058491292678083,9.668576319734013e-07
0.0184058881537744,7.463953496179978e-05
0.007168144090239,1.3284013134012973e-05
0.0093070656634382,1.8660315835884844e-05
0.0015935249640024,1.973770073779773e-06
0.0043503937987032,2.965697309394358e-08
0.0013128508371103,1.2721195319453825e-06
0.005507483686693,1.8232527682609645e-08
0.013458717589469,1.2071606665310139e-05
0.0039304447213884,5.419807086855973e-07
0.0127852847127337,3.993772197855771e-05
0.0133399264489893,2.7729250506083686e-05
0.0074190740443005,1.3167848210998849e-05
0.0124584284226476,2.8164261838112312e-05
0.0089126110330058,7.421510474258492e-06
0.0194805214010969,0.00016422320115734728
0.0166879767464902,1.770781262780524e-05
0.0066712499143953,2.5041547879068937e-06
0.0053937793561277,2.007608702745808e-07
0.0056515321075361,7.094919611487084e-06
0.0142002257798006,6.312519359778444e-05
0.0047974897486593,2.855831236937991e-07
0.01816908833622,0.00010173590678257064
0.0060886610174529,5.243792719405026e-06
0.0105312691318258,3.276620631242815e-05
0.0171607639309635,8.883943406409784e-05
0.0034318143039226,4.446256774475429e-08
0.0031956917671927,1.62530266823949e-06
0.0171595927013235,9.150686067559374e-05
0.0198290070823986,0.00011230043812439456
0.0154970355218201,7.475000649318687e-06
0.0036077145619461,3.3159867084911625e-07
0.00446876432535,4.3648502963161344e-07
0.012367759732991,1.5058834978125042e-05
0.0129212965353392,1.9130391380050173e-05
0.0119788777114909,3.670694191222316e-05
0.0079193839522178,8.128096542546678e-06
0.0162163551054235,4.422328754203616e-05
0.0066295089879885,9.828424358906835e-07
0.0097901694496932,3.159540133833531e-05
0.0056288505069723,6.2283150698082775e-06
0.0092058861809843,1.3703619976866819e-05
0.0083139380074363,1.6224438078175443e-05
0.0052741773101261,4.2211759547502776e-07
0.019484364902546,0.00013887427529352312
0.0089305235979842,6.102261396616871e-06
0.0052298246705111,4.594876251269681e-06
5.500359248334253e-05,1.4693634170758638e-05
0.0144008576025013,5.2463674112214165e-05
0.0017707763639125,7.51190390540555e-07
0.0092545848300426,6.606050404455447e-06
0.0058486245209626,1.5257463269468094e-06
0.0148075898664978,3.6062048418989055e-05
0.016452344072646,7.025263084876653e-05
0.0167624870526064,3.342647526157584e-05
0.0110748735189197,4.6084101346270275e-06
0.0176850239415204,7.236436145834962e-05
0.0068903336747438,3.7692132169565237e-06
0.0118353833673593,1.6433996810570762e-05
0.019769995172582,8.764070922115311e-05
0.0037263415442144,5.7819566920709704e-08
0.0096736046034707,2.3381499683556463e-05
0.0090018393484053,1.9060281575927465e-05
0.0134165553311687,2.248840002735599e-05
0.0029768944339048,1.8329721634494423e-05
0.007422628313799,6.029617076968798e-06
0.013774556406981,2.6608019213279347e-05
0.0187679551318024,8.141303795074789e-07
0.0085507826156244,2.13804607040602e-05
0.0167211028139197,4.298206452565794e-05
0.0068628589421709,1.0534909102744125e-05
0.0053616152748212,1.381835393777184e-06
0.0167642359404807,8.549849424550955e-05
0.0060898389809735,6.307125742936517e-06
0.0107370436944778,4.0093146616187206e-05
0.002547514847041,1.8138733427295163e-07
0.0031552607910572,2.313047092264809e-08
0.0177861379286804,8.645477320024539e-05
0.0055320410711625,1.561198957645379e-06
0.0174601974300859,5.731840356875126e-05
0.0012411150134923,1.2522674069449476e-06
0.0168598535160677,0.00010005991399978753
0.0057009524538117,4.459763562835146e-06
0.0142680547785556,2.8297452112148385e-05
0.008092953268361,2.104741674300208e-05
0.0007417312345555,2.0409647018510087e-06
0.0088314717705338,5.997000617247388e-06
0.0026015662744549,9.253671279550966e-07
0.017291459443987,5.532998879989804e-05
0.0085948886906399,2.2755947232626742e-05
0.0028314557545776,2.985738298505767e-06
0.0114719869454595,3.154011088119302e-05
0.0010577968580195,4.22817228430599e-06
0.011902226038012,2.258135439012808e-06
0.005611407860134,1.6351308554966065e-07
0.0021353451155171,6.297944992226988e-07
0.0056302284548594,2.3406940057706485e-08
0.0030465449314339,6.474948128945803e-06
0.0045202559395477,4.6795806200205775e-06
0.0146131523557993,6.90774436322556e-05
0.0158779303497603,0.00010563353995109062
0.0111244022893555,1.976566020391341e-05
0.0059871895518113,8.033723071548118e-06
0.0057428971041578,1.01130119441985e-05
0.0032010717157014,3.5282913061052987e-06
0.0129160675957796,1.651602186507103e-05
0.0112489206016683,2.916248621197221e-05
0.0086488273448302,1.927376848463057e-05
0.0182160649708917,1.665377645022437e-05
0.008518528786649,1.2699064236485046e-05
0.0068633010705526,7.014084536127139e-06
0.012454914570805,1.4812473990270292e-05
0.0001039780201327,1.2986561662009527e-05
0.0187525402649387,9.02949416781173e-05
0.0117773211638114,3.897185821865393e-05
0.014485092052738,6.259953546850352e-05
0.019029404578976,4.378645175971591e-06
0.0035557650247752,5.924962148591875e-07
0.0109974826425427,8.487061936694385e-06
0.0014877113827092,7.879880432998202e-06
0.0180278415986105,7.418954763949609e-05
0.0143397987368884,6.804568364270896e-05
0.0168471514861708,4.566532662878959e-05
0.005656776788031,3.6836486538745124e-06
0.0183566935638309,1.1138876983841522e-05
0.0155441306959,6.766460918715776e-05
0.0195729895241865,6.744510643132991e-05
0.0073325140678619,1.9773865716960757e-05
0.0186932923501994,0.0001074185298991182
0.0055247052472849,1.088611399870864e-06
0.0183220276555477,2.0111875305350146e-06
0.0026148729011669,9.387038226710415e-06
0.0061022606374724,9.001603783227279e-06
0.0071391171101656,4.5597157395266395e-06
0.0058225778093285,6.145289510114036e-08
0.0075565116462248,1.4724929162588436e-05
0.0032268345440384,5.75852502154699e-08
0.0194859759363847,0.0001310418193654668
0.001049295664664,3.1431644349279654e-06
0.0093168699419221,9.943070837679682e-06
0.0102159401096199,1.3847007773236461e-05
0.011657028375712,3.953921129000652e-05
0.0047258906889204,2.3260680215129814e-06
0.007914431716986,3.995244962293385e-06
0.0109348481346875,4.047069365321159e-06
0.0082184588612671,4.2758061754683143e-07
0.0128740291519079,4.644617370623961e-05
0.0182981544644478,8.069940820451183e-05
0.0104170592416566,2.2728625963247216e-05
0.0094935796022634,2.472675432039586e-05
0.0135477869110772,3.8894409030795797e-05
0.0128798241214506,5.531797209918585e-05
0.0016744984219439,2.9668385114266096e-06
0.0101793892291576,1.9145824283014587e-05
0.0071382878176542,1.1254141920369136e-06
0.014744735793214,5.1024100895628154e-05
0.0094984413065341,4.290579105748117e-05
0.0073762378955869,3.114519241407167e-06
0.0068030866252559,7.877551634237466e-06
0.0076278430325125,1.274559137796729e-06
0.0167264631166604,5.4563327047103726e-05
0.0183742306049499,0.00011934348602074378
0.0107479889872342,2.8969881936174918e-05
0.018194430839748,9.553806282706066e-05
0.0029162611637655,2.0350728551665874e-06
0.0009470052947791,1.4766966724952646e-05
0.0077274855773693,2.1439498621910145e-05
0.0061727267003086,1.8911318598639289e-07
0.0186467800694474,0.00012761417639095573
0.0170405559027669,8.072835541989453e-05
0.0072731691190905,4.4042305682097805e-06
0.0010499538640793,1.8094850436346397e-06
0.007937871014286,1.8874830313815586e-05
0.0171862611451262,0.00011532266935286857
0.0086740135013186,3.010637098658902e-06
0.0002368283561931,1.9577616032083698e-05
0.0108074752000339,5.4062455789507636e-05
0.0174938216030195,6.261462368775683e-05
0.0078269917866728,1.4107040306601927e-05
0.0198438068882319,0.00012573927087993096
0.0092246228924386,4.898617040573068e-06
0.0073693367869954,5.0667002854049345e-06
0.0079843402397324,1.4493042851957829e-05
0.0110079524439437,1.7635551081470916e-05
0.0175580251224577,5.703600502277099e-05
0.0096789006550533,1.1081421968404091e-05
0.0090291114995835,3.902692576764879e-05
0.0029219989132334,1.8309640302473693e-06
0.0134701309878985,3.343546899268053e-05
0.0199027404587492,1.7491382755994136e-06
0.0064876851360859,5.584730496230274e-06
0.0129759337056669,5.0335205590228495e-05
0.0057874860230308,5.120155831459704e-07
0.0151608976268604,6.706650998430421e-05
0.0193408262302887,3.821020477551988e-05
0.0065008030622604,3.6535612295409516e-08
0.0021021716808856,3.1434838919003505e-06
0.0142156748258774,5.553126358990752e-05
0.0064921637105723,1.1796269678979174e-06
0.0147032157922953,6.203646134567229e-05
0.0102424932090786,4.638183069449535e-05
0.0108250706279755,4.5612171453274726e-06
0.0199970707572002,0.00013099452820989184
0.0021586836933977,7.678899758805024e-07
0.0012607304485579,7.530974452053469e-06
0.0145940827810844,4.330438973577251e-05
0.0092657234659905,1.653940813884447e-05
0.00798528978846,3.2414832282188085e-06
0.0047284236208498,1.4302795146229848e-06
0.0115965750600898,3.58524033752307e-05
0.0016026602991996,1.6753319827728397e-06
0.018934240908172,4.8690195432436676e-05
0.0147097287581558,3.8239512550859534e-05
0.0077897808816555,8.390407371494162e-06
0.0106504396568985,3.073472959544151e-06
0.0047514978946246,1.8049973999734105e-07
0.0187407031131431,3.329155033947753e-05
0.0026964976141046,6.614856852693214e-07
0.0120764287748815,3.57420464992652e-05
0.0011206736867441,6.907015610629645e-06
0.0177998493607303,9.381452608452695e-05
0.0175641697564051,7.457533703783525e-05
0.0171385619109614,7.643340416596787e-05
0.0164829260614899,8.458491244907447e-05
0.0196716430072572,9.847165372304813e-05
0.0048738960079257,3.8796116701868326e-07
0.0048076034830076,5.42499581271118e-07
0.0039269981063272,9.072863373335016e-08
0.0071872141019685,4.049821831447822e-08
0.0081333449628818,1.2788924304635743e-05
0.0011177216287197,2.424866100824469e-06
0.0107710908792729,4.624597681616951e-05
9.0753672735453e-05,2.0723376617450664e-05
0.0192882184289229,5.521557191430686e-05
0.0067356136609302,8.607427447236553e-06
0.0076635716943136,1.8956787850395886e-06
0.0176695105466501,0.00010148309010809308
0.0179272390076339,7.592840829899719e-05
0.0078866107930251,1.2920824415489428e-05
0.013271892771501,5.3075182778142735e-05
0.0031597353408562,1.6876162122868447e-05
0.0145602677930766,1.5221293635720065e-05
0.0115832799501862,4.2744629252407616e-05
0.0063229403534611,6.521915313134377e-06
0.0172979805301661,0.00011595628654670787
0.0076710662415993,8.096286173121636e-06
0.0070705482301935,6.650881631933651e-06
0.0178180100747452,9.797754021604148e-05
0.014018273993761,4.2754249641097234e-05
0.0033145767923794,2.0491372869094889e-07
0.0179222723769325,8.362861390011326e-05
0.0132437919898071,6.796379352604748e-05
0.0026447735374476,3.298731754629725e-06
0.0093754882576384,2.1354552468888457e-05
0.005632092431808,1.014486426391265e-06
0.0191041501253898,0.0001039964664304529
0.0046869497821907,3.822556443872382e-07
0.016412238825166,7.333591120152207e-05
0.0024402707356099,1.2508709386909072e-06
0.0068893712242831,4.87061393990174e-06
0.012312415673969,2.52870804796932e-05
0.0144900451610906,5.277433422451947e-05
0.0048319380428378,7.964195611273855e-10
0.0046895135193248,2.841027842514414e-06
0.0176885927157149,2.775178355061999e-05
0.0055296547826427,9.853691052590622e-08
0.0188736563392814,6.728248630107212e-05
0.0185289488223137,0.00012035081023254573
0.0119083235816403,2.5319849831953855e-05
0.0079979954474859,1.1980311725488013e-05
0.0072687154418739,8.584366436558856e-06
0.0101008524459658,3.807209700139699e-05
0.0122244476577812,3.818429374101736e-05
0.0012241906998654,6.871465396398485e-06
0.012212548516979,6.643275113874993e-05
0.0104667031005111,5.2923065414879454e-05
0.0134491602080024,4.5990221837660626e-05
0.0135475898194463,3.878239411021036e-06
0.0180195127665635,0.00014547305356893406
0.0081125601531127,9.981624283754613e-08
0.0070910966281719,4.988335723336514e-06
0.0048615715636852,4.980620361815077e-06
0.0047549917899952,8.606342322775886e-07
0.0097271629060612,1.2615352246370197e-05
0.0017459798932228,7.757435723876737e-06
0.0155581039241437,3.583902364534723e-05
0.0043332238821003,1.6211132515396177e-07
0.0130087091194957,4.007099652680371e-05
0.014830837141789,1.7076578976703596e-05
0.0053923554733697,1.356210758491541e-07
0.0025952801836039,2.076820960935373e-06
0.0009659227631896,8.137828657773932e-07
0.0055026078188075,6.600971139240792e-07
0.011528279522626,2.170630464070345e-05
0.003714796777152,8.302270946839748e-09
0.0044238764936448,1.0449192906119062e-06
2.6182469130660023e-05,9.61500765405701e-06
0.0195878636352572,1.4430074716030337e-05
0.0053696868372484,2.4508141775277124e-09
0.0069713370194234,3.305454140670389e-06
0.0043890437826468,7.341838545456842e-07
0.0030833155512186,2.031700941074218e-07
0.0056292920552202,6.453306089075963e-06
0.0027512402498103,4.736792172841172e-08
0.0112909119583824,8.5303234095927e-06
0.0029905650314117,3.4765020038398534e-07
0.017333857480335,8.171847919902023e-05
0.0198373824374843,2.0611890232165382e-05
0.0091621521527452,1.2070205543344428e-05
0.0027188261245896,3.2152576842183834e-07
0.0067302748288129,5.392012949266226e-06
0.0054965819818742,6.355893322581263e-06
0.008029476030655,9.171231938798919e-06
0.0104101613937442,9.025933885522595e-06
0.0005387847149392,8.715096922283098e-06
0.0167280479490332,0.00011155236327038477
0.0134224300008993,6.99534714274511e-05
0.0012342733964838,3.4290879511676498e-06
0.0157112156054812,3.5718499821737654e-05
0.0120534108664932,2.1500110982066372e-05
0.0117650754266321,2.006505290877497e-05
0.0018610358515418,2.233351578263976e-06
0.0088974789077404,3.7963429885120772e-06
0.0187683069309839,7.539508514551495e-05
0.0092545260999296,3.020652192041021e-05
0.0002194816992293,6.916506012395329e-06
0.0092543224433348,3.057536143757075e-05
0.0018696057011535,4.890219914465494e-06
0.0086962385130733,7.928744194150092e-06
0.0052722717533424,5.8720009291270475e-06
0.016174101322032,7.856052443064253e-05
0.0169692599047951,6.704085846959064e-05
0.0028706079633417,1.1135741347113516e-07
0.0092488139147171,1.0888944653253626e-05
0.0144525021228268,3.1998261368922966e-05
0.018994579349698,8.98179599732996e-05
0.0007074389904082,2.1450699173394e-06
0.0006447905340276,6.595849956679371e-07
0.0149835741734456,5.426346464566737e-05
0.0122959444739797,2.6374395356620287e-05
0.0192768147736946,9.570836441330655e-05
0.0171574746563821,4.030788867692005e-05
0.0001349351814248,3.464489850898396e-06
0.0145837307663858,0.00010299205740977789
0.0097035329412722,1.8480072243250796e-05
0.0085279804495466,1.933375628036151e-05
0.0018265482542627,2.8737081104030777e-06
0.011602116458464,2.6025300095219842e-05
0.0006412765828387,9.285096805457583e-06
0.0188518273284636,8.083504515500367e-05
0.0080763271921631,4.501372836310865e-06
0.0010243058225197,1.3287866354366228e-06
0.010017843418694,4.301404395027479e-05
0.0070263624490224,4.51613108407965e-06
0.0017433984659606,3.5663477104021413e-06
0.0086534805714368,8.224499642785975e-06
0.007373320249367,1.2612048587644065e-06
0.0025278975256049,2.2012310920632928e-07
0.0169691703984936,0.00011307185286391282
0.0099686421030321,4.40596559769405e-05
0.0088273711664203,1.95013621732802e-05
0.0057433102664031,3.0025348666465658e-06
0.0125082563080176,2.6785965415570703e-05
0.006159578455684,7.395247737657933e-07
0.0099096042362107,2.932562643809731e-06
0.0123827505160642,3.6211720764927034e-05
0.0172452608251166,7.015775505326107e-05
0.0018379336682036,2.0808396199087925e-06
0.0146568689075811,5.3455707677617626e-05
0.019096620196444,6.986595095571907e-05
0.0187035550710819,9.215195045360382e-05
0.0153893457981658,1.35375907044215e-05
0.0030510707607582,1.7989153246119262e-06
0.0043520414898422,2.183048084553816e-07
0.0074656820147819,1.1621361298788155e-05
0.001360156894972,6.391159876229671e-06
0.0069638194426745,2.2262888015236067e-06
0.0027453683784521,3.1453452766333254e-06
0.0062952612547621,8.332213056196035e-06
0.018943378028159,8.226878457794046e-05
0.0055245266135909,4.144724054953039e-06
0.0135049350156259,6.033030818526442e-05
0.0111081335116548,1.739944993243348e-05
0.0022134770490534,4.95431283416185e-07
0.0199076603788084,8.851993561248522e-05
0.009579493828096,3.4887705924477e-05
0.0197996174007572,4.3879738298844516e-05
0.0029945258389224,3.3496152588658245e-06
0.0050498806507723,6.197334534208818e-06
0.0187315497535333,0.00010852096774465463
0.0098270086928112,1.1520522447583922e-05
0.0027653972086939,7.891216521288625e-06
0.0006358623894826,7.453885400788193e-06
0.0176098002138068,9.619277533560085e-05
0.0050449022422535,1.9920757896703183e-06
0.0013440258844715,7.289775050754527e-06
0.000853099892295,6.353132448154659e-06
0.0080449021850494,5.1730353382622324e-06
0.0162400660854651,4.099519225984923e-05
0.0157109017567168,8.835298194466471e-05
0.0132740692367994,3.6900790393792106e-05
0.0171297930815571,1.2111402920573379e-05
0.0199917271215662,4.384221561268042e-05
0.0154576036990295,9.418118059881504e-05
0.0192493785839504,6.816501720273912e-05
0.01527479899474,2.884146066624546e-05
0.0091461173795848,3.05904489425658e-05
0.0149364163312575,6.348107009374877e-05
0.0069136106136179,2.0208211916012255e-05
0.0078781923027227,1.5083425546732202e-05
0.0141680979022918,2.471553352472949e-06
0.0108564491252363,4.103975776330562e-05
0.0123213219346723,4.9976735516516945e-05
0.0148737327017578,3.86820482596561e-05
0.019480818517436,1.5977806232863013e-06
0.0130677649990001,5.1331348411050736e-05
0.0124669681944908,2.0907693894618412e-05
0.0054063185638923,1.2355198649055224e-06
0.0128389383063134,5.968991327277754e-05
0.0158660470930965,6.182910334645808e-05
0.0007477792934315,2.5883595570557405e-06
0.0056918967143587,4.19366527059256e-06
0.0122898313287947,2.4869532069056967e-05
0.0124730975377311,2.0898550538496314e-05
0.0165097966068424,6.547157577303793e-05
0.0081745524086568,1.0064773250982786e-05
0.0125975984715566,8.836236782451747e-06
0.0025588754334624,4.910947350860166e-07
0.0002780856084778,1.6774266151197197e-05
0.0135038380246438,5.148892580372245e-05
0.0160762194010973,9.643784044074557e-05
0.0042855902650999,1.757871787956112e-06
0.0180262532669236,4.6412400840407194e-05
0.0037297739247055,1.817254097106622e-06
0.019088413807471,5.989495045447472e-05
0.0020852488025296,4.4030294067801416e-07
0.0196483704036352,0.00010767109586346725
0.0114968968846984,5.793447698140711e-05
0.0079302838002654,1.1680532988748378e-05
0.0017921446515059,3.5504710684389056e-06
0.0057240706724123,8.00815662142286e-06
0.0078376444214725,2.720118993333676e-06
0.006479519886943,1.400217187595933e-06
0.0006282534229499,5.038509808700393e-06
0.0008416599842464,8.718354426951448e-07
0.0141580989974929,6.687927889072849e-05
0.0113607596073128,2.0532902644419827e-05
0.0056960474186022,4.5077994117946464e-07
0.0191204610849311,2.1401186459890846e-05
0.0024412741481406,1.81680237091839e-06
0.0191833392893215,0.00016294675468883383
0.0025966650265757,2.9515390542637432e-06
0.0072326191372435,1.4523299161332115e-05
0.0088852113078751,7.892826299533872e-06
0.0158391668301576,9.68325435689895e-05
0.0124885740870375,6.787640103237195e-05
0.0053725826488948,1.2851106469848338e-07
0.0050507347477463,2.0027052682994024e-06
0.008470724400454,1.5408969245851766e-05
0.0116236066896881,4.0534751221111896e-05
0.0022626988074925,4.4481987477263757e-07
0.0170116182955525,1.9621787465485967e-05
0.0072744098203835,6.3847287269990324e-06
0.0046213293935105,7.652816468435174e-07
0.0063560989135853,9.992679573819862e-06
0.0191560450062241,0.00010663188520900963
0.0034711840303368,2.0470024396606573e-07
0.0091409962227382,4.7428879379959885e-06
0.0093729105370246,3.90414887687729e-05
0.0057210501341195,1.0608294522016122e-06
0.0188596318018111,3.669921145365477e-05
0.0177855488870652,9.736805717918384e-05
0.0036928456539499,7.45270442248513e-08
0.0174865666989994,0.00012361597984299574
0.0096816945409078,8.461234677053781e-06
0.0078577493392781,9.083237435774576e-06
0.0144141287085679,7.983180605460199e-05
0.0111955124539584,3.51825467870857e-05
0.0018908434531403,4.754647143244361e-08
0.0063260707072987,6.629149032742105e-06
0.0188473572259715,9.465234499882068e-05
0.0131196714560078,4.621503942148341e-05
0.0173619632344455,0.00013712499018708846
0.009139736108853,2.41213694860009e-06
0.0158177181446123,7.34132666039288e-05
0.0160016885500683,8.649932479256459e-05
0.0109139792487503,2.703607741982959e-05
0.0102700107368835,3.953922777068233e-06
0.0199287073110187,2.5456451538974103e-05
0.0080190867899948,4.765610883395706e-06
0.0120790478289071,5.6922089264462685e-05
0.0115186591828567,2.865728757376095e-05
0.0147965480929495,7.536150351462343e-05
0.0167103301762718,6.212475458078672e-05
0.0043039539116241,6.859342838133421e-07
0.0121984958977242,3.285394066146969e-05
0.0111228565115848,2.8929678453086297e-05
0.0037798549980377,4.246278076631497e-08
0.0006285714183745,1.8841766234671214e-06
0.0024436523568162,3.3842846085696563e-10
0.0109043585560083,3.1960803276877244e-05
0.0133448259311999,2.917707026581015e-05
0.0174946579718421,2.4611912615996716e-06
0.0006461019709999,8.130208991753638e-06
0.0190626946795571,0.0001093636973789822
0.0049975469551303,2.3780400378781977e-09
0.0151409369163277,5.074051507626063e-05
0.0023420631187604,2.9994837713509985e-06
0.0005899176591151,1.0599068434617712e-05
0.0129891317895166,5.91496285916991e-05
0.0166248463738335,9.196672952003044e-05
0.0034770655511967,1.4954290468037272e-08
0.0143267422871641,4.4471967035169594e-05
0.0064422200108271,1.0494343211007989e-05
0.000559476635411,1.5895306697105622e-05
0.0080820534728316,3.1338571879343277e-06
0.0178509167951479,0.000131021683638098
0.0077523187032885,1.2355698454257844e-05
0.0066287435237682,6.937154827812868e-06
0.0172365695062699,8.969039912650256e-05
0.0031192441733718,1.989701716439427e-08
0.0009395330246368,4.198992011444652e-06
0.0181093131461385,4.804800947735685e-05
0.0134015600354395,3.985777170029707e-05
0.0008194983523223,6.61443366506069e-06
0.0106031094303747,3.141672069545476e-05
0.01603019800235,9.386429610482726e-05
0.0041453560705093,5.501218290818253e-07
0.0052752212227249,1.6302481981876983e-06
0.0004749770548004,2.892048231417398e-05
0.0126486421232294,3.373588831549226e-05
0.0038636962510342,2.162247673709732e-08
0.003148456404755,1.0060285430786783e-07
0.0155070579499885,6.316693889150837e-05
0.0004691011839678,6.364405020812379e-06
0.0083041626012977,1.830970896026343e-05
0.0094434530230673,4.933061843401388e-06
0.0018424999165033,1.238574569766173e-05
0.0020365471693926,1.087939155136866e-06
0.0029059942007339,1.2463148863681993e-06
0.0048284590934233,1.002218738745369e-05
0.00272346210878,7.904581902542305e-07
0.0096164762739967,3.3380971292327616e-05
0.0021461819677866,9.954976368313378e-07
0.0013950659087243,2.3940260787805064e-06
0.0080641101141455,2.6490409529554422e-05
0.0078400858141028,7.393558742830605e-06
0.0061426594258371,8.568655335278619e-06
0.0015661012601394,2.2844557550178254e-06
0.0136052161848517,5.13786652018463e-05
0.007350056635018,1.4774788736521421e-05
0.000448932737429,1.1776087577216375e-05
0.0012507303767222,2.3101053118497845e-06
0.0049094322383135,1.2013921519378467e-07
0.0183526124030245,0.00010006774240191282
0.0124759979459559,1.2294523932330107e-05
0.0187611602678738,8.713955297452592e-06
0.0109457751875925,1.7795221536476922e-05
0.0042215370927745,9.174379642078267e-07
0.0185565549604631,6.296201289232324e-07
0.0098255199104749,3.610553006229059e-07
0.0041058896708673,2.839962533462797e-07
0.001500885088998,1.8738132010939759e-06
0.0177786309648295,8.134271596309249e-05
0.0072686436120543,4.7517278932006325e-06
0.0058882616676074,8.849127917070682e-07
0.0150792275230956,3.0973827657727554e-05
0.0026006362891952,7.085291093442324e-06
0.0147015297218786,8.6578209686766e-05
0.0062945655908852,4.513626712091964e-07
0.0087957255214591,1.5111121363866427e-05
0.0068331861847653,8.814561847905373e-06
0.0111762746975874,1.3596063513320752e-05
0.0193639855300211,0.00010751164490642395
0.0104110547758588,7.486217423077214e-06
0.0128785711746951,6.618041101645319e-05
0.0003439162572243,4.779616446938423e-06
0.0092590675967586,2.928577163615422e-06
0.0121952850831323,4.3863691667089614e-05
0.0071703776242468,1.5679761390136418e-05
0.0032809436174137,6.874202802913965e-10
0.0140134069215316,2.5887068358994004e-05
0.0069190344862091,1.0060800536736874e-05
0.0021097313873071,1.0162018283147906e-05
0.0138352034030333,2.607974668670768e-05
0.0031406148221959,2.3058301854855315e-07
0.0057321476488244,5.386127563013848e-09
0.0066229065427332,7.721153543010224e-08
0.0189472174761594,6.133380369545859e-05
0.017552647282127,2.0350054858267946e-05
0.0021271361708736,1.3483452577929207e-06
0.0186638625691282,6.708336617298257e-05
0.0067429570315209,3.173061013607642e-07
0.0034830079654932,2.7246790087857853e-07
0.0160239039973238,9.00943956071831e-05
0.0093039230276652,2.5589517736252306e-05
0.0076839990969382,1.7119235012689834e-05
0.0045438129604159,5.2766576952076774e-08
0.0186551433322467,0.00010551935305125916
0.0161703323545504,5.5920940828403153e-05
0.0175567846143594,0.00011666896434846034
0.0085979270568755,2.1724449920037256e-05
0.0122817720911085,2.412420359802178e-05
0.0161598310891205,4.015949974078537e-05
0.0193760374152954,6.15722177930743e-05
0.0135795612866457,3.307823963732515e-05
0.012719632341294,6.22256310015211e-05
0.0098354333337789,6.492310929618701e-06
0.0179216840909201,9.386717848074681e-05
0.0117929007276154,1.0128071404877415e-05
0.001451819159691,1.3228062220926237e-06
0.0143282517189516,0.00010921241891303288
0.0036246016021665,1.5079513017779554e-06
0.001781143184969,1.722611447748825e-06
0.0024803759113248,1.0331431836714766e-06
0.0068392152298077,8.316824898881566e-06
0.0025735691671771,1.5929960791685203e-07
0.0047643273874273,6.203854410868489e-07
0.0086408028794153,1.5485275828433226e-05
0.0005865648442065,2.436010312098082e-06
0.0046604924833464,7.1897508992835e-07
0.0060539540028196,2.017048657076351e-06
0.0131561478159668,3.406415060329661e-05
0.0143734554917719,4.5469018593919144e-05
0.0074399514019396,6.527813696378877e-07
0.0152443880227893,8.672675452958537e-05
0.0177551157126756,9.455541227721987e-05
0.0071871415855589,9.266771778865863e-06
0.0077966897879961,6.5785902309194106e-06
0.0114394298048914,1.5692895865621746e-06
0.0039777347217385,6.344619539554081e-07
0.0126213145592143,4.0373573611048743e-05
0.0165323070581848,2.2111076617532792e-05
0.002872351015836,2.814105306207243e-07
0.0197349924702421,3.505829031737395e-05
0.0144694208655877,3.506954648952484e-05
0.0150670662661323,2.2790709170078405e-05
0.0178963152202813,0.00011987975294393722
0.0010134799390321,2.2984369973183588e-06
0.0126204536863305,4.69813183943244e-05
0.0045357973239423,2.0341609866525094e-06
0.0027614689154254,5.72375551930912e-06
0.0051589270858393,1.240759228537098e-06
0.0039268323121238,3.3475467210619343e-07
0.0177485679741953,1.7000836506750092e-08
0.004265592957406,1.361882976372131e-06
0.0092515844027909,1.7380234446755e-05
0.0190263876812284,7.94963532080875e-05
0.013158800619764,2.605697980387604e-05
0.0118091011869051,2.3025894571866156e-05
0.0193230442721088,0.000130193170753126
0.0144711906418705,6.778049783877935e-05
0.0189143203573408,0.00010747166411867835
0.000229965282988,6.5520221843061695e-06
0.0063322263794237,2.2721715870974126e-06
0.0096931034944401,1.4630950237334284e-05
0.0015247812901565,1.5183555841772691e-06
0.014872869839304,7.870243482199476e-05
0.0197431831237396,8.743790322943777e-05
0.0028944514751686,9.0528608269818e-08
0.0050617186935607,7.562927186310062e-07
0.0033325952291759,5.893547557075542e-07
0.0128166726613477,4.726203231806467e-05
0.0008593620747893,2.6137839096529902e-06
0.0143034812738975,5.554533849198788e-05
0.0114271365164524,1.3849827104555505e-05
0.0089030702652306,2.0185453846881325e-05
0.0165284063791802,4.749829763288536e-05
0.0089178748168018,3.542618330287383e-06
0.0028695723476732,1.26116597694683e-07
0.019006997732694,6.058617102781342e-08
0.0095162153381104,3.2112599898506636e-08
0.0010213486429832,4.351477790776828e-06
0.0053170808608469,3.80118180463631e-06
0.0133645734946433,4.4665257631916757e-05
0.0181223978095041,7.967917811507901e-05
0.0026384312478254,6.686114011023428e-08
0.0075947055355268,6.521316995036611e-06
0.0089873304139146,5.356294212116649e-06
0.0123833007578018,4.59539217055814e-06
0.0077465208202879,4.843201821980608e-07
0.0082471262859484,1.0863621335822993e-05
0.0148189523917531,8.800569327314804e-05
0.00244124741918,4.7334741953782214e-07
0.016245580644473,5.788116229288511e-05
0.0169216601241156,4.24561257605406e-05
0.0132214672968686,8.826761702562776e-05
0.0099434227021546,3.113419089939678e-05
0.0037167355932719,1.3159472931642258e-06
0.0110894278968322,2.9524878978291093e-05
0.0143500458975404,1.187279235434474e-05
0.0086002140477438,2.452014803478698e-05
0.0058966997176595,8.641547935402029e-07
0.0073926694256532,1.2369319188780297e-05
0.0111073777430097,4.87569287722284e-05
0.0135980366672764,2.1462771739410172e-05
0.011472658845111,5.0727677880262323e-05
0.0039306455442441,1.1535697005707962e-07
0.005948616116105,5.317302146035145e-06
0.0193767419064598,0.00010783650999298328
0.0003449668917273,1.6293924326610415e-05
0.0121683381222553,6.277429940333481e-05
0.0171306022621791,3.661788475230963e-05
0.0117896594972654,2.571693677386623e-05
0.0109979722750028,3.1373259970685407e-05
0.0101439237145248,2.7167024147872022e-05
0.0038448128590076,6.359290428975018e-07
0.0192239454235164,6.389573397810066e-06
0.0033518315883443,1.2720403341613455e-07
0.0036108867007363,3.2661290534535334e-06
0.0057072076541324,5.821070317905763e-06
0.0032502728415523,5.751502105920192e-09
0.0156210975246947,7.226115829531531e-05
0.0092368362601052,7.380848537553471e-06
0.0067599740793931,7.498695758007709e-06
0.0104160851687881,2.8524437654115764e-05
0.0190502264397513,8.545416118937654e-05
0.0109139359141675,2.1924610194006328e-05
0.0188048616322123,6.43852640087612e-05
0.0023178104555717,9.552214913936364e-07
0.0040517176514916,1.4364879958429795e-08
0.0117996588166876,1.654305474511652e-05
0.0099283941892405,1.6282433756471934e-05
0.010062705217608,3.114265803581121e-05
0.0145524683776906,4.6495489712498954e-05
0.0144904582069064,3.446992897270773e-05
0.0058108572673035,1.6720315683793136e-06
0.0076666571430692,1.4569932525791487e-05
0.0152177210862972,2.352690645574089e-05
0.0128338144929893,7.440960176550604e-05
0.0045629200368134,1.508348560903118e-06
0.0005552231027397,1.2539086200001667e-05
0.0098777632583218,1.3501445185454991e-05
0.0017176278929175,1.442737498330487e-06
0.0180118109304204,0.00010658113256400542
0.0196155180582106,3.052579543064322e-05
0.0092056282719995,1.2578429949979625e-05
0.0127147797079119,1.7563917159563043e-05
0.0136068473630387,4.6989389415808194e-05
0.0137408491988135,6.601246448589108e-05
0.016715122705032,7.971690597032653e-05
0.0028429511315275,6.19742195944893e-08
0.0144793195637993,5.007350408172429e-05
0.0077740190767518,1.2416053830729045e-05
0.0082276117253405,2.5850966067572454e-05
0.0002655793090292,5.678333341478198e-06
0.0170089749722167,8.024113468138478e-05
0.0175813891387247,0.00010573469094026616
0.0016502134654897,1.7578619976286862e-07
0.0170543087860751,0.00010215798178907298
0.0113882629865177,4.770661674630137e-05
0.0195679282785364,8.45017700426572e-05
0.0085936863171219,2.4103141680195435e-08
0.0139024658892468,6.147674535515517e-05
0.0069912099154356,2.068284343185487e-08
0.0068717000586606,1.4636743960136518e-06
0.0079383063214246,1.416070187668173e-05
0.0026399043670306,2.4378690004517402e-06
0.019583863300366,0.00013207858780272906
0.0014568534627034,3.088735766803119e-07
0.0161989549012388,5.1492209919882374e-05
0.0100344646582886,1.4117056451572189e-05
0.006325145566411,4.162382857825328e-06
0.0035618358771483,6.6257477914567e-07
0.0061254705318103,3.610125410304958e-06
0.0095623765155079,3.5700491376666767e-06
0.0070401643457417,7.163886135148523e-06
0.0162941921736052,6.608153946289606e-05
0.0197721392725633,4.5059330334276355e-05
0.0123001009541479,4.83520955777932e-05
0.0153198077388166,6.314297543914677e-05
0.004339940465425,4.766427043883302e-08
0.018731213466601,0.00012202789378426836
0.0185826086556754,3.6796324456443325e-05
0.0192961856965062,0.00014840674514121697
0.0168031502895574,8.66660139324094e-05
0.013531164542877,5.575207090643233e-05
0.0131477303765535,4.314524516590966e-05
0.0194382555173564,7.375603390309577e-05
0.0048957134250644,3.3892923669776636e-06
0.007481638827495,3.300531706383524e-06
0.0020770530501395,5.583986165551094e-06
0.0111803965083361,1.6257638380533928e-05
0.014719595431723,4.990568164576152e-05
0.0042056187741423,4.242102065866287e-08
0.0072754647424046,1.5459127619971074e-05
0.0182835574315833,5.3163374489728696e-06
0.0069342987473395,1.1126316560749881e-05
0.0127781480886403,5.73969822122979e-05
0.0143049693663047,3.3750644889990435e-05
0.0127581059935055,5.851993583047177e-05
0.0093029635525558,7.976436497191358e-06
0.0056392906391243,2.022353759163447e-06
0.00383653668046,3.705009809675482e-08
0.0008077688306719,5.08048976458822e-06
0.0040517036538454,8.268144983728767e-08
0.0076549540374858,1.3396027685594685e-05
0.0015543574502622,3.309796223429726e-06
0.0122524729943775,3.439499585985607e-05
0.0180267198886239,9.344557511268618e-05
0.0005210158844084,2.338935338025473e-06
0.0075326292160844,1.1463090718574105e-06
0.0192018683038224,8.881212965872044e-05
0.0181619144555774,6.43046816613878e-05
0.0012500643269446,2.2691167051542747e-06
0.0087350424233924,2.4332258253380696e-05
0.0124655711993845,2.2840162725297384e-05
0.0153114621637413,7.337548399779019e-05
0.0109872692375504,4.812006933315607e-05
0.0158538822269927,5.227706179843808e-05
0.002519474777705,2.8872088902567235e-07
0.0172171506493444,0.0001408216996280496
0.001937555725517,2.6109052656578534e-08
0.0063250513686261,3.270632028674523e-09
0.0181226038507038,7.981812424666325e-05
0.0047692575437851,6.791157236786249e-07
0.0050550264120241,4.1371167776418313e-07
0.0050113482216078,2.5051581706243703e-06
0.0166524645992235,4.160330432204657e-05
0.0054714022685477,1.5112643041500247e-07
0.0080937218590231,3.868422227773309e-06
0.011401233624478,1.4837788353240324e-05
0.0080046888697935,1.2557627023432801e-05
0.0012146521087243,2.9774942511093485e-07
0.0020782499882991,8.041274697958056e-09
0.011486256523354,4.1662438886946786e-05
0.0014635137870681,2.17627644785295e-06
0.0169713800118544,3.1802022359534544e-05
0.0065745988539784,3.4838366816440957e-06
0.0038312773356405,1.7677882539649688e-06
0.0031293773374769,3.033102878667741e-07
0.0196420439407226,0.00015461249106516297
0.0141089168738641,7.150824816664085e-05
0.0193712250469405,0.0001235906430324753
0.0199119387115213,4.289028156410649e-05
0.0020310816628707,1.0002442013831193e-06
0.0197975384453092,0.00014352997284008062
0.0104364290871512,1.5649882565291003e-05
0.0063212906362124,1.4537947333056766e-06
0.0007528090606096,1.4316550599313353e-06
0.009180037748429,1.0478607293041859e-05
0.0094329149620603,2.1803811634019892e-05
0.0175240072292397,9.975132860489774e-05
0.0081812174957406,1.7498013731437402e-05
0.0081846655023167,1.835391433039377e-05
0.0182127969439526,5.792286663416677e-05
0.0190099422506863,6.409497757802144e-05
0.0108328004858476,1.367354187544905e-05
0.004152332866482,1.1693257537821878e-08
0.0157068955089772,8.710452723436673e-05
0.0162903311664384,3.3735421334245794e-05
0.0175716822649451,0.0001072264508415879
0.013356998596636,1.3535560888544496e-05
0.002710193131899,4.920347344132231e-07
0.012729107532061,2.6399729691914394e-05
0.0100489551906648,1.5198817639846163e-05
0.0120744603943803,2.430714007111452e-05
0.0181601848984441,1.2586857176681466e-05
0.0030865047863651,6.349492150964849e-07
0.0183592589972238,0.00010625539241124998
0.0196243480361093,1.3098711633036779e-06
0.0019149554202235,3.569311426573955e-06
0.0064073394926264,4.95935001790318e-06
0.0134478586799829,3.0442084737256567e-05
0.0045446850711074,1.1723777696488168e-06
0.0105802852128213,2.1495385846771285e-05
0.0105229026922822,2.551726559788575e-05
0.0011505571871767,1.1163853590043872e-05
0.0043742169735206,8.533737721016499e-07
0.0043529803634911,7.873801350499609e-07
0.0087920879365352,1.8263636889931e-05
0.0143958074613086,3.846137042701729e-05
0.0144602968379359,6.02341720458086e-05
0.0061280645320147,9.157380620431622e-07
0.0170422914197257,6.33090082441912e-05
0.0191240555853066,0.00012442214619017299
0.003616339037838,5.089544279730001e-06
0.0056470241110741,3.451650645510486e-06
0.0020687597811605,1.6102805266556335e-07
0.0155430534613524,8.687317688717742e-05
0.0058696544984129,3.9387120294281925e-06
0.0194676370524071,0.00010478791400834179
0.0018833153730198,2.8032472152345146e-06
0.0149529108439251,4.016284330857157e-05
0.0120696166861524,3.82288625104126e-06
0.001698977470589,3.9799140525293705e-06
0.014789230141602,5.983245731609452e-05
0.0124324215730417,2.9715150780392603e-05
0.0167746348702962,0.00010150677284917429
0.0055337713056166,5.668423774893787e-08
0.018014259006599,0.00010190113920237917
0.0179140572297815,0.00012399970049342934
0.0010832347136023,1.6170221723617975e-06
0.0020618840699423,2.4278844323571755e-06
0.0047730968377696,1.1877380425402118e-06
0.0058010516488342,1.4801053069822357e-06
0.01646895940757,7.53377919572999e-05
0.0124787536328194,8.700508514116987e-05
0.0099225261510913,3.118445704577958e-05
0.0145215987458518,6.812530910998835e-05
0.0061616969584757,1.4897596895574073e-06
0.018050940312667,6.105070707123477e-05
0.0007692414962182,6.374073643341192e-06
0.0113736562719309,9.54728960258684e-06
0.0178116674518811,8.512624615082765e-05
0.0133033036954366,2.5417221541698483e-05
0.0114972658872733,3.7403858289020294e-05
0.0001744971149921,2.1457978075190007e-05
0.000290921017152,1.4251873473230766e-05
0.0008901854611234,7.152620872378005e-06
0.0188916643698578,0.00014008500816558005
0.0004562923174645,5.303555629686626e-06
0.0070766703154985,2.3142501372925545e-06
0.0134647939465394,5.308848968331464e-05
0.0012774996757298,1.9783334009775406e-06
0.00124059418262,2.9188425180804336e-06
0.0104190572704058,8.06791068130253e-06
0.007095839358819,1.0144665711345295e-05
0.0127631773114275,8.349191696691453e-05
0.0188288267675792,0.0001251349773218059
0.0042507415275584,5.120592207617051e-07
0.003226840312631,8.896529112297208e-09
0.0161466513267824,8.033868094272579e-05
0.0070213494704327,3.7658965644181027e-06
0.0095545939272618,6.55254166259173e-06
0.0056799998731532,2.512226076466882e-07
0.0093176947881934,2.1164363195435077e-05
0.00190115171299,2.3100625860679983e-06
0.0093032524673687,2.4387313019784096e-05
0.0031297616027341,6.6718256329466095e-09
0.0137661455485031,5.9590604335307244e-05
0.0140176675677702,2.2878227572843633e-05
0.0137511417320553,1.7193033849775325e-05
0.0012352897199359,4.762233018678475e-06
0.0064034575570543,8.818293238293613e-08
0.0127100332904918,2.9954537671832893e-05
0.0002768678810341,1.6412330849053572e-05
0.004024693724816,5.962804340836219e-09
0.0195836690730173,9.484053718399953e-05
0.0056562784976179,3.338923543516497e-06
0.0163663834412002,8.432596222086553e-05
0.0129005558848717,2.1563612596398121e-07
0.0107610331618099,2.430494759437613e-05
0.0168330946364811,2.5635684295412704e-05
0.0184205915484683,7.297516606842867e-05
0.0145108773664578,5.3653975065625345e-05
0.0192111519284678,3.5155117654980415e-05
0.019618288465172,0.00011398083637100434
0.0129686160650727,2.6118094357295905e-05
0.0051834550903357,6.290362436952309e-07
0.001777932251607,8.03995377078805e-06
0.008050501728453,1.3610624677925614e-06
0.0060887698126469,2.3600280863644362e-06
0.0013000076783529,5.287364284610387e-06
0.018067743136646,5.226859179859728e-05
0.0174807980702651,8.503810238576846e-05
0.0195506260239512,0.0001476980226531481
0.0115205244166727,2.0497381680372224e-05
0.0068522198400421,9.455163476882711e-06
0.0120729667592117,2.7459080567231495e-05
0.0136895973930057,1.167626109352376e-05
0.0061907142111639,2.9938375059170318e-06
0.0095312784677271,2.804938797171061e-05
0.0009510174665905,9.310095475982364e-06
0.0050071977087462,5.703721112758158e-06
0.0079318050131503,7.835349461240577e-06
0.0129001198680033,9.153451386871857e-05
0.0119771381064904,9.644106725818528e-08
0.0029621759429146,4.993372730602792e-08
0.0048096872696331,2.7213251595395837e-07
0.0046681487816299,1.3239165120713486e-07
0.0123301120536972,4.116133897479063e-05
0.0074623502528442,1.008406208709415e-06
0.008686515724151,1.8428946124192772e-05
0.013113447558125,3.097760460997889e-05
0.0181458588271846,0.00013027383387275
0.0177560180297768,4.64448807161031e-05
0.0114903940175169,1.593287253894825e-05
0.015267311695821,7.971866492434158e-05
0.0064459754375252,8.556057260674627e-06
0.0142981231249555,2.2595913155556463e-05
0.0191144325719164,0.0001162128743523958
0.0181273048142013,4.8069230229171505e-05
0.0049956105468951,2.3513415320203574e-08
0.0087399719922627,1.0866344569634692e-05
0.0046685409722563,7.863798821508622e-07
0.0110745547116042,1.3419116298810803e-05
0.0176080001862036,3.7205740576940105e-05
0.0052446183228783,9.699862232827452e-07
0.0150443494471471,4.855647887428811e-05
0.0003341717208699,8.48477908322981e-06
0.0089753831126108,1.967741244100643e-06
0.0116584409893076,3.482571615514663e-05
0.0018497276250093,5.970282706606492e-07
0.0047365279047373,1.0951477145150604e-06
0.0149347451716939,2.1824648993444546e-05
0.0196930343163436,4.6376414141141185e-05
0.0194269739691218,9.047319161979263e-06
0.0022473581590375,4.226706563530137e-06
0.0071179142537521,9.762240715095694e-06
0.0161679910172478,8.882547210074887e-05
0.0127965536951715,5.816284006182103e-05
0.0119518192523987,3.840939585173484e-05
0.0116870098375351,4.2986477011660746e-05
0.0011270041364141,4.674795516910006e-06
0.0190162016845347,0.0001069447539725379
0.0109610803883139,3.564293231727712e-05
0.0114860761531509,3.0261580800687354e-05
0.0120060182739442,1.7602905122599085e-05
0.0072629484408907,4.418778670852227e-06
0.0119174541163439,1.9475023157809176e-05
0.0077877771925633,6.028532681804346e-07
0.000424297008641,1.2074928986091502e-05
0.0057360998832845,7.860415913103455e-06
0.0139710575662465,3.794159799462534e-05
0.0033002752071743,1.02011505891034e-07
0.0025119749443378,1.823394615630106e-06
0.0132664749991886,4.716422670114566e-05
0.0084366890673019,1.848767787058055e-05
0.0050534863507747,3.1331567445318555e-06
0.0116744257894378,1.6801587257265732e-05
0.0175316088518955,0.00010174949271869663
0.0063521765930475,1.0775478167640077e-05
0.0119623987678412,5.263555796364867e-05
0.019540896547261,0.00016500588450055784
0.0181808516647727,6.899286476868175e-07
0.0013923212061034,5.0199662075685236e-06
0.0024120822893584,7.567192861752711e-07
0.0002842181426218,6.165510509870693e-06
0.0036862675398182,5.4388223459428565e-08
0.0132439552334848,2.7991514187893513e-05
0.0102825029741085,1.8692044581023484e-06
0.0099449256932507,3.541430189033781e-05
0.0156217255124415,6.387251636965529e-05
0.0160636880333887,6.771748665164699e-05
0.0173803425267739,5.623623320372692e-06
0.0136119310464638,5.177696764231883e-05
0.0064225519583987,2.123611170288419e-06
0.0072150645668444,1.1805342149802733e-07
0.0029391761062832,3.153563354178356e-09
0.0050368254802957,3.317471057067832e-06
0.010471250624171,3.9842288701490424e-05
0.0074683768120365,6.767269742458998e-06
0.0121200227729812,6.624029135015683e-05
0.0035890119490739,9.832953404741835e-06
0.0003073583932647,2.398349382243285e-06
0.0086602443510395,8.99900310511511e-06
0.0170730642627816,7.935116970506453e-05
0.0188224729834195,7.691947802850232e-05
0.0174193000896252,7.628734309447755e-05
0.0018160240766836,2.1884778777906222e-06
0.0077391521998561,3.607243390671847e-06
0.0108987887251533,3.190559530543446e-05
0.0046336901579664,4.981945247081418e-07
0.0066924474873052,4.855457746872763e-07
0.0164898214539472,9.225277331892932e-05
0.0181587519436524,9.598620516362072e-05
0.0182342172104702,2.1041866847326495e-05
0.0109668002273349,2.4149128302194585e-05
0.0137415566114387,6.258445870866512e-05
0.0092005955097408,5.494378626972646e-07
0.0085442580518896,1.2781528666740053e-05
0.0054536540060932,1.12126463913877e-06
0.0152756555606663,5.954222319767396e-05
0.0180426548951942,0.00013679783867216898
0.0046429078013436,8.011760580959196e-07
0.0054369390532262,1.728022215232674e-06
0.0047954551188364,1.1182501076480091e-06
0.0150549709837334,1.2999441254958305e-05
0.0162465841500689,6.522078210766943e-05
0.0178763911942728,4.416358124235886e-05
0.0083902399518995,1.0147825414600762e-05
0.0189921870090197,0.00021010765152717348
0.0050197251202989,5.074283495581434e-07
0.0188284402893114,0.0001478872254155033
0.0007298775808862,7.595348363593823e-06
0.0002901898376819,1.3351177707047516e-05
0.0173727129097676,0.00010176758291121436
0.0156833524174837,5.255966695878173e-05
0.0077515483683556,1.2491648146283732e-05
0.0142194724319705,8.232443612951527e-05
0.0034332017160203,7.796416273223893e-09
0.0077092440271072,9.458813467496136e-06
0.0197489551626318,7.7913891211927e-05
0.0181967136967431,4.697947477325714e-05
0.0027211109211513,1.7472265249214925e-06
0.0155193738717368,1.0799470417968503e-05
0.0109689034161345,2.9126636281041654e-05
0.0136358221333767,2.882098771359218e-05
0.0056141161530666,1.7624232747738995e-06
0.0176288430646715,0.00010838235647359285
0.0130785866293604,5.70310119001774e-05
0.0027676466071964,9.965456175635532e-06
0.018647913136966,8.088998047239299e-05
0.0062895956760173,4.110884219006337e-06
0.0141730818869367,6.808909102560996e-05
0.0140018399484622,6.168131321798572e-05
0.0172444818995229,4.633575429554801e-05
0.0109421687955553,4.3482686880997537e-05
0.0003944688854061,3.74192975321807e-06
0.0043589055846428,5.088782905926864e-08
0.0099957930883581,1.5492706590156895e-05
0.0089019247955463,1.0089986956899909e-05
0.0025338672169918,1.193594100045341e-06
0.0095224908159243,9.083703658774834e-06
0.0063279234598696,2.2768748811203744e-06
0.0191789000957801,0.0001283089787304383
0.0083652613884021,1.2135955639805929e-05
0.0080002194081702,2.3531079155496816e-05
0.0134143668800962,7.759693921005521e-05
0.0077592968932613,7.575126975700367e-06
0.0086648753643552,7.681938157832639e-06
0.0018665334530036,4.394518515504098e-06
0.0110486266993521,1.5177266252864964e-05
0.0078300380213526,4.719285619874623e-06
0.0120994925329429,3.861945019382523e-05
0.0056270747994836,8.113616543491557e-07
0.0091218468692779,1.7675799756757943e-05
0.0164972829838065,9.42630145796317e-05
0.0122152706314882,2.246972979115645e-05
0.0058059735884571,2.741498205640326e-06
0.0114185041852541,9.20455594265604e-06
0.0152610814716284,6.49320895129769e-05
0.0194683553029262,0.00012521758658306026
0.0084907777542125,1.7025792600578203e-06
0.0125957837554264,6.470627449911167e-05
0.0113434713302018,4.2939592726526196e-05
0.0020030521277904,1.2738717298768286e-06
0.0021707256063077,1.4915837864033125e-07
0.0140651539739139,4.62382227206019e-05
0.0133795026826019,2.2485511911577305e-05
0.0179948496987586,5.553681059152572e-05
0.0039855534027988,3.1848840526826327e-09
0.0039596778715397,8.529127751599699e-07
0.0076281649858472,1.6531983228326124e-05
0.0111803605747288,1.8994919046523798e-05
0.011706840467308,6.018266979472415e-06
0.0172856795578369,1.5624034529822383e-05
0.0085510906608066,5.8674103399882014e-06
0.0134386791329197,5.663614646465454e-05
0.0086244805041273,3.310318207185641e-06
0.0098968078613708,5.1411880205227254e-05
0.0060671236351673,6.998401219219062e-06
0.0088194328830512,1.1985545601169295e-05
0.0114664978936652,4.093987624442023e-05
0.0177350930230402,7.945976978497362e-05
0.0039511037006193,1.1415050797866226e-07
0.0152276572015454,9.430704037071163e-05
0.008372467545116,1.6711397517689233e-05
0.0161723053129489,7.345664392638096e-05
0.0119533140656473,3.997886548382076e-06
0.0119834831027474,3.051944989258187e-05
0.0066921075577897,3.205618409928416e-06
0.0105627676760284,8.38996710665882e-06
0.0075570990792089,6.674140988956456e-07
0.0181910568627494,7.875747775698961e-06
0.0136827364510751,7.733779877363607e-05
0.0051357488600655,2.1530443684951297e-06
0.0034398466395824,3.361543088373983e-07
0.007482920609536,4.483116096698167e-06
0.0076809640912147,1.0329653347454535e-05
0.0053768365248048,4.897746589612835e-06
0.0015728360440439,2.0234967447251833e-06
0.0173769342289724,7.211662077245878e-06
0.0133503632481663,2.9148570238255357e-05
0.005570601939621,3.9149874656220605e-06
0.0023639986997034,2.6066720473526396e-06
0.0015985645063063,6.4607281268289534e-06
0.0004088377155922,8.312766617634238e-06
0.0177883516890014,2.3738803519681233e-06
0.0034403574067299,1.1921798477942368e-06
0.0020254818254387,4.5266813340273445e-08
0.0089255936956202,2.060142713050068e-05
0.0007702746930163,1.8386733185591454e-06
0.014431114883584,5.311007347299796e-05
0.0117444871287,1.826734648000214e-05
0.013368390400386,5.185641990142198e-05
0.0001923460783954,7.915563977899402e-06
0.0032395564894937,9.02560117051852e-07
0.014403909849242,2.4619572473390072e-05
0.0081185180145393,1.4713866828859653e-06
0.0063821621823679,1.7376180694212552e-06
0.0014783141138738,1.1093800806671916e-05
0.0047685563571018,7.357285927679782e-06
0.015540907295487,6.525122056905711e-05
0.0028765895655503,1.8050468853099215e-06
0.0037353607836893,5.188396239355869e-07
0.0027872016822538,2.6824320309017745e-07
0.0135440776616198,6.594590345359126e-05
0.008914078545824,2.8096032521253767e-05
3.994285673775799e-05,1.1909236441022337e-05
0.0130786135255572,4.6761705278220233e-05
0.0154919496287132,9.442122831676749e-05
0.0061481753214943,2.86240961393506e-06
0.011166400983883,1.3386304096796791e-05
0.0190335947109823,8.134028113148988e-05
0.006008184456869,3.1483828070570843e-06
0.0061076814659743,8.712931749094093e-06
0.0023150759893698,3.646539071466101e-06
0.0015808908041223,7.435152386875953e-06
0.0018090496532533,1.7494340695084537e-06
0.0060967148937979,6.167605490820188e-06
0.0139709326105765,6.77367777121489e-05
0.0166845982932957,0.00010727910003864649
0.0076402365413797,1.4043783149241703e-06
0.0092106190768091,1.663914535185093e-05
0.0138292742212004,2.894441116090318e-05
0.0124317454755264,4.568790925561371e-05
0.0084011337145111,1.3716486837355848e-05
0.0182728827759584,6.504839630590678e-05
0.005136772845074,1.413209045288827e-06
0.001265920215486,5.241717977736458e-06
0.0024501118322397,1.6693344296014608e-06
0.0116987080567876,4.773003258630655e-05
0.0027536561284744,1.2423015417794336e-07
0.0131153040925594,1.7963254513914773e-05
0.0149776814617977,8.320029200757882e-05
0.0032316732611226,2.5392366008979224e-07
0.0138766101434896,3.921793240270045e-05
0.0098141315199675,1.37925497395845e-05
0.0073250453264366,9.338393265476852e-06
0.0101886249465592,2.5365601820574286e-06
0.001895485509298,2.4633109236277142e-06
0.0165423975339573,9.31543535802277e-05
0.0032115981215169,2.2546237046800357e-06
0.0115297324952862,7.416352688316289e-05
0.0190061914055364,9.314545534167364e-05
0.0183523074115312,6.330207185453918e-05
0.0063764942566426,9.043805881701094e-06
0.0180457548946136,3.298676106641931e-05
0.0178029750201347,8.066686845031366e-05
0.0125819182694345,4.706783509860148e-05
0.0146752551375191,5.962670011884191e-05
0.0168604348453188,0.0001324050240266431
0.0040132505096224,4.502333135577208e-08
0.0179724320906626,9.698529662710293e-05
0.0142721785324088,3.337072142803564e-05
0.0075155024351761,1.577419664027957e-05
0.0131316203219597,3.8650330935247885e-05
0.009233873480032,8.785193238493965e-06
0.0043670386819841,3.475780990709535e-06
0.0037912440555034,1.2456704988975493e-07
0.0152480115981406,2.10240912752779e-05
0.0106131515938877,2.6067598273001736e-05
0.0144151917691736,6.430289897214549e-05
0.0049360194951625,4.236980483753555e-06
0.0070443539859614,1.2728564976899072e-05
0.007910831047602,2.5689840692559734e-05
0.0036677774336396,4.0522604692498506e-07
0.0011460850265894,3.169672044090621e-06
0.0055222825725816,4.7685766035581954e-08
0.0076721674500567,3.831335736663633e-06
0.0135545900412335,3.671294277902958e-05
0.008763604742497,2.7448145886167122e-05
0.0081544730255664,1.6140418215810027e-05
0.0189966417057841,5.937517647658131e-05
0.005284257659784,3.807628461220853e-07
0.0126593653753764,4.675100949438154e-05
0.0140366214697051,2.601996817418827e-05
0.0186766400770015,3.9513672788372064e-05
0.0009740661857017,1.2155509896282404e-06
0.0180286007485093,0.00013736432640887647
0.0141694971411473,4.606434173910205e-05
0.0112222949403047,1.2248432524990865e-05
0.0189775553846678,0.0001243690589340754
0.0182479300672655,9.175762965079486e-05
0.0187455640729763,0.00013301837476643863
0.0172045074181805,0.00010004783725905267
0.0007717305474504,6.847091612696712e-06
0.0043451723470583,8.401432259023368e-07
0.0169797831464386,2.349457100183592e-05
0.0050543384455026,6.991078213461539e-09
0.0001205401723791,6.2745103884116316e-06
0.0058922865183911,2.612857919667525e-06
0.0179629075347045,7.043602346878699e-05
0.0071593019800873,1.1237106688165656e-05
0.0063300457112252,4.701472107397876e-06
0.0031246025147576,3.669644225944432e-07
0.0122960262174621,5.164201419493489e-05
0.0119088615112749,2.2832476848338123e-05
0.0159429328542308,2.7657536993298392e-05
0.0090310998722779,2.2536451317862157e-05
0.0044237797322496,1.979228582787326e-06
0.0163727650682585,5.7221161475225294e-05
0.0019516056446019,6.708862597175857e-06
0.0128711550058405,6.350173790377282e-05
0.0095445327822123,1.0956769576218632e-05
0.0133802184419549,3.393147162992847e-05
0.010372007360574,5.432373810356451e-05
0.0174158758703512,6.639800779015502e-05
0.0107585240208087,1.3309290417118359e-05
0.0066535310965369,4.29638039586666e-06
0.0032774785757732,8.234535410968348e-06
0.0160630018190051,6.447889615105446e-05
0.0087894675349482,2.100660480422611e-06
0.0107937865739368,2.5233695209227104e-05
0.0168910537726731,4.5599554392118044e-05
0.0010639046078179,5.171566153417271e-06
0.002431527153727,5.432501674282388e-07
0.007903618960195,9.453847396240308e-06
0.003262325079693,2.879357776200283e-06
0.0120442020632923,1.7187353682871903e-05
0.0113995930435718,3.0820983487623724e-05
0.0191641903908931,9.524441208160744e-05
0.0050055704447351,6.455950654075802e-06
0.0018520046033027,8.461322164423412e-07
0.0142459738101984,3.952024532913512e-05
0.000146649216546,7.1641787685695916e-06
0.0133390769810837,3.8478136951111055e-05
0.017742023741735,0.00011520484475181298
0.0051292832543044,1.9865494165765013e-06
0.0121561543597356,2.1782416923519067e-05
0.0003977790686006,5.950117682044416e-06
0.0038842191396424,2.117898035019964e-06
0.0106987493050954,1.53625387588543e-05
0.0053311115526741,8.10290544348744e-07
0.0061334467646093,1.1726427498049877e-06
0.0135720303097596,5.291066347001653e-05
0.0157520962820128,6.503303817033595e-05
0.0080803541955804,8.542483004176579e-06
0.0156449433229788,2.4012857210771997e-05
0.0129496961394531,3.963721581713142e-05
0.0034305936471569,1.0662518207540162e-06
0.0023441511670248,2.3539979556847467e-06
0.0057688152806381,3.5972381624262246e-06
0.0069475591248182,4.936648607838318e-06
0.0008950271880371,7.297259863088628e-06
0.002511528455757,1.3492087642638492e-06
0.00319047926402,5.121780200938587e-08
0.0051708850076028,4.226913148773593e-08
0.0152914618978554,0.00010037837082099383
0.0119678313880537,2.723173520035205e-05
0.0091700229031524,4.738901887809366e-06
0.0116881496821346,1.1332885246322621e-05
0.0115619419853927,1.57519731616364e-05
0.0187703621718014,9.655246777146533e-05
0.0191298531469416,4.367581206678409e-05
0.0011735366485897,5.63236345721565e-06
0.0085183747940307,3.2216962211872494e-05
0.0135663832084595,5.4472426638139445e-05
0.0165808253892957,8.19599701514708e-05
0.0138787680029201,4.4852755127114304e-05
0.0019413464039547,1.016720613790062e-06
0.0140238492587371,7.260292401742782e-05
0.0123305843907742,6.320351692971934e-05
0.0096496357246975,2.973546087087402e-05
0.0168481323579585,1.4869647424411428e-05
0.0048751740606249,3.4131392221806415e-07
0.0030941286483498,1.009489930979245e-06
0.0191965616643864,0.0001528766307692839
0.0009881114684973,4.37007287594988e-06
0.0016690440844162,2.649064684975587e-06
0.0023128683543366,2.4407519365431147e-06
0.0102562701445691,1.9008120457365882e-06
0.0087593375451296,1.0051879028793628e-05
0.0116054351092733,9.336176543340278e-06
0.0106632699990395,5.464235550244208e-07
0.0004535969692249,3.323736884604905e-06
0.010559953075438,2.1050669420028124e-05
0.0035060468237324,4.029826949775388e-06
0.0039043161786013,1.9433238214147573e-06
0.0033920308589499,1.6882433195180059e-07
0.0046903040300706,2.0817938527252722e-06
0.0074424314426963,9.96317972978848e-06
0.0080765241547751,2.8636255118052106e-06
0.0071289921964613,1.647887409504137e-05
0.0121760185401959,4.8797429427216416e-05
0.01932015264358,4.5206407060001594e-07
0.0074816495869324,4.428825801171413e-06
0.013275742771295,4.8627060922055155e-05
0.0102636198155462,3.064474005345956e-05
0.0186492842194475,8.44563240970454e-05
0.0184173533217781,1.7745526031308533e-06
0.0050078212110925,9.90973144248726e-07
0.0177906540889368,0.00013554918733155104
0.0147227226725831,5.103776735782325e-05
0.0062614826347488,3.4705547833679226e-06
0.0010887312459037,3.6720968917754136e-06
0.0157626904295849,0.00012025362846940148
0.0014930451017539,2.303610650706407e-06
0.0089067684630452,6.5704634323901e-06
0.00100352739241,2.121495138891675e-05
0.0191224265206379,0.00011158175491944093
0.0048747354625565,6.412334977917325e-07
0.0091363185372248,5.749986096281215e-06
0.008665212682268,2.206498864997309e-05
0.0035637689146407,7.93942182391625e-08
0.0046024363079223,2.8651326207835077e-06
0.0076959896481507,3.88857678411115e-06
0.0188015549602084,2.00688441324806e-05
0.0044436582319338,2.1392488967831935e-06
0.0083846390856066,9.051595581442322e-06
0.0122415684810332,3.041690365130307e-05
0.0185174057542282,0.00010629688399667778
0.0084953179056968,9.811840806804098e-06
0.0017431297583266,2.5705034203967192e-06
0.0011327233791995,1.4907122152826186e-05
0.0024202486385078,2.1213912933201345e-07
0.0018868230848381,1.2664320697815497e-06
0.0129923968892081,3.533624606630862e-05
0.0017744739044663,5.564402764498556e-07
0.0159776092554975,8.22262246444392e-05
0.0038120031403166,3.6992956879604916e-08
0.0036969141402665,5.73637281234259e-07
0.0150362391534421,3.13650762594739e-05
0.0121172154125905,2.0641750487868144e-05
0.0118227106065127,3.16372156611698e-05
0.0102811543804254,1.0595139623360248e-05
0.0010884133385718,5.6993801380121276e-06
0.004244854722173,4.594836610671253e-07
0.0105818106131645,2.2569932256456128e-05
0.0186353053310019,1.3119415969531602e-05
0.0052372466566867,1.1538292297691323e-06
0.0002399329306705,2.9036176958028292e-06
0.0171603596251853,9.75269435200544e-05
0.0035918414320992,6.71242498546414e-07
0.0089483029349241,2.7497643440789417e-05
0.0192510823931096,0.00014183966348665705
0.0155938546836418,2.5788599920893793e-05
0.0094078124805608,1.994775353196819e-05
0.0094399582362749,5.23229218241739e-06
0.0077146923007439,3.8118011934706967e-06
0.0052416245972926,2.6592045520802444e-06
0.0104759833613063,3.2952902503207833e-06
0.0053441875609119,1.364325707638512e-06
0.0013098765474156,1.6922645503913951e-06
0.0062396718616816,1.158942560443781e-05
0.0116058721307894,3.0737233420961176e-05
0.0089364806834326,1.0405345179898061e-05
0.0132260792110173,6.486248704935728e-05
0.0189442241248739,8.49241698069312e-05
0.0117188162934858,4.909305327026347e-05
0.0090082815709706,2.2637656373218795e-05
0.0005329192867496,1.3644732719756902e-06
0.0047566912337251,2.8816830568557016e-07
0.0044459222492433,5.374823161535961e-07
0.0138735688085875,4.241284972067382e-05
0.0144052127361647,3.168484070998275e-05
0.0113622250216681,5.085315701772812e-05
0.005073123035892,2.67495431859755e-06
0.0018858290960628,3.823658049159473e-06
0.0133121345702595,4.5584779845244915e-05
0.0181821602057804,5.994598596691887e-05
0.0078293765713419,2.039836324983441e-05
0.0180194120870068,0.00010560499840987947
0.0139956146114436,3.27277394810546e-05
0.0190557104649363,5.42928801423787e-05
0.0174226681508563,8.602887399004109e-05
0.0038899120718676,7.29996499107922e-07
0.0065409866444002,5.410728530414023e-06
0.0131134388212796,5.787031955995336e-05
0.0007494321265217,4.339032949256105e-05
1.1173219920301846e-05,6.19057470807869e-06
0.0198453989675113,6.483436982260546e-05
0.0155376772907604,7.763726177460311e-05
0.0087996460444462,2.3620846808224647e-05
0.0005492478902754,7.050636158308156e-06
0.0043515656823143,7.026799925283633e-07
0.0190848976228218,8.713604996256231e-05
0.002887626624762,1.6608735461101871e-07
0.0045649414634292,3.2998238326502945e-06
0.0055909362090538,2.5982188984496785e-06
0.0153828172296129,6.480810119711203e-05
0.0085547332955883,4.6704926972378715e-07
0.0037062832822587,1.1807289191889984e-06
0.004981584017092,4.935664138507292e-07
0.0117983235218672,4.4651203167828525e-05
0.0158798666749919,6.0751085046300346e-05
0.0160104777893203,7.076212633132703e-05
0.0044278491097295,3.458103496643305e-08
0.0162247469428376,4.5934268465467275e-05
0.0188482525753529,1.560217549901589e-05
0.0003666861008558,4.056895711557768e-06
9.21906780418702e-06,5.849056658868015e-06
0.0128591772507826,2.219873100748654e-05
0.0026258864325789,6.1372874014322306e-09
0.0120563484479505,2.0339393916763723e-05
0.0078993325106192,9.28399537961393e-06
0.0045943224864921,4.841326445372054e-07
0.0149977482487646,2.501729285527829e-07
0.0141263221771348,8.647266056015292e-05
0.0095487840277155,6.708490551670967e-06
0.0173088420426001,6.080071219081985e-05
0.0006257575980599,7.436300128739679e-06
0.0158453378943197,8.792719332830958e-05
0.0120306552643405,5.735535634100773e-05
0.0136614888606426,5.883015975645243e-05
